 # E =    3.9996853273417527       eV =    32262.000000000000       1/cm
 #  1801
# DFFCSO.  ACCUM LEV(I),J(I) =  1  0 LEV(F),J(F) =  1  0       , M =  0, WEIGHTED BY  1.00000
   0.10000  0.396205526911E+07
   0.20000  0.503371848947E+06
   0.30000  0.531909315814E+05
   0.40000  0.662200650076E+05
   0.50000  0.116654236442E+04
   0.60000  0.194327367170E+05
   0.70000  0.321053894616E+04
   0.80000  0.334491229526E+04
   0.90000  0.476438149596E+04
   1.00000  0.278475019457E+04
   1.10000  0.182192806670E+04
   1.20000  0.140832820650E+04
   1.30000  0.126325867606E+04
   1.40000  0.135801295124E+04
   1.50000  0.886787665352E+03
   1.60000  0.732492075379E+03
   1.70000  0.112618653447E+04
   1.80000  0.105357539896E+04
   1.90000  0.945329236135E+03
   2.00000  0.832220608832E+03
   2.10000  0.698840697428E+03
   2.20000  0.711638790088E+03
   2.30000  0.462446209187E+03
   2.40000  0.362332008831E+03
   2.50000  0.472224801610E+03
   2.60000  0.279263553377E+03
   2.70000  0.144471152401E+03
   2.80000  0.132286947373E+03
   2.90000  0.169481297801E+03
   3.00000  0.241459826612E+03
   3.10000  0.131558828676E+03
   3.20000  0.704728766063E+02
   3.30000  0.830203404730E+02
   3.40000  0.124219702320E+03
   3.50000  0.179378649546E+03
   3.60000  0.114551133954E+03
   3.70000  0.930647075934E+02
   3.80000  0.105659750055E+03
   3.90000  0.112912593980E+03
   4.00000  0.119141426730E+03
   4.10000  0.773307508488E+02
   4.20000  0.945556564672E+02
   4.30000  0.126581075409E+03
   4.40000  0.131059581327E+03
   4.50000  0.105122086634E+03
   4.60000  0.513029653737E+02
   4.70000  0.608234061140E+02
   4.80000  0.100389655604E+03
   4.90000  0.131883345838E+03
   5.00000  0.121239336851E+03
   5.10000  0.686150438993E+02
   5.20000  0.428279390292E+02
   5.30000  0.419134480888E+02
   5.40000  0.691524958214E+02
   5.50000  0.911469155288E+02
   5.60000  0.863404875686E+02
   5.70000  0.680220147446E+02
   5.80000  0.341141978659E+02
   5.90000  0.206280980649E+02
   6.00000  0.299079804277E+02
   6.10000  0.555792777912E+02
   6.20000  0.750928055357E+02
   6.30000  0.606453378868E+02
   6.40000  0.308743957759E+02
   6.50000  0.632956706094E+01
   6.60000  0.109558282317E+02
   6.70000  0.343789584068E+02
   6.80000  0.487434962035E+02
   6.90000  0.424095739159E+02
   7.00000  0.201290521629E+02
   7.10000  0.424316538293E+01
   7.20000  0.363253749464E+01
   7.30000  0.129833635675E+02
   7.40000  0.202597337709E+02
   7.50000  0.192226643302E+02
   7.60000  0.123498351180E+02
   7.70000  0.561820923215E+01
   7.80000  0.177031615712E+01
   7.90000  0.157643168844E+01
   8.00000  0.402877399122E+01
   8.10000  0.668887096777E+01
   8.20000  0.856105694276E+01
   8.30000  0.653155829859E+01
   8.40000  0.342030178696E+01
   8.50000  0.349830767622E+00
   8.60000  0.305574114375E+00
   8.70000  0.271343674404E+01
   8.80000  0.426153233048E+01
   8.90000  0.488947265878E+01
   9.00000  0.268810092008E+01
   9.10000  0.126033801362E+01
   9.20000  0.222348659770E+00
   9.30000  0.490786888748E+00
   9.40000  0.130493142181E+01
   9.50000  0.139755922901E+01
   9.60000  0.166694687607E+01
   9.70000  0.936301949819E+00
   9.80000  0.891435233603E+00
   9.90000  0.436075047562E+00
  10.00000  0.769053318646E+00
  10.10000  0.920654823420E+00
  10.20000  0.108997922486E+01
  10.30000  0.133405538877E+01
  10.40000  0.963275745309E+00
  10.50000  0.136355153987E+01
  10.60000  0.940854341530E+00
  10.70000  0.118043133512E+01
  10.80000  0.851496807559E+00
  10.90000  0.618848374911E+00
  11.00000  0.722270512512E+00
  11.10000  0.409756664508E+00
  11.20000  0.665131391902E+00
  11.30000  0.287249095908E+00
  11.40000  0.230662958096E+00
  11.50000  0.517598576151E-01
  11.60000  0.175041096828E-02
  11.70000  0.337168082867E-01
  11.80000  0.170410614570E-01
  11.90000  0.100573826327E-01
  12.00000  0.637416091633E-01
  12.10000  0.230464861212E+00
  12.20000  0.239407973623E+00
  12.30000  0.448988452139E+00
  12.40000  0.200825582216E+00
  12.50000  0.367836122277E+00
  12.60000  0.291326537314E+00
  12.70000  0.447302091196E+00
  12.80000  0.640937608666E+00
  12.90000  0.480150722904E+00
  13.00000  0.635279739936E+00
  13.10000  0.293990809488E+00
  13.20000  0.421074238463E+00
  13.30000  0.297210975155E+00
  13.40000  0.364662417952E+00
  13.50000  0.432238431992E+00
  13.60000  0.315638497439E+00
  13.70000  0.418949635114E+00
  13.80000  0.207061398879E+00
  13.90000  0.323730435333E+00
  14.00000  0.187025381332E+00
  14.10000  0.286775748839E+00
  14.20000  0.275294778043E+00
  14.30000  0.272836169374E+00
  14.40000  0.338725358136E+00
  14.50000  0.220948942252E+00
  14.60000  0.312414387142E+00
  14.70000  0.172683653672E+00
  14.80000  0.246390752928E+00
  14.90000  0.172500299603E+00
  15.00000  0.194911599676E+00
  15.10000  0.201189795744E+00
  15.20000  0.169182915908E+00
  15.30000  0.222594499879E+00
  15.40000  0.156156254383E+00
  15.50000  0.225168789406E+00
  15.60000  0.160083257808E+00
  15.70000  0.235738220834E+00
  15.80000  0.229508287263E+00
  15.90000  0.305439649072E+00
  16.00000  0.379198035026E+00
  16.10000  0.397794037211E+00
  16.20000  0.474807811713E+00
  16.30000  0.409307990317E+00
  16.40000  0.459143360508E+00
  16.50000  0.431063263910E+00
  16.60000  0.491458104225E+00
  16.70000  0.534212991456E+00
  16.80000  0.523311861901E+00
  16.90000  0.504707772138E+00
  17.00000  0.400024422346E+00
  17.10000  0.343080944898E+00
  17.20000  0.286991231168E+00
  17.30000  0.274036053515E+00
  17.40000  0.260449952488E+00
  17.50000  0.226678270428E+00
  17.60000  0.169156154098E+00
  17.70000  0.113263081925E+00
  17.80000  0.622636213828E-01
  17.90000  0.452308243098E-01
  18.00000  0.355710436683E-01
  18.10000  0.546254329041E-01
  18.20000  0.766421288250E-01
  18.30000  0.123001015273E+00
  18.40000  0.157184113889E+00
  18.50000  0.175965470154E+00
  18.60000  0.194103172737E+00
  18.70000  0.177743490972E+00
  18.80000  0.253772091290E+00
  18.90000  0.285005707079E+00
  19.00000  0.404834381648E+00
  19.10000  0.429249138555E+00
  19.20000  0.422142007663E+00
  19.30000  0.407847356926E+00
  19.40000  0.320654418208E+00
  19.50000  0.395030047413E+00
  19.60000  0.367923971169E+00
  19.70000  0.452391234275E+00
  19.80000  0.414782928997E+00
  19.90000  0.341804009120E+00
  20.00000  0.299056471121E+00
  20.10000  0.184086893317E+00
  20.20000  0.230286284985E+00
  20.30000  0.182163516683E+00
  20.40000  0.209203444171E+00
  20.50000  0.164462129811E+00
  20.60000  0.966440614706E-01
  20.70000  0.737157203701E-01
  20.80000  0.195258780727E-01
  20.90000  0.402892481351E-01
  21.00000  0.289892630956E-01
  21.10000  0.237807005979E-01
  21.20000  0.152151970548E-01
  21.30000  0.406575097510E-03
  21.40000  0.332216159503E-02
  21.50000  0.270622829266E-01
  21.60000  0.160306101189E-01
  21.70000  0.428604898709E-01
  21.80000  0.131675915929E-01
  21.90000  0.294559403614E-01
  22.00000  0.484246952496E-01
  22.10000  0.531943349971E-01
  22.20000  0.112460036028E+00
  22.30000  0.688721650278E-01
  22.40000  0.104892778529E+00
  22.50000  0.532556465324E-01
  22.60000  0.694710162840E-01
  22.70000  0.854126694142E-01
  22.80000  0.787436893654E-01
  22.90000  0.127788875315E+00
  23.00000  0.723739954484E-01
  23.10000  0.961222217668E-01
  23.20000  0.410945552232E-01
  23.30000  0.482312313650E-01
  23.40000  0.454630055508E-01
  23.50000  0.368386427976E-01
  23.60000  0.567577856478E-01
  23.70000  0.250944644756E-01
  23.80000  0.367902015016E-01
  23.90000  0.763678475882E-02
  24.00000  0.154749308897E-01
  24.10000  0.291551224891E-02
  24.20000  0.119969905429E-01
  24.30000  0.106511300005E-01
  24.40000  0.238205786523E-01
  24.50000  0.321890110533E-01
  24.60000  0.381197837870E-01
  24.70000  0.519080369686E-01
  24.80000  0.385157796968E-01
  24.90000  0.631470868954E-01
  25.00000  0.493455601637E-01
  25.10000  0.850387153956E-01
  25.20000  0.843748980129E-01
  25.30000  0.995389175710E-01
  25.40000  0.104273122131E+00
  25.50000  0.866339172765E-01
  25.60000  0.101034637289E+00
  25.70000  0.779015004441E-01
  25.80000  0.974221791683E-01
  25.90000  0.817515436448E-01
  26.00000  0.832194699359E-01
  26.10000  0.720676920955E-01
  26.20000  0.558856704172E-01
  26.30000  0.528350938868E-01
  26.40000  0.361833373024E-01
  26.50000  0.374916827520E-01
  26.60000  0.254430805520E-01
  26.70000  0.250835827389E-01
  26.80000  0.183055215882E-01
  26.90000  0.188163948979E-01
  27.00000  0.187416427424E-01
  27.10000  0.233225860960E-01
  27.20000  0.309974930571E-01
  27.30000  0.406670533712E-01
  27.40000  0.526290447225E-01
  27.50000  0.625218199205E-01
  27.60000  0.698159750055E-01
  27.70000  0.790248243824E-01
  27.80000  0.870283840498E-01
  27.90000  0.103180932168E+00
  28.00000  0.118961454056E+00
  28.10000  0.127957981258E+00
  28.20000  0.136734395409E+00
  28.30000  0.121451671730E+00
  28.40000  0.122914122592E+00
  28.50000  0.106888599561E+00
  28.60000  0.114150641157E+00
  28.70000  0.113403230509E+00
  28.80000  0.105770236802E+00
  28.90000  0.100423270258E+00
  29.00000  0.667829294661E-01
  29.10000  0.580187347719E-01
  29.20000  0.317053667961E-01
  29.30000  0.304009788833E-01
  29.40000  0.227263743235E-01
  29.50000  0.154170584375E-01
  29.60000  0.104172799198E-01
  29.70000  0.261638912864E-02
  29.80000  0.181495121452E-02
  29.90000  0.921839570902E-02
  30.00000  0.106256034737E-01
  30.10000  0.189012656557E-01
  30.20000  0.265315993901E-01
  30.30000  0.319783908180E-01
  30.40000  0.729504193049E-01
  30.50000  0.816677335337E-01
  30.60000  0.138048830992E+00
  30.70000  0.132299355070E+00
  30.80000  0.154701084580E+00
  30.90000  0.155360833578E+00
  31.00000  0.154659982346E+00
  31.10000  0.211743339808E+00
  31.20000  0.207709520734E+00
  31.30000  0.283388265785E+00
  31.40000  0.250937991409E+00
  31.50000  0.271213766156E+00
  31.60000  0.235554887535E+00
  31.70000  0.216075180127E+00
  31.80000  0.241780554359E+00
  31.90000  0.217260212470E+00
  32.00000  0.277148701497E+00
  32.10000  0.227761016440E+00
  32.20000  0.247628058455E+00
  32.30000  0.185636322858E+00
  32.40000  0.167737665909E+00
  32.50000  0.150430627685E+00
  32.60000  0.129832693021E+00
  32.70000  0.161171997757E+00
  32.80000  0.131984491490E+00
  32.90000  0.165061053396E+00
  33.00000  0.119044777481E+00
  33.10000  0.132692227319E+00
  33.20000  0.952304781896E-01
  33.30000  0.103435787255E+00
  33.40000  0.105137656094E+00
  33.50000  0.117008872819E+00
  33.60000  0.156799830849E+00
  33.70000  0.154399414115E+00
  33.80000  0.198887503029E+00
  33.90000  0.166975842856E+00
  34.00000  0.198021607010E+00
  34.10000  0.169614319764E+00
  34.20000  0.203947037988E+00
  34.30000  0.221872939042E+00
  34.40000  0.252394878376E+00
  34.50000  0.296411162191E+00
  34.60000  0.282627186157E+00
  34.70000  0.311005741117E+00
  34.80000  0.263235577225E+00
  34.90000  0.286951037652E+00
  35.00000  0.266503946607E+00
  35.10000  0.300187759682E+00
  35.20000  0.317634490812E+00
  35.30000  0.324692650842E+00
  35.40000  0.337369097343E+00
  35.50000  0.298223797620E+00
  35.60000  0.299882329727E+00
  35.70000  0.259133208537E+00
  35.80000  0.276465265649E+00
  35.90000  0.269963594681E+00
  36.00000  0.292574098159E+00
  36.10000  0.298723311468E+00
  36.20000  0.292998811708E+00
  36.30000  0.288216952269E+00
  36.40000  0.260876203651E+00
  36.50000  0.261813540993E+00
  36.60000  0.250392572920E+00
  36.70000  0.273275652651E+00
  36.80000  0.285259144758E+00
  36.90000  0.308292883383E+00
  37.00000  0.316078328109E+00
  37.10000  0.315270954274E+00
  37.20000  0.310191179490E+00
  37.30000  0.303142992248E+00
  37.40000  0.308593474170E+00
  37.50000  0.322883028656E+00
  37.60000  0.343396444989E+00
  37.70000  0.364826608153E+00
  37.80000  0.372557655788E+00
  37.90000  0.371642080923E+00
  38.00000  0.361035162979E+00
  38.10000  0.346061818996E+00
  38.20000  0.347076979240E+00
  38.30000  0.340588884202E+00
  38.40000  0.360532330938E+00
  38.50000  0.353216749759E+00
  38.60000  0.361778392661E+00
  38.70000  0.338754022647E+00
  38.80000  0.322041369220E+00
  38.90000  0.301704784724E+00
  39.00000  0.277972750049E+00
  39.10000  0.282017097360E+00
  39.20000  0.260581693839E+00
  39.30000  0.276602552894E+00
  39.40000  0.248464965313E+00
  39.50000  0.253124592177E+00
  39.60000  0.222013624211E+00
  39.70000  0.213957893081E+00
  39.80000  0.200111031634E+00
  39.90000  0.189489576422E+00
  40.00000  0.201955505381E+00
  40.10000  0.188594096452E+00
  40.20000  0.215200807162E+00
  40.30000  0.193561305456E+00
  40.40000  0.218621224355E+00
  40.50000  0.195431863302E+00
  40.60000  0.214775736991E+00
  40.70000  0.208800517815E+00
  40.80000  0.222732383428E+00
  40.90000  0.243966586576E+00
  41.00000  0.244264837835E+00
  41.10000  0.282138434124E+00
  41.20000  0.261123404258E+00
  41.30000  0.299829234409E+00
  41.40000  0.270445343209E+00
  41.50000  0.303287358547E+00
  41.60000  0.290894725561E+00
  41.70000  0.309982968425E+00
  41.80000  0.323147103581E+00
  41.90000  0.313972429449E+00
  42.00000  0.340935074991E+00
  42.10000  0.302995115327E+00
  42.20000  0.332448880490E+00
  42.30000  0.289002029290E+00
  42.40000  0.313853974238E+00
  42.50000  0.288024499446E+00
  42.60000  0.295271609589E+00
  42.70000  0.290295619826E+00
  42.80000  0.269352588168E+00
  42.90000  0.278245128366E+00
  43.00000  0.237113917542E+00
  43.10000  0.254769381529E+00
  43.20000  0.213736740729E+00
  43.30000  0.232874543287E+00
  43.40000  0.205495547473E+00
  43.50000  0.214384214959E+00
  43.60000  0.203004369271E+00
  43.70000  0.194890469879E+00
  43.80000  0.198666784806E+00
  43.90000  0.178076907628E+00
  44.00000  0.195766134447E+00
  44.10000  0.172845086259E+00
  44.20000  0.198632798155E+00
  44.30000  0.180919735510E+00
  44.40000  0.203923024192E+00
  44.50000  0.195236476370E+00
  44.60000  0.206323934679E+00
  44.70000  0.209893562237E+00
  44.80000  0.207807247425E+00
  44.90000  0.225072637125E+00
  45.00000  0.214538931162E+00
  45.10000  0.240186096992E+00
  45.20000  0.226648435471E+00
  45.30000  0.249567900278E+00
  45.40000  0.238254816278E+00
  45.50000  0.249786155615E+00
  45.60000  0.246096880377E+00
  45.70000  0.244948240715E+00
  45.80000  0.250621623903E+00
  45.90000  0.240089388308E+00
  46.00000  0.250299530194E+00
  46.10000  0.234920627048E+00
  46.20000  0.242356226851E+00
  46.30000  0.227329631159E+00
  46.40000  0.228082837732E+00
  46.50000  0.217582061539E+00
  46.60000  0.212009582266E+00
  46.70000  0.206541627142E+00
  46.80000  0.197027926731E+00
  46.90000  0.194029158288E+00
  47.00000  0.183644923794E+00
  47.10000  0.180629655235E+00
  47.20000  0.172147783239E+00
  47.30000  0.168385539895E+00
  47.40000  0.162906452519E+00
  47.50000  0.159076019729E+00
  47.60000  0.155818145478E+00
  47.70000  0.153427534523E+00
  47.80000  0.150980956617E+00
  47.90000  0.151705291220E+00
  48.00000  0.149095675550E+00
  48.10000  0.153544001552E+00
  48.20000  0.150503211801E+00
  48.30000  0.157357259822E+00
  48.40000  0.154685714821E+00
  48.50000  0.161322050000E+00
  48.60000  0.161282948868E+00
  48.70000  0.165121038723E+00
  48.80000  0.170372133331E+00
  48.90000  0.169531740606E+00
  49.00000  0.180674590320E+00
  49.10000  0.174489440893E+00
  49.20000  0.188939653958E+00
  49.30000  0.179362647240E+00
  49.40000  0.192816944121E+00
  49.50000  0.184887550033E+00
  49.60000  0.193104653492E+00
  49.70000  0.192167009713E+00
  49.80000  0.191638464367E+00
  49.90000  0.199545636148E+00
  50.00000  0.188893641261E+00
  50.10000  0.203346133216E+00
  50.20000  0.185620939320E+00
  50.30000  0.202167868249E+00
  50.40000  0.184514970199E+00
  50.50000  0.197849481575E+00
  50.60000  0.187450906230E+00
  50.70000  0.192131619745E+00
  50.80000  0.192566706070E+00
  50.90000  0.185454720987E+00
  51.00000  0.196513831261E+00
  51.10000  0.179533731675E+00
  51.20000  0.198355379945E+00
  51.30000  0.177946718874E+00
  51.40000  0.199108819699E+00
  51.50000  0.182631631708E+00
  51.60000  0.198819412533E+00
  51.70000  0.191759757126E+00
  51.80000  0.196906937964E+00
  51.90000  0.202332911827E+00
  52.00000  0.195062268648E+00
  52.10000  0.213091969664E+00
  52.20000  0.197027631643E+00
  52.30000  0.223397495330E+00
  52.40000  0.204792103546E+00
  52.50000  0.231211110238E+00
  52.60000  0.216972983706E+00
  52.70000  0.234862125407E+00
  52.80000  0.231423443765E+00
  52.90000  0.236048057322E+00
  53.00000  0.247031730202E+00
  53.10000  0.238596668816E+00
  53.20000  0.261961801309E+00
  53.30000  0.244548929990E+00
  53.40000  0.272833289888E+00
  53.50000  0.253518576763E+00
  53.60000  0.277785274668E+00
  53.70000  0.265071996358E+00
  53.80000  0.278734760802E+00
  53.90000  0.278823035540E+00
  54.00000  0.278984371249E+00
  54.10000  0.292356712468E+00
  54.20000  0.280251309182E+00
  54.30000  0.302060036160E+00
  54.40000  0.283385832322E+00
  54.50000  0.306620839440E+00
  54.60000  0.289702146166E+00
  54.70000  0.307677253561E+00
  54.80000  0.299295604406E+00
  54.90000  0.307061379536E+00
  55.00000  0.309541795189E+00
  55.10000  0.305765339134E+00
  55.20000  0.317443460573E+00
  55.30000  0.305564541753E+00
  55.40000  0.322437851668E+00
  55.50000  0.308704712099E+00
  55.60000  0.325323313440E+00
  55.70000  0.315095618074E+00
  55.80000  0.326086086340E+00
  55.90000  0.322095350962E+00
  56.00000  0.324993462230E+00
  56.10000  0.327851819154E+00
  56.20000  0.324361630802E+00
  56.30000  0.332667509357E+00
  56.40000  0.326462402415E+00
  56.50000  0.336485001485E+00
  56.60000  0.330416808591E+00
  56.70000  0.337878491350E+00
  56.80000  0.333678394652E+00
  56.90000  0.336938749463E+00
  57.00000  0.335818034131E+00
  57.10000  0.336429466665E+00
  57.20000  0.338047454473E+00
  57.30000  0.338028273584E+00
  57.40000  0.339715616903E+00
  57.50000  0.339704762439E+00
  57.60000  0.338806912364E+00
  57.70000  0.339050282449E+00
  57.80000  0.336016401729E+00
  57.90000  0.336929439406E+00
  58.00000  0.334639067736E+00
  58.10000  0.335102606122E+00
  58.20000  0.335488920979E+00
  58.30000  0.332410822892E+00
  58.40000  0.335384468028E+00
  58.50000  0.326925147573E+00
  58.60000  0.332058667121E+00
  58.70000  0.320480410378E+00
  58.80000  0.327136175054E+00
  58.90000  0.316973252584E+00
  59.00000  0.322212969943E+00
  59.10000  0.316494576652E+00
  59.20000  0.315441193242E+00
  59.30000  0.315134572736E+00
  59.40000  0.305200696946E+00
  59.50000  0.310863876199E+00
  59.60000  0.294509050627E+00
  59.70000  0.305510555699E+00
  59.80000  0.287837693781E+00
  59.90000  0.299866919449E+00
  60.00000  0.284982784644E+00
  60.10000  0.291140814249E+00
  60.20000  0.282008757263E+00
  60.30000  0.277823392272E+00
  60.40000  0.277413174783E+00
  60.50000  0.263691818361E+00
  60.60000  0.273021207786E+00
  60.70000  0.253569968427E+00
  60.80000  0.268627730403E+00
  60.90000  0.247344007897E+00
  61.00000  0.260427550010E+00
  61.10000  0.241696311501E+00
  61.20000  0.246667730317E+00
  61.30000  0.236015576172E+00
  61.40000  0.231195482460E+00
  61.50000  0.232293905581E+00
  61.60000  0.218717691287E+00
  61.70000  0.229650225628E+00
  61.80000  0.209275679592E+00
  61.90000  0.223557211885E+00
  62.00000  0.200431667100E+00
  62.10000  0.211806360199E+00
  62.20000  0.192620090786E+00
  62.30000  0.197663618240E+00
  62.40000  0.188283447848E+00
  62.50000  0.185170043474E+00
  62.60000  0.186494249781E+00
  62.70000  0.174278695813E+00
  62.80000  0.182606752060E+00
  62.90000  0.163218175268E+00
  63.00000  0.174054647585E+00
  63.10000  0.153227512844E+00
  63.20000  0.163207803430E+00
  63.30000  0.147293591428E+00
  63.40000  0.153115319395E+00
  63.50000  0.145018193636E+00
  63.60000  0.143352727940E+00
  63.70000  0.142295610224E+00
  63.80000  0.132339744730E+00
  63.90000  0.136541426479E+00
  64.00000  0.121556543975E+00
  64.10000  0.129330134062E+00
  64.20000  0.114300184422E+00
  64.30000  0.122801240194E+00
  64.40000  0.110935468428E+00
  64.50000  0.116107504504E+00
  64.60000  0.108298393843E+00
  64.70000  0.107469999991E+00
  64.80000  0.104108680740E+00
  64.90000  0.980097441860E-01
  65.00000  0.994676160770E-01
  65.10000  0.908943275710E-01
  65.20000  0.960045177222E-01
  65.30000  0.871100432931E-01
  65.40000  0.927231009638E-01
  65.50000  0.844404904494E-01
  65.60000  0.875715094345E-01
  65.70000  0.809826380676E-01
  65.80000  0.809685629805E-01
  65.90000  0.776041909997E-01
  66.00000  0.755841230241E-01
  66.10000  0.758436779060E-01
  66.20000  0.727333000112E-01
  66.30000  0.749591125978E-01
  66.40000  0.708952936008E-01
  66.50000  0.728263935383E-01
  66.60000  0.683642732730E-01
  66.70000  0.691651464484E-01
  66.80000  0.657689317022E-01
  66.90000  0.660462982849E-01
  67.00000  0.647342064847E-01
  67.10000  0.649439994431E-01
  67.20000  0.650233710060E-01
  67.30000  0.648092965221E-01
  67.40000  0.646729489195E-01
  67.50000  0.639182436830E-01
  67.60000  0.628900316406E-01
  67.70000  0.625083221319E-01
  67.80000  0.612632163803E-01
  67.90000  0.622010679733E-01
  68.00000  0.614574301283E-01
  68.10000  0.632374075040E-01
  68.20000  0.628802369723E-01
  68.30000  0.638736339815E-01
  68.40000  0.637664021506E-01
  68.50000  0.629267900316E-01
  68.60000  0.638964293476E-01
  68.70000  0.616084828125E-01
  68.80000  0.647370317766E-01
  68.90000  0.618436954302E-01
  69.00000  0.668328435314E-01
  69.10000  0.636112487365E-01
  69.20000  0.685677052955E-01
  69.30000  0.652929958787E-01
  69.40000  0.683376635232E-01
  69.50000  0.663575605474E-01
  69.60000  0.669002325382E-01
  69.70000  0.681163491158E-01
  69.80000  0.663296711866E-01
  69.90000  0.713414019316E-01
  70.00000  0.671851864415E-01
  70.10000  0.745098958689E-01
  70.20000  0.681903077154E-01
  70.30000  0.755577500488E-01
  70.40000  0.687443380033E-01
  70.50000  0.745980999673E-01
  70.60000  0.701553982083E-01
  70.70000  0.735347377506E-01
  70.80000  0.735395375096E-01
  70.90000  0.732742755878E-01
  71.00000  0.776519332083E-01
  71.10000  0.728676106012E-01
  71.20000  0.801313288043E-01
  71.30000  0.717497561316E-01
  71.40000  0.803812060265E-01
  71.50000  0.713240633109E-01
  71.60000  0.798167973423E-01
  71.70000  0.732031803666E-01
  71.80000  0.793360070165E-01
  71.90000  0.767413852083E-01
  72.00000  0.780966245029E-01
  72.10000  0.796748941667E-01
  72.20000  0.754350269581E-01
  72.30000  0.809126264543E-01
  72.40000  0.727102142827E-01
  72.50000  0.813101148838E-01
  72.60000  0.719746284806E-01
  72.70000  0.815412995747E-01
  72.80000  0.733728094245E-01
  72.90000  0.806674212764E-01
  73.00000  0.751492712184E-01
  73.10000  0.777039515095E-01
  73.20000  0.761123837153E-01
  73.30000  0.736398061905E-01
  73.40000  0.767636471395E-01
  73.50000  0.706314272979E-01
  73.60000  0.776194045800E-01
  73.70000  0.694876760008E-01
  73.80000  0.776730875733E-01
  73.90000  0.691256544821E-01
  74.00000  0.755640200590E-01
  74.10000  0.685585446836E-01
  74.20000  0.716541382396E-01
  74.30000  0.682045122046E-01
  74.40000  0.677835384578E-01
  74.50000  0.686449658607E-01
  74.60000  0.650600054588E-01
  74.70000  0.690471857821E-01
  74.80000  0.629342477201E-01
  74.90000  0.678845677965E-01
  75.00000  0.606719042552E-01
  75.10000  0.649091431291E-01
  75.20000  0.587072179042E-01
  75.30000  0.614088348852E-01
  75.40000  0.578125904692E-01
  75.50000  0.584487370163E-01
  75.60000  0.575571347422E-01
  75.70000  0.557580185957E-01
  75.80000  0.565687107740E-01
  75.90000  0.527229995827E-01
  76.00000  0.542418950391E-01
  76.10000  0.496951690302E-01
  76.20000  0.513521746722E-01
  76.30000  0.475463977079E-01
  76.40000  0.487898754027E-01
  76.50000  0.462650651820E-01
  76.60000  0.464149747465E-01
  76.70000  0.448279373469E-01
  76.80000  0.436350699186E-01
  76.90000  0.425414172075E-01
  77.00000  0.405932888781E-01
  77.10000  0.398418264609E-01
  77.20000  0.380626060472E-01
  77.30000  0.374811017427E-01
  77.40000  0.362783470863E-01
  77.50000  0.354546062054E-01
  77.60000  0.345506512822E-01
  77.70000  0.332330466144E-01
  77.80000  0.322211141760E-01
  77.90000  0.307587864108E-01
  78.00000  0.295058635933E-01
  78.10000  0.285916513639E-01
  78.20000  0.270565689124E-01
  78.30000  0.270297052942E-01
  78.40000  0.250327355696E-01
  78.50000  0.256031154522E-01
  78.60000  0.230700639006E-01
  78.70000  0.236917451592E-01
  78.80000  0.210361194569E-01
  78.90000  0.213127959493E-01
  79.00000  0.193120724907E-01
  79.10000  0.189713506214E-01
  79.20000  0.181896002435E-01
  79.30000  0.169285254303E-01
  79.40000  0.173531958556E-01
  79.50000  0.150099798279E-01
  79.60000  0.162276107182E-01
  79.70000  0.131186486558E-01
  79.80000  0.146464094927E-01
  79.90000  0.115481871276E-01
  80.00000  0.129005124941E-01
  80.10000  0.106011460897E-01
  80.20000  0.112246842696E-01
  80.30000  0.101218604254E-01
  80.40000  0.955371594663E-02
  80.50000  0.964326155828E-02
  80.60000  0.783791591777E-02
  80.70000  0.889878182944E-02
  80.80000  0.632404004756E-02
  80.90000  0.797293018522E-02
  81.00000  0.533021065585E-02
  81.10000  0.698734510106E-02
  81.20000  0.486009785250E-02
  81.30000  0.588571000161E-02
  81.40000  0.461737532700E-02
  81.50000  0.461930380704E-02
  81.60000  0.435303341070E-02
  81.70000  0.337102451425E-02
  81.80000  0.403343163047E-02
  81.90000  0.243178007754E-02
  82.00000  0.367269651474E-02
  82.10000  0.190711644090E-02
  82.20000  0.318330058780E-02
  82.30000  0.166598863368E-02
  82.40000  0.249188686177E-02
  82.50000  0.154852830797E-02
  82.60000  0.170503139748E-02
  82.70000  0.149749668582E-02
  82.80000  0.104245772572E-02
  82.90000  0.147382725269E-02
  83.00000  0.630305359019E-03
  83.10000  0.137267910682E-02
  83.20000  0.438593635757E-03
  83.30000  0.111022160307E-02
  83.40000  0.396273886214E-03
  83.50000  0.740824522195E-03
  83.60000  0.468609444985E-03
  83.70000  0.412245325746E-03
  83.80000  0.604247117462E-03
  83.90000  0.223685024875E-03
  84.00000  0.697597339462E-03
  84.10000  0.182283759759E-03
  84.20000  0.670538192408E-03
  84.30000  0.273568258470E-03
  84.40000  0.558552784663E-03
  84.50000  0.493591560217E-03
  84.60000  0.467296771305E-03
  84.70000  0.795131910062E-03
  84.80000  0.465908062698E-03
  84.90000  0.107112487375E-02
  85.00000  0.567114561673E-03
  85.10000  0.124226929279E-02
  85.20000  0.787620645689E-03
  85.30000  0.133484781453E-02
  85.40000  0.115635583915E-02
  85.50000  0.143605146097E-02
  85.60000  0.164532581814E-02
  85.70000  0.159705443359E-02
  85.80000  0.214833144336E-02
  85.90000  0.182337757121E-02
  86.00000  0.257188555678E-02
  86.10000  0.214196634353E-02
  86.20000  0.292497431331E-02
  86.30000  0.261096638817E-02
  86.40000  0.328555391771E-02
  86.50000  0.323809282363E-02
  86.60000  0.369967534215E-02
  86.70000  0.393410958863E-02
  86.80000  0.415963268349E-02
  86.90000  0.459145778057E-02
  87.00000  0.467597294876E-02
  87.10000  0.519556998421E-02
  87.20000  0.531115166568E-02
  87.30000  0.582347673262E-02
  87.40000  0.610442290048E-02
  87.50000  0.654138043371E-02
  87.60000  0.699252606299E-02
  87.70000  0.734790711378E-02
  87.80000  0.785325619467E-02
  87.90000  0.822981745135E-02
  88.00000  0.863258068424E-02
  88.10000  0.922676301509E-02
  88.20000  0.939861655985E-02
  88.30000  0.103894237344E-01
  88.40000  0.102620619004E-01
  88.50000  0.116764722527E-01
  88.60000  0.112765621947E-01
  88.70000  0.129393944602E-01
  88.80000  0.124450484977E-01
  88.90000  0.140402925186E-01
  89.00000  0.137987236019E-01
  89.10000  0.149746244326E-01
  89.20000  0.154084045293E-01
  89.30000  0.158598452291E-01
  89.40000  0.172817212184E-01
  89.50000  0.168189324573E-01
  89.60000  0.192713622567E-01
  89.70000  0.179149456526E-01
  89.80000  0.211338282339E-01
  89.90000  0.192095668675E-01
  90.00000  0.227003346589E-01
  90.10000  0.208333014109E-01
  90.20000  0.239757075814E-01
  90.30000  0.229214552679E-01
  90.40000  0.250658838082E-01
  90.50000  0.254510068835E-01
  90.60000  0.260527552484E-01
  90.70000  0.281778280295E-01
  90.80000  0.269977835007E-01
  90.90000  0.307814516559E-01
  91.00000  0.280615963535E-01
  91.10000  0.330690376105E-01
  91.20000  0.295323032764E-01
  91.30000  0.350098333319E-01
  91.40000  0.316472519568E-01
  91.50000  0.365963039817E-01
  91.60000  0.343794916702E-01
  91.70000  0.377687883947E-01
  91.80000  0.374504364553E-01
  91.90000  0.385503002005E-01
  92.00000  0.405629538455E-01
  92.10000  0.392133032907E-01
  92.20000  0.435637132495E-01
  92.30000  0.401983904004E-01
  92.40000  0.463472870717E-01
  92.50000  0.418095769067E-01
  92.60000  0.486898488106E-01
  92.70000  0.440287286637E-01
  92.80000  0.503232822576E-01
  92.90000  0.466620104008E-01
  93.00000  0.512222410714E-01
  93.10000  0.495947703639E-01
  93.20000  0.517306940766E-01
  93.30000  0.527912299759E-01
  93.40000  0.523144825949E-01
  93.50000  0.560536935268E-01
  93.60000  0.532142628295E-01
  93.70000  0.589361074334E-01
  93.80000  0.544160156102E-01
  93.90000  0.610288466001E-01
  94.00000  0.559256620040E-01
  94.10000  0.623060448717E-01
  94.20000  0.579103793486E-01
  94.30000  0.630906906441E-01
  94.40000  0.604628583550E-01
  94.50000  0.636775019882E-01
  94.60000  0.633081445134E-01
  94.70000  0.641079739937E-01
  94.80000  0.659080339249E-01
  94.90000  0.643726005695E-01
  95.00000  0.678992157042E-01
  95.10000  0.647059273079E-01
  95.20000  0.693300741226E-01
  95.30000  0.654940943063E-01
  95.40000  0.704115401144E-01
  95.50000  0.668602272500E-01
  95.60000  0.711493517862E-01
  95.70000  0.684787599048E-01
  95.80000  0.713752031394E-01
  95.90000  0.698976919466E-01
  96.00000  0.711217213170E-01
  96.10000  0.709705564682E-01
  96.20000  0.707812983249E-01
  96.30000  0.718501307780E-01
  96.40000  0.707669009303E-01
  96.50000  0.725959742040E-01
  96.60000  0.710864119407E-01
  96.70000  0.729744719549E-01
  96.80000  0.713870229119E-01
  96.90000  0.727510363848E-01
  97.00000  0.714080495283E-01
  97.10000  0.720724909342E-01
  97.20000  0.712407485133E-01
  97.30000  0.713872983491E-01
  97.40000  0.710722646784E-01
  97.50000  0.709691569214E-01
  97.60000  0.708046395022E-01
  97.70000  0.706525452526E-01
  97.80000  0.701069940491E-01
  97.90000  0.701090002861E-01
  98.00000  0.688514630811E-01
  98.10000  0.692733718149E-01
  98.20000  0.673420433157E-01
  98.30000  0.683495711694E-01
  98.40000  0.660112891435E-01
  98.50000  0.674180231008E-01
  98.60000  0.649684597235E-01
  98.70000  0.662146340402E-01
  98.80000  0.639715465521E-01
  98.90000  0.644112443666E-01
  99.00000  0.628196037518E-01
  99.10000  0.620388876558E-01
  99.20000  0.616117492723E-01
  99.30000  0.594974132379E-01
  99.40000  0.605299501516E-01
  99.50000  0.571426154348E-01
  99.60000  0.594643139753E-01
  99.70000  0.549858948454E-01
  99.80000  0.580131027121E-01
  99.90000  0.528633092905E-01
 100.00000  0.558821980816E-01
 100.10000  0.507950587461E-01
 100.20000  0.531789095536E-01
 100.30000  0.490247291036E-01
 100.40000  0.502446867857E-01
 100.50000  0.476852787126E-01
 100.60000  0.472740955633E-01
 100.70000  0.465471213338E-01
 100.80000  0.442146516322E-01
 100.90000  0.451906409154E-01
 101.00000  0.410351810188E-01
 101.10000  0.433882975869E-01
 101.20000  0.379588802808E-01
 101.30000  0.412276813470E-01
 101.40000  0.353274605605E-01
 101.50000  0.388676324422E-01
 101.60000  0.332666012247E-01
 101.70000  0.362871824866E-01
 101.80000  0.315775294100E-01
 101.90000  0.333559310264E-01
 102.00000  0.299744565546E-01
 102.10000  0.301052578285E-01
 102.20000  0.283527066259E-01
 102.30000  0.268220774667E-01
 102.40000  0.267704692872E-01
 102.50000  0.238354479484E-01
 102.60000  0.252221286747E-01
 102.70000  0.212623401545E-01
 102.80000  0.235347497787E-01
 102.90000  0.190071109833E-01
 103.00000  0.215257552548E-01
 103.10000  0.169713613833E-01
 103.20000  0.192104767443E-01
 103.30000  0.151864200903E-01
 103.40000  0.167980245888E-01
 103.50000  0.137214207349E-01
 103.60000  0.144948623869E-01
 103.70000  0.125231003370E-01
 103.80000  0.123608995790E-01
 103.90000  0.114108034830E-01
 104.00000  0.103631837142E-01
 104.10000  0.102300635037E-01
 104.20000  0.851531911823E-02
 104.30000  0.897232683825E-02
 104.40000  0.691212909603E-02
 104.50000  0.773290047147E-02
 104.60000  0.563327152232E-02
 104.70000  0.658553416390E-02
 104.80000  0.465548799725E-02
 104.90000  0.552882287944E-02
 105.00000  0.387964631804E-02
 105.10000  0.454052533014E-02
 105.20000  0.322545349965E-02
 105.30000  0.364408527890E-02
 105.40000  0.268142548628E-02
 105.50000  0.290423514198E-02
 105.60000  0.227574751050E-02
 105.70000  0.237314321940E-02
 105.80000  0.202655668028E-02
 105.90000  0.205716455859E-02
 106.00000  0.192722138196E-02
 106.10000  0.192852908885E-02
 106.20000  0.196111396302E-02
 106.30000  0.195342507482E-02
 106.40000  0.211585941933E-02
 106.50000  0.211178352056E-02
 106.60000  0.239024518009E-02
 106.70000  0.240881817528E-02
 106.80000  0.279889702825E-02
 106.90000  0.287494298754E-02
 107.00000  0.336449596827E-02
 107.10000  0.354067212431E-02
 107.20000  0.409016830321E-02
 107.30000  0.439805478558E-02
 107.40000  0.494024342107E-02
 107.50000  0.539360657526E-02
 107.60000  0.586814497819E-02
 107.70000  0.647454372384E-02
 107.80000  0.687604508350E-02
 107.90000  0.763976175821E-02
 108.00000  0.803374711434E-02
 108.10000  0.892523978087E-02
 108.20000  0.941630181994E-02
 108.30000  0.103308797639E-01
 108.40000  0.110215463674E-01
 108.50000  0.117827767912E-01
 108.60000  0.127685324477E-01
 108.70000  0.131964544733E-01
 108.80000  0.145862169405E-01
 108.90000  0.145795686935E-01
 109.00000  0.164828616632E-01
 109.10000  0.160466739585E-01
 109.20000  0.185001861431E-01
 109.30000  0.177143612048E-01
 109.40000  0.206019795960E-01
 109.50000  0.195950596991E-01
 109.60000  0.226435660603E-01
 109.70000  0.216181157949E-01
 109.80000  0.244803912484E-01
 109.90000  0.237504928607E-01
 110.00000  0.260996218678E-01
 110.10000  0.260582164212E-01
 110.20000  0.276183621149E-01
 110.30000  0.286162784681E-01
 110.40000  0.291488159873E-01
 110.50000  0.313676201266E-01
 110.60000  0.306957889741E-01
 110.70000  0.341087109336E-01
 110.80000  0.322135103988E-01
 110.90000  0.366342092237E-01
 111.00000  0.337468979697E-01
 111.10000  0.388792978097E-01
 111.20000  0.354679560668E-01
 111.30000  0.408981888791E-01
 111.40000  0.375405543487E-01
 111.50000  0.427168964535E-01
 111.60000  0.399609652900E-01
 111.70000  0.442535934516E-01
 111.80000  0.425609883063E-01
 111.90000  0.454148312820E-01
 112.00000  0.451690276810E-01
 112.10000  0.462532025929E-01
 112.20000  0.477359392146E-01
 112.30000  0.469877778339E-01
 112.40000  0.502790720163E-01
 112.50000  0.478487051310E-01
 112.60000  0.527251898958E-01
 112.70000  0.489178738085E-01
 112.80000  0.548619842531E-01
 112.90000  0.501405549448E-01
 113.00000  0.564780002205E-01
 113.10000  0.514751941914E-01
 113.20000  0.575386265070E-01
 113.30000  0.529849842777E-01
 113.40000  0.581962088783E-01
 113.50000  0.547538702469E-01
 113.60000  0.586256159449E-01
 113.70000  0.567302090741E-01
 113.80000  0.588795097141E-01
 113.90000  0.586948811369E-01
 114.00000  0.589260915966E-01
 114.10000  0.604041432847E-01
 114.20000  0.588060275011E-01
 114.30000  0.617513273726E-01
 114.40000  0.587008682459E-01
 114.50000  0.627732985702E-01
 114.60000  0.588151780683E-01
 114.70000  0.635135093310E-01
 114.80000  0.592023848317E-01
 114.90000  0.639172532349E-01
 115.00000  0.597344109246E-01
 115.10000  0.638862975046E-01
 115.20000  0.602459081773E-01
 115.30000  0.634236066812E-01
 115.40000  0.606810376485E-01
 115.50000  0.626903332969E-01
 115.60000  0.610789140829E-01
 115.70000  0.618999257051E-01
 115.80000  0.614346853123E-01
 115.90000  0.611613871775E-01
 116.00000  0.616199001309E-01
 116.10000  0.604395214866E-01
 116.20000  0.614660735362E-01
 116.30000  0.596640680172E-01
 116.40000  0.609150083159E-01
 116.50000  0.588508784164E-01
 116.60000  0.600630107906E-01
 116.70000  0.580905458919E-01
 116.80000  0.590565769732E-01
 116.90000  0.574211274263E-01
 117.00000  0.579649822843E-01
 117.10000  0.567421593224E-01
 117.20000  0.567654266474E-01
 117.30000  0.558817498986E-01
 117.40000  0.554364926682E-01
 117.50000  0.547463038619E-01
 117.60000  0.540381304923E-01
 117.70000  0.533830601461E-01
 117.80000  0.526848206330E-01
 117.90000  0.518930511051E-01
 118.00000  0.514414893934E-01
 118.10000  0.503118155518E-01
 118.20000  0.502536613334E-01
 118.30000  0.486012290433E-01
 118.40000  0.489887926718E-01
 118.50000  0.467458868573E-01
 118.60000  0.475506663193E-01
 118.70000  0.448229171728E-01
 118.80000  0.459457207377E-01
 118.90000  0.429635538830E-01
 119.00000  0.442301622316E-01
 119.10000  0.412582468836E-01
 119.20000  0.424083329206E-01
 119.30000  0.397036111218E-01
 119.40000  0.404149368033E-01
 119.50000  0.382301437115E-01
 119.60000  0.382045835355E-01
 119.70000  0.367751022925E-01
 119.80000  0.358316010010E-01
 119.90000  0.353302007730E-01
 120.00000  0.334239009205E-01
 120.10000  0.339135811847E-01
 120.20000  0.310950769923E-01
 120.30000  0.324960590281E-01
 120.40000  0.288946824376E-01
 120.50000  0.309796811185E-01
 120.60000  0.268247666284E-01
 120.70000  0.292707988416E-01
 120.80000  0.248857582083E-01
 120.90000  0.273595295055E-01
 121.00000  0.231087641375E-01
 121.10000  0.253089137024E-01
 121.20000  0.215401604248E-01
 121.30000  0.231863290353E-01
 121.40000  0.201824006250E-01
 121.50000  0.210283348769E-01
 121.60000  0.189624736391E-01
 121.70000  0.188556563643E-01
 121.80000  0.177811023109E-01
 121.90000  0.167019328251E-01
 122.00000  0.165820697782E-01
 122.10000  0.146337787175E-01
 122.20000  0.153566385811E-01
 122.30000  0.127385743666E-01
 122.40000  0.141038448486E-01
 122.50000  0.110729246623E-01
 122.60000  0.128104529759E-01
 122.70000  0.963013859907E-02
 122.80000  0.114559097032E-01
 122.90000  0.837330183260E-02
 123.00000  0.100312608785E-01
 123.10000  0.727977934213E-02
 123.20000  0.856844542020E-02
 123.30000  0.633936544764E-02
 123.40000  0.713948157039E-02
 123.50000  0.553447782639E-02
 123.60000  0.580900104740E-02
 123.70000  0.483316198578E-02
 123.80000  0.460442624629E-02
 123.90000  0.418928214991E-02
 124.00000  0.353637404573E-02
 124.10000  0.356148885080E-02
 124.20000  0.261973429742E-02
 124.30000  0.294180679846E-02
 124.40000  0.187191577402E-02
 124.50000  0.234945129107E-02
 124.60000  0.130458676805E-02
 124.70000  0.180286873511E-02
 124.80000  0.909035191095E-03
 124.90000  0.131475420457E-02
 125.00000  0.652698069478E-03
 125.10000  0.898943089210E-03
 125.20000  0.503463301945E-03
 125.30000  0.573688321265E-03
 125.40000  0.445425122668E-03
 125.50000  0.366098560438E-03
 125.60000  0.470049635039E-03
 125.70000  0.299867316820E-03
 125.80000  0.569472619890E-03
 125.90000  0.377100816965E-03
 126.00000  0.733715148613E-03
 126.10000  0.586514013716E-03
 126.20000  0.956456611999E-03
 126.30000  0.916900238937E-03
 126.40000  0.125164320742E-02
 126.50000  0.135976814525E-02
 126.60000  0.164534644256E-02
 126.70000  0.190898603489E-02
 126.80000  0.215327505941E-02
 126.90000  0.254751627901E-02
 127.00000  0.277759630841E-02
 127.10000  0.324785435829E-02
 127.20000  0.350886013189E-02
 127.30000  0.399683668526E-02
 127.40000  0.434134998427E-02
 127.50000  0.480028049795E-02
 127.60000  0.528641436210E-02
 127.70000  0.567973014789E-02
 127.80000  0.634272168888E-02
 127.90000  0.666236999635E-02
 128.00000  0.748368732758E-02
 128.10000  0.774660491788E-02
 128.20000  0.867553751402E-02
 128.30000  0.891790816605E-02
 128.40000  0.987750825643E-02
 128.50000  0.101887505283E-01
 128.60000  0.110728075185E-01
 128.70000  0.115811551635E-01
 128.80000  0.122852962959E-01
 128.90000  0.131150061089E-01
 129.00000  0.135301481045E-01
 129.10000  0.147889903385E-01
 129.20000  0.148038176296E-01
 129.30000  0.165537046260E-01
 129.40000  0.160940520795E-01
 129.50000  0.183555382491E-01
 129.60000  0.173973228018E-01
 129.70000  0.201585173905E-01
 129.80000  0.187640479289E-01
 129.90000  0.219487620446E-01
 130.00000  0.202549990218E-01
 130.10000  0.237410481974E-01
 130.20000  0.219034822828E-01
 130.30000  0.255013545783E-01
 130.40000  0.237232122932E-01
 130.50000  0.271623247512E-01
 130.60000  0.256705872441E-01
 130.70000  0.286949698915E-01
 130.80000  0.277129027585E-01
 130.90000  0.300900286772E-01
 131.00000  0.298728229326E-01
 131.10000  0.313990883800E-01
 131.20000  0.321560467373E-01
 131.30000  0.326991093581E-01
 131.40000  0.345475297847E-01
 131.50000  0.340107880339E-01
 131.60000  0.369750852278E-01
 131.70000  0.353349228302E-01
 131.80000  0.393350341660E-01
 131.90000  0.366639678801E-01
 132.00000  0.415672646811E-01
 132.10000  0.380454216368E-01
 132.20000  0.436488046646E-01
 132.30000  0.395653914227E-01
 132.40000  0.456191124932E-01
 132.50000  0.412734790899E-01
 132.60000  0.474737962823E-01
 132.70000  0.431934142044E-01
 132.80000  0.491527440347E-01
 132.90000  0.452491128242E-01
 133.00000  0.506260025619E-01
 133.10000  0.473696777975E-01
 133.20000  0.518616802962E-01
 133.30000  0.495529075804E-01
 133.40000  0.529370708168E-01
 133.50000  0.517918190218E-01
 133.60000  0.539639684375E-01
 133.70000  0.541079176612E-01
 133.80000  0.549925795206E-01
 133.90000  0.564369026264E-01
 134.00000  0.560441537266E-01
 134.10000  0.586659498359E-01
 134.20000  0.570798195760E-01
 134.30000  0.607043560320E-01
 134.40000  0.581158522892E-01
 134.50000  0.625230546936E-01
 134.60000  0.592100222641E-01
 134.70000  0.641774030998E-01
 134.80000  0.604552826034E-01
 134.90000  0.656966169238E-01
 135.00000  0.618786984569E-01
 135.10000  0.670983810231E-01
 135.20000  0.634131421338E-01
 135.30000  0.683027676274E-01
 135.40000  0.649843419413E-01
 135.50000  0.692797737800E-01
 135.60000  0.664946633635E-01
 135.70000  0.700734756916E-01
 135.80000  0.679812483769E-01
 135.90000  0.707668024821E-01
 136.00000  0.694663672433E-01
 136.10000  0.714963242588E-01
 136.20000  0.709518239092E-01
 136.30000  0.722632455329E-01
 136.40000  0.723746154091E-01
 136.50000  0.730480565637E-01
 136.60000  0.736112769412E-01
 136.70000  0.737895680587E-01
 136.80000  0.746242393910E-01
 136.90000  0.745039882532E-01
 137.00000  0.754320741803E-01
 137.10000  0.752595685751E-01
 137.20000  0.761343691709E-01
 137.30000  0.761232081939E-01
 137.40000  0.767726412368E-01
 137.50000  0.770764626733E-01
 137.60000  0.773494962870E-01
 137.70000  0.780240437023E-01
 137.80000  0.777822353720E-01
 137.90000  0.788639357305E-01
 138.00000  0.780786367778E-01
 138.10000  0.795371453552E-01
 138.20000  0.782780885733E-01
 138.30000  0.801084181946E-01
 138.40000  0.785156699602E-01
 138.50000  0.805996292814E-01
 138.60000  0.788672138684E-01
 138.70000  0.810486022741E-01
 138.80000  0.793240714638E-01
 138.90000  0.813446916386E-01
 139.00000  0.798264862474E-01
 139.10000  0.814299316108E-01
 139.20000  0.802931112553E-01
 139.30000  0.812589319990E-01
 139.40000  0.807551748328E-01
 139.50000  0.809159493077E-01
 139.60000  0.812560626256E-01
 139.70000  0.804968115772E-01
 139.80000  0.818554603838E-01
 139.90000  0.800701873034E-01
 140.00000  0.825007090453E-01
 140.10000  0.796106625145E-01
 140.20000  0.830896947856E-01
 140.30000  0.790797032905E-01
 140.40000  0.835104716892E-01
 140.50000  0.784562107010E-01
 140.60000  0.837426145582E-01
 140.70000  0.778375559855E-01
 140.80000  0.838248305852E-01
 140.90000  0.773132543947E-01
 141.00000  0.838304118114E-01
 141.10000  0.769842278437E-01
 141.20000  0.837356771141E-01
 141.30000  0.768024965280E-01
 141.40000  0.834906982035E-01
 141.50000  0.767180008553E-01
 141.60000  0.829823410182E-01
 141.70000  0.766394260274E-01
 141.80000  0.822280313086E-01
 141.90000  0.765999378398E-01
 142.00000  0.812669113754E-01
 142.10000  0.766380481344E-01
 142.20000  0.802414116841E-01
 142.30000  0.768149378001E-01
 142.40000  0.791841452774E-01
 142.50000  0.770795312564E-01
 142.60000  0.781126235481E-01
 142.70000  0.773440354617E-01
 142.80000  0.769564955537E-01
 142.90000  0.774984395089E-01
 143.00000  0.757249540605E-01
 143.10000  0.775216270345E-01
 143.20000  0.744720498220E-01
 143.30000  0.774463999883E-01
 143.40000  0.733073705194E-01
 143.50000  0.773305293988E-01
 143.60000  0.723066054874E-01
 143.70000  0.771685014690E-01
 143.80000  0.714516578899E-01
 143.90000  0.768917880187E-01
 144.00000  0.706931797100E-01
 144.10000  0.764221941515E-01
 144.20000  0.699506010205E-01
 144.30000  0.757252583458E-01
 144.40000  0.692560820059E-01
 144.50000  0.748702658048E-01
 144.60000  0.686390164053E-01
 144.70000  0.739312548047E-01
 144.80000  0.681852978272E-01
 144.90000  0.730004942955E-01
 145.00000  0.678584967664E-01
 145.10000  0.720406023712E-01
 145.20000  0.676086919912E-01
 145.30000  0.710414107527E-01
 145.40000  0.673241809773E-01
 145.50000  0.699288390557E-01
 145.60000  0.669697161914E-01
 145.70000  0.687785704655E-01
 145.80000  0.665631481774E-01
 145.90000  0.676332311805E-01
 146.00000  0.661498041057E-01
 146.10000  0.666094437572E-01
 146.20000  0.657630976072E-01
 146.30000  0.656957948255E-01
 146.40000  0.653451123671E-01
 146.50000  0.648718779656E-01
 146.60000  0.648445002870E-01
 146.70000  0.640696977952E-01
 146.80000  0.641986354250E-01
 146.90000  0.632826212514E-01
 147.00000  0.634419721120E-01
 147.10000  0.625522370029E-01
 147.20000  0.626337739051E-01
 147.30000  0.619359510154E-01
 147.40000  0.618376130214E-01
 147.50000  0.614510538144E-01
 147.60000  0.610662058000E-01
 147.70000  0.610622742528E-01
 147.80000  0.602783914025E-01
 147.90000  0.606771714842E-01
 148.00000  0.594273479021E-01
 148.10000  0.602551028927E-01
 148.20000  0.585223002333E-01
 148.30000  0.597739770505E-01
 148.40000  0.575992169859E-01
 148.50000  0.592921785712E-01
 148.60000  0.567664316701E-01
 148.70000  0.588494610729E-01
 148.80000  0.560383292853E-01
 148.90000  0.584302569102E-01
 149.00000  0.554358494185E-01
 149.10000  0.580086555402E-01
 149.20000  0.548914942696E-01
 149.30000  0.574837944145E-01
 149.40000  0.543700301929E-01
 149.50000  0.568669663369E-01
 149.60000  0.538924028268E-01
 149.70000  0.561537624357E-01
 149.80000  0.534747804750E-01
 149.90000  0.554142114378E-01
 150.00000  0.531960066886E-01
 150.10000  0.546908565086E-01
 150.20000  0.530305393410E-01
 150.30000  0.539599433465E-01
 150.40000  0.529534434793E-01
 150.50000  0.532105330437E-01
 150.60000  0.529035933047E-01
 150.70000  0.523912415209E-01
 150.80000  0.528422411066E-01
 150.90000  0.515297893396E-01
 151.00000  0.527939080411E-01
 151.10000  0.506732425343E-01
 151.20000  0.527843950846E-01
 151.30000  0.498777415120E-01
 151.40000  0.528374975091E-01
 151.50000  0.491687341161E-01
 151.60000  0.529255369715E-01
 151.70000  0.485304437425E-01
 151.80000  0.530001060853E-01
 151.90000  0.479241917932E-01
 152.00000  0.529943893393E-01
 152.10000  0.473263452830E-01
 152.20000  0.529082927954E-01
 152.30000  0.467735475862E-01
 152.40000  0.527644593732E-01
 152.50000  0.462944001491E-01
 152.60000  0.525994962814E-01
 152.70000  0.459522473857E-01
 152.80000  0.524632027973E-01
 152.90000  0.457491813556E-01
 153.00000  0.523063139063E-01
 153.10000  0.456320362644E-01
 153.20000  0.521015738660E-01
 153.30000  0.455827959059E-01
 153.40000  0.518189402832E-01
 153.50000  0.455485970648E-01
 153.60000  0.514345286744E-01
 153.70000  0.455481748050E-01
 153.80000  0.510206916211E-01
 153.90000  0.456292817540E-01
 154.00000  0.506097117043E-01
 154.10000  0.457889805430E-01
 154.20000  0.502253004217E-01
 154.30000  0.460382819401E-01
 154.40000  0.498797144536E-01
 154.50000  0.463320595390E-01
 154.60000  0.495239476587E-01
 154.70000  0.466156128560E-01
 154.80000  0.491479851302E-01
 154.90000  0.468788837120E-01
 155.00000  0.487662834745E-01
 155.10000  0.471252843924E-01
 155.20000  0.484146901700E-01
 155.30000  0.473861440389E-01
 155.40000  0.481370910419E-01
 155.50000  0.476664384493E-01
 155.60000  0.479379425881E-01
 155.70000  0.479509292137E-01
 155.80000  0.478127117696E-01
 155.90000  0.482112116302E-01
 156.00000  0.477244322001E-01
 156.10000  0.483972904263E-01
 156.20000  0.476527703220E-01
 156.30000  0.485209070318E-01
 156.40000  0.476335700562E-01
 156.50000  0.486107888299E-01
 156.60000  0.476808552790E-01
 156.70000  0.486790788760E-01
 156.80000  0.478215964099E-01
 156.90000  0.487661542983E-01
 157.00000  0.480751571272E-01
 157.10000  0.488548228703E-01
 157.20000  0.483824148796E-01
 157.30000  0.488893183718E-01
 157.40000  0.487037336482E-01
 157.50000  0.488691805036E-01
 157.60000  0.490372692416E-01
 157.70000  0.487992605484E-01
 157.80000  0.493732871243E-01
 157.90000  0.486993884591E-01
 158.00000  0.497427498286E-01
 158.10000  0.486283035811E-01
 158.20000  0.501808206689E-01
 158.30000  0.486109900226E-01
 158.40000  0.506745217880E-01
 158.50000  0.486366234384E-01
 158.60000  0.511910745936E-01
 158.70000  0.486794315154E-01
 158.80000  0.516801315165E-01
 158.90000  0.487052537178E-01
 159.00000  0.521092248656E-01
 159.10000  0.487234422017E-01
 159.20000  0.524964717430E-01
 159.30000  0.487702063203E-01
 159.40000  0.528596043940E-01
 159.50000  0.488672683562E-01
 159.60000  0.532144839070E-01
 159.70000  0.490472463241E-01
 159.80000  0.535864603464E-01
 159.90000  0.493216365128E-01
 160.00000  0.539492380155E-01
 160.10000  0.496435268383E-01
 160.20000  0.542461526199E-01
 160.30000  0.499808935229E-01
 160.40000  0.544700826920E-01
 160.50000  0.503483808709E-01
 160.60000  0.546387799682E-01
 160.70000  0.507564231586E-01
 160.80000  0.547602117651E-01
 160.90000  0.512151285358E-01
 161.00000  0.548597457709E-01
 161.10000  0.517474607641E-01
 161.20000  0.549612756822E-01
 161.30000  0.523479176704E-01
 161.40000  0.550484465552E-01
 161.50000  0.529792910844E-01
 161.60000  0.550933190131E-01
 161.70000  0.536154554125E-01
 161.80000  0.550911758494E-01
 161.90000  0.542521128130E-01
 162.00000  0.550557868600E-01
 162.10000  0.548992835264E-01
 162.20000  0.550145587914E-01
 162.30000  0.555767011452E-01
 162.40000  0.549966253925E-01
 162.50000  0.562891047461E-01
 162.60000  0.550068443274E-01
 162.70000  0.570115124760E-01
 162.80000  0.550286295599E-01
 162.90000  0.577123188137E-01
 163.00000  0.550488077911E-01
 163.10000  0.583722201097E-01
 163.20000  0.550638502613E-01
 163.30000  0.589826489571E-01
 163.40000  0.550812876413E-01
 163.50000  0.595529440704E-01
 163.60000  0.551299786711E-01
 163.70000  0.601121722922E-01
 163.80000  0.552466694554E-01
 163.90000  0.606791392738E-01
 164.00000  0.554410119837E-01
 164.10000  0.612358047442E-01
 164.20000  0.556874822011E-01
 164.30000  0.617412958975E-01
 164.40000  0.559524275959E-01
 164.50000  0.621644374553E-01
 164.60000  0.562202425662E-01
 164.70000  0.625011547368E-01
 164.80000  0.565005829293E-01
 164.90000  0.627740998624E-01
 165.00000  0.568227058416E-01
 165.10000  0.630200625072E-01
 165.20000  0.572182082081E-01
 165.30000  0.632659602226E-01
 165.40000  0.576970846329E-01
 165.50000  0.635087884131E-01
 165.60000  0.582380376450E-01
 165.70000  0.637199347443E-01
 165.80000  0.588038144606E-01
 165.90000  0.638690626344E-01
 166.00000  0.593652089944E-01
 166.10000  0.639443476501E-01
 166.20000  0.599143071190E-01
 166.30000  0.639585403642E-01
 166.40000  0.604654737927E-01
 166.50000  0.639446746410E-01
 166.60000  0.610468682322E-01
 166.70000  0.639412472918E-01
 166.80000  0.616810204578E-01
 166.90000  0.639690500249E-01
 167.00000  0.623638105096E-01
 167.10000  0.640170374272E-01
 167.20000  0.630617220648E-01
 167.30000  0.640531218003E-01
 167.40000  0.637329533235E-01
 167.50000  0.640516988426E-01
 167.60000  0.643542240164E-01
 167.70000  0.640143389095E-01
 167.80000  0.649319915706E-01
 167.90000  0.639691222097E-01
 168.00000  0.654925449241E-01
 168.10000  0.639527085062E-01
 168.20000  0.660610529888E-01
 168.30000  0.639891965522E-01
 168.40000  0.666435709347E-01
 168.50000  0.640781987813E-01
 168.60000  0.672217729950E-01
 168.70000  0.641981392667E-01
 168.80000  0.677631543831E-01
 168.90000  0.643227130863E-01
 169.00000  0.682408539729E-01
 169.10000  0.644405312284E-01
 169.20000  0.686504711311E-01
 169.30000  0.645639510814E-01
 169.40000  0.690109008484E-01
 169.50000  0.647198860410E-01
 169.60000  0.693486488412E-01
 169.70000  0.649304776305E-01
 169.80000  0.696784196010E-01
 169.90000  0.651986040946E-01
 170.00000  0.699940376071E-01
 170.10000  0.655080142554E-01
 170.20000  0.702747466767E-01
 170.30000  0.658359901044E-01
 170.40000  0.705004355961E-01
 170.50000  0.661684374810E-01
 170.60000  0.706652005788E-01
 170.70000  0.665076156599E-01
 170.80000  0.707807138884E-01
 170.90000  0.668679920829E-01
 171.00000  0.708681846878E-01
 171.10000  0.672642295317E-01
 171.20000  0.709449716504E-01
 171.30000  0.676992434520E-01
 171.40000  0.710142089987E-01
 171.50000  0.681606023704E-01
 171.60000  0.710650089058E-01
 171.70000  0.686281763123E-01
 171.80000  0.710827422588E-01
 171.90000  0.690870428941E-01
 172.00000  0.710618623624E-01
 172.10000  0.695363798292E-01
 172.20000  0.710117638386E-01
 172.30000  0.699872170628E-01
 172.40000  0.709512025690E-01
 172.50000  0.704510857074E-01
 172.60000  0.708961876062E-01
 172.70000  0.709283546187E-01
 172.80000  0.708502747872E-01
 172.90000  0.714052303836E-01
 173.00000  0.708048558353E-01
 173.10000  0.718618666951E-01
 173.20000  0.707484198561E-01
 173.30000  0.722846684117E-01
 173.40000  0.706774595046E-01
 173.50000  0.726743706158E-01
 173.60000  0.706016094444E-01
 173.70000  0.730438718507E-01
 173.80000  0.705388530976E-01
 173.90000  0.734071016222E-01
 174.00000  0.705046849749E-01
 174.10000  0.737669973100E-01
 174.20000  0.705024619063E-01
 174.30000  0.741105688943E-01
 174.40000  0.705218818734E-01
 174.50000  0.744152121118E-01
 174.60000  0.705472200705E-01
 174.70000  0.746623091260E-01
 174.80000  0.705700176817E-01
 174.90000  0.748495404507E-01
 175.00000  0.705977802129E-01
 175.10000  0.749925142635E-01
 175.20000  0.706510403085E-01
 175.30000  0.751134211075E-01
 175.40000  0.707508488816E-01
 175.50000  0.752250773167E-01
 175.60000  0.709051612658E-01
 175.70000  0.753204616233E-01
 175.80000  0.711031682708E-01
 175.90000  0.753755441932E-01
 176.00000  0.713227615166E-01
 176.10000  0.753644053224E-01
 176.20000  0.715465535808E-01
 176.30000  0.752766561292E-01
 176.40000  0.717757667262E-01
 176.50000  0.751247825803E-01
 176.60000  0.720314428321E-01
 176.70000  0.749357774571E-01
 176.80000  0.723424253491E-01
 176.90000  0.747334330546E-01
 177.00000  0.727278109996E-01
 177.10000  0.745213877606E-01
 177.20000  0.731840663587E-01
 177.30000  0.742781975793E-01
 177.40000  0.736871391562E-01
 177.50000  0.739691477160E-01
 177.60000  0.742093422957E-01
 177.70000  0.735670487480E-01
 177.80000  0.747409837187E-01
 177.90000  0.730687737915E-01
 178.00000  0.753031660902E-01
 178.10000  0.724959358467E-01
 178.20000  0.759433774336E-01
 178.30000  0.718782482488E-01
 178.40000  0.767159357885E-01
 178.50000  0.712271164739E-01
 178.60000  0.776590019035E-01
 178.70000  0.705147341742E-01
 178.80000  0.787881619295E-01
 178.90000  0.696709934668E-01
 179.00000  0.801191793322E-01
 179.10000  0.685933281906E-01
 179.20000  0.817256565126E-01
 179.30000  0.671496649768E-01
 179.40000  0.838530502039E-01
 179.50000  0.651245886609E-01
 179.60000  0.872274796207E-01
 179.70000  0.619383097387E-01
 179.80000  0.947449239282E-01
 179.90000  0.547466147830E-01
 180.00000  0.228909883145E+00

