 # E =    2.2498335345149512       eV =    18147.459999999999       1/cm
 #  1801
# DFFCSO.  ACCUM LEV(I),J(I) =  1  0 LEV(F),J(F) =  1  0       , M =  0, WEIGHTED BY  1.00000
   0.10000  0.425355986339E+07
   0.20000  0.846162306135E+06
   0.30000  0.146153114731E+06
   0.40000  0.516041961008E+05
   0.50000  0.586218003084E+05
   0.60000  0.431245447745E+04
   0.70000  0.502004997156E+04
   0.80000  0.122715378823E+05
   0.90000  0.299712806153E+04
   1.00000  0.518503829278E+04
   1.10000  0.328558808974E+04
   1.20000  0.395111311339E+04
   1.30000  0.452045380029E+04
   1.40000  0.374975443878E+04
   1.50000  0.223981714692E+04
   1.60000  0.293852664745E+04
   1.70000  0.250904511094E+04
   1.80000  0.183108327435E+04
   1.90000  0.130534231595E+04
   2.00000  0.100596004203E+04
   2.10000  0.966302151528E+03
   2.20000  0.798801876351E+03
   2.30000  0.742029165482E+03
   2.40000  0.427840744859E+03
   2.50000  0.463233505817E+03
   2.60000  0.466624627229E+03
   2.70000  0.551054140207E+03
   2.80000  0.562574866433E+03
   2.90000  0.487100097500E+03
   3.00000  0.487982212477E+03
   3.10000  0.421977493300E+03
   3.20000  0.543504792801E+03
   3.30000  0.482114235614E+03
   3.40000  0.380445815918E+03
   3.50000  0.235892599026E+03
   3.60000  0.246401114352E+03
   3.70000  0.322872420634E+03
   3.80000  0.272677886484E+03
   3.90000  0.201586647076E+03
   4.00000  0.975721410201E+02
   4.10000  0.765790098801E+02
   4.20000  0.702387335608E+02
   4.30000  0.102472638404E+03
   4.40000  0.124174540635E+03
   4.50000  0.823194746760E+02
   4.60000  0.404226557577E+02
   4.70000  0.113940897320E+02
   4.80000  0.300149663326E+02
   4.90000  0.432910077048E+02
   5.00000  0.494238607464E+02
   5.10000  0.454906977314E+02
   5.20000  0.257391272469E+02
   5.30000  0.176138109830E+02
   5.40000  0.126681509850E+02
   5.50000  0.310516443879E+02
   5.60000  0.327637852084E+02
   5.70000  0.266963949842E+02
   5.80000  0.204267546067E+02
   5.90000  0.214730819903E+02
   6.00000  0.328005612140E+02
   6.10000  0.274688634112E+02
   6.20000  0.345671774109E+02
   6.30000  0.280597262239E+02
   6.40000  0.210661520830E+02
   6.50000  0.212811997559E+02
   6.60000  0.307550832082E+02
   6.70000  0.484609341546E+02
   6.80000  0.392274749810E+02
   6.90000  0.383476537256E+02
   7.00000  0.318623152238E+02
   7.10000  0.246206402296E+02
   7.20000  0.274331695594E+02
   7.30000  0.340092074521E+02
   7.40000  0.498411773953E+02
   7.50000  0.425506487590E+02
   7.60000  0.409639335168E+02
   7.70000  0.403292641807E+02
   7.80000  0.317533800094E+02
   7.90000  0.308140258935E+02
   8.00000  0.290105966633E+02
   8.10000  0.370178474621E+02
   8.20000  0.347541895159E+02
   8.30000  0.366268733211E+02
   8.40000  0.440712798661E+02
   8.50000  0.367966362091E+02
   8.60000  0.317309804484E+02
   8.70000  0.241729691566E+02
   8.80000  0.233869215804E+02
   8.90000  0.237512320212E+02
   9.00000  0.271999294809E+02
   9.10000  0.389741681862E+02
   9.20000  0.355266185019E+02
   9.30000  0.295497311503E+02
   9.40000  0.219192658954E+02
   9.50000  0.158236353728E+02
   9.60000  0.153257532092E+02
   9.70000  0.166520457241E+02
   9.80000  0.265291151956E+02
   9.90000  0.263747754595E+02
  10.00000  0.220808188497E+02
  10.10000  0.184496774245E+02
  10.20000  0.126788625638E+02
  10.30000  0.112747771507E+02
  10.40000  0.987159358316E+01
  10.50000  0.144701180189E+02
  10.60000  0.150258359500E+02
  10.70000  0.124103629590E+02
  10.80000  0.127215781306E+02
  10.90000  0.104468739531E+02
  11.00000  0.981401192335E+01
  11.10000  0.770850095852E+01
  11.20000  0.798898139185E+01
  11.30000  0.752436396721E+01
  11.40000  0.518531775757E+01
  11.50000  0.667010932488E+01
  11.60000  0.709431152699E+01
  11.70000  0.773764694246E+01
  11.80000  0.678421608244E+01
  11.90000  0.571706323140E+01
  12.00000  0.470694624555E+01
  12.10000  0.216648851933E+01
  12.20000  0.273653736701E+01
  12.30000  0.350141987774E+01
  12.40000  0.419258517419E+01
  12.50000  0.437876232741E+01
  12.60000  0.390439129914E+01
  12.70000  0.371008165241E+01
  12.80000  0.183261241428E+01
  12.90000  0.158057757433E+01
  13.00000  0.168972540535E+01
  13.10000  0.122758127802E+01
  13.20000  0.142626521721E+01
  13.30000  0.147956699903E+01
  13.40000  0.232686615872E+01
  13.50000  0.184886900432E+01
  13.60000  0.181612796310E+01
  13.70000  0.200107385296E+01
  13.80000  0.624975874834E+00
  13.90000  0.234003227534E+00
  14.00000  0.109326309222E+00
  14.10000  0.937188819391E+00
  14.20000  0.139790713436E+01
  14.30000  0.177751578972E+01
  14.40000  0.259147379043E+01
  14.50000  0.130191998807E+01
  14.60000  0.546845321115E+00
  14.70000  0.191168602984E+00
  14.80000  0.169559499853E+00
  14.90000  0.654434237155E+00
  15.00000  0.102851674052E+01
  15.10000  0.207155057997E+01
  15.20000  0.154649176139E+01
  15.30000  0.924746021231E+00
  15.40000  0.735223417406E+00
  15.50000  0.576121823820E-01
  15.60000  0.283796808545E-01
  15.70000  0.138658090926E+00
  15.80000  0.738184276910E+00
  15.90000  0.950151166459E+00
  16.00000  0.911362927247E+00
  16.10000  0.121827502696E+01
  16.20000  0.765120190009E+00
  16.30000  0.382520665241E+00
  16.40000  0.215067237524E+00
  16.50000  0.425546889100E-03
  16.60000  0.153807126365E+00
  16.70000  0.479818402003E+00
  16.80000  0.105453750411E+01
  16.90000  0.133005131406E+01
  17.00000  0.124021257795E+01
  17.10000  0.114528112135E+01
  17.20000  0.533473878726E+00
  17.30000  0.112607834386E+00
  17.40000  0.136858194963E+00
  17.50000  0.313871032487E+00
  17.60000  0.754355213490E+00
  17.70000  0.102925295454E+01
  17.80000  0.125086031800E+01
  17.90000  0.971049139919E+00
  18.00000  0.479297808488E+00
  18.10000  0.249732667709E+00
  18.20000  0.792221251304E-02
  18.30000  0.952848253238E-01
  18.40000  0.227538642531E+00
  18.50000  0.486898144102E+00
  18.60000  0.530895210541E+00
  18.70000  0.305385695680E+00
  18.80000  0.231504644774E+00
  18.90000  0.617513403001E-01
  19.00000  0.901316232793E-01
  19.10000  0.743628433521E-01
  19.20000  0.261760796178E+00
  19.30000  0.389403098930E+00
  19.40000  0.155210261006E+00
  19.50000  0.160780646052E+00
  19.60000  0.395582704004E-01
  19.70000  0.401757487592E-01
  19.80000  0.755953345334E-01
  19.90000  0.283582557181E+00
  20.00000  0.617720695959E+00
  20.10000  0.450619253559E+00
  20.20000  0.534198078376E+00
  20.30000  0.447356040820E+00
  20.40000  0.129583343126E+00
  20.50000  0.711999383256E-01
  20.60000  0.583257426981E-01
  20.70000  0.316284469822E+00
  20.80000  0.359654084122E+00
  20.90000  0.614464817046E+00
  21.00000  0.908976316033E+00
  21.10000  0.603388717073E+00
  21.20000  0.578818814139E+00
  21.30000  0.423438236341E+00
  21.40000  0.167818021008E+00
  21.50000  0.140140250813E+00
  21.60000  0.223402560574E+00
  21.70000  0.618389578800E+00
  21.80000  0.645206208045E+00
  21.90000  0.870060311098E+00
  22.00000  0.107503074693E+01
  22.10000  0.653453010880E+00
  22.20000  0.531287320768E+00
  22.30000  0.345048220529E+00
  22.40000  0.221233263840E+00
  22.50000  0.252213734723E+00
  22.60000  0.412452657766E+00
  22.70000  0.831254749345E+00
  22.80000  0.730907709295E+00
  22.90000  0.775861698449E+00
  23.00000  0.777728913580E+00
  23.10000  0.347680427845E+00
  23.20000  0.212064385100E+00
  23.30000  0.105774342898E+00
  23.40000  0.140549580826E+00
  23.50000  0.178735657649E+00
  23.60000  0.277190506181E+00
  23.70000  0.513723668254E+00
  23.80000  0.359644048798E+00
  23.90000  0.339031601709E+00
  24.00000  0.343236280262E+00
  24.10000  0.108805023228E+00
  24.20000  0.675453315403E-01
  24.30000  0.317892704589E-01
  24.40000  0.210303533316E-01
  24.50000  0.522062908923E-01
  24.60000  0.131130222977E+00
  24.70000  0.334915039435E+00
  24.80000  0.332485598351E+00
  24.90000  0.401886982881E+00
  25.00000  0.473609674513E+00
  25.10000  0.239792220163E+00
  25.20000  0.173288879750E+00
  25.30000  0.120559275054E+00
  25.40000  0.824917891584E-01
  25.50000  0.192540673279E+00
  25.60000  0.341521235652E+00
  25.70000  0.585311314837E+00
  25.80000  0.539999649956E+00
  25.90000  0.511055024899E+00
  26.00000  0.471840470989E+00
  26.10000  0.175136622968E+00
  26.20000  0.109447941407E+00
  26.30000  0.109036852374E+00
  26.40000  0.189942616678E+00
  26.50000  0.281749598203E+00
  26.60000  0.352020545242E+00
  26.70000  0.459324904666E+00
  26.80000  0.282881412294E+00
  26.90000  0.177795759902E+00
  27.00000  0.114153725570E+00
  27.10000  0.415540327202E-02
  27.20000  0.123548250915E-01
  27.30000  0.387165256077E-01
  27.40000  0.130436474955E+00
  27.50000  0.107156029833E+00
  27.60000  0.864900313541E-01
  27.70000  0.970137556161E-01
  27.80000  0.417537133444E-01
  27.90000  0.401909783049E-01
  28.00000  0.368103148880E-01
  28.10000  0.787894288142E-01
  28.20000  0.563275450176E-01
  28.30000  0.209935683557E-01
  28.40000  0.272249951137E-01
  28.50000  0.394844218789E-02
  28.60000  0.346466941993E-01
  28.70000  0.621555276413E-01
  28.80000  0.152828363772E+00
  28.90000  0.185244655025E+00
  29.00000  0.145392428193E+00
  29.10000  0.151730514366E+00
  29.20000  0.691008184309E-01
  29.30000  0.136814701197E-01
  29.40000  0.587363661844E-03
  29.50000  0.284951250823E-01
  29.60000  0.902367688981E-01
  29.70000  0.102184398833E+00
  29.80000  0.174189238555E+00
  29.90000  0.165201699657E+00
  30.00000  0.965627161972E-01
  30.10000  0.100711155924E+00
  30.20000  0.412634761587E-01
  30.30000  0.590126536168E-02
  30.40000  0.144828800104E-01
  30.50000  0.944859490811E-02
  30.60000  0.269590105764E-01
  30.70000  0.208176639227E-01
  30.80000  0.762477902168E-01
  30.90000  0.106699030342E+00
  31.00000  0.920328104574E-01
  31.10000  0.178444063994E+00
  31.20000  0.146384428116E+00
  31.30000  0.856396501568E-01
  31.40000  0.957605253061E-01
  31.50000  0.252628433513E-01
  31.60000  0.201152150220E-01
  31.70000  0.499542621071E-01
  31.80000  0.155956870497E+00
  31.90000  0.258696046301E+00
  32.00000  0.279659585085E+00
  32.10000  0.407075279257E+00
  32.20000  0.344779193993E+00
  32.30000  0.225244019325E+00
  32.40000  0.226551268431E+00
  32.50000  0.128697081736E+00
  32.60000  0.137543082386E+00
  32.70000  0.208545883773E+00
  32.80000  0.343092723102E+00
  32.90000  0.457489013571E+00
  33.00000  0.453158031352E+00
  33.10000  0.548005628286E+00
  33.20000  0.441153343855E+00
  33.30000  0.286745300857E+00
  33.40000  0.286426940574E+00
  33.50000  0.196411777096E+00
  33.60000  0.216248584758E+00
  33.70000  0.293491599003E+00
  33.80000  0.397452441435E+00
  33.90000  0.468904455993E+00
  34.00000  0.425700898158E+00
  34.10000  0.462003538235E+00
  34.20000  0.345548592029E+00
  34.30000  0.205558950730E+00
  34.40000  0.207106857228E+00
  34.50000  0.138926351391E+00
  34.60000  0.149890685861E+00
  34.70000  0.204093424295E+00
  34.80000  0.247769054773E+00
  34.90000  0.272684214073E+00
  35.00000  0.233166608483E+00
  35.10000  0.232133742365E+00
  35.20000  0.160022101565E+00
  35.30000  0.808943369209E-01
  35.40000  0.807391696925E-01
  35.50000  0.387447808463E-01
  35.60000  0.336826996803E-01
  35.70000  0.714777418994E-01
  35.80000  0.754501296024E-01
  35.90000  0.964005223359E-01
  36.00000  0.123012297580E+00
  36.10000  0.116675169032E+00
  36.20000  0.114398848967E+00
  36.30000  0.102946003306E+00
  36.40000  0.872722847559E-01
  36.50000  0.647069429467E-01
  36.60000  0.503674624731E-01
  36.70000  0.958465898721E-01
  36.80000  0.925183931128E-01
  36.90000  0.134125484156E+00
  37.00000  0.227443278790E+00
  37.10000  0.206857909259E+00
  37.20000  0.233522419390E+00
  37.30000  0.243999794132E+00
  37.40000  0.192419537329E+00
  37.50000  0.170515833467E+00
  37.60000  0.147811887453E+00
  37.70000  0.192225845975E+00
  37.80000  0.182480651278E+00
  37.90000  0.217188922601E+00
  38.00000  0.311966628371E+00
  38.10000  0.257759546541E+00
  38.20000  0.266168088609E+00
  38.30000  0.266958105567E+00
  38.40000  0.186623389297E+00
  38.50000  0.164254388780E+00
  38.60000  0.139599354213E+00
  38.70000  0.155586092214E+00
  38.80000  0.142995422280E+00
  38.90000  0.155861636612E+00
  39.00000  0.217314757605E+00
  39.10000  0.165026227426E+00
  39.20000  0.169055056769E+00
  39.30000  0.182873013216E+00
  39.40000  0.109828039470E+00
  39.50000  0.108660379956E+00
  39.60000  0.102729301530E+00
  39.70000  0.851556204866E-01
  39.80000  0.987032462979E-01
  39.90000  0.114163923142E+00
  40.00000  0.156124443716E+00
  40.10000  0.151706978000E+00
  40.20000  0.173994733234E+00
  40.30000  0.212531248600E+00
  40.40000  0.157813309878E+00
  40.50000  0.176371408805E+00
  40.60000  0.190729526454E+00
  40.70000  0.145806529764E+00
  40.80000  0.191730514483E+00
  40.90000  0.217109584622E+00
  41.00000  0.237144529694E+00
  41.10000  0.266413104605E+00
  41.20000  0.281908235834E+00
  41.30000  0.307523223357E+00
  41.40000  0.252460922676E+00
  41.50000  0.259062223430E+00
  41.60000  0.269580697167E+00
  41.70000  0.204972334712E+00
  41.80000  0.253864630690E+00
  41.90000  0.271545595102E+00
  42.00000  0.255580998135E+00
  42.10000  0.287603134425E+00
  42.20000  0.276756288084E+00
  42.30000  0.265460086711E+00
  42.40000  0.221368321751E+00
  42.50000  0.204628475685E+00
  42.60000  0.201291472300E+00
  42.70000  0.145076889760E+00
  42.80000  0.178987244679E+00
  42.90000  0.192970778489E+00
  43.00000  0.162996742954E+00
  43.10000  0.210991027107E+00
  43.20000  0.204323550262E+00
  43.30000  0.180484593399E+00
  43.40000  0.190391741957E+00
  43.50000  0.167671379960E+00
  43.60000  0.158962139696E+00
  43.70000  0.143353950038E+00
  43.80000  0.163603105065E+00
  43.90000  0.190555234482E+00
  44.00000  0.179895011030E+00
  44.10000  0.260286713236E+00
  44.20000  0.283570057191E+00
  44.30000  0.265528705085E+00
  44.40000  0.334299668059E+00
  44.50000  0.307117878354E+00
  44.60000  0.285250504429E+00
  44.70000  0.305456771990E+00
  44.80000  0.300658025110E+00
  44.90000  0.327812867007E+00
  45.00000  0.333281201684E+00
  45.10000  0.413847839904E+00
  45.20000  0.444443050687E+00
  45.30000  0.416437293540E+00
  45.40000  0.494722615144E+00
  45.50000  0.446685544967E+00
  45.60000  0.394813540360E+00
  45.70000  0.420609323748E+00
  45.80000  0.376907944499E+00
  45.90000  0.378552015527E+00
  46.00000  0.382833055802E+00
  46.10000  0.420314119205E+00
  46.20000  0.432110882884E+00
  46.30000  0.392201363213E+00
  46.40000  0.439871611296E+00
  46.50000  0.381807963795E+00
  46.60000  0.315268532741E+00
  46.70000  0.336090775393E+00
  46.80000  0.271997868302E+00
  46.90000  0.252170362687E+00
  47.00000  0.264561503082E+00
  47.10000  0.258302363564E+00
  47.20000  0.263784348383E+00
  47.30000  0.248053795674E+00
  47.40000  0.267847643876E+00
  47.50000  0.239177639525E+00
  47.60000  0.199029479497E+00
  47.70000  0.222998693676E+00
  47.80000  0.175915250470E+00
  47.90000  0.158390942983E+00
  48.00000  0.195756325119E+00
  48.10000  0.171817222035E+00
  48.20000  0.191896717683E+00
  48.30000  0.227716400433E+00
  48.40000  0.230385510839E+00
  48.50000  0.248352527938E+00
  48.60000  0.252012091350E+00
  48.70000  0.270243267814E+00
  48.80000  0.253716015751E+00
  48.90000  0.244175495277E+00
  49.00000  0.292674390208E+00
  49.10000  0.263664435922E+00
  49.20000  0.289749152201E+00
  49.30000  0.357935583266E+00
  49.40000  0.336285055884E+00
  49.50000  0.375570830657E+00
  49.60000  0.402087880186E+00
  49.70000  0.388370914311E+00
  49.80000  0.387323141678E+00
  49.90000  0.373240302640E+00
  50.00000  0.398522795700E+00
  50.10000  0.365018599458E+00
  50.20000  0.374595939968E+00
  50.30000  0.434260732421E+00
  50.40000  0.385803880413E+00
  50.50000  0.413757023099E+00
  50.60000  0.437385541630E+00
  50.70000  0.384374786738E+00
  50.80000  0.385256656211E+00
  50.90000  0.363863745777E+00
  51.00000  0.349949151670E+00
  51.10000  0.322244544104E+00
  51.20000  0.312170737719E+00
  51.30000  0.341679344828E+00
  51.40000  0.290296826900E+00
  51.50000  0.299636010701E+00
  51.60000  0.315104314088E+00
  51.70000  0.249753415135E+00
  51.80000  0.254224966182E+00
  51.90000  0.238863306365E+00
  52.00000  0.200103239936E+00
  52.10000  0.194626595599E+00
  52.20000  0.181284348943E+00
  52.30000  0.183929447624E+00
  52.40000  0.162321269361E+00
  52.50000  0.164158192802E+00
  52.60000  0.176572902959E+00
  52.70000  0.135959922110E+00
  52.80000  0.146656088555E+00
  52.90000  0.147014180340E+00
  53.00000  0.108364312752E+00
  53.10000  0.126240475537E+00
  53.20000  0.122133536749E+00
  53.30000  0.107964463879E+00
  53.40000  0.126566820812E+00
  53.50000  0.128272668384E+00
  53.60000  0.135758810423E+00
  53.70000  0.137435635698E+00
  53.80000  0.146409155821E+00
  53.90000  0.155802079526E+00
  54.00000  0.134038057197E+00
  54.10000  0.156031830717E+00
  54.20000  0.158661017557E+00
  54.30000  0.135407198094E+00
  54.40000  0.175479145543E+00
  54.50000  0.175007570337E+00
  54.60000  0.170200825424E+00
  54.70000  0.205601976371E+00
  54.80000  0.201923290936E+00
  54.90000  0.206058666310E+00
  55.00000  0.206938856308E+00
  55.10000  0.210903765629E+00
  55.20000  0.211652150443E+00
  55.30000  0.189020690207E+00
  55.40000  0.221461206228E+00
  55.50000  0.216900506834E+00
  55.60000  0.200039222410E+00
  55.70000  0.246904277205E+00
  55.80000  0.230032119751E+00
  55.90000  0.222178655741E+00
  56.00000  0.243528971022E+00
  56.10000  0.222566225807E+00
  56.20000  0.217488998450E+00
  56.30000  0.207856805961E+00
  56.40000  0.213992007017E+00
  56.50000  0.209409363671E+00
  56.60000  0.192782015395E+00
  56.70000  0.229698768766E+00
  56.80000  0.211918418494E+00
  56.90000  0.198337166976E+00
  57.00000  0.231155826927E+00
  57.10000  0.196749615016E+00
  57.20000  0.187832495993E+00
  57.30000  0.197208892898E+00
  57.40000  0.175563454572E+00
  57.50000  0.175239384796E+00
  57.60000  0.172228303759E+00
  57.70000  0.185649830185E+00
  57.80000  0.181084629993E+00
  57.90000  0.174129316610E+00
  58.00000  0.204372921769E+00
  58.10000  0.176929098595E+00
  58.20000  0.168786692995E+00
  58.30000  0.190209159389E+00
  58.40000  0.152983937894E+00
  58.50000  0.154586445118E+00
  58.60000  0.165997215814E+00
  58.70000  0.151760069700E+00
  58.80000  0.162467625085E+00
  58.90000  0.168226474154E+00
  59.00000  0.181599392355E+00
  59.10000  0.176291682072E+00
  59.20000  0.173416333025E+00
  59.30000  0.192043173936E+00
  59.40000  0.159100706961E+00
  59.50000  0.157174332594E+00
  59.60000  0.171314689418E+00
  59.70000  0.137273906048E+00
  59.80000  0.151357758131E+00
  59.90000  0.163770170213E+00
  60.00000  0.153082448517E+00
  60.10000  0.169023921715E+00
  60.20000  0.172592864752E+00
  60.30000  0.176441024214E+00
  60.40000  0.165693352210E+00
  60.50000  0.159794742874E+00
  60.60000  0.164985838902E+00
  60.70000  0.131951509348E+00
  60.80000  0.136548121118E+00
  60.90000  0.144673686726E+00
  61.00000  0.117530812102E+00
  61.10000  0.139299611139E+00
  61.20000  0.145729247522E+00
  61.30000  0.133215550020E+00
  61.40000  0.148195020674E+00
  61.50000  0.143187393150E+00
  61.60000  0.136872001619E+00
  61.70000  0.127528697545E+00
  61.80000  0.120965662723E+00
  61.90000  0.119979464328E+00
  62.00000  0.979498880298E-01
  62.10000  0.108989685537E+00
  62.20000  0.113480324933E+00
  62.30000  0.951320021128E-01
  62.40000  0.121042855982E+00
  62.50000  0.120622946826E+00
  62.60000  0.108219765501E+00
  62.70000  0.127881871826E+00
  62.80000  0.117631930928E+00
  62.90000  0.110282477749E+00
  63.00000  0.112775783880E+00
  63.10000  0.107065411242E+00
  63.20000  0.107494970696E+00
  63.30000  0.996013234643E-01
  63.40000  0.114490289369E+00
  63.50000  0.117795874779E+00
  63.60000  0.107859065716E+00
  63.70000  0.137814120873E+00
  63.80000  0.130972429660E+00
  63.90000  0.121892857996E+00
  64.00000  0.147289813386E+00
  64.10000  0.130082313261E+00
  64.20000  0.126378204985E+00
  64.30000  0.137414098430E+00
  64.40000  0.128987331092E+00
  64.50000  0.132420889869E+00
  64.60000  0.132167565139E+00
  64.70000  0.145779408542E+00
  64.80000  0.144692263452E+00
  64.90000  0.137899224185E+00
  65.00000  0.163875755552E+00
  65.10000  0.146175448702E+00
  65.20000  0.139218214197E+00
  65.30000  0.160799012244E+00
  65.40000  0.135126306750E+00
  65.50000  0.135348631528E+00
  65.60000  0.145521549306E+00
  65.70000  0.131901663976E+00
  65.80000  0.135381424118E+00
  65.90000  0.134693349349E+00
  66.00000  0.139581097662E+00
  66.10000  0.132083724333E+00
  66.20000  0.125499470903E+00
  66.30000  0.139579631767E+00
  66.40000  0.116390867425E+00
  66.50000  0.113049538353E+00
  66.60000  0.125739671264E+00
  66.70000  0.987940534513E-01
  66.80000  0.103462381062E+00
  66.90000  0.109583591361E+00
  67.00000  0.925877354277E-01
  67.10000  0.987221441417E-01
  67.20000  0.979629438576E-01
  67.30000  0.941780337922E-01
  67.40000  0.915100339300E-01
  67.50000  0.885501142904E-01
  67.60000  0.933389588931E-01
  67.70000  0.793475444798E-01
  67.80000  0.815805678879E-01
  67.90000  0.890963805099E-01
  68.00000  0.702314213348E-01
  68.10000  0.818183270482E-01
  68.20000  0.876637861260E-01
  68.30000  0.726027957525E-01
  68.40000  0.901536292298E-01
  68.50000  0.919801548164E-01
  68.60000  0.855703360566E-01
  68.70000  0.995291265346E-01
  68.80000  0.988507208375E-01
  68.90000  0.100566351387E+00
  69.00000  0.102558940216E+00
  69.10000  0.106534241310E+00
  69.20000  0.112561625902E+00
  69.30000  0.103439244171E+00
  69.40000  0.120745058485E+00
  69.50000  0.125911581031E+00
  69.60000  0.114786142350E+00
  69.70000  0.144438766540E+00
  69.80000  0.143180441599E+00
  69.90000  0.137393108191E+00
  70.00000  0.164471794562E+00
  70.10000  0.156401429541E+00
  70.20000  0.156320549763E+00
  70.30000  0.166468576452E+00
  70.40000  0.163106903724E+00
  70.50000  0.165721157084E+00
  70.60000  0.160869121172E+00
  70.70000  0.176486734046E+00
  70.80000  0.175899207320E+00
  70.90000  0.167642577642E+00
  71.00000  0.198606579858E+00
  71.10000  0.186326565127E+00
  71.20000  0.180695148279E+00
  71.30000  0.206388204427E+00
  71.40000  0.183785788354E+00
  71.50000  0.181389469255E+00
  71.60000  0.189597225043E+00
  71.70000  0.174695349189E+00
  71.80000  0.174594421309E+00
  71.90000  0.171504759526E+00
  72.00000  0.178718463682E+00
  72.10000  0.173143464474E+00
  72.20000  0.167763415028E+00
  72.30000  0.188312824256E+00
  72.40000  0.167492370482E+00
  72.50000  0.163256729679E+00
  72.60000  0.178852809455E+00
  72.70000  0.148340014854E+00
  72.80000  0.148531988595E+00
  72.90000  0.153846831157E+00
  73.00000  0.132710592859E+00
  73.10000  0.137324419800E+00
  73.20000  0.137577749540E+00
  73.30000  0.135269987356E+00
  73.40000  0.134658396332E+00
  73.50000  0.133387884619E+00
  73.60000  0.141476140106E+00
  73.70000  0.126370785098E+00
  73.80000  0.126525386488E+00
  73.90000  0.134132598185E+00
  74.00000  0.109552675157E+00
  74.10000  0.117011420071E+00
  74.20000  0.121920621467E+00
  74.30000  0.102246456883E+00
  74.40000  0.118374898283E+00
  74.50000  0.121663330151E+00
  74.60000  0.114418542612E+00
  74.70000  0.129558543758E+00
  74.80000  0.130395310467E+00
  74.90000  0.131498263940E+00
  75.00000  0.133442213436E+00
  75.10000  0.134549299804E+00
  75.20000  0.137873978789E+00
  75.30000  0.126308298515E+00
  75.40000  0.137313873444E+00
  75.50000  0.141070128200E+00
  75.60000  0.127609175272E+00
  75.70000  0.153767059597E+00
  75.80000  0.155542414444E+00
  75.90000  0.149029756390E+00
  76.00000  0.179400523687E+00
  76.10000  0.174655704190E+00
  76.20000  0.173809513453E+00
  76.30000  0.190807771927E+00
  76.40000  0.183368228316E+00
  76.50000  0.184461848996E+00
  76.60000  0.184177093604E+00
  76.70000  0.189007414917E+00
  76.80000  0.190168914588E+00
  76.90000  0.183716326602E+00
  77.00000  0.209090592345E+00
  77.10000  0.204916373319E+00
  77.20000  0.201916216816E+00
  77.30000  0.235560374928E+00
  77.40000  0.219891142622E+00
  77.50000  0.220914654934E+00
  77.60000  0.243189962167E+00
  77.70000  0.221981435202E+00
  77.80000  0.224671546016E+00
  77.90000  0.230067793659E+00
  78.00000  0.220913065795E+00
  78.10000  0.222265654511E+00
  78.20000  0.220384349116E+00
  78.30000  0.233189763083E+00
  78.40000  0.226284842196E+00
  78.50000  0.227093029563E+00
  78.60000  0.251894209036E+00
  78.70000  0.230666236047E+00
  78.80000  0.236620636998E+00
  78.90000  0.255264532688E+00
  79.00000  0.225275421625E+00
  79.10000  0.234476225692E+00
  79.20000  0.239672391064E+00
  79.30000  0.217433985845E+00
  79.40000  0.226032072814E+00
  79.50000  0.224737132197E+00
  79.60000  0.222001476450E+00
  79.70000  0.222823865108E+00
  79.80000  0.224839178055E+00
  79.90000  0.236443690096E+00
  80.00000  0.222379147045E+00
  80.10000  0.231709137774E+00
  80.20000  0.242397475978E+00
  80.30000  0.215652694408E+00
  80.40000  0.231777409206E+00
  80.50000  0.232814760863E+00
  80.60000  0.207174921000E+00
  80.70000  0.227171856251E+00
  80.80000  0.222256692696E+00
  80.90000  0.210878143258E+00
  81.00000  0.227202050753E+00
  81.10000  0.224357191803E+00
  81.20000  0.226478800843E+00
  81.30000  0.229036114119E+00
  81.40000  0.233473948258E+00
  81.50000  0.237301186880E+00
  81.60000  0.223968540374E+00
  81.70000  0.238933843796E+00
  81.80000  0.235674381025E+00
  81.90000  0.217547769160E+00
  82.00000  0.243446237579E+00
  82.10000  0.233244382608E+00
  82.20000  0.223602262042E+00
  82.30000  0.252245835261E+00
  82.40000  0.239133945440E+00
  82.50000  0.239592148996E+00
  82.60000  0.256913205670E+00
  82.70000  0.246618718519E+00
  82.80000  0.249025418078E+00
  82.90000  0.249601364513E+00
  83.00000  0.251301016214E+00
  83.10000  0.248673212726E+00
  83.20000  0.242068810577E+00
  83.30000  0.261376672973E+00
  83.40000  0.250327971370E+00
  83.50000  0.248407645274E+00
  83.60000  0.276598966955E+00
  83.70000  0.255237057497E+00
  83.80000  0.259855405759E+00
  83.90000  0.279931139869E+00
  84.00000  0.253455919484E+00
  84.10000  0.260458549858E+00
  84.20000  0.266134493865E+00
  84.30000  0.249477346527E+00
  84.40000  0.255127054516E+00
  84.50000  0.254971236159E+00
  84.60000  0.258460873461E+00
  84.70000  0.256216924146E+00
  84.80000  0.259104373910E+00
  84.90000  0.274625680239E+00
  85.00000  0.256435371857E+00
  85.10000  0.263845698560E+00
  85.20000  0.274846138209E+00
  85.30000  0.243876217114E+00
  85.40000  0.256206835756E+00
  85.50000  0.257264697556E+00
  85.60000  0.230472446515E+00
  85.70000  0.247709994027E+00
  85.80000  0.245063868660E+00
  85.90000  0.235097894577E+00
  86.00000  0.248972777444E+00
  86.10000  0.247618888683E+00
  86.20000  0.249266596316E+00
  86.30000  0.247143967917E+00
  86.40000  0.248856979459E+00
  86.50000  0.249384182034E+00
  86.60000  0.230433787363E+00
  86.70000  0.240246396784E+00
  86.80000  0.235000151907E+00
  86.90000  0.213411414615E+00
  87.00000  0.235275887703E+00
  87.10000  0.226446876216E+00
  87.20000  0.214886683029E+00
  87.30000  0.241140441187E+00
  87.40000  0.229566923258E+00
  87.50000  0.227069466998E+00
  87.60000  0.242721362612E+00
  87.70000  0.230487640607E+00
  87.80000  0.229398910503E+00
  87.90000  0.228872257610E+00
  88.00000  0.224874348073E+00
  88.10000  0.221123687436E+00
  88.20000  0.213450873341E+00
  88.30000  0.225885698086E+00
  88.40000  0.217493844206E+00
  88.50000  0.213684547949E+00
  88.60000  0.237695647540E+00
  88.70000  0.221084686187E+00
  88.80000  0.223473439914E+00
  88.90000  0.244236063082E+00
  89.00000  0.220169062264E+00
  89.10000  0.225857443129E+00
  89.20000  0.234577841320E+00
  89.30000  0.213709407878E+00
  89.40000  0.220348561250E+00
  89.50000  0.221179385625E+00
  89.60000  0.215418968525E+00
  89.70000  0.218830116502E+00
  89.80000  0.219994077213E+00
  89.90000  0.228890048754E+00
  90.00000  0.221456625611E+00
  90.10000  0.226584962454E+00
  90.20000  0.238093045973E+00
  90.30000  0.216777050414E+00
  90.40000  0.226674448548E+00
  90.50000  0.231041092866E+00
  90.60000  0.204611229783E+00
  90.70000  0.220184341353E+00
  90.80000  0.217831054076E+00
  90.90000  0.199977250632E+00
  91.00000  0.218237586382E+00
  91.10000  0.214305082423E+00
  91.20000  0.209681548148E+00
  91.30000  0.221129396331E+00
  91.40000  0.218821985231E+00
  91.50000  0.219962295332E+00
  91.60000  0.216325005375E+00
  91.70000  0.218266879158E+00
  91.80000  0.215869158258E+00
  91.90000  0.200184028675E+00
  92.00000  0.210816568289E+00
  92.10000  0.202495045068E+00
  92.20000  0.187178826938E+00
  92.30000  0.207901994435E+00
  92.40000  0.195978204722E+00
  92.50000  0.190041890547E+00
  92.60000  0.213260773140E+00
  92.70000  0.199302022385E+00
  92.80000  0.200534780237E+00
  92.90000  0.214106089079E+00
  93.00000  0.200154796763E+00
  93.10000  0.200680015991E+00
  93.20000  0.200212615624E+00
  93.30000  0.192636909898E+00
  93.40000  0.188130169679E+00
  93.50000  0.181721090276E+00
  93.60000  0.187291822382E+00
  93.70000  0.177670535084E+00
  93.80000  0.176426824960E+00
  93.90000  0.192921383511E+00
  94.00000  0.177543852746E+00
  94.10000  0.184214888369E+00
  94.20000  0.199612841259E+00
  94.30000  0.178073815501E+00
  94.40000  0.187565308501E+00
  94.50000  0.191934668774E+00
  94.60000  0.169711613193E+00
  94.70000  0.177394327256E+00
  94.80000  0.172966795699E+00
  94.90000  0.159988288185E+00
  95.00000  0.164321715766E+00
  95.10000  0.160951534150E+00
  95.20000  0.161114948540E+00
  95.30000  0.159557651691E+00
  95.40000  0.163129765516E+00
  95.50000  0.168768679204E+00
  95.60000  0.157845536277E+00
  95.70000  0.167167904495E+00
  95.80000  0.167306602087E+00
  95.90000  0.148987394101E+00
  96.00000  0.161571522925E+00
  96.10000  0.153259798198E+00
  96.20000  0.136546480542E+00
  96.30000  0.151321357764E+00
  96.40000  0.139893913230E+00
  96.50000  0.132438707009E+00
  96.60000  0.146229399523E+00
  96.70000  0.137214018865E+00
  96.80000  0.137481350893E+00
  96.90000  0.144361642827E+00
  97.00000  0.139684156230E+00
  97.10000  0.139877472035E+00
  97.20000  0.137289090218E+00
  97.30000  0.138193443207E+00
  97.40000  0.132852249231E+00
  97.50000  0.125831482313E+00
  97.60000  0.133959206229E+00
  97.70000  0.122971820007E+00
  97.80000  0.119472862942E+00
  97.90000  0.133039002028E+00
  98.00000  0.118285605229E+00
  98.10000  0.121478801661E+00
  98.20000  0.133890112600E+00
  98.30000  0.117336531961E+00
  98.40000  0.124336877794E+00
  98.50000  0.129703358031E+00
  98.60000  0.115084271810E+00
  98.70000  0.121515473802E+00
  98.80000  0.120443604383E+00
  98.90000  0.112726199353E+00
  99.00000  0.115625713608E+00
  99.10000  0.113760968281E+00
  99.20000  0.114410050828E+00
  99.30000  0.111558652423E+00
  99.40000  0.113637176427E+00
  99.50000  0.118068286721E+00
  99.60000  0.108334002544E+00
  99.70000  0.115491375495E+00
  99.80000  0.117151889841E+00
  99.90000  0.102979291766E+00
 100.00000  0.114391899641E+00
 100.10000  0.110571999283E+00
 100.20000  0.978725962961E-01
 100.30000  0.111818937867E+00
 100.40000  0.104455260871E+00
 100.50000  0.979878269278E-01
 100.60000  0.110934735689E+00
 100.70000  0.103302011187E+00
 100.80000  0.102612953169E+00
 100.90000  0.110019367940E+00
 101.00000  0.104753481372E+00
 101.10000  0.105399574259E+00
 101.20000  0.105424363708E+00
 101.30000  0.105010054085E+00
 101.40000  0.102840748715E+00
 101.50000  0.986380500572E-01
 101.60000  0.104891607481E+00
 101.70000  0.982141620803E-01
 101.80000  0.953810924951E-01
 101.90000  0.106997386857E+00
 102.00000  0.958359607516E-01
 102.10000  0.977364773596E-01
 102.20000  0.109665428089E+00
 102.30000  0.952904348112E-01
 102.40000  0.101302290594E+00
 102.50000  0.108306301197E+00
 102.60000  0.939897711980E-01
 102.70000  0.101332719797E+00
 102.80000  0.102297623814E+00
 102.90000  0.925674559688E-01
 103.00000  0.982872356843E-01
 103.10000  0.964988246102E-01
 103.20000  0.937909979402E-01
 103.30000  0.951892087185E-01
 103.40000  0.949047313673E-01
 103.50000  0.970693835087E-01
 103.60000  0.923347392820E-01
 103.70000  0.960023113394E-01
 103.80000  0.980269128107E-01
 103.90000  0.879951523086E-01
 104.00000  0.961907416441E-01
 104.10000  0.943773280027E-01
 104.20000  0.831209108947E-01
 104.30000  0.951945174417E-01
 104.40000  0.892708416944E-01
 104.50000  0.815867927092E-01
 104.60000  0.952717261096E-01
 104.70000  0.871242782509E-01
 104.80000  0.849074322131E-01
 104.90000  0.962765986540E-01
 105.00000  0.880980669825E-01
 105.10000  0.893178863788E-01
 105.20000  0.949238879621E-01
 105.30000  0.890662137079E-01
 105.40000  0.900954677728E-01
 105.50000  0.900025729446E-01
 105.60000  0.892711223703E-01
 105.70000  0.875974281126E-01
 105.80000  0.858361181103E-01
 105.90000  0.918798505596E-01
 106.00000  0.864766644506E-01
 106.10000  0.877418752928E-01
 106.20000  0.984061215625E-01
 106.30000  0.887218502623E-01
 106.40000  0.945888956079E-01
 106.50000  0.104111926563E+00
 106.60000  0.905448094935E-01
 106.70000  0.992431329406E-01
 106.80000  0.102748427416E+00
 106.90000  0.884585422691E-01
 107.00000  0.976515889900E-01
 107.10000  0.955533201121E-01
 107.20000  0.858438604922E-01
 107.30000  0.940918921366E-01
 107.40000  0.911253153089E-01
 107.50000  0.889874711496E-01
 107.60000  0.944236318364E-01
 107.70000  0.945838699804E-01
 107.80000  0.971264803522E-01
 107.90000  0.969894727343E-01
 108.00000  0.100810852615E+00
 108.10000  0.101627477946E+00
 108.20000  0.951242038872E-01
 108.30000  0.101817829477E+00
 108.40000  0.970262655717E-01
 108.50000  0.879993908232E-01
 108.60000  0.979224466551E-01
 108.70000  0.888229342301E-01
 108.80000  0.835709950416E-01
 108.90000  0.968035930965E-01
 109.00000  0.867754669484E-01
 109.10000  0.884909614935E-01
 109.20000  0.101963722558E+00
 109.30000  0.925969691070E-01
 109.40000  0.986426927645E-01
 109.50000  0.107145204029E+00
 109.60000  0.986353377388E-01
 109.70000  0.103652693449E+00
 109.80000  0.104919195763E+00
 109.90000  0.990297818246E-01
 110.00000  0.998891876082E-01
 110.10000  0.977769379331E-01
 110.20000  0.977320879255E-01
 110.30000  0.945962193756E-01
 110.40000  0.958239188066E-01
 110.50000  0.102012860394E+00
 110.60000  0.955142237989E-01
 110.70000  0.103366466265E+00
 110.80000  0.110707564951E+00
 110.90000  0.100538778424E+00
 111.00000  0.112864434003E+00
 111.10000  0.114652876941E+00
 111.20000  0.101949437702E+00
 111.30000  0.114910156365E+00
 111.40000  0.109315613807E+00
 111.50000  0.984104986340E-01
 111.60000  0.110066838610E+00
 111.70000  0.101432883033E+00
 111.80000  0.967613479993E-01
 111.90000  0.106287081302E+00
 112.00000  0.100170256573E+00
 112.10000  0.101461174780E+00
 112.20000  0.107080329940E+00
 112.30000  0.105697991887E+00
 112.40000  0.107754714117E+00
 112.50000  0.107891663944E+00
 112.60000  0.110657608636E+00
 112.70000  0.108168850176E+00
 112.80000  0.104484592892E+00
 112.90000  0.110807633102E+00
 113.00000  0.102464060569E+00
 113.10000  0.999587243525E-01
 113.20000  0.109497633215E+00
 113.30000  0.974389509124E-01
 113.40000  0.100557513449E+00
 113.50000  0.111167549181E+00
 113.60000  0.979447974865E-01
 113.70000  0.106873200837E+00
 113.80000  0.114399356318E+00
 113.90000  0.101728980291E+00
 114.00000  0.112796573713E+00
 114.10000  0.114312300291E+00
 114.20000  0.104121785004E+00
 114.30000  0.113242524320E+00
 114.40000  0.110208825392E+00
 114.50000  0.104820114334E+00
 114.60000  0.109853746812E+00
 114.70000  0.107189481086E+00
 114.80000  0.107113440877E+00
 114.90000  0.107482647826E+00
 115.00000  0.109464265040E+00
 115.10000  0.111577985057E+00
 115.20000  0.107402080273E+00
 115.30000  0.114950452000E+00
 115.40000  0.114204584624E+00
 115.50000  0.106943096999E+00
 115.60000  0.118469781548E+00
 115.70000  0.111853266182E+00
 115.80000  0.104999536138E+00
 115.90000  0.118422322005E+00
 116.00000  0.106945934722E+00
 116.10000  0.104425797808E+00
 116.20000  0.117583696776E+00
 116.30000  0.104611871257E+00
 116.40000  0.107716414767E+00
 116.50000  0.117883442185E+00
 116.60000  0.106432015653E+00
 116.70000  0.112599645153E+00
 116.80000  0.117455460507E+00
 116.90000  0.109366774210E+00
 117.00000  0.114256832277E+00
 117.10000  0.114164096680E+00
 117.20000  0.110684499183E+00
 117.30000  0.111243444720E+00
 117.40000  0.109927061842E+00
 117.50000  0.111350800155E+00
 117.60000  0.106882146810E+00
 117.70000  0.108924171726E+00
 117.80000  0.113187307937E+00
 117.90000  0.104432465336E+00
 118.00000  0.111913848008E+00
 118.10000  0.114706764273E+00
 118.20000  0.103214028305E+00
 118.30000  0.114934374700E+00
 118.40000  0.112538145490E+00
 118.50000  0.101039441215E+00
 118.60000  0.114422072531E+00
 118.70000  0.106636517044E+00
 118.80000  0.986270086147E-01
 118.90000  0.111422829764E+00
 119.00000  0.101352691218E+00
 119.10000  0.989021126529E-01
 119.20000  0.109164369650E+00
 119.30000  0.100397212966E+00
 119.40000  0.102224052390E+00
 119.50000  0.108109018841E+00
 119.60000  0.102665390414E+00
 119.70000  0.104907094385E+00
 119.80000  0.105893518916E+00
 119.90000  0.104556289131E+00
 120.00000  0.103640139597E+00
 120.10000  0.101998318406E+00
 120.20000  0.105182023033E+00
 120.30000  0.998380085794E-01
 120.40000  0.998918146468E-01
 120.50000  0.106926964372E+00
 120.60000  0.977107462313E-01
 120.70000  0.102749988260E+00
 120.80000  0.110540475580E+00
 120.90000  0.984362839934E-01
 121.00000  0.108294506001E+00
 121.10000  0.112258693414E+00
 121.20000  0.987211204549E-01
 121.30000  0.110635991444E+00
 121.40000  0.108258537427E+00
 121.50000  0.961765130595E-01
 121.60000  0.107536531859E+00
 121.70000  0.100748273712E+00
 121.80000  0.935519398631E-01
 121.90000  0.102975931130E+00
 122.00000  0.962431556798E-01
 122.10000  0.948534840022E-01
 122.20000  0.101072030787E+00
 122.30000  0.974280526654E-01
 122.40000  0.986791932922E-01
 122.50000  0.100196355396E+00
 122.60000  0.999059164407E-01
 122.70000  0.989846722721E-01
 122.80000  0.959374860389E-01
 122.90000  0.984855483565E-01
 123.00000  0.928722833293E-01
 123.10000  0.885332286540E-01
 123.20000  0.942402115155E-01
 123.30000  0.848577687385E-01
 123.40000  0.840473689791E-01
 123.50000  0.928316759394E-01
 123.60000  0.818000385685E-01
 123.70000  0.872123476859E-01
 123.80000  0.964701375132E-01
 123.90000  0.847726963605E-01
 124.00000  0.948853574318E-01
 124.10000  0.100098199145E+00
 124.20000  0.879823939713E-01
 124.30000  0.987498114154E-01
 124.40000  0.972579688508E-01
 124.50000  0.862990158686E-01
 124.60000  0.947255467480E-01
 124.70000  0.887230661813E-01
 124.80000  0.819306617039E-01
 124.90000  0.875132181010E-01
 125.00000  0.823834943200E-01
 125.10000  0.811708780438E-01
 125.20000  0.841535936627E-01
 125.30000  0.836630180205E-01
 125.40000  0.852806217172E-01
 125.50000  0.850353126322E-01
 125.60000  0.888513014195E-01
 125.70000  0.880941896897E-01
 125.80000  0.843200825632E-01
 125.90000  0.901172870479E-01
 126.00000  0.837668353434E-01
 126.10000  0.785674835660E-01
 126.20000  0.851581243536E-01
 126.30000  0.741927085041E-01
 126.40000  0.716041431252E-01
 126.50000  0.791249076418E-01
 126.60000  0.668130130198E-01
 126.70000  0.698320799473E-01
 126.80000  0.775956156342E-01
 126.90000  0.663356132037E-01
 127.00000  0.745419950534E-01
 127.10000  0.800190714270E-01
 127.20000  0.703132350169E-01
 127.30000  0.803237991408E-01
 127.40000  0.809842391458E-01
 127.50000  0.728397977180E-01
 127.60000  0.809576444176E-01
 127.70000  0.771058956524E-01
 127.80000  0.714342953932E-01
 127.90000  0.759484322364E-01
 128.00000  0.712098701801E-01
 128.10000  0.690474361382E-01
 128.20000  0.702589207650E-01
 128.30000  0.688016238569E-01
 128.40000  0.691935408418E-01
 128.50000  0.678949674775E-01
 128.60000  0.712558732139E-01
 128.70000  0.708701233759E-01
 128.80000  0.676471636251E-01
 128.90000  0.743799344361E-01
 129.00000  0.699330871241E-01
 129.10000  0.659816639092E-01
 129.20000  0.738021306685E-01
 129.30000  0.646603457803E-01
 129.40000  0.622837308497E-01
 129.50000  0.697914373657E-01
 129.60000  0.579973576472E-01
 129.70000  0.594172779794E-01
 129.80000  0.658435172494E-01
 129.90000  0.540925539337E-01
 130.00000  0.597162553367E-01
 130.10000  0.639618666093E-01
 130.20000  0.539429583146E-01
 130.30000  0.619750801680E-01
 130.40000  0.628092197471E-01
 130.50000  0.551357386462E-01
 130.60000  0.628272712820E-01
 130.70000  0.602646529255E-01
 130.80000  0.552487687426E-01
 130.90000  0.605432448493E-01
 131.00000  0.566102996463E-01
 131.10000  0.544326453563E-01
 131.20000  0.567105526725E-01
 131.30000  0.543353681864E-01
 131.40000  0.542260549920E-01
 131.50000  0.538785532910E-01
 131.60000  0.548820548969E-01
 131.70000  0.546648210828E-01
 131.80000  0.524205258254E-01
 131.90000  0.566095814738E-01
 132.00000  0.538093580727E-01
 132.10000  0.507754683490E-01
 132.20000  0.567736911937E-01
 132.30000  0.503310488147E-01
 132.40000  0.482955687518E-01
 132.50000  0.548404838714E-01
 132.60000  0.456400169996E-01
 132.70000  0.465425756874E-01
 132.80000  0.527353128526E-01
 132.90000  0.426367620378E-01
 133.00000  0.473637669545E-01
 133.10000  0.520233018745E-01
 133.20000  0.425378933975E-01
 133.30000  0.501762644525E-01
 133.40000  0.517939742273E-01
 133.50000  0.436620812651E-01
 133.60000  0.519303476145E-01
 133.70000  0.497978759763E-01
 133.80000  0.435782670704E-01
 133.90000  0.502624852142E-01
 134.00000  0.455708512360E-01
 134.10000  0.419381339627E-01
 134.20000  0.461073392803E-01
 134.30000  0.415773418528E-01
 134.40000  0.405606758679E-01
 134.50000  0.423895241425E-01
 134.60000  0.403951571418E-01
 134.70000  0.406363879804E-01
 134.80000  0.405749247103E-01
 134.90000  0.415737843824E-01
 135.00000  0.408187687834E-01
 135.10000  0.394321496338E-01
 135.20000  0.423694494602E-01
 135.30000  0.389613694841E-01
 135.40000  0.372990162910E-01
 135.50000  0.410583355349E-01
 135.60000  0.349688740291E-01
 135.70000  0.346681658781E-01
 135.80000  0.387003733967E-01
 135.90000  0.311121743573E-01
 136.00000  0.337775714668E-01
 136.10000  0.375793302664E-01
 136.20000  0.297978756349E-01
 136.30000  0.359323930492E-01
 136.40000  0.382889430284E-01
 136.50000  0.310973342928E-01
 136.60000  0.395560955376E-01
 136.70000  0.388464462318E-01
 136.80000  0.326298725911E-01
 136.90000  0.412113780297E-01
 137.00000  0.369108401894E-01
 137.10000  0.322896121441E-01
 137.20000  0.391850458722E-01
 137.30000  0.328095879689E-01
 137.40000  0.305835664225E-01
 137.50000  0.353026762270E-01
 137.60000  0.295001457258E-01
 137.70000  0.296492797819E-01
 137.80000  0.324418458327E-01
 137.90000  0.289495126727E-01
 138.00000  0.301608607783E-01
 138.10000  0.312594031534E-01
 138.20000  0.299714727569E-01
 138.30000  0.303880778152E-01
 138.40000  0.300946386627E-01
 138.50000  0.301033336500E-01
 138.60000  0.286058298343E-01
 138.70000  0.277499677101E-01
 138.80000  0.285235718741E-01
 138.90000  0.251985299773E-01
 139.00000  0.253217631462E-01
 139.10000  0.267671046746E-01
 139.20000  0.223687530714E-01
 139.30000  0.250729365466E-01
 139.40000  0.267218921500E-01
 139.50000  0.220231924720E-01
 139.60000  0.278291496018E-01
 139.70000  0.282072174120E-01
 139.80000  0.236176580074E-01
 139.90000  0.313316935539E-01
 140.00000  0.286876128547E-01
 140.10000  0.245428545416E-01
 140.20000  0.320815729511E-01
 140.30000  0.260215042678E-01
 140.40000  0.230815939827E-01
 140.50000  0.290962702013E-01
 140.60000  0.213151654289E-01
 140.70000  0.205821019976E-01
 140.80000  0.249927073776E-01
 140.90000  0.178745788517E-01
 141.00000  0.196908780284E-01
 141.10000  0.228753835775E-01
 141.20000  0.176712171970E-01
 141.30000  0.212378450805E-01
 141.40000  0.230846085411E-01
 141.50000  0.195624028917E-01
 141.60000  0.234944959086E-01
 141.70000  0.235790298231E-01
 141.80000  0.210120445947E-01
 141.90000  0.239855856003E-01
 142.00000  0.223709344003E-01
 142.10000  0.205409466186E-01
 142.20000  0.218674732830E-01
 142.30000  0.197754995195E-01
 142.40000  0.188945556020E-01
 142.50000  0.187033738488E-01
 142.60000  0.181801384825E-01
 142.70000  0.181616925195E-01
 142.80000  0.171314262779E-01
 142.90000  0.194327492146E-01
 143.00000  0.191260220216E-01
 143.10000  0.178506196749E-01
 143.20000  0.223521688574E-01
 143.30000  0.201192109370E-01
 143.40000  0.189047454646E-01
 143.50000  0.237375017378E-01
 143.60000  0.189061686081E-01
 143.70000  0.182263797863E-01
 143.80000  0.220123476383E-01
 143.90000  0.155018189580E-01
 144.00000  0.160985774166E-01
 144.10000  0.186133944856E-01
 144.20000  0.120223639411E-01
 144.30000  0.145648654305E-01
 144.40000  0.160812904983E-01
 144.50000  0.104981041185E-01
 144.60000  0.151449286523E-01
 144.70000  0.155598634418E-01
 144.80000  0.113008478491E-01
 144.90000  0.174794524770E-01
 145.00000  0.161935517693E-01
 145.10000  0.131857066716E-01
 145.20000  0.196306595747E-01
 145.30000  0.162342656587E-01
 145.40000  0.144209005365E-01
 145.50000  0.197660410823E-01
 145.60000  0.148837336839E-01
 145.70000  0.143573231418E-01
 145.80000  0.179287388998E-01
 145.90000  0.130954239489E-01
 146.00000  0.137744068086E-01
 146.10000  0.157288667162E-01
 146.20000  0.123051968904E-01
 146.30000  0.136506439152E-01
 146.40000  0.144466342154E-01
 146.50000  0.127107045018E-01
 146.60000  0.138766974801E-01
 146.70000  0.138946794927E-01
 146.80000  0.133472110837E-01
 146.90000  0.137139590222E-01
 147.00000  0.133402773950E-01
 147.10000  0.133974372379E-01
 147.20000  0.127454510854E-01
 147.30000  0.126378178209E-01
 147.40000  0.129776923002E-01
 147.50000  0.114601363300E-01
 147.60000  0.124856951536E-01
 147.70000  0.127025015409E-01
 147.80000  0.106758020929E-01
 147.90000  0.133884136512E-01
 148.00000  0.127619831941E-01
 148.10000  0.106867446016E-01
 148.20000  0.147444519467E-01
 148.30000  0.124539053182E-01
 148.40000  0.107597028919E-01
 148.50000  0.151201773391E-01
 148.60000  0.110206326461E-01
 148.70000  0.101823375566E-01
 148.80000  0.139439951241E-01
 148.90000  0.876821552257E-02
 149.00000  0.923704314717E-02
 149.10000  0.121278138443E-01
 149.20000  0.691097184469E-02
 149.30000  0.904265803494E-02
 149.40000  0.111176007824E-01
 149.50000  0.647768102285E-02
 149.60000  0.104180885183E-01
 149.70000  0.114777457138E-01
 149.80000  0.759539985668E-02
 149.90000  0.130676908590E-01
 150.00000  0.124651907787E-01
 150.10000  0.936106804834E-02
 150.20000  0.153538320719E-01
 150.30000  0.125278061298E-01
 150.40000  0.103101104950E-01
 150.50000  0.154359054565E-01
 150.60000  0.108546847174E-01
 150.70000  0.977602550697E-02
 150.80000  0.132322665849E-01
 150.90000  0.852894190811E-02
 151.00000  0.869508484105E-02
 151.10000  0.106336572601E-01
 151.20000  0.731573134326E-02
 151.30000  0.829503680716E-02
 151.40000  0.925928500978E-02
 151.50000  0.755692281038E-02
 151.60000  0.870009641206E-02
 151.70000  0.904009760486E-02
 151.80000  0.821677378084E-02
 151.90000  0.925021499738E-02
 152.00000  0.904240536094E-02
 152.10000  0.850380030288E-02
 152.20000  0.946405136652E-02
 152.30000  0.874369103772E-02
 152.40000  0.839090932594E-02
 152.50000  0.903227456235E-02
 152.60000  0.821168697296E-02
 152.70000  0.814027272555E-02
 152.80000  0.813903327078E-02
 152.90000  0.829929091744E-02
 153.00000  0.834229283815E-02
 153.10000  0.778549260440E-02
 153.20000  0.982579206042E-02
 153.30000  0.920091699464E-02
 153.40000  0.849130470907E-02
 153.50000  0.120193467501E-01
 153.60000  0.975628320324E-02
 153.70000  0.924326037946E-02
 153.80000  0.127846430636E-01
 153.90000  0.876293733127E-02
 154.00000  0.875211984964E-02
 154.10000  0.112110058907E-01
 154.20000  0.648892167808E-02
 154.30000  0.732552450789E-02
 154.40000  0.864480538525E-02
 154.50000  0.439230957168E-02
 154.60000  0.636307660766E-02
 154.70000  0.691436727281E-02
 154.80000  0.353960678095E-02
 154.90000  0.696238666785E-02
 155.00000  0.677376452971E-02
 155.10000  0.422467494857E-02
 155.20000  0.925635047538E-02
 155.30000  0.778212251538E-02
 155.40000  0.606517960073E-02
 155.50000  0.120471287080E-01
 155.60000  0.857855838582E-02
 155.70000  0.775055330901E-02
 155.80000  0.131577806748E-01
 155.90000  0.779121772766E-02
 156.00000  0.793679716418E-02
 156.10000  0.115838794332E-01
 156.20000  0.570432288415E-02
 156.30000  0.692887532726E-02
 156.40000  0.880979778180E-02
 156.50000  0.402826023671E-02
 156.60000  0.625091559019E-02
 156.70000  0.699543267672E-02
 156.80000  0.385151038731E-02
 156.90000  0.686895178584E-02
 157.00000  0.681969401014E-02
 157.10000  0.484387208918E-02
 157.20000  0.854384351470E-02
 157.30000  0.747593778174E-02
 157.40000  0.617749473434E-02
 157.50000  0.102593543535E-01
 157.60000  0.779903136845E-02
 157.70000  0.707421651544E-02
 157.80000  0.106842935641E-01
 157.90000  0.704805941011E-02
 158.00000  0.694179883097E-02
 158.10000  0.921750412099E-02
 158.20000  0.565871177182E-02
 158.30000  0.610947574808E-02
 158.40000  0.706147564672E-02
 158.50000  0.507901917281E-02
 158.60000  0.571544145142E-02
 158.70000  0.604771361632E-02
 158.80000  0.595033673660E-02
 158.90000  0.623446526955E-02
 159.00000  0.647923797022E-02
 159.10000  0.725590603369E-02
 159.20000  0.704594630864E-02
 159.30000  0.721831797011E-02
 159.40000  0.777703048606E-02
 159.50000  0.743376238066E-02
 159.60000  0.732511538034E-02
 159.70000  0.735872174701E-02
 159.80000  0.709774343707E-02
 159.90000  0.677079770582E-02
 160.00000  0.646131803367E-02
 160.10000  0.606436696143E-02
 160.20000  0.620242947019E-02
 160.30000  0.560944268479E-02
 160.40000  0.501163592918E-02
 160.50000  0.655223874842E-02
 160.60000  0.534539121733E-02
 160.70000  0.496900445837E-02
 160.80000  0.802706483752E-02
 160.90000  0.567047532781E-02
 161.00000  0.598433877472E-02
 161.10000  0.945746449955E-02
 161.20000  0.583680888066E-02
 161.30000  0.698283118172E-02
 161.40000  0.952813914752E-02
 161.50000  0.531035365275E-02
 161.60000  0.720402322868E-02
 161.70000  0.825975487179E-02
 161.80000  0.436550006840E-02
 161.90000  0.695026716126E-02
 162.00000  0.666936660943E-02
 162.10000  0.358467669504E-02
 162.20000  0.699801597076E-02
 162.30000  0.558130586645E-02
 162.40000  0.340772809610E-02
 162.50000  0.779602882691E-02
 162.60000  0.513606355975E-02
 162.70000  0.398175215920E-02
 162.80000  0.898065252846E-02
 162.90000  0.490791440607E-02
 163.00000  0.493346060878E-02
 163.10000  0.957102262378E-02
 163.20000  0.437668498267E-02
 163.30000  0.564633358672E-02
 163.40000  0.899197726445E-02
 163.50000  0.353143335838E-02
 163.60000  0.599984245000E-02
 163.70000  0.773111296838E-02
 163.80000  0.287381525647E-02
 163.90000  0.651545852515E-02
 164.00000  0.673466653574E-02
 164.10000  0.287887905105E-02
 164.20000  0.775088484332E-02
 164.30000  0.644575240136E-02
 164.40000  0.367275514954E-02
 164.50000  0.959174531759E-02
 164.60000  0.648276058018E-02
 164.70000  0.487255681390E-02
 164.80000  0.109380330659E-01
 164.90000  0.599266002490E-02
 165.00000  0.561473456768E-02
 165.10000  0.104992004285E-01
 165.20000  0.460346306931E-02
 165.30000  0.538547438512E-02
 165.40000  0.835663762891E-02
 165.50000  0.305257952584E-02
 165.60000  0.473407787830E-02
 165.70000  0.606020461205E-02
 165.80000  0.228586513838E-02
 165.90000  0.463127152308E-02
 166.00000  0.490548346881E-02
 166.10000  0.240981814252E-02
 166.20000  0.567672677333E-02
 166.30000  0.504916468391E-02
 166.40000  0.328685802550E-02
 166.50000  0.802038507290E-02
 166.60000  0.600727466806E-02
 166.70000  0.494769181022E-02
 166.80000  0.107336770061E-01
 166.90000  0.675095075735E-02
 167.00000  0.657830431242E-02
 167.10000  0.116586923053E-01
 167.20000  0.623584044033E-02
 167.30000  0.690082608112E-02
 167.40000  0.981019929736E-02
 167.50000  0.500071961717E-02
 167.60000  0.610927527487E-02
 167.70000  0.703799226745E-02
 167.80000  0.460551294007E-02
 167.90000  0.544192633354E-02
 168.00000  0.543460958363E-02
 168.10000  0.495097546169E-02
 168.20000  0.522951046865E-02
 168.30000  0.485879752179E-02
 168.40000  0.470682883968E-02
 168.50000  0.547437096075E-02
 168.60000  0.458212280068E-02
 168.70000  0.420220194093E-02
 168.80000  0.673551208569E-02
 168.90000  0.471490031311E-02
 169.00000  0.467159266967E-02
 169.10000  0.833681079872E-02
 169.20000  0.498814255843E-02
 169.30000  0.561555721987E-02
 169.40000  0.839770098785E-02
 169.50000  0.515439669177E-02
 169.60000  0.608289211187E-02
 169.70000  0.717990481730E-02
 169.80000  0.628939998109E-02
 169.90000  0.656371172149E-02
 170.00000  0.682926836120E-02
 170.10000  0.849280841905E-02
 170.20000  0.710414615063E-02
 170.30000  0.729548202191E-02
 170.40000  0.922359632742E-02
 170.50000  0.661831646312E-02
 170.60000  0.667399992413E-02
 170.70000  0.715802725637E-02
 170.80000  0.549838970652E-02
 170.90000  0.500234549420E-02
 171.00000  0.459887659045E-02
 171.10000  0.512449356617E-02
 171.20000  0.376893124120E-02
 171.30000  0.357974137770E-02
 171.40000  0.497137761435E-02
 171.50000  0.357514519408E-02
 171.60000  0.364428731570E-02
 171.70000  0.436104409379E-02
 171.80000  0.515144987051E-02
 171.90000  0.456612635841E-02
 172.00000  0.502273752188E-02
 172.10000  0.902364659437E-02
 172.20000  0.647689396459E-02
 172.30000  0.764030641849E-02
 172.40000  0.124708242679E-01
 172.50000  0.764539724574E-02
 172.60000  0.929844332833E-02
 172.70000  0.117384054007E-01
 172.80000  0.670977503522E-02
 172.90000  0.796609301998E-02
 173.00000  0.770306073772E-02
 173.10000  0.514362282594E-02
 173.20000  0.539405973308E-02
 173.30000  0.429176975233E-02
 173.40000  0.411705452123E-02
 173.50000  0.378792093342E-02
 173.60000  0.280701385056E-02
 173.70000  0.292698680248E-02
 173.80000  0.423076873172E-02
 173.90000  0.259007424116E-02
 174.00000  0.259916908198E-02
 174.10000  0.776648089674E-02
 174.20000  0.388698223740E-02
 174.30000  0.531446470581E-02
 174.40000  0.129561872668E-01
 174.50000  0.590293986117E-02
 174.60000  0.931331316135E-02
 174.70000  0.149336372841E-01
 174.80000  0.634791488214E-02
 174.90000  0.104664851002E-01
 175.00000  0.115821888281E-01
 175.10000  0.525114323572E-02
 175.20000  0.840927251130E-02
 175.30000  0.667672233905E-02
 175.40000  0.443684507882E-02
 175.50000  0.596527827707E-02
 175.60000  0.379799782010E-02
 175.70000  0.359642801382E-02
 175.80000  0.505609998974E-02
 175.90000  0.256711707960E-02
 176.00000  0.227162198615E-02
 176.10000  0.694042766817E-02
 176.20000  0.232968599353E-02
 176.30000  0.305007054145E-02
 176.40000  0.118709125598E-01
 176.50000  0.333635014742E-02
 176.60000  0.720822615667E-02
 176.70000  0.160922396377E-01
 176.80000  0.422133779351E-02
 176.90000  0.110954277666E-01
 177.00000  0.148992091873E-01
 177.10000  0.376336521876E-02
 177.20000  0.113988933702E-01
 177.30000  0.947101541907E-02
 177.40000  0.330100610153E-02
 177.50000  0.953180864351E-02
 177.60000  0.496809536529E-02
 177.70000  0.353341137379E-02
 177.80000  0.839735117669E-02
 177.90000  0.319470692028E-02
 178.00000  0.304333310137E-02
 178.10000  0.959128302643E-02
 178.20000  0.251483826721E-02
 178.30000  0.251615928077E-02
 178.40000  0.136996840888E-01
 178.50000  0.210310570456E-02
 178.60000  0.486986573259E-02
 178.70000  0.184865884651E-01
 178.80000  0.189872326782E-02
 178.90000  0.991150780746E-02
 179.00000  0.189311665874E-01
 179.10000  0.188285595420E-02
 179.20000  0.146120788409E-01
 179.30000  0.133553429490E-01
 179.40000  0.364996949126E-02
 179.50000  0.194313307282E-01
 179.60000  0.611055745553E-02
 179.70000  0.978923133087E-02
 179.80000  0.386089917189E-01
 179.90000  0.295032409380E-02
 180.00000  0.184561816899E+00

