 # E =    2.7497681656574322       eV =    22180.000000000000       1/cm
 #  1801
# DFFCSO.  ACCUM LEV(I),J(I) =  1  0 LEV(F),J(F) =  1  0       , M =  0, WEIGHTED BY  1.00000
   0.10000  0.423278349514E+07
   0.20000  0.731065337046E+06
   0.30000  0.535705174588E+05
   0.40000  0.780358047414E+05
   0.50000  0.379081138529E+05
   0.60000  0.111808654708E+04
   0.70000  0.159124163304E+05
   0.80000  0.462587110184E+04
   0.90000  0.322875021514E+04
   1.00000  0.445388122344E+04
   1.10000  0.303913322870E+04
   1.20000  0.403449232210E+04
   1.30000  0.294900245322E+04
   1.40000  0.235616533767E+04
   1.50000  0.217247735136E+04
   1.60000  0.152924124728E+04
   1.70000  0.120905317882E+04
   1.80000  0.988734593620E+03
   1.90000  0.106061794092E+04
   2.00000  0.836702021616E+03
   2.10000  0.715944096055E+03
   2.20000  0.560382641776E+03
   2.30000  0.568578924792E+03
   2.40000  0.628153221490E+03
   2.50000  0.906318658197E+03
   2.60000  0.782880980961E+03
   2.70000  0.501876005578E+03
   2.80000  0.367232562525E+03
   2.90000  0.421558381954E+03
   3.00000  0.439000760875E+03
   3.10000  0.362238086848E+03
   3.20000  0.240783240576E+03
   3.30000  0.144687173354E+03
   3.40000  0.168667676674E+03
   3.50000  0.146879020963E+03
   3.60000  0.107684634173E+03
   3.70000  0.652096535655E+02
   3.80000  0.724470847719E+02
   3.90000  0.800728936874E+02
   4.00000  0.108717286156E+03
   4.10000  0.697036067071E+02
   4.20000  0.367003465656E+02
   4.30000  0.260100815407E+02
   4.40000  0.546243018039E+02
   4.50000  0.837058141340E+02
   4.60000  0.101839596114E+03
   4.70000  0.631821818304E+02
   4.80000  0.348454833184E+02
   4.90000  0.276099472947E+02
   5.00000  0.439998810649E+02
   5.10000  0.709048505042E+02
   5.20000  0.792911463829E+02
   5.30000  0.596465805268E+02
   5.40000  0.452123989755E+02
   5.50000  0.400326965647E+02
   5.60000  0.410498157688E+02
   5.70000  0.530687934438E+02
   5.80000  0.491916086942E+02
   5.90000  0.460892676610E+02
   6.00000  0.478546711437E+02
   6.10000  0.530617842081E+02
   6.20000  0.532060369234E+02
   6.30000  0.536276790684E+02
   6.40000  0.376716469394E+02
   6.50000  0.347498819320E+02
   6.60000  0.363062992960E+02
   6.70000  0.456195697178E+02
   6.80000  0.518997133738E+02
   6.90000  0.536611937180E+02
   7.00000  0.407445879863E+02
   7.10000  0.365987641690E+02
   7.20000  0.274295583678E+02
   7.30000  0.284170870387E+02
   7.40000  0.306653836517E+02
   7.50000  0.353533078601E+02
   7.60000  0.372257904129E+02
   7.70000  0.429931624975E+02
   7.80000  0.348657520142E+02
   7.90000  0.300074671702E+02
   8.00000  0.181657686737E+02
   8.10000  0.145371339743E+02
   8.20000  0.193831368291E+02
   8.30000  0.318705362445E+02
   8.40000  0.368100991644E+02
   8.50000  0.389718078388E+02
   8.60000  0.239086970687E+02
   8.70000  0.129968709911E+02
   8.80000  0.669781899422E+01
   8.90000  0.114339381471E+02
   9.00000  0.207932163349E+02
   9.10000  0.298420971044E+02
   9.20000  0.258692703498E+02
   9.30000  0.207145111862E+02
   9.40000  0.974430503900E+01
   9.50000  0.563580378974E+01
   9.60000  0.645914866762E+01
   9.70000  0.106608726646E+02
   9.80000  0.134740641788E+02
   9.90000  0.161821531075E+02
  10.00000  0.127816452404E+02
  10.10000  0.112040141728E+02
  10.20000  0.707596192339E+01
  10.30000  0.470169794812E+01
  10.40000  0.367505093942E+01
  10.50000  0.472691352179E+01
  10.60000  0.622649839081E+01
  10.70000  0.946770912909E+01
  10.80000  0.904063947138E+01
  10.90000  0.826511409324E+01
  11.00000  0.489304716271E+01
  11.10000  0.224546619291E+01
  11.20000  0.121223655183E+01
  11.30000  0.234163816271E+01
  11.40000  0.359441200248E+01
  11.50000  0.546257156685E+01
  11.60000  0.483944676925E+01
  11.70000  0.405108687756E+01
  11.80000  0.249108113695E+01
  11.90000  0.137741465604E+01
  12.00000  0.768802718104E+00
  12.10000  0.854641010763E+00
  12.20000  0.788489245435E+00
  12.30000  0.143176423944E+01
  12.40000  0.182028820011E+01
  12.50000  0.222139467791E+01
  12.60000  0.224961082203E+01
  12.70000  0.172822491369E+01
  12.80000  0.867884584941E+00
  12.90000  0.221234221782E+00
  13.00000  0.496561258617E-01
  13.10000  0.386941475213E+00
  13.20000  0.121215979112E+01
  13.30000  0.171914972847E+01
  13.40000  0.190708528538E+01
  13.50000  0.158885208087E+01
  13.60000  0.102159888342E+01
  13.70000  0.431203395737E+00
  13.80000  0.236021672281E+00
  13.90000  0.110830624680E+00
  14.00000  0.384275355833E+00
  14.10000  0.569986670709E+00
  14.20000  0.760805192790E+00
  14.30000  0.846568329733E+00
  14.40000  0.797110760109E+00
  14.50000  0.682407114669E+00
  14.60000  0.512400958103E+00
  14.70000  0.285045857392E+00
  14.80000  0.173602490929E+00
  14.90000  0.128404272192E+00
  15.00000  0.306089108965E+00
  15.10000  0.759719650038E+00
  15.20000  0.111957241745E+01
  15.30000  0.157006747021E+01
  15.40000  0.154705583918E+01
  15.50000  0.125738868693E+01
  15.60000  0.837214298822E+00
  15.70000  0.492952215476E+00
  15.80000  0.482445396917E+00
  15.90000  0.101780132693E+01
  16.00000  0.145030520519E+01
  16.10000  0.196881733567E+01
  16.20000  0.189072288671E+01
  16.30000  0.144709449334E+01
  16.40000  0.864873013988E+00
  16.50000  0.422388979000E+00
  16.60000  0.281727410279E+00
  16.70000  0.631144466783E+00
  16.80000  0.896541398303E+00
  16.90000  0.120115492937E+01
  17.00000  0.110772274244E+01
  17.10000  0.812892747575E+00
  17.20000  0.426571806190E+00
  17.30000  0.140081603011E+00
  17.40000  0.160064453629E-01
  17.50000  0.123652881137E+00
  17.60000  0.235609349420E+00
  17.70000  0.415858461919E+00
  17.80000  0.426017470737E+00
  17.90000  0.402246081062E+00
  18.00000  0.287089287579E+00
  18.10000  0.139712876826E+00
  18.20000  0.687496364200E-01
  18.30000  0.451376377409E-03
  18.40000  0.192128910849E-01
  18.50000  0.904613605404E-01
  18.60000  0.133451244797E+00
  18.70000  0.206451305758E+00
  18.80000  0.248821146320E+00
  18.90000  0.196695202994E+00
  19.00000  0.234526206201E+00
  19.10000  0.940667036633E-01
  19.20000  0.824028201897E-01
  19.30000  0.256053809672E-02
  19.40000  0.882245650181E-02
  19.50000  0.905451746477E-01
  19.60000  0.265895142381E+00
  19.70000  0.348738517086E+00
  19.80000  0.556455925611E+00
  19.90000  0.396234961034E+00
  20.00000  0.373315420552E+00
  20.10000  0.155567562069E+00
  20.20000  0.106680213311E+00
  20.30000  0.187518929073E+00
  20.40000  0.445790118404E+00
  20.50000  0.596358971990E+00
  20.60000  0.876304867620E+00
  20.70000  0.674784480160E+00
  20.80000  0.596474054557E+00
  20.90000  0.300806940276E+00
  21.00000  0.182229141411E+00
  21.10000  0.212060463849E+00
  21.20000  0.416308413447E+00
  21.30000  0.515739306168E+00
  21.40000  0.729938900177E+00
  21.50000  0.546091092271E+00
  21.60000  0.457430894329E+00
  21.70000  0.216249989716E+00
  21.80000  0.786857813912E-01
  21.90000  0.493820446601E-01
  22.00000  0.116368263636E+00
  22.10000  0.166738359993E+00
  22.20000  0.307952069560E+00
  22.30000  0.285802562405E+00
  22.40000  0.318212471884E+00
  22.50000  0.251860813162E+00
  22.60000  0.160016672868E+00
  22.70000  0.104702487447E+00
  22.80000  0.235599770654E-01
  22.90000  0.641292051438E-01
  23.00000  0.161842650599E+00
  23.10000  0.315527123602E+00
  23.20000  0.481931032564E+00
  23.30000  0.557486337285E+00
  23.40000  0.487971544944E+00
  23.50000  0.403473269295E+00
  23.60000  0.190004162941E+00
  23.70000  0.187571861731E+00
  23.80000  0.214742269313E+00
  23.90000  0.396573379909E+00
  24.00000  0.574331927442E+00
  24.10000  0.671442879519E+00
  24.20000  0.589037765061E+00
  24.30000  0.483705330389E+00
  24.40000  0.228708116615E+00
  24.50000  0.166604128846E+00
  24.60000  0.124079171219E+00
  24.70000  0.219335186755E+00
  24.80000  0.321725896482E+00
  24.90000  0.384020850859E+00
  25.00000  0.332545123766E+00
  25.10000  0.268644358290E+00
  25.20000  0.118349706086E+00
  25.30000  0.549270879356E-01
  25.40000  0.540607999913E-02
  25.50000  0.150443380822E-01
  25.60000  0.425071966083E-01
  25.70000  0.721308481401E-01
  25.80000  0.951371545852E-01
  25.90000  0.105171956389E+00
  26.00000  0.122797238047E+00
  26.10000  0.106698994067E+00
  26.20000  0.921554515267E-01
  26.30000  0.548911299486E-01
  26.40000  0.240197488385E-01
  26.50000  0.127857403681E-01
  26.60000  0.720493974638E-01
  26.70000  0.112351630610E+00
  26.80000  0.231566524078E+00
  26.90000  0.252094876867E+00
  27.00000  0.262527562889E+00
  27.10000  0.208650243712E+00
  27.20000  0.132987936407E+00
  27.30000  0.782970991002E-01
  27.40000  0.107876474105E+00
  27.50000  0.125979818806E+00
  27.60000  0.245511470548E+00
  27.70000  0.274487136722E+00
  27.80000  0.289786498317E+00
  27.90000  0.249038107024E+00
  28.00000  0.159971166337E+00
  28.10000  0.946437699951E-01
  28.20000  0.759747633792E-01
  28.30000  0.659283639971E-01
  28.40000  0.131983344273E+00
  28.50000  0.153984468735E+00
  28.60000  0.164476250399E+00
  28.70000  0.153417921929E+00
  28.80000  0.885390926943E-01
  28.90000  0.538859234370E-01
  29.00000  0.173743820438E-01
  29.10000  0.529850876110E-02
  29.20000  0.192364539616E-01
  29.30000  0.276931017877E-01
  29.40000  0.297410432257E-01
  29.50000  0.358461741840E-01
  29.60000  0.147935276788E-01
  29.70000  0.236222566545E-01
  29.80000  0.108402364722E-01
  29.90000  0.226872826494E-01
  30.00000  0.175824454479E-01
  30.10000  0.135588998857E-01
  30.20000  0.107765526329E-01
  30.30000  0.521011409131E-02
  30.40000  0.213358516502E-01
  30.50000  0.496101283298E-01
  30.60000  0.755480058400E-01
  30.70000  0.113250704539E+00
  30.80000  0.119650687572E+00
  30.90000  0.109636836924E+00
  31.00000  0.109781202063E+00
  31.10000  0.727508923031E-01
  31.20000  0.997900578550E-01
  31.30000  0.105849826932E+00
  31.40000  0.145234450371E+00
  31.50000  0.181342165234E+00
  31.60000  0.199821021416E+00
  31.70000  0.188638409031E+00
  31.80000  0.194965819746E+00
  31.90000  0.135804486473E+00
  32.00000  0.152590386477E+00
  32.10000  0.119058864346E+00
  32.20000  0.138803272444E+00
  32.30000  0.146777680134E+00
  32.40000  0.157588525781E+00
  32.50000  0.150265538295E+00
  32.60000  0.159587076179E+00
  32.70000  0.114860559743E+00
  32.80000  0.125196139105E+00
  32.90000  0.830710282316E-01
  33.00000  0.845677843898E-01
  33.10000  0.736257771038E-01
  33.20000  0.680922633877E-01
  33.30000  0.725113429021E-01
  33.40000  0.744297439572E-01
  33.50000  0.715985258687E-01
  33.60000  0.847030425261E-01
  33.70000  0.759078029223E-01
  33.80000  0.848559197147E-01
  33.90000  0.864042485907E-01
  34.00000  0.752228367442E-01
  34.10000  0.936936491519E-01
  34.20000  0.731026831136E-01
  34.30000  0.973604117241E-01
  34.40000  0.982677623516E-01
  34.50000  0.119270052553E+00
  34.60000  0.140579698422E+00
  34.70000  0.163504011664E+00
  34.80000  0.159479908731E+00
  34.90000  0.184175280324E+00
  35.00000  0.139763361567E+00
  35.10000  0.154900562191E+00
  35.20000  0.122611162546E+00
  35.30000  0.132443620563E+00
  35.40000  0.143843619993E+00
  35.50000  0.164483147171E+00
  35.60000  0.170324681700E+00
  35.70000  0.191561343161E+00
  35.80000  0.149699671798E+00
  35.90000  0.146451732891E+00
  36.00000  0.968531784007E-01
  36.10000  0.785805777926E-01
  36.20000  0.693917342623E-01
  36.30000  0.669694602986E-01
  36.40000  0.773422560309E-01
  36.50000  0.889757393708E-01
  36.60000  0.798237810398E-01
  36.70000  0.792845191045E-01
  36.80000  0.567267038795E-01
  36.90000  0.397898918205E-01
  37.00000  0.284371051645E-01
  37.10000  0.120102246414E-01
  37.20000  0.178605378751E-01
  37.30000  0.141464410108E-01
  37.40000  0.327797611700E-01
  37.50000  0.444851113450E-01
  37.60000  0.648345520424E-01
  37.70000  0.795301919386E-01
  37.80000  0.838349157703E-01
  37.90000  0.776273615598E-01
  38.00000  0.700885662800E-01
  38.10000  0.487699071263E-01
  38.20000  0.587883087340E-01
  38.30000  0.638795418753E-01
  38.40000  0.937924625018E-01
  38.50000  0.130264209488E+00
  38.60000  0.141823743205E+00
  38.70000  0.155964557313E+00
  38.80000  0.134247281874E+00
  38.90000  0.106057250850E+00
  39.00000  0.860015485817E-01
  39.10000  0.695224605892E-01
  39.20000  0.735045756707E-01
  39.30000  0.998260778779E-01
  39.40000  0.101587516150E+00
  39.50000  0.125018294624E+00
  39.60000  0.101447255327E+00
  39.70000  0.862293593112E-01
  39.80000  0.560444657264E-01
  39.90000  0.334744668127E-01
  40.00000  0.194810027558E-01
  40.10000  0.221536041632E-01
  40.20000  0.169796705256E-01
  40.30000  0.313689405676E-01
  40.40000  0.225211419264E-01
  40.50000  0.292436564943E-01
  40.60000  0.230303579860E-01
  40.70000  0.215397694167E-01
  40.80000  0.243008121716E-01
  40.90000  0.153831996688E-01
  41.00000  0.209763943320E-01
  41.10000  0.138385601104E-01
  41.20000  0.229782697323E-01
  41.30000  0.378384202484E-01
  41.40000  0.614099749658E-01
  41.50000  0.871171725821E-01
  41.60000  0.120097456869E+00
  41.70000  0.115833896548E+00
  41.80000  0.137861789007E+00
  41.90000  0.108164256912E+00
  42.00000  0.119737517253E+00
  42.10000  0.119315543418E+00
  42.20000  0.144296786377E+00
  42.30000  0.178935531348E+00
  42.40000  0.219238060844E+00
  42.50000  0.226558336894E+00
  42.60000  0.251234502263E+00
  42.70000  0.211955714469E+00
  42.80000  0.208252004592E+00
  42.90000  0.183890430060E+00
  43.00000  0.180487528860E+00
  43.10000  0.203418040634E+00
  43.20000  0.220094737713E+00
  43.30000  0.238189976475E+00
  43.40000  0.250366558834E+00
  43.50000  0.223137209292E+00
  43.60000  0.205040944449E+00
  43.70000  0.171324733428E+00
  43.80000  0.140360576911E+00
  43.90000  0.144991904743E+00
  44.00000  0.131094588939E+00
  44.10000  0.153000425650E+00
  44.20000  0.151304752430E+00
  44.30000  0.149175738368E+00
  44.40000  0.134991990868E+00
  44.50000  0.113669056566E+00
  44.60000  0.847548857747E-01
  44.70000  0.767349509639E-01
  44.80000  0.529616361276E-01
  44.90000  0.662342547075E-01
  45.00000  0.593812051022E-01
  45.10000  0.736735252109E-01
  45.20000  0.769248810178E-01
  45.30000  0.755811835540E-01
  45.40000  0.759507778739E-01
  45.50000  0.639962133526E-01
  45.60000  0.565577649892E-01
  45.70000  0.516002701760E-01
  45.80000  0.466889811162E-01
  45.90000  0.560459814062E-01
  46.00000  0.692868593661E-01
  46.10000  0.782888510234E-01
  46.20000  0.105847530101E+00
  46.30000  0.971555071830E-01
  46.40000  0.114260553441E+00
  46.50000  0.951759640167E-01
  46.60000  0.928424980541E-01
  46.70000  0.857047742902E-01
  46.80000  0.887284908148E-01
  46.90000  0.955109497384E-01
  47.00000  0.122414650682E+00
  47.10000  0.121942872227E+00
  47.20000  0.149760258417E+00
  47.30000  0.133140994997E+00
  47.40000  0.132003743933E+00
  47.50000  0.116664048894E+00
  47.60000  0.993330739622E-01
  47.70000  0.100123640160E+00
  47.80000  0.100916591790E+00
  47.90000  0.108534915404E+00
  48.00000  0.126490227596E+00
  48.10000  0.125509279993E+00
  48.20000  0.127337257173E+00
  48.30000  0.119633328681E+00
  48.40000  0.947559247475E-01
  48.50000  0.931290122688E-01
  48.60000  0.691454689219E-01
  48.70000  0.774989068822E-01
  48.80000  0.761061277493E-01
  48.90000  0.863514213009E-01
  49.00000  0.934326738096E-01
  49.10000  0.977774497026E-01
  49.20000  0.889776730017E-01
  49.30000  0.882899149708E-01
  49.40000  0.652227109551E-01
  49.50000  0.658199355027E-01
  49.60000  0.521128923700E-01
  49.70000  0.572629712149E-01
  49.80000  0.655211304449E-01
  49.90000  0.711921534963E-01
  50.00000  0.866277377253E-01
  50.10000  0.863285779071E-01
  50.20000  0.873435475742E-01
  50.30000  0.804168114729E-01
  50.40000  0.690157760555E-01
  50.50000  0.613478876842E-01
  50.60000  0.611406110462E-01
  50.70000  0.572933159099E-01
  50.80000  0.785611150424E-01
  50.90000  0.764215206204E-01
  51.00000  0.982744918618E-01
  51.10000  0.928501341357E-01
  51.20000  0.926240972768E-01
  51.30000  0.828354332603E-01
  51.40000  0.701863930769E-01
  51.50000  0.604250611938E-01
  51.60000  0.620762104990E-01
  51.70000  0.577674091037E-01
  51.80000  0.755974347711E-01
  51.90000  0.774336428437E-01
  52.00000  0.857671972086E-01
  52.10000  0.884542369549E-01
  52.20000  0.736927520185E-01
  52.30000  0.720508404303E-01
  52.40000  0.519830283806E-01
  52.50000  0.484880252974E-01
  52.60000  0.443819190819E-01
  52.70000  0.472895080865E-01
  52.80000  0.545829544597E-01
  52.90000  0.665907010132E-01
  53.00000  0.653292167061E-01
  53.10000  0.777843370647E-01
  53.20000  0.619273589664E-01
  53.30000  0.647933919790E-01
  53.40000  0.489391306489E-01
  53.50000  0.447687107047E-01
  53.60000  0.442992638195E-01
  53.70000  0.460595325053E-01
  53.80000  0.587668400217E-01
  53.90000  0.716757804276E-01
  54.00000  0.816684172200E-01
  54.10000  0.932632147891E-01
  54.20000  0.912649903235E-01
  54.30000  0.866536533087E-01
  54.40000  0.823500792518E-01
  54.50000  0.665922880454E-01
  54.60000  0.760514695967E-01
  54.70000  0.701368730687E-01
  54.80000  0.927473697165E-01
  54.90000  0.103957214580E+00
  55.00000  0.121291336663E+00
  55.10000  0.130218120654E+00
  55.20000  0.130870828575E+00
  55.30000  0.118763865418E+00
  55.40000  0.113705999997E+00
  55.50000  0.923904556448E-01
  55.60000  0.975847649008E-01
  55.70000  0.944978269160E-01
  55.80000  0.107048553397E+00
  55.90000  0.124694320648E+00
  56.00000  0.128081919925E+00
  56.10000  0.139668715448E+00
  56.20000  0.128076575670E+00
  56.30000  0.117373580317E+00
  56.40000  0.102020449915E+00
  56.50000  0.869353669979E-01
  56.60000  0.784377344862E-01
  56.70000  0.833565982112E-01
  56.80000  0.791824549132E-01
  56.90000  0.995168363948E-01
  57.00000  0.920275307515E-01
  57.10000  0.102699880449E+00
  57.20000  0.909656745209E-01
  57.30000  0.821166269749E-01
  57.40000  0.709430736529E-01
  57.50000  0.584478658543E-01
  57.60000  0.513075594293E-01
  57.70000  0.523885346372E-01
  57.80000  0.501742543333E-01
  57.90000  0.615724391824E-01
  58.00000  0.647061957817E-01
  58.10000  0.696001674369E-01
  58.20000  0.766780484906E-01
  58.30000  0.667699561357E-01
  58.40000  0.734010443179E-01
  58.50000  0.585377565251E-01
  58.60000  0.622775489033E-01
  58.70000  0.580341354368E-01
  58.80000  0.633184376375E-01
  58.90000  0.718222255905E-01
  59.00000  0.846928742402E-01
  59.10000  0.922808959371E-01
  59.20000  0.109715680035E+00
  59.30000  0.105848998124E+00
  59.40000  0.116400552656E+00
  59.50000  0.109176172531E+00
  59.60000  0.107645101980E+00
  59.70000  0.112814218156E+00
  59.80000  0.108725958565E+00
  59.90000  0.126737263998E+00
  60.00000  0.131527671071E+00
  60.10000  0.146863755150E+00
  60.20000  0.156194512952E+00
  60.30000  0.160388544400E+00
  60.40000  0.158949682259E+00
  60.50000  0.161832927327E+00
  60.60000  0.146143576051E+00
  60.70000  0.158577739421E+00
  60.80000  0.143962493598E+00
  60.90000  0.160270699769E+00
  61.00000  0.159681091781E+00
  61.10000  0.166846613627E+00
  61.20000  0.172403540005E+00
  61.30000  0.169559488664E+00
  61.40000  0.165091807979E+00
  61.50000  0.162438752524E+00
  61.60000  0.148342694767E+00
  61.70000  0.149669042505E+00
  61.80000  0.142504821955E+00
  61.90000  0.140272094385E+00
  62.00000  0.148267684695E+00
  62.10000  0.137222338806E+00
  62.20000  0.148813271026E+00
  62.30000  0.134712758254E+00
  62.40000  0.136037748397E+00
  62.50000  0.126564769716E+00
  62.60000  0.120627995780E+00
  62.70000  0.114561541325E+00
  62.80000  0.114817929735E+00
  62.90000  0.106200561478E+00
  63.00000  0.116150849806E+00
  63.10000  0.105323337771E+00
  63.20000  0.113826963374E+00
  63.30000  0.107684345640E+00
  63.40000  0.104813555648E+00
  63.50000  0.106694247838E+00
  63.60000  0.967939959646E-01
  63.70000  0.101907978644E+00
  63.80000  0.967015932863E-01
  63.90000  0.995610537252E-01
  64.00000  0.101964245412E+00
  64.10000  0.104212860101E+00
  64.20000  0.105037086762E+00
  64.30000  0.112112790079E+00
  64.40000  0.103767675285E+00
  64.50000  0.115609156612E+00
  64.60000  0.103737098706E+00
  64.70000  0.113468616553E+00
  64.80000  0.109938046270E+00
  64.90000  0.112791077399E+00
  65.00000  0.119394163481E+00
  65.10000  0.118902508153E+00
  65.20000  0.125098668660E+00
  65.30000  0.127155490984E+00
  65.40000  0.125682947296E+00
  65.50000  0.129027683855E+00
  65.60000  0.126711966876E+00
  65.70000  0.124409936591E+00
  65.80000  0.131825906205E+00
  65.90000  0.122112039313E+00
  66.00000  0.137202149907E+00
  66.10000  0.127223166358E+00
  66.20000  0.137420141040E+00
  66.30000  0.133485367477E+00
  66.40000  0.133255967156E+00
  66.50000  0.132087787079E+00
  66.60000  0.129789362696E+00
  66.70000  0.124423009030E+00
  66.80000  0.128758145636E+00
  66.90000  0.120267769396E+00
  67.00000  0.127014160659E+00
  67.10000  0.123834900587E+00
  67.20000  0.122216363364E+00
  67.30000  0.127760601647E+00
  67.40000  0.116251047878E+00
  67.50000  0.123635060564E+00
  67.60000  0.111984652098E+00
  67.70000  0.113884929099E+00
  67.80000  0.109391609014E+00
  67.90000  0.108206780102E+00
  68.00000  0.106694000279E+00
  68.10000  0.110096731465E+00
  68.20000  0.103756768015E+00
  68.30000  0.112586612653E+00
  68.40000  0.102225766943E+00
  68.50000  0.108445779501E+00
  68.60000  0.102623312378E+00
  68.70000  0.100045096397E+00
  68.80000  0.103266870753E+00
  68.90000  0.957854756667E-01
  69.00000  0.102844271676E+00
  69.10000  0.989078139170E-01
  69.20000  0.102666851469E+00
  69.30000  0.103814447482E+00
  69.40000  0.104795306277E+00
  69.50000  0.104011374201E+00
  69.60000  0.108505829359E+00
  69.70000  0.100681501240E+00
  69.80000  0.110654666313E+00
  69.90000  0.100767528835E+00
  70.00000  0.110035264905E+00
  70.10000  0.107348607882E+00
  70.20000  0.109427022924E+00
  70.30000  0.115241882544E+00
  70.40000  0.111841575112E+00
  70.50000  0.117961098029E+00
  70.60000  0.116086297186E+00
  70.70000  0.116594655404E+00
  70.80000  0.118264170883E+00
  70.90000  0.117971744125E+00
  71.00000  0.117354253829E+00
  71.10000  0.124441126341E+00
  71.20000  0.116821345496E+00
  71.30000  0.130058555362E+00
  71.40000  0.119696349798E+00
  71.50000  0.129019660333E+00
  71.60000  0.124116478975E+00
  71.70000  0.124130846807E+00
  71.80000  0.125947214208E+00
  71.90000  0.122870311819E+00
  72.00000  0.124843840292E+00
  72.10000  0.126757513016E+00
  72.20000  0.124717817626E+00
  72.30000  0.129341099911E+00
  72.40000  0.127592186642E+00
  72.50000  0.125446035894E+00
  72.60000  0.130039720218E+00
  72.70000  0.118510004590E+00
  72.80000  0.128087407622E+00
  72.90000  0.116092354685E+00
  73.00000  0.123574660959E+00
  73.10000  0.120010763405E+00
  73.20000  0.121976977603E+00
  73.30000  0.124210468481E+00
  73.40000  0.124246659936E+00
  73.50000  0.122721431535E+00
  73.60000  0.124811751304E+00
  73.70000  0.117134352775E+00
  73.80000  0.119424414603E+00
  73.90000  0.114266141651E+00
  74.00000  0.111980292094E+00
  74.10000  0.117466538857E+00
  74.20000  0.110200977594E+00
  74.30000  0.122678039519E+00
  74.40000  0.115403050337E+00
  74.50000  0.123703311280E+00
  74.60000  0.120105612981E+00
  74.70000  0.119518022451E+00
  74.80000  0.117341543656E+00
  74.90000  0.114807781180E+00
  75.00000  0.110150545756E+00
  75.10000  0.114106200021E+00
  75.20000  0.108614882701E+00
  75.30000  0.117152280651E+00
  75.40000  0.117090780266E+00
  75.50000  0.120120960867E+00
  75.60000  0.127591342724E+00
  75.70000  0.120035539631E+00
  75.80000  0.128888153274E+00
  75.90000  0.117357124826E+00
  76.00000  0.120823725761E+00
  76.10000  0.115130366763E+00
  76.20000  0.115172005631E+00
  76.30000  0.116347854740E+00
  76.40000  0.120887023711E+00
  76.50000  0.121525422183E+00
  76.60000  0.132399097365E+00
  76.70000  0.127859709370E+00
  76.80000  0.136395521779E+00
  76.90000  0.131094164474E+00
  77.00000  0.128593839560E+00
  77.10000  0.129601288685E+00
  77.20000  0.119128776774E+00
  77.30000  0.126944262707E+00
  77.40000  0.120037251874E+00
  77.50000  0.128827988501E+00
  77.60000  0.130801015988E+00
  77.70000  0.136239168307E+00
  77.80000  0.139510806025E+00
  77.90000  0.142869544953E+00
  78.00000  0.137506871695E+00
  78.10000  0.141653592101E+00
  78.20000  0.129447145040E+00
  78.30000  0.133759022959E+00
  78.40000  0.127102358321E+00
  78.50000  0.128428577143E+00
  78.60000  0.135015007303E+00
  78.70000  0.132410855772E+00
  78.80000  0.145460340581E+00
  78.90000  0.141398953490E+00
  79.00000  0.148166716948E+00
  79.10000  0.144621415766E+00
  79.20000  0.142242707779E+00
  79.30000  0.137855974075E+00
  79.40000  0.136071589487E+00
  79.50000  0.129193451397E+00
  79.60000  0.136654262903E+00
  79.70000  0.129892406823E+00
  79.80000  0.142123793160E+00
  79.90000  0.140662151772E+00
  80.00000  0.145371175338E+00
  80.10000  0.150110673671E+00
  80.20000  0.142646007524E+00
  80.30000  0.148094837332E+00
  80.40000  0.136818041620E+00
  80.50000  0.138124217086E+00
  80.60000  0.133244556322E+00
  80.70000  0.133161644161E+00
  80.80000  0.134340452735E+00
  80.90000  0.139569369478E+00
  81.00000  0.138262519257E+00
  81.10000  0.149271755978E+00
  81.20000  0.141442412982E+00
  81.30000  0.149972605257E+00
  81.40000  0.141657079334E+00
  81.50000  0.140298056428E+00
  81.60000  0.139454261782E+00
  81.70000  0.131002580591E+00
  81.80000  0.137583098314E+00
  81.90000  0.131604105414E+00
  82.00000  0.138739951914E+00
  82.10000  0.139530523971E+00
  82.20000  0.142823547923E+00
  82.30000  0.144337979811E+00
  82.40000  0.146294308701E+00
  82.50000  0.140628538584E+00
  82.60000  0.145315877207E+00
  82.70000  0.133835200119E+00
  82.80000  0.140142909238E+00
  82.90000  0.132829932630E+00
  83.00000  0.135556241875E+00
  83.10000  0.139144203405E+00
  83.20000  0.135912241151E+00
  83.30000  0.145786752058E+00
  83.40000  0.140093150185E+00
  83.50000  0.146259064053E+00
  83.60000  0.142572430049E+00
  83.70000  0.141986410661E+00
  83.80000  0.139840631721E+00
  83.90000  0.139294913415E+00
  84.00000  0.134775530342E+00
  84.10000  0.140916353876E+00
  84.20000  0.133536479480E+00
  84.30000  0.143325794817E+00
  84.40000  0.138292121015E+00
  84.50000  0.142377143248E+00
  84.60000  0.144384234162E+00
  84.70000  0.138770088814E+00
  84.80000  0.145642350915E+00
  84.90000  0.136390913997E+00
  85.00000  0.141645496454E+00
  85.10000  0.136825397663E+00
  85.20000  0.137945461675E+00
  85.30000  0.137767222679E+00
  85.40000  0.138914674853E+00
  85.50000  0.136863632292E+00
  85.60000  0.142355782144E+00
  85.70000  0.135204460455E+00
  85.80000  0.142680908886E+00
  85.90000  0.135660108955E+00
  86.00000  0.138220413568E+00
  86.10000  0.138517200408E+00
  86.20000  0.133129928243E+00
  86.30000  0.140575981661E+00
  86.40000  0.131880144347E+00
  86.50000  0.139185996895E+00
  86.60000  0.133843780911E+00
  86.70000  0.135831757542E+00
  86.80000  0.134729618443E+00
  86.90000  0.134263515920E+00
  87.00000  0.132510557849E+00
  87.10000  0.135551032457E+00
  87.20000  0.130032873310E+00
  87.30000  0.136686036576E+00
  87.40000  0.131038981991E+00
  87.50000  0.134554643839E+00
  87.60000  0.134853656408E+00
  87.70000  0.129985635632E+00
  87.80000  0.136843035326E+00
  87.90000  0.126758882490E+00
  88.00000  0.134351187831E+00
  88.10000  0.127123508947E+00
  88.20000  0.130358507228E+00
  88.30000  0.129477037831E+00
  88.40000  0.129718512708E+00
  88.50000  0.130697916629E+00
  88.60000  0.132681095589E+00
  88.70000  0.129869116673E+00
  88.80000  0.134312714145E+00
  88.90000  0.128843416886E+00
  89.00000  0.130783703609E+00
  89.10000  0.129374190157E+00
  89.20000  0.124488978345E+00
  89.30000  0.130809257491E+00
  89.40000  0.121480400536E+00
  89.50000  0.131246631697E+00
  89.60000  0.124361736008E+00
  89.70000  0.130194249124E+00
  89.80000  0.129230442581E+00
  89.90000  0.128888193978E+00
  90.00000  0.130252461577E+00
  90.10000  0.128072940243E+00
  90.20000  0.126436970924E+00
  90.30000  0.126791583345E+00
  90.40000  0.122624065668E+00
  90.50000  0.124094905894E+00
  90.60000  0.123525243181E+00
  90.70000  0.121119502967E+00
  90.80000  0.128004781216E+00
  90.90000  0.120257982526E+00
  91.00000  0.130526630804E+00
  91.10000  0.122140460797E+00
  91.20000  0.127815460937E+00
  91.30000  0.124360235197E+00
  91.40000  0.122431531999E+00
  91.50000  0.124007180708E+00
  91.60000  0.119242549844E+00
  91.70000  0.121278201752E+00
  91.80000  0.119742721866E+00
  91.90000  0.119598276331E+00
  92.00000  0.121147211045E+00
  92.10000  0.121567519460E+00
  92.20000  0.120554739697E+00
  92.30000  0.125433561466E+00
  92.40000  0.118480981666E+00
  92.50000  0.126709015239E+00
  92.60000  0.117683907682E+00
  92.70000  0.123347457153E+00
  92.80000  0.119331984121E+00
  92.90000  0.118245893399E+00
  93.00000  0.121545910910E+00
  93.10000  0.116005797122E+00
  93.20000  0.122037092987E+00
  93.30000  0.117885295270E+00
  93.40000  0.121217369488E+00
  93.50000  0.120816545873E+00
  93.60000  0.121486594126E+00
  93.70000  0.121256136562E+00
  93.80000  0.123547473663E+00
  93.90000  0.119139909764E+00
  94.00000  0.124879841628E+00
  94.10000  0.117549796723E+00
  94.20000  0.122822368003E+00
  94.30000  0.118856136498E+00
  94.40000  0.118397366289E+00
  94.50000  0.122025139892E+00
  94.60000  0.115716851640E+00
  94.70000  0.124133213382E+00
  94.80000  0.117372026317E+00
  94.90000  0.123905213005E+00
  95.00000  0.121307346395E+00
  95.10000  0.122724915032E+00
  95.20000  0.122989715370E+00
  95.30000  0.122151838307E+00
  95.40000  0.120527456160E+00
  95.50000  0.121699756491E+00
  95.60000  0.116948861400E+00
  95.70000  0.119982875606E+00
  95.80000  0.116890942605E+00
  95.90000  0.117386222456E+00
  96.00000  0.121251178084E+00
  96.10000  0.116234530261E+00
  96.20000  0.125920057466E+00
  96.30000  0.117912320407E+00
  96.40000  0.126194244915E+00
  96.50000  0.120648089556E+00
  96.60000  0.121834436167E+00
  96.70000  0.121162944180E+00
  96.80000  0.117052403161E+00
  96.90000  0.118689787056E+00
  97.00000  0.115820187862E+00
  97.10000  0.116516155638E+00
  97.20000  0.118067604844E+00
  97.30000  0.118502244300E+00
  97.40000  0.120584465410E+00
  97.50000  0.124087075003E+00
  97.60000  0.120821001740E+00
  97.70000  0.127986572008E+00
  97.80000  0.119194672196E+00
  97.90000  0.125785775771E+00
  98.00000  0.117996770225E+00
  98.10000  0.119239596023E+00
  98.20000  0.118794807688E+00
  98.30000  0.114813322409E+00
  98.40000  0.121225857091E+00
  98.50000  0.116793620523E+00
  98.60000  0.123885733896E+00
  98.70000  0.122688243228E+00
  98.80000  0.125638900090E+00
  98.90000  0.125989524760E+00
  99.00000  0.125887667208E+00
  99.10000  0.123203858299E+00
  99.20000  0.124340382409E+00
  99.30000  0.117591282618E+00
  99.40000  0.121399396653E+00
  99.50000  0.115650830490E+00
  99.60000  0.118656654721E+00
  99.70000  0.120053226948E+00
  99.80000  0.118035789525E+00
  99.90000  0.126631129766E+00
 100.00000  0.119805072948E+00
 100.10000  0.128796146376E+00
 100.20000  0.121761074775E+00
 100.30000  0.124509462400E+00
 100.40000  0.121155875780E+00
 100.50000  0.118066939714E+00
 100.60000  0.117816408624E+00
 100.70000  0.115079272436E+00
 100.80000  0.114958659330E+00
 100.90000  0.116716782714E+00
 101.00000  0.116102091512E+00
 101.10000  0.119383599952E+00
 101.20000  0.120881273918E+00
 101.30000  0.119260958884E+00
 101.40000  0.124620106417E+00
 101.50000  0.116208905054E+00
 101.60000  0.122938255400E+00
 101.70000  0.113261002152E+00
 101.80000  0.116661298173E+00
 101.90000  0.113077021436E+00
 102.00000  0.111289871190E+00
 102.10000  0.115421601469E+00
 102.20000  0.111278659017E+00
 102.30000  0.117941886011E+00
 102.40000  0.115396436468E+00
 102.50000  0.118759283995E+00
 102.60000  0.118211842236E+00
 102.70000  0.117809992779E+00
 102.80000  0.115959772604E+00
 102.90000  0.115962498051E+00
 103.00000  0.110504234775E+00
 103.10000  0.113743553926E+00
 103.20000  0.107299720833E+00
 103.30000  0.111368834838E+00
 103.40000  0.109511300470E+00
 103.50000  0.109405542436E+00
 103.60000  0.114516534259E+00
 103.70000  0.108522761194E+00
 103.80000  0.116621690402E+00
 103.90000  0.108471252874E+00
 104.00000  0.113064493568E+00
 104.10000  0.107911764746E+00
 104.20000  0.106659069745E+00
 104.30000  0.105794183282E+00
 104.40000  0.102363199284E+00
 104.50000  0.102872782065E+00
 104.60000  0.102012665265E+00
 104.70000  0.101322709656E+00
 104.80000  0.103074443536E+00
 104.90000  0.102354593495E+00
 105.00000  0.102129621220E+00
 105.10000  0.104339279246E+00
 105.20000  0.986528384929E-01
 105.30000  0.103995351500E+00
 105.40000  0.951221911866E-01
 105.50000  0.998401223567E-01
 105.60000  0.939553738640E-01
 105.70000  0.940630851899E-01
 105.80000  0.949347859411E-01
 105.90000  0.904407237053E-01
 106.00000  0.957836600413E-01
 106.10000  0.904904564034E-01
 106.20000  0.948724689062E-01
 106.30000  0.920800053857E-01
 106.40000  0.927316355376E-01
 106.50000  0.918391176329E-01
 106.60000  0.907709003098E-01
 106.70000  0.886581675308E-01
 106.80000  0.891897666567E-01
 106.90000  0.846758404189E-01
 107.00000  0.868737582715E-01
 107.10000  0.828617378133E-01
 107.20000  0.832396663176E-01
 107.30000  0.837535176165E-01
 107.40000  0.794506922849E-01
 107.50000  0.848359457490E-01
 107.60000  0.773275224436E-01
 107.70000  0.832796746394E-01
 107.80000  0.772039793784E-01
 107.90000  0.789365165756E-01
 108.00000  0.773105181771E-01
 108.10000  0.741758601341E-01
 108.20000  0.755780180397E-01
 108.30000  0.710511396775E-01
 108.40000  0.719515762374E-01
 108.50000  0.693747099622E-01
 108.60000  0.685242376461E-01
 108.70000  0.676448737631E-01
 108.80000  0.671800260713E-01
 108.90000  0.651690898745E-01
 109.00000  0.673896660947E-01
 109.10000  0.628016676245E-01
 109.20000  0.667124616731E-01
 109.30000  0.617024906736E-01
 109.40000  0.634571588930E-01
 109.50000  0.616790047346E-01
 109.60000  0.585251882165E-01
 109.70000  0.610984809189E-01
 109.80000  0.544650650071E-01
 109.90000  0.586968522734E-01
 110.00000  0.529186285555E-01
 110.10000  0.552044534651E-01
 110.20000  0.532195780874E-01
 110.30000  0.525747424501E-01
 110.40000  0.533486953385E-01
 110.50000  0.516101388227E-01
 110.60000  0.519560737764E-01
 110.70000  0.509599454008E-01
 110.80000  0.493836129707E-01
 110.90000  0.486850993210E-01
 111.00000  0.468787589967E-01
 111.10000  0.445042992987E-01
 111.20000  0.450394654885E-01
 111.30000  0.402682390150E-01
 111.40000  0.432880305301E-01
 111.50000  0.381934824495E-01
 111.60000  0.408980124500E-01
 111.70000  0.386197689556E-01
 111.80000  0.380555262178E-01
 111.90000  0.395647622013E-01
 112.00000  0.355327925812E-01
 112.10000  0.386094982401E-01
 112.20000  0.336572156191E-01
 112.30000  0.352139854335E-01
 112.40000  0.320124110669E-01
 112.50000  0.310995269531E-01
 112.60000  0.300759111055E-01
 112.70000  0.283880853924E-01
 112.80000  0.279802487444E-01
 112.90000  0.275288974998E-01
 113.00000  0.265367718864E-01
 113.10000  0.272008929280E-01
 113.20000  0.262888378189E-01
 113.30000  0.259977623066E-01
 113.40000  0.265617951146E-01
 113.50000  0.237746260400E-01
 113.60000  0.258591780264E-01
 113.70000  0.214772794415E-01
 113.80000  0.233788693926E-01
 113.90000  0.200657094805E-01
 114.00000  0.199454640089E-01
 114.10000  0.196136244304E-01
 114.20000  0.172786312104E-01
 114.30000  0.193301069100E-01
 114.40000  0.163363372947E-01
 114.50000  0.184640474223E-01
 114.60000  0.165046907862E-01
 114.70000  0.170101146581E-01
 114.80000  0.163667518808E-01
 114.90000  0.154096392080E-01
 115.00000  0.150423273586E-01
 115.10000  0.138797663939E-01
 115.20000  0.128615393117E-01
 115.30000  0.122839371602E-01
 115.40000  0.109685328632E-01
 115.50000  0.105555625770E-01
 115.60000  0.101868532468E-01
 115.70000  0.901610053496E-02
 115.80000  0.101924122796E-01
 115.90000  0.812632644037E-02
 116.00000  0.995362061734E-02
 116.10000  0.800261012575E-02
 116.20000  0.886028963999E-02
 116.30000  0.822749596864E-02
 116.40000  0.722216643014E-02
 116.50000  0.808478871618E-02
 116.60000  0.580372117972E-02
 116.70000  0.714329315595E-02
 116.80000  0.507248108828E-02
 116.90000  0.574814441271E-02
 117.00000  0.493992388975E-02
 117.10000  0.469865956740E-02
 117.20000  0.502214618765E-02
 117.30000  0.439628746552E-02
 117.40000  0.497681750241E-02
 117.50000  0.452828696165E-02
 117.60000  0.470642483295E-02
 117.70000  0.451022979918E-02
 117.80000  0.433613414227E-02
 117.90000  0.404573667941E-02
 118.00000  0.394647687259E-02
 118.10000  0.327196789974E-02
 118.20000  0.345603136220E-02
 118.30000  0.257872958349E-02
 118.40000  0.283303299122E-02
 118.50000  0.233869185330E-02
 118.60000  0.223505836026E-02
 118.70000  0.260300399016E-02
 118.80000  0.189674899186E-02
 118.90000  0.298754872366E-02
 119.00000  0.195507311394E-02
 119.10000  0.304241399990E-02
 119.20000  0.237560459077E-02
 119.30000  0.269432001553E-02
 119.40000  0.292798689387E-02
 119.50000  0.222253877458E-02
 119.60000  0.323258879911E-02
 119.70000  0.196759797927E-02
 119.80000  0.305606631312E-02
 119.90000  0.212391006536E-02
 120.00000  0.264657763419E-02
 120.10000  0.268558456642E-02
 120.20000  0.252408833865E-02
 120.30000  0.344496194317E-02
 120.40000  0.294879570310E-02
 120.50000  0.407668377974E-02
 120.60000  0.373250536251E-02
 120.70000  0.439398250375E-02
 120.80000  0.442616005971E-02
 120.90000  0.449809798496E-02
 121.00000  0.464847725180E-02
 121.10000  0.454533394246E-02
 121.20000  0.440801566371E-02
 121.30000  0.456391138815E-02
 121.40000  0.420063224898E-02
 121.50000  0.454388128942E-02
 121.60000  0.464235030758E-02
 121.70000  0.459087491537E-02
 121.80000  0.577013380723E-02
 121.90000  0.493065639523E-02
 122.00000  0.688755862409E-02
 122.10000  0.572181112785E-02
 122.20000  0.726650689440E-02
 122.30000  0.686658356454E-02
 122.40000  0.686383144476E-02
 122.50000  0.792042411873E-02
 122.60000  0.635997189640E-02
 122.70000  0.839557148901E-02
 122.80000  0.651974738772E-02
 122.90000  0.835066816565E-02
 123.00000  0.764126694502E-02
 123.10000  0.839157925451E-02
 123.20000  0.936384673600E-02
 123.30000  0.907664977431E-02
 123.40000  0.108542368138E-01
 123.50000  0.102941075287E-01
 123.60000  0.115460404425E-01
 123.70000  0.113289511453E-01
 123.80000  0.116204171170E-01
 123.90000  0.116048995529E-01
 124.00000  0.116844517954E-01
 124.10000  0.112289825635E-01
 124.20000  0.120492848641E-01
 124.30000  0.110155678211E-01
 124.40000  0.124711832780E-01
 124.50000  0.118171717191E-01
 124.60000  0.126554244363E-01
 124.70000  0.136313743710E-01
 124.80000  0.126791090639E-01
 124.90000  0.153843576321E-01
 125.00000  0.129565196045E-01
 125.10000  0.158725064434E-01
 125.20000  0.137536126052E-01
 125.30000  0.150206551341E-01
 125.40000  0.149198806388E-01
 125.50000  0.139034378133E-01
 125.60000  0.159811578322E-01
 125.70000  0.138014258919E-01
 125.80000  0.165683896022E-01
 125.90000  0.150851995895E-01
 126.00000  0.169102950702E-01
 126.10000  0.170488117708E-01
 126.20000  0.174752278582E-01
 126.30000  0.185858195567E-01
 126.40000  0.183797350310E-01
 126.50000  0.190609189862E-01
 126.60000  0.191287054929E-01
 126.70000  0.189087518846E-01
 126.80000  0.191627509254E-01
 126.90000  0.190676176418E-01
 127.00000  0.185563470898E-01
 127.10000  0.199074218069E-01
 127.20000  0.180768065548E-01
 127.30000  0.207783928384E-01
 127.40000  0.185786871410E-01
 127.50000  0.208595060077E-01
 127.60000  0.201821785351E-01
 127.70000  0.200950028571E-01
 127.80000  0.219990526531E-01
 127.90000  0.193029063407E-01
 128.00000  0.227495299907E-01
 128.10000  0.193101214912E-01
 128.20000  0.220440120060E-01
 128.30000  0.202637691280E-01
 128.40000  0.207022089192E-01
 128.50000  0.215830997321E-01
 128.60000  0.200606019488E-01
 128.70000  0.224596648905E-01
 128.80000  0.206843690755E-01
 128.90000  0.227152521370E-01
 129.00000  0.220526006927E-01
 129.10000  0.228344637632E-01
 129.20000  0.231645648819E-01
 129.30000  0.233674728985E-01
 129.40000  0.234190909679E-01
 129.50000  0.240806108844E-01
 129.60000  0.231331585000E-01
 129.70000  0.242083559249E-01
 129.80000  0.231302465376E-01
 129.90000  0.233505793439E-01
 130.00000  0.238195162392E-01
 130.10000  0.220565534138E-01
 130.20000  0.246396208545E-01
 130.30000  0.213864845518E-01
 130.40000  0.246454591016E-01
 130.50000  0.220479985220E-01
 130.60000  0.235923251109E-01
 130.70000  0.236502920010E-01
 130.80000  0.222333307979E-01
 130.90000  0.249843129743E-01
 131.00000  0.215295591220E-01
 131.10000  0.249380709261E-01
 131.20000  0.218570736764E-01
 131.30000  0.236117530495E-01
 131.40000  0.227169470796E-01
 131.50000  0.221461093951E-01
 131.60000  0.233529755644E-01
 131.70000  0.216650066315E-01
 131.80000  0.233734581757E-01
 131.90000  0.222904437212E-01
 132.00000  0.232340181667E-01
 132.10000  0.232443058734E-01
 132.20000  0.235764710559E-01
 132.30000  0.236765868789E-01
 132.40000  0.243811302568E-01
 132.50000  0.233649155304E-01
 132.60000  0.247284708355E-01
 132.70000  0.228184075733E-01
 132.80000  0.238109974304E-01
 132.90000  0.226853194820E-01
 133.00000  0.218654718381E-01
 133.10000  0.229996703544E-01
 133.20000  0.200888167363E-01
 133.30000  0.231329587346E-01
 133.40000  0.196406967212E-01
 133.50000  0.224725637991E-01
 133.60000  0.207204787482E-01
 133.70000  0.211937168367E-01
 133.80000  0.223279153259E-01
 133.90000  0.199912441393E-01
 134.00000  0.230044774333E-01
 134.10000  0.194738140727E-01
 134.20000  0.220279900127E-01
 134.30000  0.195868637921E-01
 134.40000  0.201003524335E-01
 134.50000  0.198720144331E-01
 134.60000  0.186247682345E-01
 134.70000  0.198591660571E-01
 134.80000  0.184421446345E-01
 134.90000  0.196454305498E-01
 135.00000  0.192028531199E-01
 135.10000  0.196991700904E-01
 135.20000  0.199267112573E-01
 135.30000  0.202579459889E-01
 135.40000  0.198839663535E-01
 135.50000  0.207314508013E-01
 135.60000  0.191207524921E-01
 135.70000  0.202275732866E-01
 135.80000  0.182998105135E-01
 135.90000  0.185096681234E-01
 136.00000  0.179952081365E-01
 136.10000  0.163768660456E-01
 136.20000  0.180940144221E-01
 136.30000  0.150374941615E-01
 136.40000  0.179178455872E-01
 136.50000  0.151578939235E-01
 136.60000  0.170470136631E-01
 136.70000  0.163942846155E-01
 136.80000  0.157536949795E-01
 136.90000  0.175187426940E-01
 137.00000  0.146936295695E-01
 137.10000  0.173970962937E-01
 137.20000  0.142601328984E-01
 137.30000  0.158825830564E-01
 137.40000  0.143274333839E-01
 137.50000  0.140312200979E-01
 137.60000  0.144668437782E-01
 137.70000  0.130073600988E-01
 137.80000  0.143523175949E-01
 137.90000  0.131593204013E-01
 138.00000  0.141294982236E-01
 138.10000  0.138643924597E-01
 138.20000  0.141575131368E-01
 138.30000  0.142700989848E-01
 138.40000  0.144735307318E-01
 138.50000  0.139380295780E-01
 138.60000  0.144987889823E-01
 138.70000  0.131132447435E-01
 138.80000  0.136626879515E-01
 138.90000  0.124360734268E-01
 139.00000  0.120607923971E-01
 139.10000  0.122623344440E-01
 139.20000  0.104656183812E-01
 139.30000  0.122763622651E-01
 139.40000  0.971827549603E-02
 139.50000  0.118764403774E-01
 139.60000  0.101010055553E-01
 139.70000  0.108868944495E-01
 139.80000  0.111161686250E-01
 139.90000  0.976045866108E-02
 140.00000  0.117461151908E-01
 140.10000  0.904226582183E-02
 140.20000  0.112518814867E-01
 140.30000  0.896066203148E-02
 140.40000  0.986332905168E-02
 140.50000  0.926884345704E-02
 140.60000  0.852042924763E-02
 140.70000  0.952429544480E-02
 140.80000  0.802976984291E-02
 140.90000  0.944621684584E-02
 141.00000  0.838369269392E-02
 141.10000  0.918771305342E-02
 141.20000  0.901409283261E-02
 141.30000  0.911953136939E-02
 141.40000  0.927116460290E-02
 141.50000  0.923472690930E-02
 141.60000  0.891947744687E-02
 141.70000  0.911721348111E-02
 141.80000  0.827999228607E-02
 141.90000  0.840847352956E-02
 142.00000  0.789162793094E-02
 142.10000  0.729595279025E-02
 142.20000  0.791938359811E-02
 142.30000  0.635299589757E-02
 142.40000  0.793713201452E-02
 142.50000  0.609863780196E-02
 142.60000  0.748275552289E-02
 142.70000  0.662270663029E-02
 142.80000  0.661739944427E-02
 142.90000  0.744706108636E-02
 143.00000  0.582853560343E-02
 143.10000  0.779208459014E-02
 143.20000  0.554873398989E-02
 143.30000  0.726931946036E-02
 143.40000  0.587848928928E-02
 143.50000  0.625986754013E-02
 143.60000  0.652427749070E-02
 143.70000  0.553861283615E-02
 143.80000  0.701617101730E-02
 143.90000  0.557270238572E-02
 144.00000  0.705694299310E-02
 144.10000  0.618362726811E-02
 144.20000  0.681436460749E-02
 144.30000  0.684096528841E-02
 144.40000  0.667935973392E-02
 144.50000  0.703301062499E-02
 144.60000  0.670265185818E-02
 144.70000  0.667808754674E-02
 144.80000  0.661415873003E-02
 144.90000  0.623368026504E-02
 145.00000  0.620192426372E-02
 145.10000  0.618208405670E-02
 145.20000  0.561082901731E-02
 145.30000  0.648717773179E-02
 145.40000  0.523039981455E-02
 145.50000  0.662014739944E-02
 145.60000  0.538244915786E-02
 145.70000  0.623938643314E-02
 145.80000  0.608600818240E-02
 145.90000  0.556873399573E-02
 146.00000  0.689888241567E-02
 146.10000  0.511671563963E-02
 146.20000  0.720464122317E-02
 146.30000  0.528804173194E-02
 146.40000  0.679995454091E-02
 146.50000  0.614710348164E-02
 146.60000  0.612974051232E-02
 146.70000  0.730739690757E-02
 146.80000  0.586013542975E-02
 146.90000  0.808560778375E-02
 147.00000  0.629750061095E-02
 147.10000  0.809342110871E-02
 147.20000  0.722111892646E-02
 147.30000  0.761396490851E-02
 147.40000  0.803838834655E-02
 147.50000  0.721450615579E-02
 147.60000  0.823533070239E-02
 147.70000  0.716724338567E-02
 147.80000  0.784568905722E-02
 147.90000  0.730791836344E-02
 148.00000  0.742198524345E-02
 148.10000  0.739810623655E-02
 148.20000  0.748149382907E-02
 148.30000  0.740673955865E-02
 148.40000  0.793921656001E-02
 148.50000  0.748562992964E-02
 148.60000  0.830395714836E-02
 148.70000  0.790781710987E-02
 148.80000  0.831164226817E-02
 148.90000  0.877806548384E-02
 149.00000  0.810436877919E-02
 149.10000  0.972362367765E-02
 149.20000  0.808201881693E-02
 149.30000  0.101586140926E-01
 149.40000  0.868771757606E-02
 149.50000  0.986816300803E-02
 149.60000  0.100014260683E-01
 149.70000  0.925998299039E-02
 149.80000  0.114403568765E-01
 149.90000  0.903244762829E-02
 150.00000  0.120898594891E-01
 150.10000  0.961452167138E-02
 150.20000  0.115796084486E-01
 150.30000  0.108548199288E-01
 150.40000  0.104809913976E-01
 150.50000  0.120563226285E-01
 150.60000  0.972010149699E-02
 150.70000  0.124667156552E-01
 150.80000  0.985018847531E-02
 150.90000  0.119653521049E-01
 151.00000  0.108173387594E-01
 151.10000  0.111753314885E-01
 151.20000  0.120952658347E-01
 151.30000  0.108920294449E-01
 151.40000  0.130412188735E-01
 151.50000  0.114570754745E-01
 151.60000  0.133653901257E-01
 151.70000  0.126118632668E-01
 151.80000  0.133884738993E-01
 151.90000  0.138017716110E-01
 152.00000  0.136760124398E-01
 152.10000  0.145504051462E-01
 152.20000  0.143287004110E-01
 152.30000  0.147766115299E-01
 152.40000  0.149095008632E-01
 152.50000  0.149017198820E-01
 152.60000  0.150361343006E-01
 152.70000  0.153468806797E-01
 152.80000  0.147520365847E-01
 152.90000  0.159210930914E-01
 153.00000  0.144793970954E-01
 153.10000  0.160698475080E-01
 153.20000  0.147768687966E-01
 153.30000  0.156116484776E-01
 153.40000  0.158737848631E-01
 153.50000  0.149803865454E-01
 153.60000  0.173129786515E-01
 153.70000  0.148862292863E-01
 153.80000  0.182342123533E-01
 153.90000  0.158596251123E-01
 154.00000  0.181448046703E-01
 154.10000  0.178559409907E-01
 154.20000  0.174034071355E-01
 154.30000  0.200413131666E-01
 154.40000  0.169137096965E-01
 154.50000  0.211810834026E-01
 154.60000  0.174219738096E-01
 154.70000  0.206687841394E-01
 154.80000  0.190135612315E-01
 154.90000  0.191687606050E-01
 155.00000  0.209659406625E-01
 155.10000  0.180082938493E-01
 155.20000  0.221281399202E-01
 155.30000  0.181042808507E-01
 155.40000  0.218556602107E-01
 155.50000  0.194967617060E-01
 155.60000  0.206214499542E-01
 155.70000  0.214381235742E-01
 155.80000  0.195337904192E-01
 155.90000  0.228079816141E-01
 156.00000  0.194336138263E-01
 156.10000  0.229188091670E-01
 156.20000  0.204784411953E-01
 156.30000  0.221465619987E-01
 156.40000  0.221912901866E-01
 156.50000  0.215695283420E-01
 156.60000  0.237566003123E-01
 156.70000  0.219710310584E-01
 156.80000  0.245950366130E-01
 156.90000  0.232751191372E-01
 157.00000  0.248301808918E-01
 157.10000  0.247772941799E-01
 157.20000  0.250117940901E-01
 157.30000  0.257216022195E-01
 157.40000  0.253737453409E-01
 157.50000  0.257941650734E-01
 157.60000  0.255969494916E-01
 157.70000  0.253470088471E-01
 157.80000  0.253307924288E-01
 157.90000  0.251046269297E-01
 158.00000  0.246966254503E-01
 158.10000  0.254508677876E-01
 158.20000  0.242297118399E-01
 158.30000  0.260691640681E-01
 158.40000  0.245659416962E-01
 158.50000  0.264217630488E-01
 158.60000  0.260743830595E-01
 158.70000  0.264179180359E-01
 158.80000  0.283801843058E-01
 158.90000  0.264705648192E-01
 159.00000  0.302932500454E-01
 159.10000  0.271158212814E-01
 159.20000  0.306648700968E-01
 159.30000  0.286257415951E-01
 159.40000  0.294491415158E-01
 159.50000  0.306330163532E-01
 159.60000  0.277690536176E-01
 159.70000  0.320678308010E-01
 159.80000  0.270382287504E-01
 159.90000  0.319126665078E-01
 160.00000  0.280462569237E-01
 160.10000  0.302325126199E-01
 160.20000  0.304325890870E-01
 160.30000  0.282462997899E-01
 160.40000  0.327429685099E-01
 160.50000  0.273799375298E-01
 160.60000  0.333952843166E-01
 160.70000  0.283536932063E-01
 160.80000  0.320220154119E-01
 160.90000  0.308226937428E-01
 161.00000  0.298111107801E-01
 161.10000  0.334838730779E-01
 161.20000  0.285127930779E-01
 161.30000  0.348071854403E-01
 161.40000  0.292487272119E-01
 161.50000  0.342221839002E-01
 161.60000  0.319428864413E-01
 161.70000  0.326356813207E-01
 161.80000  0.353042776382E-01
 161.90000  0.315973463684E-01
 162.00000  0.374525442550E-01
 162.10000  0.320407552063E-01
 162.20000  0.372296998273E-01
 162.30000  0.337646982037E-01
 162.40000  0.351450205939E-01
 162.50000  0.356930632412E-01
 162.60000  0.328354985705E-01
 162.70000  0.365506954991E-01
 162.80000  0.316954578158E-01
 162.90000  0.357812769018E-01
 163.00000  0.321553554131E-01
 163.10000  0.340927576088E-01
 163.20000  0.338035257516E-01
 163.30000  0.329053328466E-01
 163.40000  0.357203858556E-01
 163.50000  0.331815072882E-01
 163.60000  0.369958439082E-01
 163.70000  0.348627949742E-01
 163.80000  0.374032755282E-01
 163.90000  0.371334585087E-01
 164.00000  0.374681803414E-01
 164.10000  0.388981545373E-01
 164.20000  0.376942423531E-01
 164.30000  0.393621487882E-01
 164.40000  0.379833545046E-01
 164.50000  0.386588865098E-01
 164.60000  0.379507697164E-01
 164.70000  0.377404719595E-01
 164.80000  0.374764136113E-01
 164.90000  0.373460612216E-01
 165.00000  0.368218186141E-01
 165.10000  0.373513555005E-01
 165.20000  0.364981395381E-01
 165.30000  0.373184217479E-01
 165.40000  0.370096998854E-01
 165.50000  0.372075510373E-01
 165.60000  0.383583007610E-01
 165.70000  0.372894287382E-01
 165.80000  0.398054522771E-01
 165.90000  0.378448089585E-01
 166.00000  0.404497925757E-01
 166.10000  0.391432366872E-01
 166.20000  0.400493909317E-01
 166.30000  0.411279381600E-01
 166.40000  0.391714365291E-01
 166.50000  0.429050653438E-01
 166.60000  0.387513544700E-01
 166.70000  0.431819662892E-01
 166.80000  0.395285571302E-01
 166.90000  0.415675384197E-01
 167.00000  0.413973974886E-01
 167.10000  0.390930121198E-01
 167.20000  0.431059805979E-01
 167.30000  0.373602069689E-01
 167.40000  0.431255982489E-01
 167.50000  0.374673674027E-01
 167.60000  0.411460854107E-01
 167.70000  0.394939715975E-01
 167.80000  0.384598540437E-01
 167.90000  0.423720420361E-01
 168.00000  0.369094901455E-01
 168.10000  0.443381667480E-01
 168.20000  0.377738627358E-01
 168.30000  0.441870240936E-01
 168.40000  0.411869886293E-01
 168.50000  0.423112316150E-01
 168.60000  0.456959597079E-01
 168.70000  0.403593082640E-01
 168.80000  0.485858611715E-01
 168.90000  0.399349319506E-01
 169.00000  0.477674708334E-01
 169.10000  0.415282356265E-01
 169.20000  0.436946007686E-01
 169.30000  0.441537769549E-01
 169.40000  0.390193178691E-01
 169.50000  0.458495553485E-01
 169.60000  0.364994288508E-01
 169.70000  0.451132151070E-01
 169.80000  0.374749137022E-01
 169.90000  0.422729274812E-01
 170.00000  0.414992693376E-01
 170.10000  0.393336063926E-01
 170.20000  0.464211629184E-01
 170.30000  0.384882870393E-01
 170.40000  0.493117705243E-01
 170.50000  0.407644759345E-01
 170.60000  0.485100699735E-01
 170.70000  0.453816219146E-01
 170.80000  0.449802490238E-01
 170.90000  0.497751829017E-01
 171.00000  0.413622301024E-01
 171.10000  0.509239809310E-01
 171.20000  0.398899206079E-01
 171.30000  0.477499732316E-01
 171.40000  0.411835313711E-01
 171.50000  0.422283119276E-01
 171.60000  0.441696708880E-01
 171.70000  0.377840909604E-01
 171.80000  0.467114896444E-01
 171.90000  0.369161190459E-01
 172.00000  0.470308768426E-01
 172.10000  0.402103443083E-01
 172.20000  0.451597588702E-01
 172.30000  0.462333841080E-01
 172.40000  0.428697982876E-01
 172.50000  0.517122693076E-01
 172.60000  0.421286376166E-01
 172.70000  0.531917993967E-01
 172.80000  0.437205363586E-01
 172.90000  0.498125345359E-01
 173.00000  0.468123292895E-01
 173.10000  0.440949723552E-01
 173.20000  0.492824998359E-01
 173.30000  0.396326133889E-01
 173.40000  0.490381696244E-01
 173.50000  0.386056943060E-01
 173.60000  0.458625899837E-01
 173.70000  0.412266666067E-01
 173.80000  0.418327420824E-01
 173.90000  0.459839922290E-01
 174.00000  0.396272254691E-01
 174.10000  0.500462550287E-01
 174.20000  0.407417260994E-01
 174.30000  0.509184311197E-01
 174.40000  0.449924136366E-01
 174.50000  0.485217641389E-01
 174.60000  0.504412101520E-01
 174.70000  0.450823204098E-01
 174.80000  0.537770823084E-01
 174.90000  0.429730364110E-01
 175.00000  0.524681450456E-01
 175.10000  0.432116157811E-01
 175.20000  0.472481638817E-01
 175.30000  0.453642088302E-01
 175.40000  0.415663306758E-01
 175.50000  0.477682151453E-01
 175.60000  0.385660861909E-01
 175.70000  0.483844259867E-01
 175.80000  0.394834735216E-01
 175.90000  0.466164326529E-01
 176.00000  0.440108911265E-01
 176.10000  0.440553400526E-01
 176.20000  0.501463052125E-01
 176.30000  0.428942806254E-01
 176.40000  0.542287987561E-01
 176.50000  0.441818644149E-01
 176.60000  0.535263937364E-01
 176.70000  0.475915164650E-01
 176.80000  0.489779000020E-01
 176.90000  0.514641036127E-01
 177.00000  0.439901377664E-01
 177.10000  0.529811483642E-01
 177.20000  0.411573485035E-01
 177.30000  0.502257719126E-01
 177.40000  0.413861441887E-01
 177.50000  0.446081687602E-01
 177.60000  0.445414229831E-01
 177.70000  0.398070568382E-01
 177.80000  0.488054447151E-01
 177.90000  0.384475591709E-01
 178.00000  0.509245565323E-01
 178.10000  0.412433856747E-01
 178.20000  0.494078454378E-01
 178.30000  0.479152766914E-01
 178.40000  0.463382283010E-01
 178.50000  0.559825043272E-01
 178.60000  0.445672567979E-01
 178.70000  0.600142503210E-01
 178.80000  0.450384072072E-01
 178.90000  0.561313326455E-01
 179.00000  0.478628429229E-01
 179.10000  0.468823573440E-01
 179.20000  0.525930752307E-01
 179.30000  0.382888796746E-01
 179.40000  0.555748948159E-01
 179.50000  0.333682338150E-01
 179.60000  0.511396101306E-01
 179.70000  0.329785343180E-01
 179.80000  0.383822922678E-01
 179.90000  0.454323398268E-01
 180.00000  0.484286637555E-01

