 # E =   0.74385072109759209       eV =    6000.0000000000000       1/cm
 #  1801
# DFFCSO.  ACCUM LEV(I),J(I) =  1  0 LEV(F),J(F) =  1  0       , M =  0, WEIGHTED BY  1.00000
   0.10000  0.377441933054E+07
   0.20000  0.140298984179E+07
   0.30000  0.417746568473E+06
   0.40000  0.211780023409E+06
   0.50000  0.867004203946E+05
   0.60000  0.168278863362E+05
   0.70000  0.796285359998E+04
   0.80000  0.199229676813E+05
   0.90000  0.181916170180E+05
   1.00000  0.588416106345E+04
   1.10000  0.732823675734E+03
   1.20000  0.120936099049E+04
   1.30000  0.188960130358E+04
   1.40000  0.246457317776E+04
   1.50000  0.286635579394E+04
   1.60000  0.267336513792E+04
   1.70000  0.164793310597E+04
   1.80000  0.583514138974E+03
   1.90000  0.979400134259E+03
   2.00000  0.220645919442E+04
   2.10000  0.244053916404E+04
   2.20000  0.168529729147E+04
   2.30000  0.915128673825E+03
   2.40000  0.917688997824E+03
   2.50000  0.150945704951E+04
   2.60000  0.160268063488E+04
   2.70000  0.115058142193E+04
   2.80000  0.884961165744E+03
   2.90000  0.101260467199E+04
   3.00000  0.137183197840E+04
   3.10000  0.141853030296E+04
   3.20000  0.926117406773E+03
   3.30000  0.496196870309E+03
   3.40000  0.476685572638E+03
   3.50000  0.739251437559E+03
   3.60000  0.101227007129E+04
   3.70000  0.934678602509E+03
   3.80000  0.578388819375E+03
   3.90000  0.315080678977E+03
   4.00000  0.240410776812E+03
   4.10000  0.318329542079E+03
   4.20000  0.439131497377E+03
   4.30000  0.440312422843E+03
   4.40000  0.367959498825E+03
   4.50000  0.302845402910E+03
   4.60000  0.232902219506E+03
   4.70000  0.191237835986E+03
   4.80000  0.181266288395E+03
   4.90000  0.178647888405E+03
   5.00000  0.210518698469E+03
   5.10000  0.247991382397E+03
   5.20000  0.241998636526E+03
   5.30000  0.207089815476E+03
   5.40000  0.153617345091E+03
   5.50000  0.105287641925E+03
   5.60000  0.988042059347E+02
   5.70000  0.114725379660E+03
   5.80000  0.125540581400E+03
   5.90000  0.130118210458E+03
   6.00000  0.115696818198E+03
   6.10000  0.872409997298E+02
   6.20000  0.645222189926E+02
   6.30000  0.463952539890E+02
   6.40000  0.357901746167E+02
   6.50000  0.389184863695E+02
   6.60000  0.428740793950E+02
   6.70000  0.389138829310E+02
   6.80000  0.317572857273E+02
   6.90000  0.224090325598E+02
   7.00000  0.130598420837E+02
   7.10000  0.752166037817E+01
   7.20000  0.508759053721E+01
   7.30000  0.424853607376E+01
   7.40000  0.737201126475E+01
   7.50000  0.144844685053E+02
   7.60000  0.203440853166E+02
   7.70000  0.240922061176E+02
   7.80000  0.284119717678E+02
   7.90000  0.289625969516E+02
   8.00000  0.226845869246E+02
   8.10000  0.157203559760E+02
   8.20000  0.108484533563E+02
   8.30000  0.105262229955E+02
   8.40000  0.195874977575E+02
   8.50000  0.329493315320E+02
   8.60000  0.441000327680E+02
   8.70000  0.546877333964E+02
   8.80000  0.595553875681E+02
   8.90000  0.524905719873E+02
   9.00000  0.403226561112E+02
   9.10000  0.289820750683E+02
   9.20000  0.212344942099E+02
   9.30000  0.230739931790E+02
   9.40000  0.320768730491E+02
   9.50000  0.406500233991E+02
   9.60000  0.490933983594E+02
   9.70000  0.543362729715E+02
   9.80000  0.499881944045E+02
   9.90000  0.396829611804E+02
  10.00000  0.289430126881E+02
  10.10000  0.197183969118E+02
  10.20000  0.164837184066E+02
  10.30000  0.193117375704E+02
  10.40000  0.227215088815E+02
  10.50000  0.262981944974E+02
  10.60000  0.294622745122E+02
  10.70000  0.278483233779E+02
  10.80000  0.220236909152E+02
  10.90000  0.157551682074E+02
  11.00000  0.100427983911E+02
  11.10000  0.674269205431E+01
  11.20000  0.708413565427E+01
  11.30000  0.859815423886E+01
  11.40000  0.104474233013E+02
  11.50000  0.133252377394E+02
  11.60000  0.149250016735E+02
  11.70000  0.135225490912E+02
  11.80000  0.111067005274E+02
  11.90000  0.860313267267E+01
  12.00000  0.576286916457E+01
  12.10000  0.387697965332E+01
  12.20000  0.348865167519E+01
  12.30000  0.401684513254E+01
  12.40000  0.632460302486E+01
  12.50000  0.987554945189E+01
  12.60000  0.119756241966E+02
  12.70000  0.127593093169E+02
  12.80000  0.133691417959E+02
  12.90000  0.124590790791E+02
  13.00000  0.995360613044E+01
  13.10000  0.781773148361E+01
  13.20000  0.626190937256E+01
  13.30000  0.563467297725E+01
  13.40000  0.671697828833E+01
  13.50000  0.800898098689E+01
  13.60000  0.871315541906E+01
  13.70000  0.100078659274E+02
  13.80000  0.109771922968E+02
  13.90000  0.102282162648E+02
  14.00000  0.906891773860E+01
  14.10000  0.819345656241E+01
  14.20000  0.713200447626E+01
  14.30000  0.642084441175E+01
  14.40000  0.604682905168E+01
  14.50000  0.530308847784E+01
  14.60000  0.493143070463E+01
  14.70000  0.508886901263E+01
  14.80000  0.461766776710E+01
  14.90000  0.390044545091E+01
  15.00000  0.389419821689E+01
  15.10000  0.408901014545E+01
  15.20000  0.420124151595E+01
  15.30000  0.459341247936E+01
  15.40000  0.480811042223E+01
  15.50000  0.475494978362E+01
  15.60000  0.475902453842E+01
  15.70000  0.423941922954E+01
  15.80000  0.303794014357E+01
  15.90000  0.215659609965E+01
  16.00000  0.171444882850E+01
  16.10000  0.131104074059E+01
  16.20000  0.141298971177E+01
  16.30000  0.207853101715E+01
  16.40000  0.286055603418E+01
  16.50000  0.378606494487E+01
  16.60000  0.447960523294E+01
  16.70000  0.426701521948E+01
  16.80000  0.366608681557E+01
  16.90000  0.308841986875E+01
  17.00000  0.208493013358E+01
  17.10000  0.990574653397E+00
  17.20000  0.551645697752E+00
  17.30000  0.610258650827E+00
  17.40000  0.105370042208E+01
  17.50000  0.194375382092E+01
  17.60000  0.268893189608E+01
  17.70000  0.315972838107E+01
  17.80000  0.367040218025E+01
  17.90000  0.370208425702E+01
  18.00000  0.292932244884E+01
  18.10000  0.215855310438E+01
  18.20000  0.164397747384E+01
  18.30000  0.103120407492E+01
  18.40000  0.631915222281E+00
  18.50000  0.690478786765E+00
  18.60000  0.943556316964E+00
  18.70000  0.145484808707E+01
  18.80000  0.213495208160E+01
  18.90000  0.243591893410E+01
  19.00000  0.254467013236E+01
  19.10000  0.281361853480E+01
  19.20000  0.276814681969E+01
  19.30000  0.226283012572E+01
  19.40000  0.190532075506E+01
  19.50000  0.171027646980E+01
  19.60000  0.140729535662E+01
  19.70000  0.122182586640E+01
  19.80000  0.117562837664E+01
  19.90000  0.113633154588E+01
  20.00000  0.131710977450E+01
  20.10000  0.161962396691E+01
  20.20000  0.168086628769E+01
  20.30000  0.177592872213E+01
  20.40000  0.208687057026E+01
  20.50000  0.220908959898E+01
  20.60000  0.208841913683E+01
  20.70000  0.200555473168E+01
  20.80000  0.185287968591E+01
  20.90000  0.158650158174E+01
  21.00000  0.137071081535E+01
  21.10000  0.111036339755E+01
  21.20000  0.866768254799E+00
  21.30000  0.901275797055E+00
  21.40000  0.106253368340E+01
  21.50000  0.113621875826E+01
  21.60000  0.132887548769E+01
  21.70000  0.162300512862E+01
  21.80000  0.177484748220E+01
  21.90000  0.181498881776E+01
  22.00000  0.176340287730E+01
  22.10000  0.154244586566E+01
  22.20000  0.133135197537E+01
  22.30000  0.119726031702E+01
  22.40000  0.960152338704E+00
  22.50000  0.791934146787E+00
  22.60000  0.899056579675E+00
  22.70000  0.107078190300E+01
  22.80000  0.119744154665E+01
  22.90000  0.140978760414E+01
  23.00000  0.159625407533E+01
  23.10000  0.169239858404E+01
  23.20000  0.178522903722E+01
  23.30000  0.173004961844E+01
  23.40000  0.151368185082E+01
  23.50000  0.143303551052E+01
  23.60000  0.143120675919E+01
  23.70000  0.127233035782E+01
  23.80000  0.118306319277E+01
  23.90000  0.129491426729E+01
  24.00000  0.138662992029E+01
  24.10000  0.145088234598E+01
  24.20000  0.156652783561E+01
  24.30000  0.160700179630E+01
  24.40000  0.165907102883E+01
  24.50000  0.180917051918E+01
  24.60000  0.180778102756E+01
  24.70000  0.169528265155E+01
  24.80000  0.177051814444E+01
  24.90000  0.186512286837E+01
  25.00000  0.174961946029E+01
  25.10000  0.165891065851E+01
  25.20000  0.165484965447E+01
  25.30000  0.157304516578E+01
  25.40000  0.149255123278E+01
  25.50000  0.145096122596E+01
  25.60000  0.135956568188E+01
  25.70000  0.139597349386E+01
  25.80000  0.160447861555E+01
  25.90000  0.170812177686E+01
  26.00000  0.177792881661E+01
  26.10000  0.202539915948E+01
  26.20000  0.222421386743E+01
  26.30000  0.220414913002E+01
  26.40000  0.214429337598E+01
  26.50000  0.203377399727E+01
  26.60000  0.181133566765E+01
  26.70000  0.160970702285E+01
  26.80000  0.141199795622E+01
  26.90000  0.119621561709E+01
  27.00000  0.119832076648E+01
  27.10000  0.141220136823E+01
  27.20000  0.159661383277E+01
  27.30000  0.184370357110E+01
  27.40000  0.224141167105E+01
  27.50000  0.256626885078E+01
  27.60000  0.273739266352E+01
  27.70000  0.281261626754E+01
  27.80000  0.269625648942E+01
  27.90000  0.245857248068E+01
  28.00000  0.224186797328E+01
  28.10000  0.192700826861E+01
  28.20000  0.156792298801E+01
  28.30000  0.146890743045E+01
  28.40000  0.157837434823E+01
  28.50000  0.171233585601E+01
  28.60000  0.200864513847E+01
  28.70000  0.247203720458E+01
  28.80000  0.291679064059E+01
  28.90000  0.333947851193E+01
  29.00000  0.365999238541E+01
  29.10000  0.370143785336E+01
  29.20000  0.363630877575E+01
  29.30000  0.355932715973E+01
  29.40000  0.321496201883E+01
  29.50000  0.272205924577E+01
  29.60000  0.245846478376E+01
  29.70000  0.233194093932E+01
  29.80000  0.221135031625E+01
  29.90000  0.232266697663E+01
  30.00000  0.266657435711E+01
  30.10000  0.310065903149E+01
  30.20000  0.367204186047E+01
  30.30000  0.421534438026E+01
  30.40000  0.450533454446E+01
  30.50000  0.474563717490E+01
  30.60000  0.494207050831E+01
  30.70000  0.472404919906E+01
  30.80000  0.424264587323E+01
  30.90000  0.389773775836E+01
  31.00000  0.355308528941E+01
  31.10000  0.311983622597E+01
  31.20000  0.290915589519E+01
  31.30000  0.295757327943E+01
  31.40000  0.316474799176E+01
  31.50000  0.361524465388E+01
  31.60000  0.413814920650E+01
  31.70000  0.451786519182E+01
  31.80000  0.494446380863E+01
  31.90000  0.534807979059E+01
  32.00000  0.531969877571E+01
  32.10000  0.501273067718E+01
  32.20000  0.477555940563E+01
  32.30000  0.442759597735E+01
  32.40000  0.390195479431E+01
  32.50000  0.352658076188E+01
  32.60000  0.334646563727E+01
  32.70000  0.328793333013E+01
  32.80000  0.345433381287E+01
  32.90000  0.371387473909E+01
  33.00000  0.390974106188E+01
  33.10000  0.422093969658E+01
  33.20000  0.455863499099E+01
  33.30000  0.456906541372E+01
  33.40000  0.440818498198E+01
  33.50000  0.433973881173E+01
  33.60000  0.416163582552E+01
  33.70000  0.381580808551E+01
  33.80000  0.356669099675E+01
  33.90000  0.341676958181E+01
  34.00000  0.329627018034E+01
  34.10000  0.329185608100E+01
  34.20000  0.329791708680E+01
  34.30000  0.322510023231E+01
  34.40000  0.325062056184E+01
  34.50000  0.330881136736E+01
  34.60000  0.315706348561E+01
  34.70000  0.296873402215E+01
  34.80000  0.293712902302E+01
  34.90000  0.288222099045E+01
  35.00000  0.276549679582E+01
  35.10000  0.275645581625E+01
  35.20000  0.280006081839E+01
  35.30000  0.282752596925E+01
  35.40000  0.288231051113E+01
  35.50000  0.284772421898E+01
  35.60000  0.267782046561E+01
  35.70000  0.253974823709E+01
  35.80000  0.238435892144E+01
  35.90000  0.206567539785E+01
  36.00000  0.177261136058E+01
  36.10000  0.165358440775E+01
  36.20000  0.157520704495E+01
  36.30000  0.153288859210E+01
  36.40000  0.162840995295E+01
  36.50000  0.178126528759E+01
  36.60000  0.194163580592E+01
  36.70000  0.211716791816E+01
  36.80000  0.217164843113E+01
  36.90000  0.208107041344E+01
  37.00000  0.198785102558E+01
  37.10000  0.183126616813E+01
  37.20000  0.151121173092E+01
  37.30000  0.121032852027E+01
  37.40000  0.104099383082E+01
  37.50000  0.902956655681E+00
  37.60000  0.819303977413E+00
  37.70000  0.867081322659E+00
  37.80000  0.977581799693E+00
  37.90000  0.112864344120E+01
  38.00000  0.131915247125E+01
  38.10000  0.142153403760E+01
  38.20000  0.142703359470E+01
  38.30000  0.144502253072E+01
  38.40000  0.139632644306E+01
  38.50000  0.119477285065E+01
  38.60000  0.993387867897E+00
  38.70000  0.866012728221E+00
  38.80000  0.722625325730E+00
  38.90000  0.595459213693E+00
  39.00000  0.558882165015E+00
  39.10000  0.568901692900E+00
  39.20000  0.621603800047E+00
  39.30000  0.727397269256E+00
  39.40000  0.797363552462E+00
  39.50000  0.834731618757E+00
  39.60000  0.915592854979E+00
  39.70000  0.959503744129E+00
  39.80000  0.891143653740E+00
  39.90000  0.820930143527E+00
  40.00000  0.784642786841E+00
  40.10000  0.694313167228E+00
  40.20000  0.575504156193E+00
  40.30000  0.497342781395E+00
  40.40000  0.433586299163E+00
  40.50000  0.383948485863E+00
  40.60000  0.374381935603E+00
  40.70000  0.364677476099E+00
  40.80000  0.365414389374E+00
  40.90000  0.425684882230E+00
  41.00000  0.488059787653E+00
  41.10000  0.499556058543E+00
  41.20000  0.527026065311E+00
  41.30000  0.577315486769E+00
  41.40000  0.574182020556E+00
  41.50000  0.528970052674E+00
  41.60000  0.488744870204E+00
  41.70000  0.432207454242E+00
  41.80000  0.353661986646E+00
  41.90000  0.281623309207E+00
  42.00000  0.209257681143E+00
  42.10000  0.148950272618E+00
  42.20000  0.131262104746E+00
  42.30000  0.133815858927E+00
  42.40000  0.135529089671E+00
  42.50000  0.170638896439E+00
  42.60000  0.234552001133E+00
  42.70000  0.282581814316E+00
  42.80000  0.316353353787E+00
  42.90000  0.348398609417E+00
  43.00000  0.359251967442E+00
  43.10000  0.343122200416E+00
  43.20000  0.310371353115E+00
  43.30000  0.255245637257E+00
  43.40000  0.190226073361E+00
  43.50000  0.134037415363E+00
  43.60000  0.809747298867E-01
  43.70000  0.324603897530E-01
  43.80000  0.101746769090E-01
  43.90000  0.123154598596E-01
  44.00000  0.281980084134E-01
  44.10000  0.617400225816E-01
  44.20000  0.103434362275E+00
  44.30000  0.143257332141E+00
  44.40000  0.186309641720E+00
  44.50000  0.220893023977E+00
  44.60000  0.225690190544E+00
  44.70000  0.217399509774E+00
  44.80000  0.207643997760E+00
  44.90000  0.177584183651E+00
  45.00000  0.130427026109E+00
  45.10000  0.917018908433E-01
  45.20000  0.604052268123E-01
  45.30000  0.322602625119E-01
  45.40000  0.192541652515E-01
  45.50000  0.164823230538E-01
  45.60000  0.212649060719E-01
  45.70000  0.448500702086E-01
  45.80000  0.744321258845E-01
  45.90000  0.877186921657E-01
  46.00000  0.103447935170E+00
  46.10000  0.129823602568E+00
  46.20000  0.137303910187E+00
  46.30000  0.124364376214E+00
  46.40000  0.118831994288E+00
  46.50000  0.114661747817E+00
  46.60000  0.954673747277E-01
  46.70000  0.759982154561E-01
  46.80000  0.634842060257E-01
  46.90000  0.508817441912E-01
  47.00000  0.414482329226E-01
  47.10000  0.367514229490E-01
  47.20000  0.280839007888E-01
  47.30000  0.240353356486E-01
  47.40000  0.296542743231E-01
  47.50000  0.299941313318E-01
  47.60000  0.243124689296E-01
  47.70000  0.274862203149E-01
  47.80000  0.341029749900E-01
  47.90000  0.314382913719E-01
  48.00000  0.279183994239E-01
  48.10000  0.283444326216E-01
  48.20000  0.261289748444E-01
  48.30000  0.197460137012E-01
  48.40000  0.142658399129E-01
  48.50000  0.889979425581E-02
  48.60000  0.414832854880E-02
  48.70000  0.104835177116E-02
  48.80000  0.621183538189E-05
  48.90000  0.224432971485E-02
  49.00000  0.538174310399E-02
  49.10000  0.834450270636E-02
  49.20000  0.143430912848E-01
  49.30000  0.211114979788E-01
  49.40000  0.200060977558E-01
  49.50000  0.176074168273E-01
  49.60000  0.200501466437E-01
  49.70000  0.185983009072E-01
  49.80000  0.112544073902E-01
  49.90000  0.106771668080E-01
  50.00000  0.163968035053E-01
  50.10000  0.216351356026E-01
  50.20000  0.315596139300E-01
  50.30000  0.455622491534E-01
  50.40000  0.591437840593E-01
  50.50000  0.767434336868E-01
  50.60000  0.945445502239E-01
  50.70000  0.982306837673E-01
  50.80000  0.988084240656E-01
  50.90000  0.107219518103E+00
  51.00000  0.104344154509E+00
  51.10000  0.854788751396E-01
  51.20000  0.778195316093E-01
  51.30000  0.812314151166E-01
  51.40000  0.737902073875E-01
  51.50000  0.673292134229E-01
  51.60000  0.779933934001E-01
  51.70000  0.922762808964E-01
  51.80000  0.102008145866E+00
  51.90000  0.116189081153E+00
  52.00000  0.128958129074E+00
  52.10000  0.137011108001E+00
  52.20000  0.146251290891E+00
  52.30000  0.147182752129E+00
  52.40000  0.133901030146E+00
  52.50000  0.125657037845E+00
  52.60000  0.123366329523E+00
  52.70000  0.105693468170E+00
  52.80000  0.843614774571E-01
  52.90000  0.809664830648E-01
  53.00000  0.802714667441E-01
  53.10000  0.680164609887E-01
  53.20000  0.636314421053E-01
  53.30000  0.712767203210E-01
  53.40000  0.743763839132E-01
  53.50000  0.735634764510E-01
  53.60000  0.769381216739E-01
  53.70000  0.789006094464E-01
  53.80000  0.783175082664E-01
  53.90000  0.786763401721E-01
  54.00000  0.733441785582E-01
  54.10000  0.645026118376E-01
  54.20000  0.612131775718E-01
  54.30000  0.572621129939E-01
  54.40000  0.442519144269E-01
  54.50000  0.345038480428E-01
  54.60000  0.327076941348E-01
  54.70000  0.266579590170E-01
  54.80000  0.162106447587E-01
  54.90000  0.127898688313E-01
  55.00000  0.135421421578E-01
  55.10000  0.101094554540E-01
  55.20000  0.731644891127E-02
  55.30000  0.918232773092E-02
  55.40000  0.118080128511E-01
  55.50000  0.124629269250E-01
  55.60000  0.147687022057E-01
  55.70000  0.189685925967E-01
  55.80000  0.229849275464E-01
  55.90000  0.260845585020E-01
  56.00000  0.302214320301E-01
  56.10000  0.351098170129E-01
  56.20000  0.381490004181E-01
  56.30000  0.397214625070E-01
  56.40000  0.408890708673E-01
  56.50000  0.405074813789E-01
  56.60000  0.372061721213E-01
  56.70000  0.329903050069E-01
  56.80000  0.269448381621E-01
  56.90000  0.204952814887E-01
  57.00000  0.171391783204E-01
  57.10000  0.151567874185E-01
  57.20000  0.123802985592E-01
  57.30000  0.171577200719E-01
  57.40000  0.312940949917E-01
  57.50000  0.427079744070E-01
  57.60000  0.533787292454E-01
  57.70000  0.748159478865E-01
  57.80000  0.972970584138E-01
  57.90000  0.105703449771E+00
  58.00000  0.111438164841E+00
  58.10000  0.120945780192E+00
  58.20000  0.119100192025E+00
  58.30000  0.103783155658E+00
  58.40000  0.894572306127E-01
  58.50000  0.752817976642E-01
  58.60000  0.570286383263E-01
  58.70000  0.430072190249E-01
  58.80000  0.341460503847E-01
  58.90000  0.296804695878E-01
  59.00000  0.387970268572E-01
  59.10000  0.576109765098E-01
  59.20000  0.709431778992E-01
  59.30000  0.895345724851E-01
  59.40000  0.122032667469E+00
  59.50000  0.144189789337E+00
  59.60000  0.146578174043E+00
  59.70000  0.152920484487E+00
  59.80000  0.160333463960E+00
  59.90000  0.144582069941E+00
  60.00000  0.117425997705E+00
  60.10000  0.990356392667E-01
  60.20000  0.792972731424E-01
  60.30000  0.529557729368E-01
  60.40000  0.352941603026E-01
  60.50000  0.270202212961E-01
  60.60000  0.249600169293E-01
  60.70000  0.351895435528E-01
  60.80000  0.507347291675E-01
  60.90000  0.628543603161E-01
  61.00000  0.840772846076E-01
  61.10000  0.112095163219E+00
  61.20000  0.122418072694E+00
  61.30000  0.121099692153E+00
  61.40000  0.128063060393E+00
  61.50000  0.127689966514E+00
  61.60000  0.104538020894E+00
  61.70000  0.812168417584E-01
  61.80000  0.675855759779E-01
  61.90000  0.476252556637E-01
  62.00000  0.242329881382E-01
  62.10000  0.123479791946E-01
  62.20000  0.799313570975E-02
  62.30000  0.742769741353E-02
  62.40000  0.151568327080E-01
  62.50000  0.248859861347E-01
  62.60000  0.345581511745E-01
  62.70000  0.510326596214E-01
  62.80000  0.660992810119E-01
  62.90000  0.678071939286E-01
  63.00000  0.678210627883E-01
  63.10000  0.717505517508E-01
  63.20000  0.651896266179E-01
  63.30000  0.485500584350E-01
  63.40000  0.369711244928E-01
  63.50000  0.283011064939E-01
  63.60000  0.153541245813E-01
  63.70000  0.544195888444E-02
  63.80000  0.156730684996E-02
  63.90000  0.259186299238E-03
  64.00000  0.300601957353E-02
  64.10000  0.901843139379E-02
  64.20000  0.125151151948E-01
  64.30000  0.173150375271E-01
  64.40000  0.252046195091E-01
  64.50000  0.278465789815E-01
  64.60000  0.248393832409E-01
  64.70000  0.237850008242E-01
  64.80000  0.225215971593E-01
  64.90000  0.169561883201E-01
  65.00000  0.122125069702E-01
  65.10000  0.934793401676E-02
  65.20000  0.716443237753E-02
  65.30000  0.852612615402E-02
  65.40000  0.119689100374E-01
  65.50000  0.125587682207E-01
  65.60000  0.157326370827E-01
  65.70000  0.232526762310E-01
  65.80000  0.253866806396E-01
  65.90000  0.221041246227E-01
  66.00000  0.222541160823E-01
  66.10000  0.223448533622E-01
  66.20000  0.157778497726E-01
  66.30000  0.918868295712E-02
  66.40000  0.596216539533E-02
  66.50000  0.283801254659E-02
  66.60000  0.135634754747E-02
  66.70000  0.331490397689E-02
  66.80000  0.542900273083E-02
  66.90000  0.109601385861E-01
  67.00000  0.216580685649E-01
  67.10000  0.289641833745E-01
  67.20000  0.321893172509E-01
  67.30000  0.395218330831E-01
  67.40000  0.463985013948E-01
  67.50000  0.433623266236E-01
  67.60000  0.377373828309E-01
  67.70000  0.354925924422E-01
  67.80000  0.296066026617E-01
  67.90000  0.185425524514E-01
  68.00000  0.105715109703E-01
  68.10000  0.605082142799E-02
  68.20000  0.177271108603E-02
  68.30000  0.237540773143E-03
  68.40000  0.253394327633E-02
  68.50000  0.719629760347E-02
  68.60000  0.147537211117E-01
  68.70000  0.244886321838E-01
  68.80000  0.326985339517E-01
  68.90000  0.403776164184E-01
  69.00000  0.482153607638E-01
  69.10000  0.528592058626E-01
  69.20000  0.526032447481E-01
  69.30000  0.504554980931E-01
  69.40000  0.466986837732E-01
  69.50000  0.393001058337E-01
  69.60000  0.297656334494E-01
  69.70000  0.214811366264E-01
  69.80000  0.150329511211E-01
  69.90000  0.858474751190E-02
  70.00000  0.486624807530E-02
  70.10000  0.744306718153E-02
  70.20000  0.136791650486E-01
  70.30000  0.193484311774E-01
  70.40000  0.293155954312E-01
  70.50000  0.452319665489E-01
  70.60000  0.578203281723E-01
  70.70000  0.647658071856E-01
  70.80000  0.741089332859E-01
  70.90000  0.826194081198E-01
  71.00000  0.804849642811E-01
  71.10000  0.733491864104E-01
  71.20000  0.679346820257E-01
  71.30000  0.591508101503E-01
  71.40000  0.464029736698E-01
  71.50000  0.369863235246E-01
  71.60000  0.304881254395E-01
  71.70000  0.281949648859E-01
  71.80000  0.351625498597E-01
  71.90000  0.454055534009E-01
  72.00000  0.555472405968E-01
  72.10000  0.765305687847E-01
  72.20000  0.104133344874E+00
  72.30000  0.119154703067E+00
  72.40000  0.128730194228E+00
  72.50000  0.146515036667E+00
  72.60000  0.155138037695E+00
  72.70000  0.142373211888E+00
  72.80000  0.129080752753E+00
  72.90000  0.121163624254E+00
  73.00000  0.102277171217E+00
  73.10000  0.782018401266E-01
  73.20000  0.653497134187E-01
  73.30000  0.598713013547E-01
  73.40000  0.588889133196E-01
  73.50000  0.692728942226E-01
  73.60000  0.861173428586E-01
  73.70000  0.107527919688E+00
  73.80000  0.140000297424E+00
  73.90000  0.171859478559E+00
  74.00000  0.188636693151E+00
  74.10000  0.203937585190E+00
  74.20000  0.221510000411E+00
  74.30000  0.217836391960E+00
  74.40000  0.194101420688E+00
  74.50000  0.174919410985E+00
  74.60000  0.155068730042E+00
  74.70000  0.119294871635E+00
  74.80000  0.851199236399E-01
  74.90000  0.676610168027E-01
  75.00000  0.563234891255E-01
  75.10000  0.486750546158E-01
  75.20000  0.554780398591E-01
  75.30000  0.737586129966E-01
  75.40000  0.969360278727E-01
  75.50000  0.125015359879E+00
  75.60000  0.151878972927E+00
  75.70000  0.171862378082E+00
  75.80000  0.188294149934E+00
  75.90000  0.197535217988E+00
  76.00000  0.190424390334E+00
  76.10000  0.173269258532E+00
  76.20000  0.154318666303E+00
  76.30000  0.128455096211E+00
  76.40000  0.947659519229E-01
  76.50000  0.651586114687E-01
  76.60000  0.434121958050E-01
  76.70000  0.245462635124E-01
  76.80000  0.110009906086E-01
  76.90000  0.868230666471E-02
  77.00000  0.151677291366E-01
  77.10000  0.245640371531E-01
  77.20000  0.376978695858E-01
  77.30000  0.563221476351E-01
  77.40000  0.752968909310E-01
  77.50000  0.883975893891E-01
  77.60000  0.996443014744E-01
  77.70000  0.111830507760E+00
  77.80000  0.116766328991E+00
  77.90000  0.111965170253E+00
  78.00000  0.107796511392E+00
  78.10000  0.104079150319E+00
  78.20000  0.903645397285E-01
  78.30000  0.719896527483E-01
  78.40000  0.591270730624E-01
  78.50000  0.458870631120E-01
  78.60000  0.276635498461E-01
  78.70000  0.137632634140E-01
  78.80000  0.632392615796E-02
  78.90000  0.198199085400E-02
  79.00000  0.465581529414E-02
  79.10000  0.143719065215E-01
  79.20000  0.272600102235E-01
  79.30000  0.501131885577E-01
  79.40000  0.827192009928E-01
  79.50000  0.109379546937E+00
  79.60000  0.132168325053E+00
  79.70000  0.163592476485E+00
  79.80000  0.188914115620E+00
  79.90000  0.191329253658E+00
  80.00000  0.187588426810E+00
  80.10000  0.185992753330E+00
  80.20000  0.166840477696E+00
  80.30000  0.130699233873E+00
  80.40000  0.100250409723E+00
  80.50000  0.751882942587E-01
  80.60000  0.460840902764E-01
  80.70000  0.248356558173E-01
  80.80000  0.206100118578E-01
  80.90000  0.283499158247E-01
  81.00000  0.483289579854E-01
  81.10000  0.814096560606E-01
  81.20000  0.119300934635E+00
  81.30000  0.161349746080E+00
  81.40000  0.207386718578E+00
  81.50000  0.242795572796E+00
  81.60000  0.260885882636E+00
  81.70000  0.271631446904E+00
  81.80000  0.271573645357E+00
  81.90000  0.247912968103E+00
  82.00000  0.210141873395E+00
  82.10000  0.173039882728E+00
  82.20000  0.132332292421E+00
  82.30000  0.863187456752E-01
  82.40000  0.504255572338E-01
  82.50000  0.314393079107E-01
  82.60000  0.230472249180E-01
  82.70000  0.258015951347E-01
  82.80000  0.452585741316E-01
  82.90000  0.770003584120E-01
  83.00000  0.112007480189E+00
  83.10000  0.147632221911E+00
  83.20000  0.182213567062E+00
  83.30000  0.209318498909E+00
  83.40000  0.222848599187E+00
  83.50000  0.224026259697E+00
  83.60000  0.214646290584E+00
  83.70000  0.193068461110E+00
  83.80000  0.160797610306E+00
  83.90000  0.125148939878E+00
  84.00000  0.899816341876E-01
  84.10000  0.563629233451E-01
  84.20000  0.290455580365E-01
  84.30000  0.111951529086E-01
  84.40000  0.259190741282E-02
  84.50000  0.483135016797E-02
  84.60000  0.169384386671E-01
  84.70000  0.321206044803E-01
  84.80000  0.512989762249E-01
  84.90000  0.771736345945E-01
  85.00000  0.992502961045E-01
  85.10000  0.110404404435E+00
  85.20000  0.121184715130E+00
  85.30000  0.132036643730E+00
  85.40000  0.128222429536E+00
  85.50000  0.113847322966E+00
  85.60000  0.103966627322E+00
  85.70000  0.922860658391E-01
  85.80000  0.695873267332E-01
  85.90000  0.482156047726E-01
  86.00000  0.350725733470E-01
  86.10000  0.217681757262E-01
  86.20000  0.869567019819E-02
  86.30000  0.279025719264E-02
  86.40000  0.155209315195E-02
  86.50000  0.421899261110E-02
  86.60000  0.133399955425E-01
  86.70000  0.234589225905E-01
  86.80000  0.337297708259E-01
  86.90000  0.510822026407E-01
  87.00000  0.700414715291E-01
  87.10000  0.804169852964E-01
  87.20000  0.898987440393E-01
  87.30000  0.103549058716E+00
  87.40000  0.109282782555E+00
  87.50000  0.103968818480E+00
  87.60000  0.986467317408E-01
  87.70000  0.922857113045E-01
  87.80000  0.771362378253E-01
  87.90000  0.582550315144E-01
  88.00000  0.419403995755E-01
  88.10000  0.264308227295E-01
  88.20000  0.121347389080E-01
  88.30000  0.322218855985E-02
  88.40000  0.125810968487E-03
  88.50000  0.356114702791E-02
  88.60000  0.143372449037E-01
  88.70000  0.307228110611E-01
  88.80000  0.511883610362E-01
  88.90000  0.747272693663E-01
  89.00000  0.981320140699E-01
  89.10000  0.119294455982E+00
  89.20000  0.136694299123E+00
  89.30000  0.145890502186E+00
  89.40000  0.146534285428E+00
  89.50000  0.141572383739E+00
  89.60000  0.128920161570E+00
  89.70000  0.106799201254E+00
  89.80000  0.821250534479E-01
  89.90000  0.588014656878E-01
  90.00000  0.353867676325E-01
  90.10000  0.157664983416E-01
  90.20000  0.463151967673E-02
  90.30000  0.141349069131E-02
  90.40000  0.824695704086E-02
  90.50000  0.260130732980E-01
  90.60000  0.473009845331E-01
  90.70000  0.724391232239E-01
  90.80000  0.106535554560E+00
  90.90000  0.138288255694E+00
  91.00000  0.156251081884E+00
  91.10000  0.171385851831E+00
  91.20000  0.186255703510E+00
  91.30000  0.182957236938E+00
  91.40000  0.162704801664E+00
  91.50000  0.143776472616E+00
  91.60000  0.122421459556E+00
  91.70000  0.887137498149E-01
  91.80000  0.558168930671E-01
  91.90000  0.336243716757E-01
  92.00000  0.165217585182E-01
  92.10000  0.639773544003E-02
  92.20000  0.864358969909E-02
  92.30000  0.187078761641E-01
  92.40000  0.381831193927E-01
  92.50000  0.693939293669E-01
  92.60000  0.991398697197E-01
  92.70000  0.122610827323E+00
  92.80000  0.151222673521E+00
  92.90000  0.177550361618E+00
  93.00000  0.183331623548E+00
  93.10000  0.178377742424E+00
  93.20000  0.175521235595E+00
  93.30000  0.161146459913E+00
  93.40000  0.129794584013E+00
  93.50000  0.999617399099E-01
  93.60000  0.760987847149E-01
  93.70000  0.486572531542E-01
  93.80000  0.233753592076E-01
  93.90000  0.987722645767E-02
  94.00000  0.506287834181E-02
  94.10000  0.699215530006E-02
  94.20000  0.181238130819E-01
  94.30000  0.348440040143E-01
  94.40000  0.554002876373E-01
  94.50000  0.806398057295E-01
  94.60000  0.104661022673E+00
  94.70000  0.122180742590E+00
  94.80000  0.136793787064E+00
  94.90000  0.147820496662E+00
  95.00000  0.149040294647E+00
  95.10000  0.141738105578E+00
  95.20000  0.130611214483E+00
  95.30000  0.114822138590E+00
  95.40000  0.937862729914E-01
  95.50000  0.715262828557E-01
  95.60000  0.505064178751E-01
  95.70000  0.316454408955E-01
  95.80000  0.161290187258E-01
  95.90000  0.600976153759E-02
  96.00000  0.276696958928E-02
  96.10000  0.535725761780E-02
  96.20000  0.123194820762E-01
  96.30000  0.262620952667E-01
  96.40000  0.466171080606E-01
  96.50000  0.656953454700E-01
  96.60000  0.835722590662E-01
  96.70000  0.106211816728E+00
  96.80000  0.126470325526E+00
  96.90000  0.134307921724E+00
  97.00000  0.138270529905E+00
  97.10000  0.143831838361E+00
  97.20000  0.138520503540E+00
  97.30000  0.120425215696E+00
  97.40000  0.103821945937E+00
  97.50000  0.885610205316E-01
  97.60000  0.659715639578E-01
  97.70000  0.433724885514E-01
  97.80000  0.288377442581E-01
  97.90000  0.187965289000E-01
  98.00000  0.136445490755E-01
  98.10000  0.171435959642E-01
  98.20000  0.255568988263E-01
  98.30000  0.400808400531E-01
  98.40000  0.640124844988E-01
  98.50000  0.875320221561E-01
  98.60000  0.104913531637E+00
  98.70000  0.126357969013E+00
  98.80000  0.148944962254E+00
  98.90000  0.156066906270E+00
  99.00000  0.152992662556E+00
  99.10000  0.153374689446E+00
  99.20000  0.147272073066E+00
  99.30000  0.125289890763E+00
  99.40000  0.102570497017E+00
  99.50000  0.868200834083E-01
  99.60000  0.674905594500E-01
  99.70000  0.456068326673E-01
  99.80000  0.333832843636E-01
  99.90000  0.298005915551E-01
 100.00000  0.285757122931E-01
 100.10000  0.329763318966E-01
 100.20000  0.450459977332E-01
 100.30000  0.606668834072E-01
 100.40000  0.776108738920E-01
 100.50000  0.953458538199E-01
 100.60000  0.110744333622E+00
 100.70000  0.122818576662E+00
 100.80000  0.131484571712E+00
 100.90000  0.134162694537E+00
 101.00000  0.129932606887E+00
 101.10000  0.121996630401E+00
 101.20000  0.111246608501E+00
 101.30000  0.956690980039E-01
 101.40000  0.779118297837E-01
 101.50000  0.630308982218E-01
 101.60000  0.506393700635E-01
 101.70000  0.380847903161E-01
 101.80000  0.300357150251E-01
 101.90000  0.305511801339E-01
 102.00000  0.341638025303E-01
 102.10000  0.373875275940E-01
 102.20000  0.471643398792E-01
 102.30000  0.634019505013E-01
 102.40000  0.750687116034E-01
 102.50000  0.825737474702E-01
 102.60000  0.948721841373E-01
 102.70000  0.105932704423E+00
 102.80000  0.105401940341E+00
 102.90000  0.101273153714E+00
 103.00000  0.100541703026E+00
 103.10000  0.940999769304E-01
 103.20000  0.792457669600E-01
 103.30000  0.667221608134E-01
 103.40000  0.576611880294E-01
 103.50000  0.460540783531E-01
 103.60000  0.353979231085E-01
 103.70000  0.299668318558E-01
 103.80000  0.273920920821E-01
 103.90000  0.279195679828E-01
 104.00000  0.326093338145E-01
 104.10000  0.373772774914E-01
 104.20000  0.433883755455E-01
 104.30000  0.539413255187E-01
 104.40000  0.626674539666E-01
 104.50000  0.649811949135E-01
 104.60000  0.685917332232E-01
 104.70000  0.742604572153E-01
 104.80000  0.721717439274E-01
 104.90000  0.643439240611E-01
 105.00000  0.602700352152E-01
 105.10000  0.561836007587E-01
 105.20000  0.453900660760E-01
 105.30000  0.348951099481E-01
 105.40000  0.299232094928E-01
 105.50000  0.246817765014E-01
 105.60000  0.172794552797E-01
 105.70000  0.139743639619E-01
 105.80000  0.151025752493E-01
 105.90000  0.157012298427E-01
 106.00000  0.163395506894E-01
 106.10000  0.204636294285E-01
 106.20000  0.263142769343E-01
 106.30000  0.302182415767E-01
 106.40000  0.337736068293E-01
 106.50000  0.390006234370E-01
 106.60000  0.432854133057E-01
 106.70000  0.442326725955E-01
 106.80000  0.447716830077E-01
 106.90000  0.459001076484E-01
 107.00000  0.444626284445E-01
 107.10000  0.405104279185E-01
 107.20000  0.372690431892E-01
 107.30000  0.341803488067E-01
 107.40000  0.296209698477E-01
 107.50000  0.255868818353E-01
 107.60000  0.226808783335E-01
 107.70000  0.204379452772E-01
 107.80000  0.203853425682E-01
 107.90000  0.222350675601E-01
 108.00000  0.233094758951E-01
 108.10000  0.265580760725E-01
 108.20000  0.341368306729E-01
 108.30000  0.399965042469E-01
 108.40000  0.424800428234E-01
 108.50000  0.487868812716E-01
 108.60000  0.571250353058E-01
 108.70000  0.582983771100E-01
 108.80000  0.565793090668E-01
 108.90000  0.598487376042E-01
 109.00000  0.612439799081E-01
 109.10000  0.546958858165E-01
 109.20000  0.495532218878E-01
 109.30000  0.496456065979E-01
 109.40000  0.464413999233E-01
 109.50000  0.398171360447E-01
 109.60000  0.383766263177E-01
 109.70000  0.406905217713E-01
 109.80000  0.404909989879E-01
 109.90000  0.409534526312E-01
 110.00000  0.458427276319E-01
 110.10000  0.514580893490E-01
 110.20000  0.551666460274E-01
 110.30000  0.596018368224E-01
 110.40000  0.645886075356E-01
 110.50000  0.679527234215E-01
 110.60000  0.698571894955E-01
 110.70000  0.706501739952E-01
 110.80000  0.694476650116E-01
 110.90000  0.674726109396E-01
 111.00000  0.656090071570E-01
 111.10000  0.616211118492E-01
 111.20000  0.566952246018E-01
 111.30000  0.550137072509E-01
 111.40000  0.548255444332E-01
 111.50000  0.519212215494E-01
 111.60000  0.515454348302E-01
 111.70000  0.579604556067E-01
 111.80000  0.636377594535E-01
 111.90000  0.653954146478E-01
 112.00000  0.728199028157E-01
 112.10000  0.856237041323E-01
 112.20000  0.916043037022E-01
 112.30000  0.934571373271E-01
 112.40000  0.102015658981E+00
 112.50000  0.109941185885E+00
 112.60000  0.106905996203E+00
 112.70000  0.103025895852E+00
 112.80000  0.105159449641E+00
 112.90000  0.102330240337E+00
 113.00000  0.921104772901E-01
 113.10000  0.863367151558E-01
 113.20000  0.851423720285E-01
 113.30000  0.806790825232E-01
 113.40000  0.767309728385E-01
 113.50000  0.786394090124E-01
 113.60000  0.829791029630E-01
 113.70000  0.883171277483E-01
 113.80000  0.967027868128E-01
 113.90000  0.105454631399E+00
 114.00000  0.114346367104E+00
 114.10000  0.125613860280E+00
 114.20000  0.134445195420E+00
 114.30000  0.137030287580E+00
 114.40000  0.139937862250E+00
 114.50000  0.143849204960E+00
 114.60000  0.139558892972E+00
 114.70000  0.129459123983E+00
 114.80000  0.123821379741E+00
 114.90000  0.118362725082E+00
 115.00000  0.104951736076E+00
 115.10000  0.928231006376E-01
 115.20000  0.897428051976E-01
 115.30000  0.863525488838E-01
 115.40000  0.786876689395E-01
 115.50000  0.784228034482E-01
 115.60000  0.868270307291E-01
 115.70000  0.919432598117E-01
 115.80000  0.949042113329E-01
 115.90000  0.105834880335E+00
 116.00000  0.119385264570E+00
 116.10000  0.125019374417E+00
 116.20000  0.129050542513E+00
 116.30000  0.137949985694E+00
 116.40000  0.142760902694E+00
 116.50000  0.138608884302E+00
 116.60000  0.134650140890E+00
 116.70000  0.132555431319E+00
 116.80000  0.124852583261E+00
 116.90000  0.113491641143E+00
 117.00000  0.105051236297E+00
 117.10000  0.977347087530E-01
 117.20000  0.898405433141E-01
 117.30000  0.849889282323E-01
 117.40000  0.827586038904E-01
 117.50000  0.828718894946E-01
 117.60000  0.886905589141E-01
 117.70000  0.973607219093E-01
 117.80000  0.103737946924E+00
 117.90000  0.113877278190E+00
 118.00000  0.130052625100E+00
 118.10000  0.140641580538E+00
 118.20000  0.144305912423E+00
 118.30000  0.152902058441E+00
 118.40000  0.161932246652E+00
 118.50000  0.157803037880E+00
 118.60000  0.148872582208E+00
 118.70000  0.146583332018E+00
 118.80000  0.140137117402E+00
 118.90000  0.122571342241E+00
 119.00000  0.108430731812E+00
 119.10000  0.102312540429E+00
 119.20000  0.920428206923E-01
 119.30000  0.788891968173E-01
 119.40000  0.751321814242E-01
 119.50000  0.777531218900E-01
 119.60000  0.774517885581E-01
 119.70000  0.791049252580E-01
 119.80000  0.883540482521E-01
 119.90000  0.987710845442E-01
 120.00000  0.105407356170E+00
 120.10000  0.113066449162E+00
 120.20000  0.122601170095E+00
 120.30000  0.128269953866E+00
 120.40000  0.129163537858E+00
 120.50000  0.129319223253E+00
 120.60000  0.127938555071E+00
 120.70000  0.121904664764E+00
 120.80000  0.113210604963E+00
 120.90000  0.104277347169E+00
 121.00000  0.942699532992E-01
 121.10000  0.834545770428E-01
 121.20000  0.738620437790E-01
 121.30000  0.650019403921E-01
 121.40000  0.581052062401E-01
 121.50000  0.556549721055E-01
 121.60000  0.551351367942E-01
 121.70000  0.546332790155E-01
 121.80000  0.597485646539E-01
 121.90000  0.706288281932E-01
 122.00000  0.783640161003E-01
 122.10000  0.847651719481E-01
 122.20000  0.984908318209E-01
 122.30000  0.112482357094E+00
 122.40000  0.116366842697E+00
 122.50000  0.119673079718E+00
 122.60000  0.128934547049E+00
 122.70000  0.130870689806E+00
 122.80000  0.121717430657E+00
 122.90000  0.116056928966E+00
 123.00000  0.113874228481E+00
 123.10000  0.102233196284E+00
 123.20000  0.864516992921E-01
 123.30000  0.787117186163E-01
 123.40000  0.730536815802E-01
 123.50000  0.620123198402E-01
 123.60000  0.544011944542E-01
 123.70000  0.551186914273E-01
 123.80000  0.565349669237E-01
 123.90000  0.565106666097E-01
 124.00000  0.613823778796E-01
 124.10000  0.703819285591E-01
 124.20000  0.775156352966E-01
 124.30000  0.833271830673E-01
 124.40000  0.910293276835E-01
 124.50000  0.982634997376E-01
 124.60000  0.101454393038E+00
 124.70000  0.102621090847E+00
 124.80000  0.103574580482E+00
 124.90000  0.101978081255E+00
 125.00000  0.966543293884E-01
 125.10000  0.905925290241E-01
 125.20000  0.844395100457E-01
 125.30000  0.766608482324E-01
 125.40000  0.684312623045E-01
 125.50000  0.612953211212E-01
 125.60000  0.549016964236E-01
 125.70000  0.505128134645E-01
 125.80000  0.492098856874E-01
 125.90000  0.484479526722E-01
 126.00000  0.497986579792E-01
 126.10000  0.572989040198E-01
 126.20000  0.667274581768E-01
 126.30000  0.730229338777E-01
 126.40000  0.831287333987E-01
 126.50000  0.993615794164E-01
 126.60000  0.110283740791E+00
 126.70000  0.114781123394E+00
 126.80000  0.124434972820E+00
 126.90000  0.135036244367E+00
 127.00000  0.133497193806E+00
 127.10000  0.127454437137E+00
 127.20000  0.127667192457E+00
 127.30000  0.123899027698E+00
 127.40000  0.109204585671E+00
 127.50000  0.971173895359E-01
 127.60000  0.921357666568E-01
 127.70000  0.826297917031E-01
 127.80000  0.694704185266E-01
 127.90000  0.646652496393E-01
 128.00000  0.658281283461E-01
 128.10000  0.638471596937E-01
 128.20000  0.635267112589E-01
 128.30000  0.712997052947E-01
 128.40000  0.809556914111E-01
 128.50000  0.868833649640E-01
 128.60000  0.947910623501E-01
 128.70000  0.106767882503E+00
 128.80000  0.115667755091E+00
 128.90000  0.119532394425E+00
 129.00000  0.124450852876E+00
 129.10000  0.129691838324E+00
 129.20000  0.128844236544E+00
 129.30000  0.124110741743E+00
 129.40000  0.120891227334E+00
 129.50000  0.116295173601E+00
 129.60000  0.107037810226E+00
 129.70000  0.978525310614E-01
 129.80000  0.908438586457E-01
 129.90000  0.835633488257E-01
 130.00000  0.771795626218E-01
 130.10000  0.738202656390E-01
 130.20000  0.722646295274E-01
 130.30000  0.744110485990E-01
 130.40000  0.818254842992E-01
 130.50000  0.894271926462E-01
 130.60000  0.974135649329E-01
 130.70000  0.112274828061E+00
 130.80000  0.129196472916E+00
 130.90000  0.138649282316E+00
 131.00000  0.147866176728E+00
 131.10000  0.163023635276E+00
 131.20000  0.171446657441E+00
 131.30000  0.168044946365E+00
 131.40000  0.167033500697E+00
 131.50000  0.168907201382E+00
 131.60000  0.159045592623E+00
 131.70000  0.142206288382E+00
 131.80000  0.133046681893E+00
 131.90000  0.125181223547E+00
 132.00000  0.108436836573E+00
 132.10000  0.940755262576E-01
 132.20000  0.905414663576E-01
 132.30000  0.872075922709E-01
 132.40000  0.799264111371E-01
 132.50000  0.803601635667E-01
 132.60000  0.894853498600E-01
 132.70000  0.956998472606E-01
 132.80000  0.997951238744E-01
 132.90000  0.111285880806E+00
 133.00000  0.125599655867E+00
 133.10000  0.132533901526E+00
 133.20000  0.137670706882E+00
 133.30000  0.148032600642E+00
 133.40000  0.155109139551E+00
 133.50000  0.152818710953E+00
 133.60000  0.150779911031E+00
 133.70000  0.151790955013E+00
 133.80000  0.146057421498E+00
 133.90000  0.134205553810E+00
 134.00000  0.125958967455E+00
 134.10000  0.119311107434E+00
 134.20000  0.108239804092E+00
 134.30000  0.980437840988E-01
 134.40000  0.929150189070E-01
 134.50000  0.896591884796E-01
 134.60000  0.884638372192E-01
 134.70000  0.917697140911E-01
 134.80000  0.972952474674E-01
 134.90000  0.106180048666E+00
 135.00000  0.120471644281E+00
 135.10000  0.134059002944E+00
 135.20000  0.144434868764E+00
 135.30000  0.158695076630E+00
 135.40000  0.174221653090E+00
 135.50000  0.179953769276E+00
 135.60000  0.180628516733E+00
 135.70000  0.185283436440E+00
 135.80000  0.185072058987E+00
 135.90000  0.172575521951E+00
 136.00000  0.160025341052E+00
 136.10000  0.152561045481E+00
 136.20000  0.138591600696E+00
 136.30000  0.118328417717E+00
 136.40000  0.105361766792E+00
 136.50000  0.982775758188E-01
 136.60000  0.862803745795E-01
 136.70000  0.751603647191E-01
 136.80000  0.749364405724E-01
 136.90000  0.783577448521E-01
 137.00000  0.769914944392E-01
 137.10000  0.800905532516E-01
 137.20000  0.930336707770E-01
 137.30000  0.103913469178E+00
 137.40000  0.108484570045E+00
 137.50000  0.119096436072E+00
 137.60000  0.135318353069E+00
 137.70000  0.142440536163E+00
 137.80000  0.143465537672E+00
 137.90000  0.151468252357E+00
 138.00000  0.158699705827E+00
 138.10000  0.152948046797E+00
 138.20000  0.145321256193E+00
 138.30000  0.144516202912E+00
 138.40000  0.138297863669E+00
 138.50000  0.122887125291E+00
 138.60000  0.112096609011E+00
 138.70000  0.106997226660E+00
 138.80000  0.975818318543E-01
 138.90000  0.876877669573E-01
 139.00000  0.854425418546E-01
 139.10000  0.869789167991E-01
 139.20000  0.885023938752E-01
 139.30000  0.937938574659E-01
 139.40000  0.102618219140E+00
 139.50000  0.112380636796E+00
 139.60000  0.123380251507E+00
 139.70000  0.134075753532E+00
 139.80000  0.141619170353E+00
 139.90000  0.148110753061E+00
 140.00000  0.153758293302E+00
 140.10000  0.153884686089E+00
 140.20000  0.149209064515E+00
 140.30000  0.144398452857E+00
 140.40000  0.137767587344E+00
 140.50000  0.125738310489E+00
 140.60000  0.112598073288E+00
 140.70000  0.102062263054E+00
 140.80000  0.908902310510E-01
 140.90000  0.774917350099E-01
 141.00000  0.673442076794E-01
 141.10000  0.621570906736E-01
 141.20000  0.567116306534E-01
 141.30000  0.511311297752E-01
 141.40000  0.522443736255E-01
 141.50000  0.586271273763E-01
 141.60000  0.620992246822E-01
 141.70000  0.667622549663E-01
 141.80000  0.805801483492E-01
 141.90000  0.954362363411E-01
 142.00000  0.102547617430E+00
 142.10000  0.112786555361E+00
 142.20000  0.130864080503E+00
 142.30000  0.141203317221E+00
 142.40000  0.141184005050E+00
 142.50000  0.146749847826E+00
 142.60000  0.154651581529E+00
 142.70000  0.148406326169E+00
 142.80000  0.136019068014E+00
 142.90000  0.131749229973E+00
 143.00000  0.125234668760E+00
 143.10000  0.107237999679E+00
 143.20000  0.920893448637E-01
 143.30000  0.861558099610E-01
 143.40000  0.772767052294E-01
 143.50000  0.646213557291E-01
 143.60000  0.602762018527E-01
 143.70000  0.627251889530E-01
 143.80000  0.623100610690E-01
 143.90000  0.623684167097E-01
 144.00000  0.695439996941E-01
 144.10000  0.786935076808E-01
 144.20000  0.834591274209E-01
 144.30000  0.888816138410E-01
 144.40000  0.984474422647E-01
 144.50000  0.105494763199E+00
 144.60000  0.106698657424E+00
 144.70000  0.109322071627E+00
 144.80000  0.114387734891E+00
 144.90000  0.113571801059E+00
 145.00000  0.107979415812E+00
 145.10000  0.106017590346E+00
 145.20000  0.104460406093E+00
 145.30000  0.959367396859E-01
 145.40000  0.865695371850E-01
 145.50000  0.819126542212E-01
 145.60000  0.759943518207E-01
 145.70000  0.667568634485E-01
 145.80000  0.610715976288E-01
 145.90000  0.592882631172E-01
 146.00000  0.579211040216E-01
 146.10000  0.590365965557E-01
 146.20000  0.636171333659E-01
 146.30000  0.698757610307E-01
 146.40000  0.793792220264E-01
 146.50000  0.916143985741E-01
 146.60000  0.101292345475E+00
 146.70000  0.110384467535E+00
 146.80000  0.122538047899E+00
 146.90000  0.131462921890E+00
 147.00000  0.132723212308E+00
 147.10000  0.133707604408E+00
 147.20000  0.135662101901E+00
 147.30000  0.130334808449E+00
 147.40000  0.119301119161E+00
 147.50000  0.110869397038E+00
 147.60000  0.102648726866E+00
 147.70000  0.889319538982E-01
 147.80000  0.751712860913E-01
 147.90000  0.664365861157E-01
 148.00000  0.582836789134E-01
 148.10000  0.478086483600E-01
 148.20000  0.411061057076E-01
 148.30000  0.403646625856E-01
 148.40000  0.393845849368E-01
 148.50000  0.372715900413E-01
 148.60000  0.417016612435E-01
 148.70000  0.519410104002E-01
 148.80000  0.584991634967E-01
 148.90000  0.648004312849E-01
 149.00000  0.805049630659E-01
 149.10000  0.978285346573E-01
 149.20000  0.105820319715E+00
 149.30000  0.115561078651E+00
 149.40000  0.133953765956E+00
 149.50000  0.144672347742E+00
 149.60000  0.142893267133E+00
 149.70000  0.146001664633E+00
 149.80000  0.152717886843E+00
 149.90000  0.145093462044E+00
 150.00000  0.129831412544E+00
 150.10000  0.123139289200E+00
 150.20000  0.115851147162E+00
 150.30000  0.970536728757E-01
 150.40000  0.804964792514E-01
 150.50000  0.741337950767E-01
 150.60000  0.661395864591E-01
 150.70000  0.539883549025E-01
 150.80000  0.497075030489E-01
 150.90000  0.530558433127E-01
 151.00000  0.538479808278E-01
 151.10000  0.541087781969E-01
 151.20000  0.616363613607E-01
 151.30000  0.721961337826E-01
 151.40000  0.777183093244E-01
 151.50000  0.833834313220E-01
 151.60000  0.952151295187E-01
 151.70000  0.105606283411E+00
 151.80000  0.108558152147E+00
 151.90000  0.113872984113E+00
 152.00000  0.124727107743E+00
 152.10000  0.128663155928E+00
 152.20000  0.125034711735E+00
 152.30000  0.127004152286E+00
 152.40000  0.130945075850E+00
 152.50000  0.123709412850E+00
 152.60000  0.113129556429E+00
 152.70000  0.109913094153E+00
 152.80000  0.104647867856E+00
 152.90000  0.911901200695E-01
 153.00000  0.814915221639E-01
 153.10000  0.786927133392E-01
 153.20000  0.742018845007E-01
 153.30000  0.695064180046E-01
 153.40000  0.712334464442E-01
 153.50000  0.767782598192E-01
 153.60000  0.830703651286E-01
 153.70000  0.920388338258E-01
 153.80000  0.102194911317E+00
 153.90000  0.112108798303E+00
 154.00000  0.122691449746E+00
 154.10000  0.131802875298E+00
 154.20000  0.136442480032E+00
 154.30000  0.139448959668E+00
 154.40000  0.141567252236E+00
 154.50000  0.139391114881E+00
 154.60000  0.133575454827E+00
 154.70000  0.127390844606E+00
 154.80000  0.120256478718E+00
 154.90000  0.110956091934E+00
 155.00000  0.101425457161E+00
 155.10000  0.924100889395E-01
 155.20000  0.838063405453E-01
 155.30000  0.755123343265E-01
 155.40000  0.684049015719E-01
 155.50000  0.633194448459E-01
 155.60000  0.598864268800E-01
 155.70000  0.571177029510E-01
 155.80000  0.580296007866E-01
 155.90000  0.641579510473E-01
 156.00000  0.702360325801E-01
 156.10000  0.768245211252E-01
 156.20000  0.914820817601E-01
 156.30000  0.110045714542E+00
 156.40000  0.121855017866E+00
 156.50000  0.134579948296E+00
 156.60000  0.155915205442E+00
 156.70000  0.171646704774E+00
 156.80000  0.174343108024E+00
 156.90000  0.180027525212E+00
 157.00000  0.189720022674E+00
 157.10000  0.185134444667E+00
 157.20000  0.170370177204E+00
 157.30000  0.162811706888E+00
 157.40000  0.155121300490E+00
 157.50000  0.134408992227E+00
 157.60000  0.113581005306E+00
 157.70000  0.102956477250E+00
 157.80000  0.908648755951E-01
 157.90000  0.724844887656E-01
 158.00000  0.612615566513E-01
 158.10000  0.593155979668E-01
 158.20000  0.545969244157E-01
 158.30000  0.479031980292E-01
 158.40000  0.509383312295E-01
 158.50000  0.604671463837E-01
 158.60000  0.642220557912E-01
 158.70000  0.686730543333E-01
 158.80000  0.853426004656E-01
 158.90000  0.103681623197E+00
 159.00000  0.111830623618E+00
 159.10000  0.124736770343E+00
 159.20000  0.149885824054E+00
 159.30000  0.166359470313E+00
 159.40000  0.169455863947E+00
 159.50000  0.181501995879E+00
 159.60000  0.198801279901E+00
 159.70000  0.196648375998E+00
 159.80000  0.185013142841E+00
 159.90000  0.185233970289E+00
 160.00000  0.182023249921E+00
 160.10000  0.159698366039E+00
 160.20000  0.139443388648E+00
 160.30000  0.131932900241E+00
 160.40000  0.118095942598E+00
 160.50000  0.958214414722E-01
 160.60000  0.847182569955E-01
 160.70000  0.832603411135E-01
 160.80000  0.762851514991E-01
 160.90000  0.692138671615E-01
 161.00000  0.731709489999E-01
 161.10000  0.807872369606E-01
 161.20000  0.824037849851E-01
 161.30000  0.859948442606E-01
 161.40000  0.976935629645E-01
 161.50000  0.107811735924E+00
 161.60000  0.110645853747E+00
 161.70000  0.118045289440E+00
 161.80000  0.132921432392E+00
 161.90000  0.140572340008E+00
 162.00000  0.141183867752E+00
 162.10000  0.150932166006E+00
 162.20000  0.164190196869E+00
 162.30000  0.162994722958E+00
 162.40000  0.158223945184E+00
 162.50000  0.164372785519E+00
 162.60000  0.165566532819E+00
 162.70000  0.151067843112E+00
 162.80000  0.140560194688E+00
 162.90000  0.139247242473E+00
 163.00000  0.129337368178E+00
 163.10000  0.113153692476E+00
 163.20000  0.107447800634E+00
 163.30000  0.107674263812E+00
 163.40000  0.103289874121E+00
 163.50000  0.101922866951E+00
 163.60000  0.108702614905E+00
 163.70000  0.117052136943E+00
 163.80000  0.124118469118E+00
 163.90000  0.133225935899E+00
 164.00000  0.142804940468E+00
 164.10000  0.150496550100E+00
 164.20000  0.155962782914E+00
 164.30000  0.159366391318E+00
 164.40000  0.160885803004E+00
 164.50000  0.159564792180E+00
 164.60000  0.155606391583E+00
 164.70000  0.151844730340E+00
 164.80000  0.148327924518E+00
 164.90000  0.140791245157E+00
 165.00000  0.133141084754E+00
 165.10000  0.129934544821E+00
 165.20000  0.125168911430E+00
 165.30000  0.115185606036E+00
 165.40000  0.108686262201E+00
 165.50000  0.106378449402E+00
 165.60000  0.997850095284E-01
 165.70000  0.919597053022E-01
 165.80000  0.898202975246E-01
 165.90000  0.900494169685E-01
 166.00000  0.902517041733E-01
 166.10000  0.949329823339E-01
 166.20000  0.102394802773E+00
 166.30000  0.112336183656E+00
 166.40000  0.128008581802E+00
 166.50000  0.144365708404E+00
 166.60000  0.155905666582E+00
 166.70000  0.170705012194E+00
 166.80000  0.188963378843E+00
 166.90000  0.196943586833E+00
 167.00000  0.197028173791E+00
 167.10000  0.201331952923E+00
 167.20000  0.202833756858E+00
 167.30000  0.191123970789E+00
 167.40000  0.177623076383E+00
 167.50000  0.169141069403E+00
 167.60000  0.156410586913E+00
 167.70000  0.138038489935E+00
 167.80000  0.123887385584E+00
 167.90000  0.113618492302E+00
 168.00000  0.101560780919E+00
 168.10000  0.900126144424E-01
 168.20000  0.826318235249E-01
 168.30000  0.780229621781E-01
 168.40000  0.728625860123E-01
 168.50000  0.696592277676E-01
 168.60000  0.721847601899E-01
 168.70000  0.778791976285E-01
 168.80000  0.813358207786E-01
 168.90000  0.902052266562E-01
 169.00000  0.109746776898E+00
 169.10000  0.127102976452E+00
 169.20000  0.138300249078E+00
 169.30000  0.160297960016E+00
 169.40000  0.189739075793E+00
 169.50000  0.202919318934E+00
 169.60000  0.208730082928E+00
 169.70000  0.227309458292E+00
 169.80000  0.240240361384E+00
 169.90000  0.228597125868E+00
 170.00000  0.217080969009E+00
 170.10000  0.216739684496E+00
 170.20000  0.202146806433E+00
 170.30000  0.171821244528E+00
 170.40000  0.152497074124E+00
 170.50000  0.141088123194E+00
 170.60000  0.117762387375E+00
 170.70000  0.931188864755E-01
 170.80000  0.824161057474E-01
 170.90000  0.752397335933E-01
 171.00000  0.609595415108E-01
 171.10000  0.518185623060E-01
 171.20000  0.540781637905E-01
 171.30000  0.560422739760E-01
 171.40000  0.525903038598E-01
 171.50000  0.583026276742E-01
 171.60000  0.761340886422E-01
 171.70000  0.881710180080E-01
 171.80000  0.958144456999E-01
 171.90000  0.120646642472E+00
 172.00000  0.154267511731E+00
 172.10000  0.169638794385E+00
 172.20000  0.183860898686E+00
 172.30000  0.219132294779E+00
 172.40000  0.245887945980E+00
 172.50000  0.243003567107E+00
 172.60000  0.246903583422E+00
 172.70000  0.265750619224E+00
 172.80000  0.258018913347E+00
 172.90000  0.227271012299E+00
 173.00000  0.214463072380E+00
 173.10000  0.207301640255E+00
 173.20000  0.173347026123E+00
 173.30000  0.137302148804E+00
 173.40000  0.123878321422E+00
 173.50000  0.109468387204E+00
 173.60000  0.801729199500E-01
 173.70000  0.622760211139E-01
 173.80000  0.613415071010E-01
 173.90000  0.548257505075E-01
 174.00000  0.417320834215E-01
 174.10000  0.427200486949E-01
 174.20000  0.549182483832E-01
 174.30000  0.569272037839E-01
 174.40000  0.571838121994E-01
 174.50000  0.778393067360E-01
 174.60000  0.105364367487E+00
 174.70000  0.114334843340E+00
 174.80000  0.130109293974E+00
 174.90000  0.173391017821E+00
 175.00000  0.205920760482E+00
 175.10000  0.209799292597E+00
 175.20000  0.232058139243E+00
 175.30000  0.273592614711E+00
 175.40000  0.277095041824E+00
 175.50000  0.255913061003E+00
 175.60000  0.263239415746E+00
 175.70000  0.270218569182E+00
 175.80000  0.231294526142E+00
 175.90000  0.192054964801E+00
 176.00000  0.184187794594E+00
 176.10000  0.163250085603E+00
 176.20000  0.115863094817E+00
 176.30000  0.896834936613E-01
 176.40000  0.858149066862E-01
 176.50000  0.668252514602E-01
 176.60000  0.418395683140E-01
 176.70000  0.390671033037E-01
 176.80000  0.459795938907E-01
 176.90000  0.376421555469E-01
 177.00000  0.316201634294E-01
 177.10000  0.475185393509E-01
 177.20000  0.664619591075E-01
 177.30000  0.661347792589E-01
 177.40000  0.805356060810E-01
 177.50000  0.128855477772E+00
 177.60000  0.163064007315E+00
 177.70000  0.170504977632E+00
 177.80000  0.215820997983E+00
 177.90000  0.290514012331E+00
 178.00000  0.307943375266E+00
 178.10000  0.301562207944E+00
 178.20000  0.350842176230E+00
 178.30000  0.389229389243E+00
 178.40000  0.338551833780E+00
 178.50000  0.296498818786E+00
 178.60000  0.309523638349E+00
 178.70000  0.273099922754E+00
 178.80000  0.177492192040E+00
 178.90000  0.132487382651E+00
 179.00000  0.122605332460E+00
 179.10000  0.690294646062E-01
 179.20000  0.205927003820E-01
 179.30000  0.157121507708E-01
 179.40000  0.181384404032E-01
 179.50000  0.172104782749E-01
 179.60000  0.398918238544E-01
 179.70000  0.378240321961E-01
 179.80000  0.416348520706E-01
 179.90000  0.988784694672E-01
 180.00000  0.174545618818E+00

