 # E =   0.30993780045733005       eV =    2500.0000000000000       1/cm
 #  1801
# DFFCSO.  ACCUM LEV(I),J(I) =  1  0 LEV(F),J(F) =  1  0       , M =  0, WEIGHTED BY  1.00000
   0.10000  0.379175262965E+07
   0.20000  0.235852546489E+07
   0.30000  0.109344774810E+07
   0.40000  0.421368202114E+06
   0.50000  0.184049778005E+06
   0.60000  0.116458471052E+06
   0.70000  0.864451812037E+05
   0.80000  0.580966391401E+05
   0.90000  0.309320755318E+05
   1.00000  0.144852080014E+05
   1.10000  0.114367924114E+05
   1.20000  0.138259423902E+05
   1.30000  0.138679738767E+05
   1.40000  0.105114747147E+05
   1.50000  0.595233191763E+04
   1.60000  0.208908309562E+04
   1.70000  0.134495339438E+03
   1.80000  0.429936125159E+03
   1.90000  0.201004427342E+04
   2.00000  0.335148034079E+04
   2.10000  0.369313518817E+04
   2.20000  0.315905520253E+04
   2.30000  0.210666996753E+04
   2.40000  0.927494922418E+03
   2.50000  0.175117090176E+03
   2.60000  0.270821798942E+03
   2.70000  0.104853311485E+04
   2.80000  0.194825230193E+04
   2.90000  0.250386255118E+04
   3.00000  0.247487025642E+04
   3.10000  0.183906311446E+04
   3.20000  0.899570321391E+03
   3.30000  0.187108597177E+03
   3.40000  0.302155841807E+02
   3.50000  0.339008569985E+03
   3.60000  0.811806799105E+03
   3.70000  0.115411604658E+04
   3.80000  0.116332941879E+04
   3.90000  0.828350761129E+03
   4.00000  0.375029157423E+03
   4.10000  0.813992029520E+02
   4.20000  0.470216016938E+02
   4.30000  0.192228257652E+03
   4.40000  0.378613463717E+03
   4.50000  0.475388401412E+03
   4.60000  0.408241627756E+03
   4.70000  0.223644459168E+03
   4.80000  0.628627284609E+02
   4.90000  0.281936707610E+02
   5.00000  0.112163629196E+03
   5.10000  0.245750329577E+03
   5.20000  0.356054664347E+03
   5.30000  0.386963961519E+03
   5.40000  0.327147437402E+03
   5.50000  0.237261412818E+03
   5.60000  0.204883065482E+03
   5.70000  0.262838882347E+03
   5.80000  0.373910415896E+03
   5.90000  0.478451219003E+03
   6.00000  0.530365017844E+03
   6.10000  0.503647331587E+03
   6.20000  0.410304311699E+03
   6.30000  0.311711616209E+03
   6.40000  0.276503243815E+03
   6.50000  0.325065557538E+03
   6.60000  0.426981738086E+03
   6.70000  0.538675882960E+03
   6.80000  0.620768155136E+03
   6.90000  0.637620518013E+03
   7.00000  0.578013601405E+03
   7.10000  0.471424346364E+03
   7.20000  0.363641945988E+03
   7.30000  0.281818262899E+03
   7.40000  0.234573838009E+03
   7.50000  0.227490851235E+03
   7.60000  0.254756169247E+03
   7.70000  0.291053552577E+03
   7.80000  0.311335901061E+03
   7.90000  0.309828736350E+03
   8.00000  0.290518577085E+03
   8.10000  0.253529114269E+03
   8.20000  0.203526299111E+03
   8.30000  0.155079219556E+03
   8.40000  0.118126735293E+03
   8.50000  0.903759077732E+02
   8.60000  0.693659391266E+02
   8.70000  0.595810078419E+02
   8.80000  0.616590282749E+02
   8.90000  0.679711459063E+02
   9.00000  0.731783411920E+02
   9.10000  0.772556436149E+02
   9.20000  0.776618325129E+02
   9.30000  0.694146590894E+02
   9.40000  0.544651595482E+02
   9.50000  0.409845053424E+02
   9.60000  0.330176595056E+02
   9.70000  0.296461237537E+02
   9.80000  0.311515422031E+02
   9.90000  0.379284518318E+02
  10.00000  0.455893596019E+02
  10.10000  0.486457461332E+02
  10.20000  0.473664262081E+02
  10.30000  0.447909844613E+02
  10.40000  0.411163895254E+02
  10.50000  0.359017588000E+02
  10.60000  0.316191405434E+02
  10.70000  0.304529365556E+02
  10.80000  0.307121534459E+02
  10.90000  0.305561762371E+02
  11.00000  0.309775182913E+02
  11.10000  0.322701691861E+02
  11.20000  0.320195126740E+02
  11.30000  0.288410889651E+02
  11.40000  0.247511613856E+02
  11.50000  0.216407508024E+02
  11.60000  0.193253021393E+02
  11.70000  0.183674264577E+02
  11.80000  0.205165277704E+02
  11.90000  0.255098048131E+02
  12.00000  0.305682042289E+02
  12.10000  0.340530616278E+02
  12.20000  0.364858678519E+02
  12.30000  0.375972661343E+02
  12.40000  0.360474479327E+02
  12.50000  0.320151444534E+02
  12.60000  0.273768406052E+02
  12.70000  0.231732423186E+02
  12.80000  0.193588061141E+02
  12.90000  0.169823174576E+02
  13.00000  0.175872882119E+02
  13.10000  0.207494336612E+02
  13.20000  0.243189228628E+02
  13.30000  0.269180971630E+02
  13.40000  0.285211474928E+02
  13.50000  0.287654033855E+02
  13.60000  0.269382992553E+02
  13.70000  0.233272220331E+02
  13.80000  0.190196046919E+02
  13.90000  0.146166245013E+02
  14.00000  0.101495168422E+02
  14.10000  0.617668977136E+01
  14.20000  0.356198569585E+01
  14.30000  0.237053896206E+01
  14.40000  0.193922016084E+01
  14.50000  0.174192462853E+01
  14.60000  0.174546315732E+01
  14.70000  0.192437157542E+01
  14.80000  0.210369795310E+01
  14.90000  0.220524839389E+01
  15.00000  0.222075287362E+01
  15.10000  0.222029771187E+01
  15.20000  0.231038091817E+01
  15.30000  0.252984645670E+01
  15.40000  0.273129615137E+01
  15.50000  0.270700019277E+01
  15.60000  0.251249187548E+01
  15.70000  0.227283866303E+01
  15.80000  0.196206029377E+01
  15.90000  0.156554862919E+01
  16.00000  0.124292066250E+01
  16.10000  0.115202642195E+01
  16.20000  0.116202127045E+01
  16.30000  0.115420073873E+01
  16.40000  0.127131001228E+01
  16.50000  0.158849893880E+01
  16.60000  0.185598823478E+01
  16.70000  0.175809074601E+01
  16.80000  0.137042725052E+01
  16.90000  0.976851305345E+00
  17.00000  0.659125794449E+00
  17.10000  0.363612575789E+00
  17.20000  0.112315422451E+00
  17.30000  0.293636351020E-01
  17.40000  0.140260544528E+00
  17.50000  0.364293303011E+00
  17.60000  0.621833579250E+00
  17.70000  0.795867723778E+00
  17.80000  0.816973794114E+00
  17.90000  0.725085865231E+00
  18.00000  0.613746655152E+00
  18.10000  0.510679162289E+00
  18.20000  0.417720134287E+00
  18.30000  0.504433745669E+00
  18.40000  0.955555600343E+00
  18.50000  0.175157655426E+01
  18.60000  0.274373275828E+01
  18.70000  0.384315200244E+01
  18.80000  0.498401428543E+01
  18.90000  0.591161428959E+01
  19.00000  0.638318374612E+01
  19.10000  0.645725181065E+01
  19.20000  0.630789033185E+01
  19.30000  0.588340194318E+01
  19.40000  0.500489213734E+01
  19.50000  0.385005584824E+01
  19.60000  0.290033980302E+01
  19.70000  0.239144005595E+01
  19.80000  0.217103683879E+01
  19.90000  0.208455552147E+01
  20.00000  0.224153169105E+01
  20.10000  0.271316532411E+01
  20.20000  0.330963914164E+01
  20.30000  0.382527735698E+01
  20.40000  0.422030992972E+01
  20.50000  0.448467311203E+01
  20.60000  0.447295156925E+01
  20.70000  0.410601038736E+01
  20.80000  0.355613244591E+01
  20.90000  0.302116798044E+01
  21.00000  0.250149616683E+01
  21.10000  0.189366047400E+01
  21.20000  0.125449278085E+01
  21.30000  0.770184851812E+00
  21.40000  0.501003376457E+00
  21.50000  0.355939227345E+00
  21.60000  0.238900404626E+00
  21.70000  0.159729320965E+00
  21.80000  0.159797690215E+00
  21.90000  0.219876223500E+00
  22.00000  0.298953450812E+00
  22.10000  0.361199497458E+00
  22.20000  0.409909382079E+00
  22.30000  0.469706017997E+00
  22.40000  0.547600604759E+00
  22.50000  0.626400609806E+00
  22.60000  0.667859238885E+00
  22.70000  0.677365346731E+00
  22.80000  0.686013328510E+00
  22.90000  0.694713285990E+00
  23.00000  0.682086167656E+00
  23.10000  0.636651382013E+00
  23.20000  0.587754646052E+00
  23.30000  0.546145906022E+00
  23.40000  0.494733044426E+00
  23.50000  0.445013324878E+00
  23.60000  0.428114762401E+00
  23.70000  0.450303318595E+00
  23.80000  0.458991849180E+00
  23.90000  0.426543936827E+00
  24.00000  0.405993804664E+00
  24.10000  0.444907612726E+00
  24.20000  0.512290563344E+00
  24.30000  0.524939874124E+00
  24.40000  0.476018043442E+00
  24.50000  0.449161149568E+00
  24.60000  0.491298697347E+00
  24.70000  0.554481898051E+00
  24.80000  0.562236497777E+00
  24.90000  0.534789007871E+00
  25.00000  0.559893694252E+00
  25.10000  0.664875783737E+00
  25.20000  0.798247408775E+00
  25.30000  0.912436301566E+00
  25.40000  0.103874151671E+01
  25.50000  0.121365324639E+01
  25.60000  0.140717056530E+01
  25.70000  0.157973197394E+01
  25.80000  0.173394339575E+01
  25.90000  0.188245053607E+01
  26.00000  0.197176085956E+01
  26.10000  0.194568869794E+01
  26.20000  0.185566943049E+01
  26.30000  0.179435266838E+01
  26.40000  0.175895018337E+01
  26.50000  0.165249486279E+01
  26.60000  0.146760767042E+01
  26.70000  0.134479099492E+01
  26.80000  0.138405523781E+01
  26.90000  0.152224764263E+01
  27.00000  0.164133968356E+01
  27.10000  0.174808133882E+01
  27.20000  0.192886583156E+01
  27.30000  0.217757784809E+01
  27.40000  0.239828184484E+01
  27.50000  0.252903317116E+01
  27.60000  0.259049935741E+01
  27.70000  0.259050123808E+01
  27.80000  0.248839908892E+01
  27.90000  0.229059540106E+01
  28.00000  0.206626212350E+01
  28.10000  0.185722791368E+01
  28.20000  0.162330848124E+01
  28.30000  0.134272434102E+01
  28.40000  0.110467761869E+01
  28.50000  0.100752515117E+01
  28.60000  0.103452395201E+01
  28.70000  0.108485959294E+01
  28.80000  0.112545673483E+01
  28.90000  0.122484752977E+01
  29.00000  0.141483787701E+01
  29.10000  0.162387940886E+01
  29.20000  0.175689283596E+01
  29.30000  0.180205012353E+01
  29.40000  0.180339785087E+01
  29.50000  0.176358804521E+01
  29.60000  0.165263002195E+01
  29.70000  0.146661567673E+01
  29.80000  0.124327593881E+01
  29.90000  0.101055567419E+01
  30.00000  0.768297649077E+00
  30.10000  0.541086827009E+00
  30.20000  0.376985584036E+00
  30.30000  0.298018821596E+00
  30.40000  0.274106319172E+00
  30.50000  0.274312380572E+00
  30.60000  0.320619351086E+00
  30.70000  0.438274773338E+00
  30.80000  0.600029800783E+00
  30.90000  0.740666606694E+00
  31.00000  0.827112382822E+00
  31.10000  0.882032231618E+00
  31.20000  0.921344933016E+00
  31.30000  0.925435276767E+00
  31.40000  0.865959650574E+00
  31.50000  0.748972417097E+00
  31.60000  0.611270260560E+00
  31.70000  0.475525850802E+00
  31.80000  0.346061582936E+00
  31.90000  0.222331935896E+00
  32.00000  0.115661314679E+00
  32.10000  0.445492510390E-01
  32.20000  0.140875166318E-01
  32.30000  0.187826345366E-01
  32.40000  0.437360130045E-01
  32.50000  0.796366262194E-01
  32.60000  0.126385637844E+00
  32.70000  0.178602083072E+00
  32.80000  0.224369881604E+00
  32.90000  0.247393540296E+00
  33.00000  0.246687723615E+00
  33.10000  0.232821699198E+00
  33.20000  0.208696307946E+00
  33.30000  0.174494339092E+00
  33.40000  0.135537467875E+00
  33.50000  0.107202393924E+00
  33.60000  0.937162841018E-01
  33.70000  0.863374932196E-01
  33.80000  0.931001763206E-01
  33.90000  0.134580803005E+00
  34.00000  0.212458007538E+00
  34.10000  0.290036459963E+00
  34.20000  0.338154987225E+00
  34.30000  0.379988386285E+00
  34.40000  0.446713078604E+00
  34.50000  0.518455326219E+00
  34.60000  0.537173410697E+00
  34.70000  0.489427441004E+00
  34.80000  0.426082519069E+00
  34.90000  0.381903140524E+00
  35.00000  0.333912042301E+00
  35.10000  0.248757746374E+00
  35.20000  0.145773471624E+00
  35.30000  0.700920961983E-01
  35.40000  0.297793125656E-01
  35.50000  0.104254345816E-01
  35.60000  0.166666615953E-01
  35.70000  0.680313826922E-01
  35.80000  0.154157331655E+00
  35.90000  0.242405383130E+00
  36.00000  0.335953420944E+00
  36.10000  0.463910010832E+00
  36.20000  0.619612575092E+00
  36.30000  0.744883493449E+00
  36.40000  0.802090018127E+00
  36.50000  0.824355673468E+00
  36.60000  0.851902435825E+00
  36.70000  0.866273151857E+00
  36.80000  0.817190695795E+00
  36.90000  0.701720079072E+00
  37.00000  0.571022781497E+00
  37.10000  0.456560564949E+00
  37.20000  0.346774760559E+00
  37.30000  0.229431411214E+00
  37.40000  0.125386823626E+00
  37.50000  0.607209491444E-01
  37.60000  0.325411269254E-01
  37.70000  0.349932816772E-01
  37.80000  0.798771584325E-01
  37.90000  0.175334061317E+00
  38.00000  0.297968434713E+00
  38.10000  0.414181992369E+00
  38.20000  0.525918168432E+00
  38.30000  0.651813932781E+00
  38.40000  0.780706690841E+00
  38.50000  0.870553795440E+00
  38.60000  0.898116929721E+00
  38.70000  0.884595883548E+00
  38.80000  0.851363879808E+00
  38.90000  0.791241667015E+00
  39.00000  0.691507510349E+00
  39.10000  0.564652330053E+00
  39.20000  0.437697151427E+00
  39.30000  0.319542359405E+00
  39.40000  0.213105997233E+00
  39.50000  0.135178836348E+00
  39.60000  0.103676604846E+00
  39.70000  0.113738756208E+00
  39.80000  0.144870152257E+00
  39.90000  0.197575270769E+00
  40.00000  0.286295326196E+00
  40.10000  0.404368072582E+00
  40.20000  0.520939080264E+00
  40.30000  0.612978623826E+00
  40.40000  0.685381440722E+00
  40.50000  0.742009642517E+00
  40.60000  0.770408696803E+00
  40.70000  0.763182230809E+00
  40.80000  0.730359925352E+00
  40.90000  0.682721503581E+00
  41.00000  0.612763652872E+00
  41.10000  0.520027859237E+00
  41.20000  0.430955083867E+00
  41.30000  0.370185970777E+00
  41.40000  0.330178830890E+00
  41.50000  0.286148987851E+00
  41.60000  0.242646430300E+00
  41.70000  0.228942974813E+00
  41.80000  0.251917363444E+00
  41.90000  0.285885064361E+00
  42.00000  0.307872688538E+00
  42.10000  0.326068577115E+00
  42.20000  0.353381101210E+00
  42.30000  0.381054427568E+00
  42.40000  0.396611569290E+00
  42.50000  0.403358575173E+00
  42.60000  0.410613009423E+00
  42.70000  0.410036170755E+00
  42.80000  0.390890471406E+00
  42.90000  0.367857942575E+00
  43.00000  0.363511920876E+00
  43.10000  0.374123930782E+00
  43.20000  0.371272631816E+00
  43.30000  0.348170320397E+00
  43.40000  0.333893748235E+00
  43.50000  0.347831490224E+00
  43.60000  0.370382097970E+00
  43.70000  0.369697697010E+00
  43.80000  0.347889247176E+00
  43.90000  0.331921345285E+00
  44.00000  0.328619336801E+00
  44.10000  0.319550579892E+00
  44.20000  0.291402373466E+00
  44.30000  0.255080513263E+00
  44.40000  0.223437476420E+00
  44.50000  0.193128430526E+00
  44.60000  0.161097958071E+00
  44.70000  0.135020582320E+00
  44.80000  0.122376938043E+00
  44.90000  0.115361983650E+00
  45.00000  0.104895344232E+00
  45.10000  0.100856350806E+00
  45.20000  0.116747609538E+00
  45.30000  0.147427995040E+00
  45.40000  0.172028332082E+00
  45.50000  0.183090918526E+00
  45.60000  0.195308732848E+00
  45.70000  0.218080482501E+00
  45.80000  0.240946282556E+00
  45.90000  0.246991740607E+00
  46.00000  0.236184097623E+00
  46.10000  0.222465853908E+00
  46.20000  0.211446041174E+00
  46.30000  0.197154465016E+00
  46.40000  0.172628398793E+00
  46.50000  0.141584677583E+00
  46.60000  0.113241570258E+00
  46.70000  0.905279453665E-01
  46.80000  0.710171376901E-01
  46.90000  0.509013793745E-01
  47.00000  0.319282044027E-01
  47.10000  0.187109905812E-01
  47.20000  0.119495035555E-01
  47.30000  0.893774717936E-02
  47.40000  0.565974721061E-02
  47.50000  0.326412998406E-02
  47.60000  0.460025943981E-02
  47.70000  0.891218623778E-02
  47.80000  0.143583977729E-01
  47.90000  0.202759212562E-01
  48.00000  0.292737442284E-01
  48.10000  0.408797985051E-01
  48.20000  0.521892193919E-01
  48.30000  0.652513773988E-01
  48.40000  0.846000960791E-01
  48.50000  0.110508052943E+00
  48.60000  0.134487651283E+00
  48.70000  0.151546112488E+00
  48.80000  0.169172529459E+00
  48.90000  0.194564316923E+00
  49.00000  0.221866277291E+00
  49.10000  0.236048129210E+00
  49.20000  0.234339733291E+00
  49.30000  0.229445770394E+00
  49.40000  0.228221091909E+00
  49.50000  0.221871214855E+00
  49.60000  0.198440946385E+00
  49.70000  0.162286409071E+00
  49.80000  0.127321587323E+00
  49.90000  0.976196385111E-01
  50.00000  0.682645780427E-01
  50.10000  0.379169033837E-01
  50.20000  0.148375651304E-01
  50.30000  0.463812790701E-02
  50.40000  0.512273908257E-02
  50.50000  0.172534693440E-01
  50.60000  0.466944027004E-01
  50.70000  0.946897224071E-01
  50.80000  0.151089185168E+00
  50.90000  0.207200855216E+00
  51.00000  0.267664538849E+00
  51.10000  0.337317144217E+00
  51.20000  0.407290652118E+00
  51.30000  0.459998941553E+00
  51.40000  0.489713386655E+00
  51.50000  0.505177160491E+00
  51.60000  0.510086606932E+00
  51.70000  0.497226270063E+00
  51.80000  0.459961862420E+00
  51.90000  0.404131355307E+00
  52.00000  0.340309040870E+00
  52.10000  0.272050879114E+00
  52.20000  0.201922327409E+00
  52.30000  0.137215868774E+00
  52.40000  0.865487244300E-01
  52.50000  0.514564022225E-01
  52.60000  0.299256798403E-01
  52.70000  0.271473820486E-01
  52.80000  0.495184767588E-01
  52.90000  0.945689540280E-01
  53.00000  0.151210570598E+00
  53.10000  0.212037137208E+00
  53.20000  0.278364706856E+00
  53.30000  0.348162709730E+00
  53.40000  0.412374033791E+00
  53.50000  0.462024316112E+00
  53.60000  0.494979746679E+00
  53.70000  0.511659491703E+00
  53.80000  0.508033398506E+00
  53.90000  0.483082541809E+00
  54.00000  0.442878607038E+00
  54.10000  0.394162497493E+00
  54.20000  0.336873007625E+00
  54.30000  0.268817999975E+00
  54.40000  0.198501617138E+00
  54.50000  0.139501215986E+00
  54.60000  0.967266807219E-01
  54.70000  0.647449455565E-01
  54.80000  0.402779421640E-01
  54.90000  0.305414694224E-01
  55.00000  0.409744393942E-01
  55.10000  0.669491791633E-01
  55.20000  0.100146474239E+00
  55.30000  0.137419492434E+00
  55.40000  0.179001688870E+00
  55.50000  0.219142305504E+00
  55.60000  0.251174694632E+00
  55.70000  0.275163993407E+00
  55.80000  0.293676509112E+00
  55.90000  0.302913397844E+00
  56.00000  0.294168762148E+00
  56.10000  0.269118743907E+00
  56.20000  0.239902863833E+00
  56.30000  0.213145236821E+00
  56.40000  0.182960554559E+00
  56.50000  0.142906965243E+00
  56.60000  0.101072625909E+00
  56.70000  0.706594187947E-01
  56.80000  0.536611966274E-01
  56.90000  0.422644770276E-01
  57.00000  0.324073712293E-01
  57.10000  0.297542891772E-01
  57.20000  0.375452255886E-01
  57.30000  0.512135255271E-01
  57.40000  0.660230442679E-01
  57.50000  0.817622435431E-01
  57.60000  0.986646133584E-01
  57.70000  0.111295633786E+00
  57.80000  0.115975058513E+00
  57.90000  0.116689812139E+00
  58.00000  0.117689732382E+00
  58.10000  0.115938855136E+00
  58.20000  0.104431131975E+00
  58.30000  0.850918650773E-01
  58.40000  0.675222918242E-01
  58.50000  0.558990084799E-01
  58.60000  0.455867966035E-01
  58.70000  0.317887295186E-01
  58.80000  0.187947265617E-01
  58.90000  0.130249018080E-01
  59.00000  0.140238601955E-01
  59.10000  0.176266001140E-01
  59.20000  0.221947613977E-01
  59.30000  0.298145619062E-01
  59.40000  0.395247045340E-01
  59.50000  0.477942385614E-01
  59.60000  0.545476605724E-01
  59.70000  0.617175036045E-01
  59.80000  0.685243432218E-01
  59.90000  0.697825420610E-01
  60.00000  0.638785401231E-01
  60.10000  0.560559071994E-01
  60.20000  0.501910542825E-01
  60.30000  0.441400825789E-01
  60.40000  0.335237463530E-01
  60.50000  0.203107082876E-01
  60.60000  0.106007279024E-01
  60.70000  0.598834877779E-02
  60.80000  0.415998446558E-02
  60.90000  0.390783834694E-02
  61.00000  0.770720668461E-02
  61.10000  0.160911133014E-01
  61.20000  0.258179865665E-01
  61.30000  0.363562863830E-01
  61.40000  0.501533325321E-01
  61.50000  0.671832523664E-01
  61.60000  0.810648584058E-01
  61.70000  0.867894772943E-01
  61.80000  0.886299324944E-01
  61.90000  0.923994481025E-01
  62.00000  0.958829195785E-01
  62.10000  0.906880993356E-01
  62.20000  0.753927986808E-01
  62.30000  0.588375055656E-01
  62.40000  0.471173099361E-01
  62.50000  0.373389331596E-01
  62.60000  0.246370268063E-01
  62.70000  0.119793481904E-01
  62.80000  0.609630570065E-02
  62.90000  0.748371749346E-02
  63.00000  0.135306387593E-01
  63.10000  0.250633286201E-01
  63.20000  0.450649395628E-01
  63.30000  0.704156980565E-01
  63.40000  0.935996346560E-01
  63.50000  0.115077286639E+00
  63.60000  0.141758565314E+00
  63.70000  0.173309971207E+00
  63.80000  0.196965982710E+00
  63.90000  0.203307009148E+00
  64.00000  0.200426629979E+00
  64.10000  0.200421776029E+00
  64.20000  0.200556909853E+00
  64.30000  0.187011572819E+00
  64.40000  0.157104036576E+00
  64.50000  0.125297625466E+00
  64.60000  0.102640172326E+00
  64.70000  0.853552717760E-01
  64.80000  0.665956311222E-01
  64.90000  0.508528054965E-01
  65.00000  0.473746437899E-01
  65.10000  0.558636646176E-01
  65.20000  0.720628221361E-01
  65.30000  0.985262460075E-01
  65.40000  0.139770397125E+00
  65.50000  0.188842385493E+00
  65.60000  0.232028068894E+00
  65.70000  0.269473516218E+00
  65.80000  0.313299501624E+00
  65.90000  0.363910960161E+00
  66.00000  0.401710750581E+00
  66.10000  0.411685331130E+00
  66.20000  0.405176091559E+00
  66.30000  0.400938205226E+00
  66.40000  0.396733350039E+00
  66.50000  0.374567670768E+00
  66.60000  0.330796334365E+00
  66.70000  0.283836527247E+00
  66.80000  0.247864766335E+00
  66.90000  0.218952250542E+00
  67.00000  0.190795354808E+00
  67.10000  0.169843070733E+00
  67.20000  0.165054624306E+00
  67.30000  0.173153119365E+00
  67.40000  0.189390845184E+00
  67.50000  0.220273207788E+00
  67.60000  0.272200831803E+00
  67.70000  0.333943926275E+00
  67.80000  0.386483527312E+00
  67.90000  0.430383022158E+00
  68.00000  0.481988015304E+00
  68.10000  0.542489783591E+00
  68.20000  0.589098208312E+00
  68.30000  0.604444422540E+00
  68.40000  0.600145149757E+00
  68.50000  0.595461643608E+00
  68.60000  0.588218262326E+00
  68.70000  0.562273617945E+00
  68.80000  0.515667035212E+00
  68.90000  0.464405776573E+00
  69.00000  0.418408432003E+00
  69.10000  0.374533264440E+00
  69.20000  0.332971851920E+00
  69.30000  0.303381826249E+00
  69.40000  0.290167185724E+00
  69.50000  0.285085253930E+00
  69.60000  0.285668713418E+00
  69.70000  0.304542478884E+00
  69.80000  0.349530200670E+00
  69.90000  0.406590264118E+00
  70.00000  0.455733676689E+00
  70.10000  0.498552573148E+00
  70.20000  0.550410113777E+00
  70.30000  0.610733375754E+00
  70.40000  0.659447633366E+00
  70.50000  0.683092240309E+00
  70.60000  0.689530749004E+00
  70.70000  0.688694697301E+00
  70.80000  0.676364015184E+00
  70.90000  0.645600005619E+00
  71.00000  0.600768342895E+00
  71.10000  0.550616283924E+00
  71.20000  0.494626976047E+00
  71.30000  0.431468370881E+00
  71.40000  0.372393564339E+00
  71.50000  0.331319400336E+00
  71.60000  0.307055920480E+00
  71.70000  0.288034545244E+00
  71.80000  0.275814919299E+00
  71.90000  0.286288103950E+00
  72.00000  0.325238990362E+00
  72.10000  0.378858184666E+00
  72.20000  0.432437346719E+00
  72.30000  0.487459810869E+00
  72.40000  0.549356844297E+00
  72.50000  0.610950021389E+00
  72.60000  0.660170449063E+00
  72.70000  0.693914775112E+00
  72.80000  0.714171233391E+00
  72.90000  0.714921155292E+00
  73.00000  0.688629163527E+00
  73.10000  0.642086606343E+00
  73.20000  0.589521203498E+00
  73.30000  0.532926185272E+00
  73.40000  0.462320316382E+00
  73.50000  0.379603896703E+00
  73.60000  0.305713648156E+00
  73.70000  0.256622608758E+00
  73.80000  0.227948638859E+00
  73.90000  0.210162342022E+00
  74.00000  0.208516586339E+00
  74.10000  0.234196582558E+00
  74.20000  0.284774706620E+00
  74.30000  0.349161646557E+00
  74.40000  0.423186596660E+00
  74.50000  0.507046931102E+00
  74.60000  0.589833082124E+00
  74.70000  0.654318673547E+00
  74.80000  0.698463516853E+00
  74.90000  0.732798511799E+00
  75.00000  0.755511716476E+00
  75.10000  0.746759507960E+00
  75.20000  0.697136546076E+00
  75.30000  0.625839246016E+00
  75.40000  0.555736322419E+00
  75.50000  0.485874919033E+00
  75.60000  0.403329926014E+00
  75.70000  0.314051083779E+00
  75.80000  0.242021128507E+00
  75.90000  0.199965166267E+00
  76.00000  0.182412836989E+00
  76.10000  0.185833913557E+00
  76.20000  0.217274402172E+00
  76.30000  0.277360394971E+00
  76.40000  0.352404035848E+00
  76.50000  0.434254124116E+00
  76.60000  0.529142527794E+00
  76.70000  0.636203088516E+00
  76.80000  0.731543193429E+00
  76.90000  0.791099234507E+00
  77.00000  0.820420336494E+00
  77.10000  0.839545642934E+00
  77.20000  0.846498866456E+00
  77.30000  0.817586232738E+00
  77.40000  0.745004233010E+00
  77.50000  0.652439666804E+00
  77.60000  0.563981165124E+00
  77.70000  0.479454224961E+00
  77.80000  0.390921028262E+00
  77.90000  0.307489078953E+00
  78.00000  0.247556792434E+00
  78.10000  0.215844731726E+00
  78.20000  0.207768615288E+00
  78.30000  0.227092855188E+00
  78.40000  0.280955514459E+00
  78.50000  0.360495678714E+00
  78.60000  0.445039544760E+00
  78.70000  0.529019321260E+00
  78.80000  0.623527290019E+00
  78.90000  0.727202848443E+00
  79.00000  0.814340253555E+00
  79.10000  0.862571987719E+00
  79.20000  0.878881050444E+00
  79.30000  0.881389217446E+00
  79.40000  0.868733573751E+00
  79.50000  0.824815866744E+00
  79.60000  0.747480922644E+00
  79.70000  0.654877012672E+00
  79.80000  0.561924928403E+00
  79.90000  0.469802316151E+00
  80.00000  0.380487446560E+00
  80.10000  0.305346395210E+00
  80.20000  0.253104633848E+00
  80.30000  0.220658334496E+00
  80.40000  0.206423337660E+00
  80.50000  0.219699369187E+00
  80.60000  0.266282849695E+00
  80.70000  0.334318931188E+00
  80.80000  0.405684900120E+00
  80.90000  0.477572544610E+00
  81.00000  0.557635934064E+00
  81.10000  0.642012931569E+00
  81.20000  0.712963395204E+00
  81.30000  0.758090624188E+00
  81.40000  0.780615090870E+00
  81.50000  0.785495156420E+00
  81.60000  0.769023278011E+00
  81.70000  0.727944623195E+00
  81.80000  0.667801439356E+00
  81.90000  0.596141746392E+00
  82.00000  0.513692137791E+00
  82.10000  0.422311723483E+00
  82.20000  0.334039965259E+00
  82.30000  0.261731587746E+00
  82.40000  0.206399567463E+00
  82.50000  0.162063742920E+00
  82.60000  0.131773259419E+00
  82.70000  0.126549214355E+00
  82.80000  0.149050798290E+00
  82.90000  0.190257302332E+00
  83.00000  0.242010685868E+00
  83.10000  0.304087668995E+00
  83.20000  0.374418092782E+00
  83.30000  0.443341443191E+00
  83.40000  0.503720374945E+00
  83.50000  0.556064953666E+00
  83.60000  0.598687313591E+00
  83.70000  0.620141242101E+00
  83.80000  0.611921937419E+00
  83.90000  0.582066145854E+00
  84.00000  0.543629346788E+00
  84.10000  0.495982176346E+00
  84.20000  0.428777189418E+00
  84.30000  0.344142419912E+00
  84.40000  0.260697764540E+00
  84.50000  0.192105145775E+00
  84.60000  0.135968155727E+00
  84.70000  0.873885541708E-01
  84.80000  0.529695906668E-01
  84.90000  0.421566889934E-01
  85.00000  0.535650747727E-01
  85.10000  0.813141912451E-01
  85.20000  0.125814379358E+00
  85.30000  0.188161781535E+00
  85.40000  0.257992167356E+00
  85.50000  0.320410322390E+00
  85.60000  0.374239185393E+00
  85.70000  0.427888325591E+00
  85.80000  0.477873359208E+00
  85.90000  0.505111323305E+00
  86.00000  0.498762052836E+00
  86.10000  0.471225146711E+00
  86.20000  0.438630181022E+00
  86.30000  0.398861510922E+00
  86.40000  0.340039673539E+00
  86.50000  0.264648351665E+00
  86.60000  0.190851663408E+00
  86.70000  0.130613881261E+00
  86.80000  0.819659687361E-01
  86.90000  0.425663752041E-01
  87.00000  0.187465480300E-01
  87.10000  0.159523332664E-01
  87.20000  0.301619058799E-01
  87.30000  0.570582579388E-01
  87.40000  0.990867901814E-01
  87.50000  0.156444156863E+00
  87.60000  0.217721027180E+00
  87.70000  0.269228225388E+00
  87.80000  0.310662015642E+00
  87.90000  0.349331074464E+00
  88.00000  0.382619961050E+00
  88.10000  0.396947355941E+00
  88.20000  0.385507609891E+00
  88.30000  0.357437386932E+00
  88.40000  0.323648923239E+00
  88.50000  0.284164777892E+00
  88.60000  0.234582188869E+00
  88.70000  0.178478155545E+00
  88.80000  0.126042184616E+00
  88.90000  0.827502439293E-01
  89.00000  0.485979942402E-01
  89.10000  0.250222865778E-01
  89.20000  0.156135427683E-01
  89.30000  0.202895793439E-01
  89.40000  0.342554586005E-01
  89.50000  0.553654756823E-01
  89.60000  0.851766083003E-01
  89.70000  0.122061321750E+00
  89.80000  0.158703338913E+00
  89.90000  0.188451345181E+00
  90.00000  0.211292951212E+00
  90.10000  0.228926471488E+00
  90.20000  0.239217921674E+00
  90.30000  0.238980994816E+00
  90.40000  0.228738766800E+00
  90.50000  0.211794469164E+00
  90.60000  0.189177107121E+00
  90.70000  0.161230137447E+00
  90.80000  0.131727501777E+00
  90.90000  0.105479704530E+00
  91.00000  0.833545581495E-01
  91.10000  0.627201914304E-01
  91.20000  0.443884421234E-01
  91.30000  0.332290297662E-01
  91.40000  0.310400628147E-01
  91.50000  0.339974376374E-01
  91.60000  0.378602849392E-01
  91.70000  0.432961072021E-01
  91.80000  0.520829872604E-01
  91.90000  0.622547851808E-01
  92.00000  0.708689237727E-01
  92.10000  0.777239194055E-01
  92.20000  0.839808102280E-01
  92.30000  0.878217710842E-01
  92.40000  0.868492072814E-01
  92.50000  0.834166496228E-01
  92.60000  0.818012633473E-01
  92.70000  0.817146005873E-01
  92.80000  0.781915364372E-01
  92.90000  0.700338470249E-01
  93.00000  0.628394256177E-01
  93.10000  0.606843727326E-01
  93.20000  0.604738849972E-01
  93.30000  0.566982234686E-01
  93.40000  0.498044948134E-01
  93.50000  0.446209936015E-01
  93.60000  0.423093400839E-01
  93.70000  0.397328060021E-01
  93.80000  0.348227846321E-01
  93.90000  0.294326337720E-01
  94.00000  0.252737902278E-01
  94.10000  0.213197767968E-01
  94.20000  0.173349395623E-01
  94.30000  0.151303941580E-01
  94.40000  0.157918610014E-01
  94.50000  0.173046582742E-01
  94.60000  0.178492734145E-01
  94.70000  0.194510700646E-01
  94.80000  0.244648948565E-01
  94.90000  0.316342903010E-01
  95.00000  0.373211917150E-01
  95.10000  0.404896060140E-01
  95.20000  0.433650527139E-01
  95.30000  0.466565620005E-01
  95.40000  0.486165973955E-01
  95.50000  0.477787630533E-01
  95.60000  0.449332248139E-01
  95.70000  0.411783270688E-01
  95.80000  0.359310996578E-01
  95.90000  0.293237969135E-01
  96.00000  0.229797045610E-01
  96.10000  0.181191031768E-01
  96.20000  0.139420159489E-01
  96.30000  0.936519806166E-02
  96.40000  0.586339534616E-02
  96.50000  0.524116509700E-02
  96.60000  0.709533653852E-02
  96.70000  0.960476352010E-02
  96.80000  0.121639204922E-01
  96.90000  0.157668288957E-01
  97.00000  0.200288260911E-01
  97.10000  0.236462485934E-01
  97.20000  0.265563798245E-01
  97.30000  0.296745224721E-01
  97.40000  0.325985266302E-01
  97.50000  0.330816860641E-01
  97.60000  0.311100478658E-01
  97.70000  0.296108904358E-01
  97.80000  0.302567117666E-01
  97.90000  0.309095581862E-01
  98.00000  0.286932674882E-01
  98.10000  0.251681951710E-01
  98.20000  0.240870600519E-01
  98.30000  0.258982004303E-01
  98.40000  0.274067016916E-01
  98.50000  0.264323571065E-01
  98.60000  0.248956313690E-01
  98.70000  0.248646775475E-01
  98.80000  0.254421004726E-01
  98.90000  0.247099042676E-01
  99.00000  0.225158810000E-01
  99.10000  0.202418221325E-01
  99.20000  0.178305480953E-01
  99.30000  0.146405746892E-01
  99.40000  0.115778521943E-01
  99.50000  0.101456828823E-01
  99.60000  0.103400914277E-01
  99.70000  0.104742088949E-01
  99.80000  0.106917434166E-01
  99.90000  0.133362377589E-01
 100.00000  0.194265452147E-01
 100.10000  0.271241923824E-01
 100.20000  0.339144629529E-01
 100.30000  0.401645338232E-01
 100.40000  0.475763145679E-01
 100.50000  0.557976406783E-01
 100.60000  0.625959567377E-01
 100.70000  0.662786668451E-01
 100.80000  0.675067238251E-01
 100.90000  0.671482508223E-01
 101.00000  0.648149514919E-01
 101.10000  0.599563890973E-01
 101.20000  0.527423914425E-01
 101.30000  0.442419565146E-01
 101.40000  0.350386557226E-01
 101.50000  0.255511357263E-01
 101.60000  0.167130128824E-01
 101.70000  0.934005622767E-02
 101.80000  0.403167247179E-02
 101.90000  0.864176617250E-03
 102.00000  0.194934974152E-03
 102.10000  0.244035817912E-02
 102.20000  0.729276184369E-02
 102.30000  0.143772400897E-01
 102.40000  0.232460698123E-01
 102.50000  0.335456463550E-01
 102.60000  0.443597831952E-01
 102.70000  0.544225906395E-01
 102.80000  0.634144269250E-01
 102.90000  0.712898621769E-01
 103.00000  0.776015332764E-01
 103.10000  0.810947443458E-01
 103.20000  0.810078893897E-01
 103.30000  0.782393606306E-01
 103.40000  0.737517435842E-01
 103.50000  0.676111841814E-01
 103.60000  0.591196954302E-01
 103.70000  0.485671241048E-01
 103.80000  0.377394165822E-01
 103.90000  0.279066160663E-01
 104.00000  0.192653551937E-01
 104.10000  0.114504502735E-01
 104.20000  0.501877126513E-02
 104.30000  0.123741761591E-02
 104.40000  0.419894107957E-03
 104.50000  0.221285475640E-02
 104.60000  0.612351701893E-02
 104.70000  0.121899045153E-01
 104.80000  0.202137939757E-01
 104.90000  0.291283311442E-01
 105.00000  0.383329200904E-01
 105.10000  0.477368467751E-01
 105.20000  0.571036982937E-01
 105.30000  0.650128670144E-01
 105.40000  0.698845442616E-01
 105.50000  0.722517075984E-01
 105.60000  0.735777837655E-01
 105.70000  0.739444219923E-01
 105.80000  0.713315155019E-01
 105.90000  0.646972763764E-01
 106.00000  0.565172580124E-01
 106.10000  0.497100152753E-01
 106.20000  0.441803616373E-01
 106.30000  0.373416413530E-01
 106.40000  0.288012065594E-01
 106.50000  0.219141381614E-01
 106.60000  0.191219121013E-01
 106.70000  0.191083796447E-01
 106.80000  0.190314432005E-01
 106.90000  0.189484658755E-01
 107.00000  0.212249303859E-01
 107.10000  0.261524458194E-01
 107.20000  0.318609423227E-01
 107.30000  0.371462523883E-01
 107.40000  0.428075645194E-01
 107.50000  0.489688330913E-01
 107.60000  0.538575858597E-01
 107.70000  0.573083077281E-01
 107.80000  0.615536414891E-01
 107.90000  0.676707517676E-01
 108.00000  0.727257712552E-01
 108.10000  0.737904522210E-01
 108.20000  0.735330024697E-01
 108.30000  0.766946749366E-01
 108.40000  0.828541384741E-01
 108.50000  0.861654743914E-01
 108.60000  0.838303817051E-01
 108.70000  0.805155304707E-01
 108.80000  0.808014526855E-01
 108.90000  0.822817496453E-01
 109.00000  0.790467544850E-01
 109.10000  0.704641609060E-01
 109.20000  0.615874377421E-01
 109.30000  0.550070782955E-01
 109.40000  0.484656274786E-01
 109.50000  0.400072660502E-01
 109.60000  0.318320751173E-01
 109.70000  0.266685725968E-01
 109.80000  0.239195023566E-01
 109.90000  0.232499099851E-01
 110.00000  0.273176109085E-01
 110.10000  0.382494906004E-01
 110.20000  0.531988577879E-01
 110.30000  0.678394168656E-01
 110.40000  0.836138609574E-01
 110.50000  0.105074862680E+00
 110.60000  0.131241204147E+00
 110.70000  0.154262912543E+00
 110.80000  0.168814531099E+00
 110.90000  0.178396084394E+00
 111.00000  0.187747601537E+00
 111.10000  0.194276496607E+00
 111.20000  0.190983276093E+00
 111.30000  0.176372399333E+00
 111.40000  0.156293341259E+00
 111.50000  0.135246032330E+00
 111.60000  0.112274292504E+00
 111.70000  0.856951032920E-01
 111.80000  0.582438127240E-01
 111.90000  0.347801910895E-01
 112.00000  0.172043265072E-01
 112.10000  0.573209507034E-02
 112.20000  0.176228943649E-02
 112.30000  0.710223663166E-02
 112.40000  0.210803589222E-01
 112.50000  0.410776627408E-01
 112.60000  0.664261493835E-01
 112.70000  0.975928650076E-01
 112.80000  0.132653667571E+00
 112.90000  0.166908042350E+00
 113.00000  0.196575295630E+00
 113.10000  0.221256744351E+00
 113.20000  0.240688201280E+00
 113.30000  0.252725552718E+00
 113.40000  0.255248279003E+00
 113.50000  0.248376745551E+00
 113.60000  0.233706783616E+00
 113.70000  0.211825653799E+00
 113.80000  0.183690494193E+00
 113.90000  0.152127915391E+00
 114.00000  0.120269239013E+00
 114.10000  0.895516304481E-01
 114.20000  0.603213393860E-01
 114.30000  0.348746826654E-01
 114.40000  0.163892054632E-01
 114.50000  0.581411560086E-02
 114.60000  0.209507508837E-02
 114.70000  0.463517553996E-02
 114.80000  0.141318539461E-01
 114.90000  0.295656088694E-01
 115.00000  0.482318471857E-01
 115.10000  0.692934704915E-01
 115.20000  0.937141442898E-01
 115.30000  0.120176326668E+00
 115.40000  0.143342324753E+00
 115.50000  0.160198671831E+00
 115.60000  0.174477725249E+00
 115.70000  0.190308661520E+00
 115.80000  0.204427944355E+00
 115.90000  0.209151068106E+00
 116.00000  0.203984662668E+00
 116.10000  0.197136296250E+00
 116.20000  0.193502204026E+00
 116.30000  0.187661172368E+00
 116.40000  0.172123068919E+00
 116.50000  0.149319315253E+00
 116.60000  0.128227583594E+00
 116.70000  0.111665719146E+00
 116.80000  0.941211835504E-01
 116.90000  0.715857446467E-01
 117.00000  0.483075346701E-01
 117.10000  0.301825415685E-01
 117.20000  0.174201670217E-01
 117.30000  0.768398212956E-02
 117.40000  0.186110156405E-02
 117.50000  0.308122772092E-02
 117.60000  0.111590700797E-01
 117.70000  0.239609018321E-01
 117.80000  0.428563364152E-01
 117.90000  0.709517339369E-01
 118.00000  0.106677745696E+00
 118.10000  0.143228795180E+00
 118.20000  0.177194149863E+00
 118.30000  0.212275224017E+00
 118.40000  0.250955205768E+00
 118.50000  0.287481704222E+00
 118.60000  0.312852108824E+00
 118.70000  0.325682880253E+00
 118.80000  0.331835486994E+00
 118.90000  0.333751652049E+00
 119.00000  0.326467013502E+00
 119.10000  0.304975187136E+00
 119.20000  0.272255345120E+00
 119.30000  0.235627411821E+00
 119.40000  0.198317189135E+00
 119.50000  0.158958919930E+00
 119.60000  0.117356537271E+00
 119.70000  0.780055909055E-01
 119.80000  0.461393472821E-01
 119.90000  0.236370541049E-01
 120.00000  0.100751627734E-01
 120.10000  0.523964784655E-02
 120.20000  0.102992922227E-01
 120.30000  0.259581797617E-01
 120.40000  0.512094230105E-01
 120.50000  0.835248111518E-01
 120.60000  0.119648774160E+00
 120.70000  0.157692001281E+00
 120.80000  0.196943544383E+00
 120.90000  0.235867336612E+00
 121.00000  0.270501732425E+00
 121.10000  0.296528117468E+00
 121.20000  0.313786127746E+00
 121.30000  0.325076091503E+00
 121.40000  0.330860942196E+00
 121.50000  0.327283888771E+00
 121.60000  0.311668801567E+00
 121.70000  0.288167794040E+00
 121.80000  0.263234851935E+00
 121.90000  0.237909364717E+00
 122.00000  0.207930876937E+00
 122.10000  0.172135224614E+00
 122.20000  0.136549206651E+00
 122.30000  0.106975456792E+00
 122.40000  0.825424094762E-01
 122.50000  0.590016276728E-01
 122.60000  0.363777228987E-01
 122.70000  0.190858015666E-01
 122.80000  0.886212521301E-02
 122.90000  0.344379650417E-02
 123.00000  0.129678462539E-02
 123.10000  0.396180982869E-02
 123.20000  0.121311414453E-01
 123.30000  0.231535861412E-01
 123.40000  0.361234883986E-01
 123.50000  0.543277566265E-01
 123.60000  0.797628346237E-01
 123.70000  0.107836170606E+00
 123.80000  0.132441496351E+00
 123.90000  0.155532639634E+00
 124.00000  0.184107071960E+00
 124.10000  0.218321022579E+00
 124.20000  0.248551464172E+00
 124.30000  0.267472187444E+00
 124.40000  0.279986539312E+00
 124.50000  0.294377823771E+00
 124.60000  0.308606136498E+00
 124.70000  0.311934410692E+00
 124.80000  0.299826797811E+00
 124.90000  0.280080124090E+00
 125.00000  0.260752588716E+00
 125.10000  0.239676765887E+00
 125.20000  0.209768624206E+00
 125.30000  0.171233741945E+00
 125.40000  0.132476593257E+00
 125.50000  0.993450414709E-01
 125.60000  0.706101036374E-01
 125.70000  0.437740864328E-01
 125.80000  0.211025102401E-01
 125.90000  0.716848299222E-02
 126.00000  0.314490865474E-02
 126.10000  0.762339930016E-02
 126.20000  0.198013008873E-01
 126.30000  0.398492400307E-01
 126.40000  0.666582704362E-01
 126.50000  0.975465557159E-01
 126.60000  0.130870254710E+00
 126.70000  0.165603956282E+00
 126.80000  0.199709659099E+00
 126.90000  0.230294468053E+00
 127.00000  0.255440485732E+00
 127.10000  0.274845621448E+00
 127.20000  0.287545682401E+00
 127.30000  0.292300214491E+00
 127.40000  0.289540700985E+00
 127.50000  0.280957387521E+00
 127.60000  0.267063228023E+00
 127.70000  0.246540310493E+00
 127.80000  0.220367340752E+00
 127.90000  0.192904530005E+00
 128.00000  0.167321973393E+00
 128.10000  0.142300772503E+00
 128.20000  0.115198524943E+00
 128.30000  0.880821148799E-01
 128.40000  0.658202403660E-01
 128.50000  0.495630261209E-01
 128.60000  0.359345987467E-01
 128.70000  0.226034493179E-01
 128.80000  0.119626561613E-01
 128.90000  0.648985273420E-02
 129.00000  0.501097625473E-02
 129.10000  0.568613890788E-02
 129.20000  0.932667357839E-02
 129.30000  0.174618396942E-01
 129.40000  0.282909566939E-01
 129.50000  0.397943493294E-01
 129.60000  0.545284508059E-01
 129.70000  0.762350841089E-01
 129.80000  0.102834972716E+00
 129.90000  0.127233245410E+00
 130.00000  0.147674113764E+00
 130.10000  0.170555379003E+00
 130.20000  0.199641869168E+00
 130.30000  0.228119121767E+00
 130.40000  0.246044848275E+00
 130.50000  0.253836287268E+00
 130.60000  0.260163086652E+00
 130.70000  0.267569469609E+00
 130.80000  0.268020329663E+00
 130.90000  0.254264368706E+00
 131.00000  0.230462130597E+00
 131.10000  0.205595985192E+00
 131.20000  0.181491518543E+00
 131.30000  0.153357773552E+00
 131.40000  0.119555298276E+00
 131.50000  0.857154948704E-01
 131.60000  0.574308001745E-01
 131.70000  0.350651867560E-01
 131.80000  0.172386223388E-01
 131.90000  0.490260988601E-02
 132.00000  0.253789716136E-03
 132.10000  0.301440297625E-02
 132.20000  0.116970681885E-01
 132.30000  0.261433267568E-01
 132.40000  0.461471265452E-01
 132.50000  0.696881683916E-01
 132.60000  0.937385883927E-01
 132.70000  0.117197704493E+00
 132.80000  0.140004027550E+00
 132.90000  0.160575867599E+00
 133.00000  0.177201691804E+00
 133.10000  0.189988216838E+00
 133.20000  0.199937844882E+00
 133.30000  0.205707365766E+00
 133.40000  0.205193689351E+00
 133.50000  0.200500507726E+00
 133.60000  0.196235358926E+00
 133.70000  0.193080413932E+00
 133.80000  0.186164132630E+00
 133.90000  0.173048145431E+00
 134.00000  0.159158486188E+00
 134.10000  0.150315247524E+00
 134.20000  0.144091522759E+00
 134.30000  0.132876454110E+00
 134.40000  0.115323854845E+00
 134.50000  0.982744120250E-01
 134.60000  0.859969291534E-01
 134.70000  0.746224674447E-01
 134.80000  0.588807557691E-01
 134.90000  0.406157770638E-01
 135.00000  0.256450590793E-01
 135.10000  0.154467227026E-01
 135.20000  0.796948897919E-02
 135.30000  0.340742081259E-02
 135.40000  0.488083007171E-02
 135.50000  0.129545734105E-01
 135.60000  0.250677098307E-01
 135.70000  0.417410646002E-01
 135.80000  0.666960189970E-01
 135.90000  0.999490971629E-01
 136.00000  0.134766321848E+00
 136.10000  0.165639052547E+00
 136.20000  0.195470185717E+00
 136.30000  0.228796472579E+00
 136.40000  0.262087754690E+00
 136.50000  0.285860206153E+00
 136.60000  0.296557650868E+00
 136.70000  0.300002483952E+00
 136.80000  0.300855712213E+00
 136.90000  0.295787242754E+00
 137.00000  0.279219157025E+00
 137.10000  0.252461702882E+00
 137.20000  0.222192986524E+00
 137.30000  0.191800136882E+00
 137.40000  0.160212092235E+00
 137.50000  0.127038326188E+00
 137.60000  0.953242062230E-01
 137.70000  0.680016520980E-01
 137.80000  0.451302342128E-01
 137.90000  0.267650595491E-01
 138.00000  0.141343656713E-01
 138.10000  0.772229363447E-02
 138.20000  0.580085278423E-02
 138.30000  0.664554599629E-02
 138.40000  0.108470719021E-01
 138.50000  0.186351740155E-01
 138.60000  0.284210088211E-01
 138.70000  0.387760329953E-01
 138.80000  0.502107551707E-01
 138.90000  0.631984899435E-01
 139.00000  0.755968056887E-01
 139.10000  0.864359347982E-01
 139.20000  0.989361940635E-01
 139.30000  0.116283544023E+00
 139.40000  0.135698560583E+00
 139.50000  0.151121011669E+00
 139.60000  0.163312083409E+00
 139.70000  0.179755356851E+00
 139.80000  0.202941816492E+00
 139.90000  0.224451304870E+00
 140.00000  0.235257223730E+00
 140.10000  0.238671641218E+00
 140.20000  0.244390953604E+00
 140.30000  0.252791739711E+00
 140.40000  0.253053854203E+00
 140.50000  0.238211276882E+00
 140.60000  0.215247825221E+00
 140.70000  0.194245802305E+00
 140.80000  0.174791835226E+00
 140.90000  0.149092192964E+00
 141.00000  0.115561303420E+00
 141.10000  0.824564578572E-01
 141.20000  0.566943084226E-01
 141.30000  0.372852314402E-01
 141.40000  0.209202079012E-01
 141.50000  0.892169570631E-02
 141.60000  0.530451227735E-02
 141.70000  0.104045020766E-01
 141.80000  0.220619730709E-01
 141.90000  0.396701472394E-01
 142.00000  0.635764813318E-01
 142.10000  0.916487936787E-01
 142.20000  0.119579432347E+00
 142.30000  0.145965668181E+00
 142.40000  0.172099614369E+00
 142.50000  0.197274180453E+00
 142.60000  0.217597870389E+00
 142.70000  0.230101816005E+00
 142.80000  0.236293744695E+00
 142.90000  0.238428412864E+00
 143.00000  0.236110425457E+00
 143.10000  0.228269995520E+00
 143.20000  0.215970287344E+00
 143.30000  0.201600240335E+00
 143.40000  0.185378450087E+00
 143.50000  0.166970621427E+00
 143.60000  0.148543627795E+00
 143.70000  0.132811382366E+00
 143.80000  0.119238860144E+00
 143.90000  0.104410685068E+00
 144.00000  0.881076322464E-01
 144.10000  0.742074818152E-01
 144.20000  0.645254579596E-01
 144.30000  0.558353742128E-01
 144.40000  0.442974938778E-01
 144.50000  0.314990372440E-01
 144.60000  0.215209653703E-01
 144.70000  0.148399944723E-01
 144.80000  0.920131793356E-02
 144.90000  0.435525740404E-02
 145.00000  0.313835611225E-02
 145.10000  0.653523436574E-02
 145.20000  0.130528832529E-01
 145.30000  0.235433996194E-01
 145.40000  0.412446039138E-01
 145.50000  0.662803190997E-01
 145.60000  0.930677007274E-01
 145.70000  0.118023300111E+00
 145.80000  0.145370479023E+00
 145.90000  0.179611494045E+00
 146.00000  0.215983925204E+00
 146.10000  0.243717859085E+00
 146.20000  0.260136754177E+00
 146.30000  0.273391809708E+00
 146.40000  0.288541800298E+00
 146.50000  0.298573114896E+00
 146.60000  0.293363234569E+00
 146.70000  0.274641614659E+00
 146.80000  0.253516907195E+00
 146.90000  0.234919100831E+00
 147.00000  0.212831097886E+00
 147.10000  0.181327080969E+00
 147.20000  0.145216651290E+00
 147.30000  0.113968597985E+00
 147.40000  0.900205745385E-01
 147.50000  0.687634911387E-01
 147.60000  0.472071039466E-01
 147.70000  0.288156360337E-01
 147.80000  0.176921819392E-01
 147.90000  0.131814925985E-01
 148.00000  0.119192507774E-01
 148.10000  0.118757182922E-01
 148.20000  0.138490169851E-01
 148.30000  0.185982303243E-01
 148.40000  0.253775260352E-01
 148.50000  0.324460805790E-01
 148.60000  0.380650671547E-01
 148.70000  0.427678537503E-01
 148.80000  0.487360601889E-01
 148.90000  0.571934063244E-01
 149.00000  0.660602378830E-01
 149.10000  0.724482264782E-01
 149.20000  0.784518317039E-01
 149.30000  0.893385742813E-01
 149.40000  0.106102273587E+00
 149.50000  0.122477608964E+00
 149.60000  0.133137733270E+00
 149.70000  0.142298836965E+00
 149.80000  0.157208856669E+00
 149.90000  0.176195172413E+00
 150.00000  0.188680553831E+00
 150.10000  0.189305184229E+00
 150.20000  0.185561166149E+00
 150.30000  0.185777847152E+00
 150.40000  0.186616268458E+00
 150.50000  0.177807864916E+00
 150.60000  0.157816311274E+00
 150.70000  0.136732220773E+00
 150.80000  0.121982040254E+00
 150.90000  0.110158502078E+00
 151.00000  0.947659094647E-01
 151.10000  0.776142798298E-01
 151.20000  0.665086499355E-01
 151.30000  0.642842630184E-01
 151.40000  0.674777441954E-01
 151.50000  0.730471604070E-01
 151.60000  0.823137886775E-01
 151.70000  0.965786292122E-01
 151.80000  0.113446328936E+00
 151.90000  0.130569265805E+00
 152.00000  0.147705368863E+00
 152.10000  0.164481717223E+00
 152.20000  0.177832718361E+00
 152.30000  0.184783762836E+00
 152.40000  0.186547870541E+00
 152.50000  0.185423813486E+00
 152.60000  0.181010116373E+00
 152.70000  0.171068005317E+00
 152.80000  0.155892656770E+00
 152.90000  0.138983283585E+00
 153.00000  0.122264036723E+00
 153.10000  0.105581509298E+00
 153.20000  0.893610169684E-01
 153.30000  0.755495400104E-01
 153.40000  0.649570539511E-01
 153.50000  0.557027674593E-01
 153.60000  0.475089477729E-01
 153.70000  0.426852038388E-01
 153.80000  0.420758518769E-01
 153.90000  0.422692623742E-01
 154.00000  0.392673476309E-01
 154.10000  0.345337123765E-01
 154.20000  0.318821490469E-01
 154.30000  0.312816921243E-01
 154.40000  0.290171276519E-01
 154.50000  0.236995533642E-01
 154.60000  0.191631396969E-01
 154.70000  0.185213908202E-01
 154.80000  0.212286621352E-01
 154.90000  0.265753970899E-01
 155.00000  0.364703508127E-01
 155.10000  0.527231074766E-01
 155.20000  0.730578413234E-01
 155.30000  0.955679865995E-01
 155.40000  0.122760326054E+00
 155.50000  0.156929002564E+00
 155.60000  0.193657758059E+00
 155.70000  0.224447372642E+00
 155.80000  0.248020784826E+00
 155.90000  0.270719662723E+00
 156.00000  0.294514138655E+00
 156.10000  0.311013277560E+00
 156.20000  0.311244961059E+00
 156.30000  0.298708599463E+00
 156.40000  0.283805816873E+00
 156.50000  0.268961341749E+00
 156.60000  0.246630645970E+00
 156.70000  0.212179486679E+00
 156.80000  0.173071922879E+00
 156.90000  0.139298482802E+00
 157.00000  0.111852768684E+00
 157.10000  0.851684215853E-01
 157.20000  0.575640692187E-01
 157.30000  0.345785353391E-01
 157.40000  0.202988470782E-01
 157.50000  0.127859121215E-01
 157.60000  0.806879867221E-02
 157.70000  0.490161940116E-02
 157.80000  0.452975241457E-02
 157.90000  0.644943155875E-02
 158.00000  0.892441693285E-02
 158.10000  0.106415500013E-01
 158.20000  0.109954963849E-01
 158.30000  0.104097338257E-01
 158.40000  0.967117541716E-02
 158.50000  0.998356242935E-02
 158.60000  0.110351387326E-01
 158.70000  0.120151177124E-01
 158.80000  0.153186666952E-01
 158.90000  0.250043013535E-01
 159.00000  0.418576566383E-01
 159.10000  0.608812469327E-01
 159.20000  0.786527796015E-01
 159.30000  0.997860684974E-01
 159.40000  0.129744937764E+00
 159.50000  0.164635683509E+00
 159.60000  0.192829214591E+00
 159.70000  0.210109301736E+00
 159.80000  0.224979118884E+00
 159.90000  0.244055757554E+00
 160.00000  0.260185903548E+00
 160.10000  0.260442258579E+00
 160.20000  0.244978225278E+00
 160.30000  0.227149574705E+00
 160.40000  0.214433636155E+00
 160.50000  0.199696462284E+00
 160.60000  0.173610267555E+00
 160.70000  0.140878115105E+00
 160.80000  0.114721828257E+00
 160.90000  0.996342783152E-01
 161.00000  0.886722778766E-01
 161.10000  0.756163779387E-01
 161.20000  0.645471100520E-01
 161.30000  0.622304923635E-01
 161.40000  0.679271937485E-01
 161.50000  0.754804315171E-01
 161.60000  0.808381198677E-01
 161.70000  0.853935901067E-01
 161.80000  0.904720369050E-01
 161.90000  0.942950719654E-01
 162.00000  0.944785342583E-01
 162.10000  0.899100016477E-01
 162.20000  0.818271696168E-01
 162.30000  0.718501470241E-01
 162.40000  0.613487297896E-01
 162.50000  0.507715252428E-01
 162.60000  0.395474737331E-01
 162.70000  0.296382100524E-01
 162.80000  0.249909690047E-01
 162.90000  0.277478985822E-01
 163.00000  0.348033113116E-01
 163.10000  0.416719891532E-01
 163.20000  0.505245623576E-01
 163.30000  0.668784470436E-01
 163.40000  0.901011954896E-01
 163.50000  0.110737479144E+00
 163.60000  0.121680218447E+00
 163.70000  0.128175623101E+00
 163.80000  0.138416147181E+00
 163.90000  0.150135842124E+00
 164.00000  0.152032432810E+00
 164.10000  0.140192112476E+00
 164.20000  0.125190029815E+00
 164.30000  0.117172660190E+00
 164.40000  0.113557987942E+00
 164.50000  0.105125426883E+00
 164.60000  0.920357708473E-01
 164.70000  0.851988556372E-01
 164.80000  0.908972604088E-01
 164.90000  0.104504540036E+00
 165.00000  0.118575163083E+00
 165.10000  0.133272524094E+00
 165.20000  0.153335714719E+00
 165.30000  0.178108999389E+00
 165.40000  0.202204881278E+00
 165.50000  0.221132659857E+00
 165.60000  0.234509435223E+00
 165.70000  0.242368218513E+00
 165.80000  0.242498011225E+00
 165.90000  0.234137826070E+00
 166.00000  0.218179217892E+00
 166.10000  0.196061299635E+00
 166.20000  0.168515727752E+00
 166.30000  0.136970735607E+00
 166.40000  0.105120062975E+00
 166.50000  0.753264940670E-01
 166.60000  0.490124098057E-01
 166.70000  0.282586594450E-01
 166.80000  0.156666862350E-01
 166.90000  0.117239335694E-01
 167.00000  0.129021648807E-01
 167.10000  0.179927838942E-01
 167.20000  0.297118865299E-01
 167.30000  0.487996522360E-01
 167.40000  0.691041493305E-01
 167.50000  0.820442443672E-01
 167.60000  0.880872992370E-01
 167.70000  0.939877997712E-01
 167.80000  0.101000392298E+00
 167.90000  0.101442727601E+00
 168.00000  0.893528379226E-01
 168.10000  0.717343843929E-01
 168.20000  0.596066769724E-01
 168.30000  0.550846759812E-01
 168.40000  0.522761219002E-01
 168.50000  0.494182148288E-01
 168.60000  0.547914040074E-01
 168.70000  0.750453853106E-01
 168.80000  0.108049085825E+00
 168.90000  0.147858797102E+00
 169.00000  0.192366890924E+00
 169.10000  0.242890435313E+00
 169.20000  0.296095478538E+00
 169.30000  0.346100208011E+00
 169.40000  0.389428862528E+00
 169.50000  0.424532877985E+00
 169.60000  0.448019280080E+00
 169.70000  0.453856130773E+00
 169.80000  0.441531910888E+00
 169.90000  0.415927298070E+00
 170.00000  0.380222233543E+00
 170.10000  0.333357634329E+00
 170.20000  0.274780996315E+00
 170.30000  0.211660001679E+00
 170.40000  0.152733905068E+00
 170.50000  0.101520413928E+00
 170.60000  0.583475840101E-01
 170.70000  0.250217867469E-01
 170.80000  0.607011265843E-02
 170.90000  0.145819373144E-02
 171.00000  0.777200830300E-02
 171.10000  0.239497683455E-01
 171.20000  0.498215279622E-01
 171.30000  0.813356769484E-01
 171.40000  0.108505091181E+00
 171.50000  0.126265486343E+00
 171.60000  0.138443814219E+00
 171.70000  0.147571832143E+00
 171.80000  0.148246846473E+00
 171.90000  0.132444974515E+00
 172.00000  0.104027913747E+00
 172.10000  0.756406555931E-01
 172.20000  0.539191920570E-01
 172.30000  0.367773520748E-01
 172.40000  0.225142220432E-01
 172.50000  0.195173827162E-01
 172.60000  0.369309169578E-01
 172.70000  0.749920921259E-01
 172.80000  0.129735271706E+00
 172.90000  0.198940582411E+00
 173.00000  0.282517383539E+00
 173.10000  0.373797939895E+00
 173.20000  0.462877391565E+00
 173.30000  0.545877774134E+00
 173.40000  0.621127428886E+00
 173.50000  0.681799918249E+00
 173.60000  0.714321315267E+00
 173.70000  0.713313535632E+00
 173.80000  0.687230085747E+00
 173.90000  0.643552002817E+00
 174.00000  0.580271290965E+00
 174.10000  0.492207434616E+00
 174.20000  0.387835350649E+00
 174.30000  0.285468209164E+00
 174.40000  0.195373733859E+00
 174.50000  0.118368804230E+00
 174.60000  0.548253370721E-01
 174.70000  0.132732290738E-01
 174.80000  0.110126763892E-04
 174.90000  0.112306240665E-01
 175.00000  0.422733512517E-01
 175.10000  0.906638542883E-01
 175.20000  0.152620639025E+00
 175.30000  0.214859668721E+00
 175.40000  0.263785729005E+00
 175.50000  0.299169671196E+00
 175.60000  0.323969446126E+00
 175.70000  0.332963371034E+00
 175.80000  0.313119358092E+00
 175.90000  0.263637434411E+00
 176.00000  0.202163953692E+00
 176.10000  0.143090548767E+00
 176.20000  0.893530322375E-01
 176.30000  0.404792811587E-01
 176.40000  0.876826286517E-02
 176.50000  0.121969156517E-01
 176.60000  0.554444860949E-01
 176.70000  0.136983096253E+00
 176.80000  0.256685628405E+00
 176.90000  0.415682268976E+00
 177.00000  0.602249715829E+00
 177.10000  0.793528788817E+00
 177.20000  0.980285259534E+00
 177.30000  0.116119212412E+01
 177.40000  0.132359087550E+01
 177.50000  0.143475897622E+01
 177.60000  0.146974944610E+01
 177.70000  0.144019047070E+01
 177.80000  0.136539339273E+01
 177.90000  0.124449234505E+01
 178.00000  0.106160579405E+01
 178.10000  0.825286142990E+00
 178.20000  0.580396814007E+00
 178.30000  0.362171885516E+00
 178.40000  0.183720884095E+00
 178.50000  0.537460210815E-01
 178.60000  0.319125781630E-03
 178.70000  0.542370724160E-01
 178.80000  0.213539520200E+00
 178.90000  0.475509012411E+00
 179.00000  0.852157220522E+00
 179.10000  0.134991929472E+01
 179.20000  0.192849495496E+01
 179.30000  0.251205947885E+01
 179.40000  0.308741904944E+01
 179.50000  0.368775665599E+01
 179.60000  0.430564103752E+01
 179.70000  0.483079214653E+01
 179.80000  0.512236691984E+01
 179.90000  0.521339382824E+01
 180.00000  0.522947044573E+01

