 # E =    3.2497598253551967       eV =    26213.000000000000       1/cm
 #  1801
# DFFCSO.  ACCUM LEV(I),J(I) =  1  0 LEV(F),J(F) =  1  0       , M =  0, WEIGHTED BY  1.00000
   0.10000  0.417133357013E+07
   0.20000  0.625060890583E+06
   0.30000  0.370655168820E+05
   0.40000  0.847840720717E+05
   0.50000  0.157637662378E+05
   0.60000  0.107596415166E+05
   0.70000  0.113789096647E+05
   0.80000  0.232052467426E+04
   0.90000  0.401571986209E+04
   1.00000  0.322133346422E+04
   1.10000  0.364515771485E+04
   1.20000  0.267360981327E+04
   1.30000  0.205928087621E+04
   1.40000  0.160427171215E+04
   1.50000  0.122391799736E+04
   1.60000  0.921869874116E+03
   1.70000  0.814446858583E+03
   1.80000  0.108926878280E+04
   1.90000  0.918748674522E+03
   2.00000  0.821071276948E+03
   2.10000  0.634912611795E+03
   2.20000  0.667657695029E+03
   2.30000  0.864815123655E+03
   2.40000  0.866287301095E+03
   2.50000  0.518342199282E+03
   2.60000  0.272309476689E+03
   2.70000  0.368487104669E+03
   2.80000  0.358195282805E+03
   2.90000  0.290059958432E+03
   3.00000  0.177858918815E+03
   3.10000  0.115579057861E+03
   3.20000  0.146849314405E+03
   3.30000  0.122243163820E+03
   3.40000  0.904565792735E+02
   3.50000  0.787518420997E+02
   3.60000  0.112130593972E+03
   3.70000  0.122922127533E+03
   3.80000  0.119445157766E+03
   3.90000  0.603670779178E+02
   4.00000  0.475767455201E+02
   4.10000  0.981990853790E+02
   4.20000  0.131102261597E+03
   4.30000  0.157763382821E+03
   4.40000  0.955829022240E+02
   4.50000  0.555474932530E+02
   4.60000  0.532401796182E+02
   4.70000  0.904565885489E+02
   4.80000  0.119534269748E+03
   4.90000  0.118318710130E+03
   5.00000  0.769117983234E+02
   5.10000  0.583110937827E+02
   5.20000  0.576789592610E+02
   5.30000  0.675170337675E+02
   5.40000  0.841765916708E+02
   5.50000  0.677634893505E+02
   5.60000  0.670220392177E+02
   5.70000  0.568861492246E+02
   5.80000  0.568439358286E+02
   5.90000  0.531213600686E+02
   6.00000  0.472529267744E+02
   6.10000  0.425788566763E+02
   6.20000  0.464913951329E+02
   6.30000  0.435292817246E+02
   6.40000  0.424506979886E+02
   6.50000  0.361256601112E+02
   6.60000  0.292365676977E+02
   6.70000  0.330487417207E+02
   6.80000  0.279159859450E+02
   6.90000  0.285223757448E+02
   7.00000  0.222048078148E+02
   7.10000  0.212618522725E+02
   7.20000  0.240780386408E+02
   7.30000  0.262837494235E+02
   7.40000  0.215330961981E+02
   7.50000  0.154546324493E+02
   7.60000  0.839338986730E+01
   7.70000  0.105186034894E+02
   7.80000  0.183612205422E+02
   7.90000  0.200103170411E+02
   8.00000  0.194042657625E+02
   8.10000  0.873556463761E+01
   8.20000  0.404943837749E+01
   8.30000  0.450111295673E+01
   8.40000  0.982222818262E+01
   8.50000  0.139957844650E+02
   8.60000  0.130815818076E+02
   8.70000  0.721487624808E+01
   8.80000  0.347599252101E+01
   8.90000  0.189617110146E+01
   9.00000  0.374067826670E+01
   9.10000  0.667039914020E+01
   9.20000  0.602657072231E+01
   9.30000  0.610387075715E+01
   9.40000  0.324388099200E+01
   9.50000  0.243935783399E+01
   9.60000  0.148533179306E+01
   9.70000  0.157990250477E+01
   9.80000  0.229213409064E+01
   9.90000  0.347872848333E+01
  10.00000  0.339692532214E+01
  10.10000  0.338938482501E+01
  10.20000  0.140558505273E+01
  10.30000  0.593238023171E+00
  10.40000  0.668511886540E+00
  10.50000  0.121475163889E+01
  10.60000  0.284764423378E+01
  10.70000  0.234958054572E+01
  10.80000  0.190684606645E+01
  10.90000  0.654053233869E+00
  11.00000  0.202924166649E+00
  11.10000  0.406559486644E+00
  11.20000  0.104186760146E+01
  11.30000  0.102018570296E+01
  11.40000  0.121445609452E+01
  11.50000  0.612985433126E+00
  11.60000  0.577174130318E+00
  11.70000  0.416772023099E+00
  11.80000  0.230468644539E+00
  11.90000  0.268552790604E+00
  12.00000  0.188305275215E+00
  12.10000  0.509507779993E+00
  12.20000  0.741996331644E+00
  12.30000  0.809111455713E+00
  12.40000  0.572837452094E+00
  12.50000  0.173176863672E+00
  12.60000  0.879046256992E-02
  12.70000  0.198858497957E+00
  12.80000  0.523553487936E+00
  12.90000  0.881291149777E+00
  13.00000  0.674098532101E+00
  13.10000  0.468548916904E+00
  13.20000  0.694823611571E-01
  13.30000  0.280285617371E-01
  13.40000  0.175579499231E+00
  13.50000  0.344914089233E+00
  13.60000  0.375481925249E+00
  13.70000  0.286430311051E+00
  13.80000  0.762847816483E-01
  13.90000  0.136343910764E-01
  14.00000  0.593939697124E-01
  14.10000  0.404787505011E-01
  14.20000  0.132993490773E+00
  14.30000  0.144883381808E-01
  14.40000  0.107319604298E-01
  14.50000  0.588243000283E-01
  14.60000  0.105481462731E+00
  14.70000  0.203975856736E+00
  14.80000  0.187449396194E+00
  14.90000  0.114083899904E+00
  15.00000  0.596626535457E-01
  15.10000  0.120544397687E+00
  15.20000  0.142767312336E+00
  15.30000  0.381998205425E+00
  15.40000  0.313582591722E+00
  15.50000  0.368753735626E+00
  15.60000  0.237593443854E+00
  15.70000  0.152041187518E+00
  15.80000  0.207069893420E+00
  15.90000  0.227112451126E+00
  16.00000  0.348207013751E+00
  16.10000  0.391577837399E+00
  16.20000  0.337289023346E+00
  16.30000  0.285896219974E+00
  16.40000  0.215641323999E+00
  16.50000  0.154944699639E+00
  16.60000  0.301948159916E+00
  16.70000  0.255937357534E+00
  16.80000  0.460059377969E+00
  16.90000  0.342662922750E+00
  17.00000  0.357845391323E+00
  17.10000  0.249175362074E+00
  17.20000  0.208460221001E+00
  17.30000  0.247504866716E+00
  17.40000  0.346427001642E+00
  17.50000  0.368158799015E+00
  17.60000  0.453065951421E+00
  17.70000  0.297976687339E+00
  17.80000  0.251035965710E+00
  17.90000  0.170150205840E+00
  18.00000  0.125550498422E+00
  18.10000  0.254078346338E+00
  18.20000  0.208783503286E+00
  18.30000  0.274423141531E+00
  18.40000  0.161577542920E+00
  18.50000  0.924426058362E-01
  18.60000  0.285205070553E-01
  18.70000  0.158308201456E-01
  18.80000  0.177817909171E-01
  18.90000  0.587077634075E-01
  19.00000  0.254242548548E-01
  19.10000  0.586983447107E-01
  19.20000  0.235536900286E-01
  19.30000  0.706862031720E-01
  19.40000  0.425129811838E-01
  19.50000  0.536179735559E-01
  19.60000  0.102492097616E-01
  19.70000  0.125347674021E-01
  19.80000  0.495184376801E-01
  19.90000  0.126360365052E+00
  20.00000  0.180557536996E+00
  20.10000  0.228817266011E+00
  20.20000  0.135797320380E+00
  20.30000  0.112656690012E+00
  20.40000  0.232530548054E-01
  20.50000  0.542196710542E-01
  20.60000  0.121584859228E+00
  20.70000  0.149958587091E+00
  20.80000  0.194491163434E+00
  20.90000  0.121652116461E+00
  21.00000  0.686784716015E-01
  21.10000  0.152418344849E-01
  21.20000  0.396929262147E-03
  21.30000  0.548399319536E-02
  21.40000  0.261821027393E-01
  21.50000  0.177418712292E-01
  21.60000  0.344536615595E-01
  21.70000  0.708989792496E-01
  21.80000  0.988300265796E-01
  21.90000  0.149908149985E+00
  22.00000  0.123619272889E+00
  22.10000  0.839881044224E-01
  22.20000  0.600007544726E-01
  22.30000  0.903344068324E-01
  22.40000  0.209182450524E+00
  22.50000  0.387086845551E+00
  22.60000  0.473272839614E+00
  22.70000  0.511016343780E+00
  22.80000  0.414544181333E+00
  22.90000  0.281672667444E+00
  23.00000  0.310338444642E+00
  23.10000  0.322847626758E+00
  23.20000  0.588950676506E+00
  23.30000  0.683503564780E+00
  23.40000  0.773995146449E+00
  23.50000  0.668696003808E+00
  23.60000  0.502779336188E+00
  23.70000  0.358186714597E+00
  23.80000  0.362455110387E+00
  23.90000  0.403141572574E+00
  24.00000  0.615332655479E+00
  24.10000  0.628181914840E+00
  24.20000  0.662298806841E+00
  24.30000  0.498797375523E+00
  24.40000  0.336116610980E+00
  24.50000  0.240927744478E+00
  24.60000  0.182579254932E+00
  24.70000  0.272060652226E+00
  24.80000  0.337285619058E+00
  24.90000  0.388765777901E+00
  25.00000  0.383734196405E+00
  25.10000  0.284303404863E+00
  25.20000  0.198893394410E+00
  25.30000  0.111741764874E+00
  25.40000  0.674299419327E-01
  25.50000  0.122874655985E+00
  25.60000  0.136945670142E+00
  25.70000  0.257868560503E+00
  25.80000  0.249016841585E+00
  25.90000  0.287799084017E+00
  26.00000  0.219966450831E+00
  26.10000  0.163341845640E+00
  26.20000  0.113889553639E+00
  26.30000  0.112848158328E+00
  26.40000  0.154949965055E+00
  26.50000  0.289966367108E+00
  26.60000  0.325825907267E+00
  26.70000  0.449158256244E+00
  26.80000  0.347614393262E+00
  26.90000  0.339782177352E+00
  27.00000  0.217733283530E+00
  27.10000  0.207705898252E+00
  27.20000  0.256653863367E+00
  27.30000  0.346916745757E+00
  27.40000  0.448330530746E+00
  27.50000  0.504781873496E+00
  27.60000  0.430481873323E+00
  27.70000  0.380084248844E+00
  27.80000  0.234941444125E+00
  27.90000  0.214680685216E+00
  28.00000  0.230506767510E+00
  28.10000  0.272369226990E+00
  28.20000  0.373950091419E+00
  28.30000  0.337425604109E+00
  28.40000  0.329161868834E+00
  28.50000  0.214414971659E+00
  28.60000  0.139149658427E+00
  28.70000  0.888455802887E-01
  28.80000  0.808895738891E-01
  28.90000  0.103377669147E+00
  29.00000  0.145905106638E+00
  29.10000  0.138128514378E+00
  29.20000  0.157433734112E+00
  29.30000  0.999406364810E-01
  29.40000  0.916250827590E-01
  29.50000  0.381862570218E-01
  29.60000  0.353724319138E-01
  29.70000  0.275264261214E-01
  29.80000  0.568969337944E-01
  29.90000  0.973181479860E-01
  30.00000  0.141514099625E+00
  30.10000  0.169759917736E+00
  30.20000  0.175469971871E+00
  30.30000  0.136697749151E+00
  30.40000  0.121062130267E+00
  30.50000  0.721962940114E-01
  30.60000  0.113010481870E+00
  30.70000  0.125508590990E+00
  30.80000  0.198235306455E+00
  30.90000  0.219889210298E+00
  31.00000  0.223345621284E+00
  31.10000  0.188018647208E+00
  31.20000  0.137746299282E+00
  31.30000  0.909310204133E-01
  31.40000  0.882824114366E-01
  31.50000  0.806628816565E-01
  31.60000  0.129874984210E+00
  31.70000  0.127461773889E+00
  31.80000  0.154101919282E+00
  31.90000  0.124675489663E+00
  32.00000  0.107740931853E+00
  32.10000  0.760567457537E-01
  32.20000  0.534790034819E-01
  32.30000  0.511934307947E-01
  32.40000  0.612144278513E-01
  32.50000  0.872652229696E-01
  32.60000  0.136760295938E+00
  32.70000  0.153181967187E+00
  32.80000  0.202439294728E+00
  32.90000  0.176503620015E+00
  33.00000  0.187672726185E+00
  33.10000  0.162336878273E+00
  33.20000  0.162966506023E+00
  33.30000  0.207672198028E+00
  33.40000  0.233901759661E+00
  33.50000  0.310700482613E+00
  33.60000  0.332468297238E+00
  33.70000  0.341864542599E+00
  33.80000  0.328993712265E+00
  33.90000  0.285007751409E+00
  34.00000  0.267723134419E+00
  34.10000  0.271380349662E+00
  34.20000  0.263910073951E+00
  34.30000  0.324205051071E+00
  34.40000  0.288624517426E+00
  34.50000  0.322594410435E+00
  34.60000  0.254979540262E+00
  34.70000  0.234736747766E+00
  34.80000  0.184553463582E+00
  34.90000  0.158130782099E+00
  35.00000  0.141468672862E+00
  35.10000  0.139682535040E+00
  35.20000  0.121677611691E+00
  35.30000  0.132787664447E+00
  35.40000  0.954722626901E-01
  35.50000  0.105921571357E+00
  35.60000  0.674499486776E-01
  35.70000  0.763590179316E-01
  35.80000  0.553206237567E-01
  35.90000  0.649135933392E-01
  36.00000  0.660546270768E-01
  36.10000  0.798842153620E-01
  36.20000  0.976122424397E-01
  36.30000  0.121325820102E+00
  36.40000  0.136887632931E+00
  36.50000  0.174335246314E+00
  36.60000  0.168219049237E+00
  36.70000  0.215416680718E+00
  36.80000  0.194298684037E+00
  36.90000  0.238346836496E+00
  37.00000  0.233684653518E+00
  37.10000  0.263704575204E+00
  37.20000  0.290018330404E+00
  37.30000  0.307003255264E+00
  37.40000  0.333368242328E+00
  37.50000  0.344448100605E+00
  37.60000  0.331495054168E+00
  37.70000  0.341771256926E+00
  37.80000  0.301652117867E+00
  37.90000  0.311630945820E+00
  38.00000  0.294579419272E+00
  38.10000  0.294159180050E+00
  38.20000  0.313233669981E+00
  38.30000  0.286873351414E+00
  38.40000  0.301354876081E+00
  38.50000  0.254504861410E+00
  38.60000  0.236962122712E+00
  38.70000  0.200377403297E+00
  38.80000  0.173246305774E+00
  38.90000  0.163301318993E+00
  39.00000  0.155868816135E+00
  39.10000  0.151636486389E+00
  39.20000  0.161280852750E+00
  39.30000  0.137351877943E+00
  39.40000  0.146646783372E+00
  39.50000  0.107936347184E+00
  39.60000  0.111778945746E+00
  39.70000  0.838391156760E-01
  39.80000  0.895580237537E-01
  39.90000  0.893768578775E-01
  40.00000  0.102999182267E+00
  40.10000  0.122058221158E+00
  40.20000  0.139033586986E+00
  40.30000  0.148128401614E+00
  40.40000  0.160420451847E+00
  40.50000  0.141319589399E+00
  40.60000  0.155561092116E+00
  40.70000  0.128694948281E+00
  40.80000  0.160156125363E+00
  40.90000  0.158199362677E+00
  41.00000  0.198026568422E+00
  41.10000  0.215027837353E+00
  41.20000  0.232053970704E+00
  41.30000  0.232263591505E+00
  41.40000  0.223545880862E+00
  41.50000  0.197951470096E+00
  41.60000  0.202622982999E+00
  41.70000  0.177435209796E+00
  41.80000  0.217079336956E+00
  41.90000  0.206096770556E+00
  42.00000  0.246625024073E+00
  42.10000  0.235009371677E+00
  42.20000  0.236968658570E+00
  42.30000  0.216393489244E+00
  42.40000  0.193899268018E+00
  42.50000  0.177841520394E+00
  42.60000  0.175664436388E+00
  42.70000  0.170943614982E+00
  42.80000  0.201389507714E+00
  42.90000  0.192676039859E+00
  43.00000  0.224993065262E+00
  43.10000  0.200790765190E+00
  43.20000  0.207525668321E+00
  43.30000  0.183665652551E+00
  43.40000  0.174030920271E+00
  43.50000  0.174521399459E+00
  43.60000  0.175809142556E+00
  43.70000  0.196047657773E+00
  43.80000  0.216019044842E+00
  43.90000  0.223393999681E+00
  44.00000  0.245278928082E+00
  44.10000  0.223401337121E+00
  44.20000  0.234150980556E+00
  44.30000  0.209774807210E+00
  44.40000  0.214713740839E+00
  44.50000  0.222292092353E+00
  44.60000  0.227190087679E+00
  44.70000  0.258439292736E+00
  44.80000  0.257050505282E+00
  44.90000  0.272070180186E+00
  45.00000  0.262823714189E+00
  45.10000  0.247084811911E+00
  45.20000  0.243309340519E+00
  45.30000  0.224449661255E+00
  45.40000  0.232209557876E+00
  45.50000  0.236649332645E+00
  45.60000  0.238408183832E+00
  45.70000  0.258257280250E+00
  45.80000  0.236899114385E+00
  45.90000  0.249713327652E+00
  46.00000  0.217342302852E+00
  46.10000  0.217682186756E+00
  46.20000  0.201827903532E+00
  46.30000  0.200087286678E+00
  46.40000  0.206860442625E+00
  46.50000  0.210144948612E+00
  46.60000  0.217375878205E+00
  46.70000  0.225128468930E+00
  46.80000  0.212316551291E+00
  46.90000  0.225283057985E+00
  47.00000  0.198798239272E+00
  47.10000  0.220144723307E+00
  47.20000  0.203652555346E+00
  47.30000  0.229528028792E+00
  47.40000  0.234419420673E+00
  47.50000  0.252712771021E+00
  47.60000  0.265589433217E+00
  47.70000  0.272042341392E+00
  47.80000  0.273232652590E+00
  47.90000  0.283427241868E+00
  48.00000  0.270174714795E+00
  48.10000  0.302245526961E+00
  48.20000  0.286390233752E+00
  48.30000  0.332059244356E+00
  48.40000  0.321396572428E+00
  48.50000  0.350991902884E+00
  48.60000  0.344059558303E+00
  48.70000  0.346132862271E+00
  48.80000  0.340620383738E+00
  48.90000  0.338989482414E+00
  49.00000  0.331851666983E+00
  49.10000  0.351761572993E+00
  49.20000  0.334203149911E+00
  49.30000  0.367296356101E+00
  49.40000  0.334664695289E+00
  49.50000  0.353521884532E+00
  49.60000  0.318859941659E+00
  49.70000  0.314927363663E+00
  49.80000  0.296924399264E+00
  49.90000  0.286255954501E+00
  50.00000  0.282632244377E+00
  50.10000  0.280127246237E+00
  50.20000  0.268314561562E+00
  50.30000  0.273095102886E+00
  50.40000  0.241088040093E+00
  50.50000  0.246127718058E+00
  50.60000  0.209158134876E+00
  50.70000  0.211562420522E+00
  50.80000  0.191890458708E+00
  50.90000  0.191180793423E+00
  51.00000  0.191179192442E+00
  51.10000  0.186731765725E+00
  51.20000  0.189428653978E+00
  51.30000  0.184004907074E+00
  51.40000  0.175054387500E+00
  51.50000  0.176297419077E+00
  51.60000  0.158644247820E+00
  51.70000  0.172120572855E+00
  51.80000  0.159558352638E+00
  51.90000  0.179994503710E+00
  52.00000  0.180439532731E+00
  52.10000  0.193763271412E+00
  52.20000  0.201823667168E+00
  52.30000  0.200520975608E+00
  52.40000  0.206270889449E+00
  52.50000  0.201291789468E+00
  52.60000  0.201723947414E+00
  52.70000  0.211459880201E+00
  52.80000  0.209420036640E+00
  52.90000  0.234901221284E+00
  53.00000  0.231353335231E+00
  53.10000  0.251655266965E+00
  53.20000  0.246722780238E+00
  53.30000  0.244967643703E+00
  53.40000  0.243800729401E+00
  53.50000  0.229012623976E+00
  53.60000  0.236281747464E+00
  53.70000  0.230042942646E+00
  53.80000  0.238439915553E+00
  53.90000  0.246308213299E+00
  54.00000  0.241761511709E+00
  54.10000  0.249599196628E+00
  54.20000  0.231569162192E+00
  54.30000  0.227348650863E+00
  54.40000  0.213748469087E+00
  54.50000  0.200867139199E+00
  54.60000  0.206127656118E+00
  54.70000  0.193914797580E+00
  54.80000  0.209502395380E+00
  54.90000  0.200967520660E+00
  55.00000  0.206011622879E+00
  55.10000  0.199593237630E+00
  55.20000  0.187353981238E+00
  55.30000  0.183730836012E+00
  55.40000  0.169326796914E+00
  55.50000  0.169803555139E+00
  55.60000  0.171145229834E+00
  55.70000  0.171743969612E+00
  55.80000  0.188860749536E+00
  55.90000  0.182586204281E+00
  56.00000  0.199496850071E+00
  56.10000  0.186613847281E+00
  56.20000  0.191243008271E+00
  56.30000  0.183039378545E+00
  56.40000  0.180180502511E+00
  56.50000  0.186917067365E+00
  56.60000  0.189572994904E+00
  56.70000  0.205013767018E+00
  56.80000  0.217356766539E+00
  56.90000  0.222295467185E+00
  57.00000  0.237149371842E+00
  57.10000  0.222566806633E+00
  57.20000  0.234091863724E+00
  57.30000  0.214830344033E+00
  57.40000  0.225207013567E+00
  57.50000  0.222568459977E+00
  57.60000  0.233597629914E+00
  57.70000  0.247399942889E+00
  57.80000  0.254228567536E+00
  57.90000  0.262474361859E+00
  58.00000  0.262653691677E+00
  58.10000  0.250068497113E+00
  58.20000  0.252516349658E+00
  58.30000  0.229023883246E+00
  58.40000  0.243832315666E+00
  58.50000  0.229316818780E+00
  58.60000  0.250635717223E+00
  58.70000  0.249608332002E+00
  58.80000  0.259503868495E+00
  58.90000  0.259577705792E+00
  59.00000  0.251721192668E+00
  59.10000  0.242945825307E+00
  59.20000  0.233618627215E+00
  59.30000  0.219215971418E+00
  59.40000  0.228252688094E+00
  59.50000  0.215495322521E+00
  59.60000  0.241160185296E+00
  59.70000  0.230491130601E+00
  59.80000  0.251277732663E+00
  59.90000  0.239571308108E+00
  60.00000  0.240658260959E+00
  60.10000  0.230045320878E+00
  60.20000  0.220867085829E+00
  60.30000  0.216798500924E+00
  60.40000  0.218689997800E+00
  60.50000  0.219396602282E+00
  60.60000  0.240003570301E+00
  60.70000  0.234846708914E+00
  60.80000  0.260783666465E+00
  60.90000  0.243518710520E+00
  61.00000  0.258230176271E+00
  61.10000  0.238211087427E+00
  61.20000  0.240992502329E+00
  61.30000  0.234334995994E+00
  61.40000  0.237757289580E+00
  61.50000  0.246554844316E+00
  61.60000  0.258992618261E+00
  61.70000  0.265773967076E+00
  61.80000  0.283243505444E+00
  61.90000  0.270887735754E+00
  62.00000  0.286206717704E+00
  62.10000  0.259638650891E+00
  62.20000  0.272452952880E+00
  62.30000  0.253615006802E+00
  62.40000  0.266997463158E+00
  62.50000  0.268252293645E+00
  62.60000  0.280301852699E+00
  62.70000  0.289729230538E+00
  62.80000  0.295857522856E+00
  62.90000  0.292535438710E+00
  63.00000  0.295377927740E+00
  63.10000  0.274300646652E+00
  63.20000  0.283842219052E+00
  63.30000  0.259650009214E+00
  63.40000  0.279938416338E+00
  63.50000  0.267644726133E+00
  63.60000  0.288357220108E+00
  63.70000  0.287110649616E+00
  63.80000  0.294339976272E+00
  63.90000  0.292252823796E+00
  64.00000  0.286555905744E+00
  64.10000  0.276255535114E+00
  64.20000  0.274076093589E+00
  64.30000  0.258541563343E+00
  64.40000  0.273419091849E+00
  64.50000  0.258573470048E+00
  64.60000  0.284768586601E+00
  64.70000  0.272211023704E+00
  64.80000  0.291044615166E+00
  64.90000  0.279806234211E+00
  65.00000  0.281179251894E+00
  65.10000  0.272297505269E+00
  65.20000  0.265789901896E+00
  65.30000  0.260718512656E+00
  65.40000  0.263965300332E+00
  65.50000  0.259475727075E+00
  65.60000  0.278484013879E+00
  65.70000  0.267851096310E+00
  65.80000  0.291854341040E+00
  65.90000  0.273402930895E+00
  66.00000  0.288241914509E+00
  66.10000  0.270077542513E+00
  66.20000  0.273126051048E+00
  66.30000  0.265527165475E+00
  66.40000  0.266042982433E+00
  66.50000  0.268890237945E+00
  66.60000  0.276299686301E+00
  66.70000  0.277277043329E+00
  66.80000  0.292322067170E+00
  66.90000  0.279913864627E+00
  67.00000  0.296862064692E+00
  67.10000  0.273786933191E+00
  67.20000  0.287746835529E+00
  67.30000  0.268680033862E+00
  67.40000  0.278652809149E+00
  67.50000  0.274178401046E+00
  67.60000  0.281044397653E+00
  67.70000  0.286085290081E+00
  67.80000  0.291200486332E+00
  67.90000  0.290919454439E+00
  68.00000  0.297218611101E+00
  68.10000  0.283149182991E+00
  68.20000  0.294543050424E+00
  68.30000  0.272757263527E+00
  68.40000  0.289737022070E+00
  68.50000  0.273149446947E+00
  68.60000  0.289893557654E+00
  68.70000  0.284703449932E+00
  68.80000  0.293575955042E+00
  68.90000  0.294520609758E+00
  69.00000  0.294743983563E+00
  69.10000  0.292161331125E+00
  69.20000  0.292356278532E+00
  69.30000  0.281612700627E+00
  69.40000  0.291583892924E+00
  69.50000  0.275589799543E+00
  69.60000  0.295565510792E+00
  69.70000  0.280437598525E+00
  69.80000  0.300076141300E+00
  69.90000  0.290053157030E+00
  70.00000  0.299007517614E+00
  70.10000  0.294485508905E+00
  70.20000  0.293200631309E+00
  70.30000  0.291206210625E+00
  70.40000  0.290307429569E+00
  70.50000  0.286061507915E+00
  70.60000  0.295346294508E+00
  70.70000  0.285116121548E+00
  70.80000  0.304063033707E+00
  70.90000  0.288568136881E+00
  71.00000  0.307694723740E+00
  71.10000  0.292744443400E+00
  71.20000  0.303257579917E+00
  71.30000  0.295297256434E+00
  71.40000  0.296844411240E+00
  71.50000  0.296571926845E+00
  71.60000  0.296431642536E+00
  71.70000  0.297198555940E+00
  71.80000  0.303186187136E+00
  71.90000  0.296879570565E+00
  72.00000  0.310984791501E+00
  72.10000  0.295999837977E+00
  72.20000  0.313469312935E+00
  72.30000  0.296543396502E+00
  72.40000  0.310079301993E+00
  72.50000  0.299909447532E+00
  72.60000  0.305417007055E+00
  72.70000  0.304452793000E+00
  72.80000  0.304272287842E+00
  72.90000  0.306664287257E+00
  73.00000  0.307820384103E+00
  73.10000  0.305031392442E+00
  73.20000  0.313423981561E+00
  73.30000  0.301810433169E+00
  73.40000  0.316918093965E+00
  73.50000  0.300570362333E+00
  73.60000  0.315623560703E+00
  73.70000  0.302612512432E+00
  73.80000  0.310597323669E+00
  73.90000  0.306191611155E+00
  74.00000  0.306246756017E+00
  74.10000  0.308542600219E+00
  74.20000  0.306594409219E+00
  74.30000  0.307953373696E+00
  74.40000  0.311096289553E+00
  74.50000  0.304495532599E+00
  74.60000  0.314732673418E+00
  74.70000  0.300065563961E+00
  74.80000  0.313117323456E+00
  74.90000  0.297771048223E+00
  75.00000  0.307239795884E+00
  75.10000  0.299697399649E+00
  75.20000  0.302219325708E+00
  75.30000  0.304108366126E+00
  75.40000  0.301450106737E+00
  75.50000  0.305772990660E+00
  75.60000  0.303197664285E+00
  75.70000  0.300920620154E+00
  75.80000  0.303480955233E+00
  75.90000  0.292162756493E+00
  76.00000  0.301008708774E+00
  76.10000  0.286847079950E+00
  76.20000  0.297749346319E+00
  76.30000  0.289230318798E+00
  76.40000  0.295173631037E+00
  76.50000  0.295116345527E+00
  76.60000  0.292163846735E+00
  76.70000  0.295979585838E+00
  76.80000  0.287655693655E+00
  76.90000  0.288519170751E+00
  77.00000  0.283597030088E+00
  77.10000  0.278453952359E+00
  77.20000  0.282874591381E+00
  77.30000  0.273843550951E+00
  77.40000  0.284386437298E+00
  77.50000  0.275900765374E+00
  77.60000  0.282727500949E+00
  77.70000  0.278257520173E+00
  77.80000  0.274516009748E+00
  77.90000  0.275040454163E+00
  78.00000  0.263735322526E+00
  78.10000  0.267396432928E+00
  78.20000  0.258216276027E+00
  78.30000  0.260810586618E+00
  78.40000  0.260343567277E+00
  78.50000  0.257673340648E+00
  78.60000  0.263380493785E+00
  78.70000  0.255073126601E+00
  78.80000  0.258781104799E+00
  78.90000  0.249967863672E+00
  79.00000  0.246212349249E+00
  79.10000  0.243818551810E+00
  79.20000  0.234102783565E+00
  79.30000  0.240070787415E+00
  79.40000  0.229877742803E+00
  79.50000  0.238327686143E+00
  79.60000  0.231623626710E+00
  79.70000  0.233978941148E+00
  79.80000  0.230966900465E+00
  79.90000  0.224499432600E+00
  80.00000  0.223108587687E+00
  80.10000  0.213926437176E+00
  80.20000  0.211697057810E+00
  80.30000  0.208716375811E+00
  80.40000  0.203403036750E+00
  80.50000  0.209540242851E+00
  80.60000  0.199860971642E+00
  80.70000  0.209593116325E+00
  80.80000  0.196910070275E+00
  80.90000  0.202272520259E+00
  81.00000  0.190936064371E+00
  81.10000  0.189169545723E+00
  81.20000  0.183339243040E+00
  81.30000  0.178501644508E+00
  81.40000  0.177644671637E+00
  81.50000  0.175682495861E+00
  81.60000  0.173976380221E+00
  81.70000  0.177274149715E+00
  81.80000  0.168789949807E+00
  81.90000  0.175318130909E+00
  82.00000  0.160173552491E+00
  82.10000  0.166506228587E+00
  82.20000  0.151244365914E+00
  82.30000  0.155304888910E+00
  82.40000  0.146606745119E+00
  82.50000  0.148023341298E+00
  82.60000  0.146175365566E+00
  82.70000  0.145620126896E+00
  82.80000  0.144518999707E+00
  82.90000  0.143658116396E+00
  83.00000  0.137082245361E+00
  83.10000  0.138426219640E+00
  83.20000  0.125838776116E+00
  83.30000  0.131085722057E+00
  83.40000  0.117344345984E+00
  83.50000  0.125173955223E+00
  83.60000  0.115328793055E+00
  83.70000  0.121550432009E+00
  83.80000  0.116535641197E+00
  83.90000  0.117581203343E+00
  84.00000  0.114557171689E+00
  84.10000  0.111235374375E+00
  84.20000  0.106985893928E+00
  84.30000  0.104282104458E+00
  84.40000  0.976689884519E-01
  84.50000  0.100196379958E+00
  84.60000  0.919671819144E-01
  84.70000  0.994587572077E-01
  84.80000  0.909256465727E-01
  84.90000  0.984116550190E-01
  85.00000  0.908576582519E-01
  85.10000  0.934010686819E-01
  85.20000  0.880803719364E-01
  85.30000  0.852951708970E-01
  85.40000  0.828606063782E-01
  85.50000  0.788605289420E-01
  85.60000  0.783158423522E-01
  85.70000  0.775448999639E-01
  85.80000  0.762874861193E-01
  85.90000  0.796107559997E-01
  86.00000  0.753904610455E-01
  86.10000  0.799925896686E-01
  86.20000  0.732586148567E-01
  86.30000  0.757394471470E-01
  86.40000  0.698066336067E-01
  86.50000  0.690111918315E-01
  86.60000  0.673597469536E-01
  86.70000  0.645345059268E-01
  86.80000  0.675680514239E-01
  86.90000  0.645666871172E-01
  87.00000  0.690100896155E-01
  87.10000  0.668552565056E-01
  87.20000  0.685686208256E-01
  87.30000  0.674523426113E-01
  87.40000  0.651161059956E-01
  87.50000  0.649406886260E-01
  87.60000  0.611803200596E-01
  87.70000  0.614867425335E-01
  87.80000  0.604414823968E-01
  87.90000  0.599988726485E-01
  88.00000  0.636687902695E-01
  88.10000  0.609153634954E-01
  88.20000  0.676205828280E-01
  88.30000  0.621567658869E-01
  88.40000  0.682889027168E-01
  88.50000  0.619224633307E-01
  88.60000  0.651057966106E-01
  88.70000  0.608473658857E-01
  88.80000  0.615985108321E-01
  88.90000  0.610263647740E-01
  89.00000  0.617533448713E-01
  89.10000  0.632080824978E-01
  89.20000  0.659352133536E-01
  89.30000  0.656238798815E-01
  89.40000  0.706466468551E-01
  89.50000  0.659869112535E-01
  89.60000  0.722602132561E-01
  89.70000  0.644027946266E-01
  89.80000  0.706591736199E-01
  89.90000  0.636747860687E-01
  90.00000  0.689972734813E-01
  90.10000  0.663399623483E-01
  90.20000  0.701112924112E-01
  90.30000  0.716102380373E-01
  90.40000  0.736540330021E-01
  90.50000  0.757938834880E-01
  90.60000  0.769362651654E-01
  90.70000  0.760574772910E-01
  90.80000  0.781813983608E-01
  90.90000  0.735743059814E-01
  91.00000  0.783331125219E-01
  91.10000  0.725330834477E-01
  91.20000  0.795069359627E-01
  91.30000  0.758732640285E-01
  91.40000  0.821933861989E-01
  91.50000  0.822143335068E-01
  91.60000  0.846745564485E-01
  91.70000  0.872501919292E-01
  91.80000  0.853200317767E-01
  91.90000  0.881309372347E-01
  92.00000  0.848845659197E-01
  92.10000  0.862167867331E-01
  92.20000  0.858698802357E-01
  92.30000  0.854342397044E-01
  92.40000  0.895258421010E-01
  92.50000  0.881817597686E-01
  92.60000  0.940102768568E-01
  92.70000  0.931568754838E-01
  92.80000  0.960767105631E-01
  92.90000  0.971335084405E-01
  93.00000  0.946340852166E-01
  93.10000  0.984154998002E-01
  93.20000  0.922217678747E-01
  93.30000  0.981894477837E-01
  93.40000  0.925791678846E-01
  93.50000  0.986801834606E-01
  93.60000  0.967622609276E-01
  93.70000  0.100578931397E+00
  93.80000  0.101930998043E+00
  93.90000  0.102668577937E+00
  94.00000  0.104136582277E+00
  94.10000  0.103718025546E+00
  94.20000  0.102225885666E+00
  94.30000  0.104096233631E+00
  94.40000  0.988793852290E-01
  94.50000  0.105146424925E+00
  94.60000  0.978648038067E-01
  94.70000  0.107225784711E+00
  94.80000  0.100431271999E+00
  94.90000  0.108947757442E+00
  95.00000  0.104399024884E+00
  95.10000  0.108685822535E+00
  95.20000  0.106541030570E+00
  95.30000  0.106639779488E+00
  95.40000  0.105616590363E+00
  95.50000  0.104985772622E+00
  95.60000  0.103140194642E+00
  95.70000  0.105733193372E+00
  95.80000  0.101541879370E+00
  95.90000  0.108509701791E+00
  96.00000  0.101879569741E+00
  96.10000  0.110691264854E+00
  96.20000  0.103280017920E+00
  96.30000  0.109872939512E+00
  96.40000  0.104223345028E+00
  96.50000  0.106235679557E+00
  96.60000  0.104027869074E+00
  96.70000  0.102446131191E+00
  96.80000  0.103095158137E+00
  96.90000  0.101182695261E+00
  97.00000  0.102048341701E+00
  97.10000  0.102678238419E+00
  97.20000  0.100984089244E+00
  97.30000  0.104572578434E+00
  97.40000  0.996381112632E-01
  97.50000  0.104109495975E+00
  97.60000  0.980530120287E-01
  97.70000  0.100566328881E+00
  97.80000  0.967748448405E-01
  97.90000  0.957436730061E-01
  98.00000  0.962425322198E-01
  98.10000  0.922402894498E-01
  98.20000  0.960641709885E-01
  98.30000  0.912061615991E-01
  98.40000  0.951138452134E-01
  98.50000  0.915544804471E-01
  98.60000  0.925470304973E-01
  98.70000  0.911461203269E-01
  98.80000  0.887916099597E-01
  98.90000  0.887071519201E-01
  99.00000  0.854325662309E-01
  99.10000  0.847568595698E-01
  99.20000  0.838990385742E-01
  99.30000  0.808920550303E-01
  99.40000  0.840777150827E-01
  99.50000  0.782870128733E-01
  99.60000  0.842120241468E-01
  99.70000  0.768355930432E-01
  99.80000  0.823556771743E-01
  99.90000  0.755725737618E-01
 100.00000  0.781604820538E-01
 100.10000  0.737377294888E-01
 100.20000  0.733193366137E-01
 100.30000  0.713486929394E-01
 100.40000  0.701264966554E-01
 100.50000  0.688373348549E-01
 100.60000  0.693962816991E-01
 100.70000  0.663644701693E-01
 100.80000  0.696879357193E-01
 100.90000  0.636959598675E-01
 101.00000  0.686198662254E-01
 101.10000  0.607433340924E-01
 101.20000  0.650566932028E-01
 101.30000  0.579853953498E-01
 101.40000  0.600876522751E-01
 101.50000  0.560796288828E-01
 101.60000  0.559004585831E-01
 101.70000  0.549916440111E-01
 101.80000  0.537229758925E-01
 101.90000  0.537129041509E-01
 102.00000  0.528524166281E-01
 102.10000  0.511199737488E-01
 102.20000  0.515882329871E-01
 102.30000  0.472174948140E-01
 102.40000  0.489509115195E-01
 102.50000  0.433928176743E-01
 102.60000  0.454277055619E-01
 102.70000  0.412183045317E-01
 102.80000  0.421863023007E-01
 102.90000  0.408947739695E-01
 103.00000  0.398163969135E-01
 103.10000  0.409411277715E-01
 103.20000  0.379638338768E-01
 103.30000  0.395503717394E-01
 103.40000  0.360471604838E-01
 103.50000  0.363233542217E-01
 103.60000  0.340333686138E-01
 103.70000  0.326516887375E-01
 103.80000  0.323381270054E-01
 103.90000  0.303568998558E-01
 104.00000  0.310802914936E-01
 104.10000  0.299505705112E-01
 104.20000  0.297295367162E-01
 104.30000  0.302404736877E-01
 104.40000  0.276857271611E-01
 104.50000  0.295999951190E-01
 104.60000  0.251301124920E-01
 104.70000  0.275311564632E-01
 104.80000  0.230485399552E-01
 104.90000  0.249538707757E-01
 105.00000  0.222367934778E-01
 105.10000  0.230883856127E-01
 105.20000  0.223407342301E-01
 105.30000  0.222488282375E-01
 105.40000  0.220736702026E-01
 105.50000  0.217813282000E-01
 105.60000  0.204940683597E-01
 105.70000  0.209916715706E-01
 105.80000  0.180115426162E-01
 105.90000  0.198723599838E-01
 106.00000  0.160210830958E-01
 106.10000  0.188687585586E-01
 106.20000  0.155220172984E-01
 106.30000  0.181569026866E-01
 106.40000  0.161540782703E-01
 106.50000  0.174209926694E-01
 106.60000  0.166167216815E-01
 106.70000  0.163822562026E-01
 106.80000  0.159804886360E-01
 106.90000  0.153355705297E-01
 107.00000  0.145290033836E-01
 107.10000  0.149277031429E-01
 107.20000  0.133463295935E-01
 107.30000  0.153645363463E-01
 107.40000  0.131863295851E-01
 107.50000  0.159989092103E-01
 107.60000  0.138202431056E-01
 107.70000  0.158912027892E-01
 107.80000  0.144410883632E-01
 107.90000  0.148237781968E-01
 108.00000  0.145570542827E-01
 108.10000  0.136480412262E-01
 108.20000  0.143755167255E-01
 108.30000  0.134876893006E-01
 108.40000  0.143628803488E-01
 108.50000  0.145700708724E-01
 108.60000  0.146217414802E-01
 108.70000  0.159318390879E-01
 108.80000  0.148555232491E-01
 108.90000  0.163564673646E-01
 109.00000  0.148952634779E-01
 109.10000  0.155792375196E-01
 109.20000  0.150417770358E-01
 109.30000  0.145041649380E-01
 109.40000  0.157164808272E-01
 109.50000  0.142481485456E-01
 109.60000  0.168190517076E-01
 109.70000  0.150596010496E-01
 109.80000  0.176362074856E-01
 109.90000  0.162061754735E-01
 110.00000  0.175468107810E-01
 110.10000  0.168227464901E-01
 110.20000  0.167964407243E-01
 110.30000  0.167394708308E-01
 110.40000  0.164200745316E-01
 110.50000  0.164764540935E-01
 110.60000  0.172639327125E-01
 110.70000  0.165676590882E-01
 110.80000  0.190733779824E-01
 110.90000  0.170322272968E-01
 111.00000  0.206382271037E-01
 111.10000  0.175209061122E-01
 111.20000  0.209246021696E-01
 111.30000  0.178632206847E-01
 111.40000  0.200755887867E-01
 111.50000  0.183174565780E-01
 111.60000  0.192677626676E-01
 111.70000  0.192023299464E-01
 111.80000  0.195740119256E-01
 111.90000  0.203474228332E-01
 112.00000  0.209724498927E-01
 112.10000  0.210874445244E-01
 112.20000  0.224467559792E-01
 112.30000  0.209413911416E-01
 112.40000  0.230039676533E-01
 112.50000  0.202624493502E-01
 112.60000  0.225573888322E-01
 112.70000  0.200498364004E-01
 112.80000  0.218406798186E-01
 112.90000  0.209934403863E-01
 113.00000  0.215600584131E-01
 113.10000  0.227095416857E-01
 113.20000  0.217451178205E-01
 113.30000  0.239953461104E-01
 113.40000  0.219342301231E-01
 113.50000  0.239117143728E-01
 113.60000  0.218429927116E-01
 113.70000  0.226733684296E-01
 113.80000  0.216777641309E-01
 113.90000  0.214893710010E-01
 114.00000  0.217826116808E-01
 114.10000  0.214769201971E-01
 114.20000  0.221170787047E-01
 114.30000  0.226658101683E-01
 114.40000  0.222056709900E-01
 114.50000  0.240364505742E-01
 114.60000  0.216431101994E-01
 114.70000  0.245013182362E-01
 114.80000  0.206365471315E-01
 114.90000  0.238323450986E-01
 115.00000  0.199656898384E-01
 115.10000  0.227063799861E-01
 115.20000  0.202769276400E-01
 115.30000  0.219645427054E-01
 115.40000  0.213698735056E-01
 115.50000  0.218582687261E-01
 115.60000  0.222564272164E-01
 115.70000  0.219661576271E-01
 115.80000  0.220106255900E-01
 115.90000  0.217689463298E-01
 116.00000  0.206092614201E-01
 116.10000  0.211969439724E-01
 116.20000  0.189802901554E-01
 116.30000  0.205587796386E-01
 116.40000  0.182156878455E-01
 116.50000  0.200487774827E-01
 116.60000  0.186347812248E-01
 116.70000  0.194881365470E-01
 116.80000  0.195372882973E-01
 116.90000  0.185667567446E-01
 117.00000  0.198702578949E-01
 117.10000  0.172751050480E-01
 117.20000  0.191388109321E-01
 117.30000  0.160556421862E-01
 117.40000  0.177191321954E-01
 117.50000  0.154502028294E-01
 117.60000  0.164215481021E-01
 117.70000  0.155374330019E-01
 117.80000  0.157842302678E-01
 117.90000  0.157699851036E-01
 118.00000  0.156907917605E-01
 118.10000  0.154205504811E-01
 118.20000  0.156099986577E-01
 118.30000  0.142088161684E-01
 118.40000  0.151555454432E-01
 118.50000  0.125633518609E-01
 118.60000  0.143551734815E-01
 118.70000  0.112934937022E-01
 118.80000  0.134589339860E-01
 118.90000  0.109092628154E-01
 119.00000  0.126169157506E-01
 119.10000  0.111960809090E-01
 119.20000  0.117514181640E-01
 119.30000  0.114397636037E-01
 119.40000  0.107290560214E-01
 119.50000  0.110310154089E-01
 119.60000  0.962969932072E-02
 119.70000  0.991036693093E-02
 119.80000  0.873179974923E-02
 119.90000  0.856026048652E-02
 120.00000  0.821211291730E-02
 120.10000  0.757010977866E-02
 120.20000  0.793635193698E-02
 120.30000  0.715963247060E-02
 120.40000  0.753901967982E-02
 120.50000  0.709340042222E-02
 120.60000  0.673058433639E-02
 120.70000  0.695593171965E-02
 120.80000  0.558455884095E-02
 120.90000  0.649223611247E-02
 121.00000  0.449171763540E-02
 121.10000  0.576732183818E-02
 121.20000  0.382951229604E-02
 121.30000  0.501221060408E-02
 121.40000  0.367128772684E-02
 121.50000  0.436989016899E-02
 121.60000  0.373328115669E-02
 121.70000  0.383521227873E-02
 121.80000  0.360593306146E-02
 121.90000  0.334668394257E-02
 122.00000  0.309469754548E-02
 122.10000  0.289444849547E-02
 122.20000  0.234650925869E-02
 122.30000  0.253877923696E-02
 122.40000  0.169169780430E-02
 122.50000  0.229718645295E-02
 122.60000  0.137694273529E-02
 122.70000  0.208207291822E-02
 122.80000  0.138338858022E-02
 122.90000  0.177997626416E-02
 123.00000  0.148389733355E-02
 123.10000  0.137106610773E-02
 123.20000  0.145628319748E-02
 123.30000  0.993570214365E-03
 123.40000  0.124284340572E-02
 123.50000  0.835846019614E-03
 123.60000  0.975234214364E-03
 123.70000  0.947275735526E-03
 123.80000  0.835248919848E-03
 123.90000  0.118029635036E-02
 124.00000  0.892859276148E-03
 124.10000  0.129924275860E-02
 124.20000  0.108580907855E-02
 124.30000  0.119624952581E-02
 124.40000  0.130468693563E-02
 124.50000  0.100343086141E-02
 124.60000  0.150968272050E-02
 124.70000  0.981677049820E-03
 124.80000  0.173611298151E-02
 124.90000  0.130472107944E-02
 125.00000  0.200537370287E-02
 125.10000  0.189099874960E-02
 125.20000  0.229443065099E-02
 125.30000  0.246069952513E-02
 125.40000  0.256919960059E-02
 125.50000  0.277231578363E-02
 125.60000  0.287783631539E-02
 125.70000  0.281489723750E-02
 125.80000  0.335835175929E-02
 125.90000  0.283198169679E-02
 126.00000  0.410376197612E-02
 126.10000  0.313055398992E-02
 126.20000  0.503120617713E-02
 126.30000  0.385379158275E-02
 126.40000  0.585690612653E-02
 126.50000  0.488584878084E-02
 126.60000  0.632466405479E-02
 126.70000  0.592949476817E-02
 126.80000  0.645477228966E-02
 126.90000  0.677402554081E-02
 127.00000  0.658367757133E-02
 127.10000  0.743622661137E-02
 127.20000  0.717331321170E-02
 127.30000  0.809971434763E-02
 127.40000  0.839337243541E-02
 127.50000  0.894050365013E-02
 127.60000  0.993410526008E-02
 127.70000  0.993519154062E-02
 127.80000  0.111999145958E-01
 127.90000  0.109429212808E-01
 128.00000  0.117553772700E-01
 128.10000  0.118916796945E-01
 128.20000  0.116964614228E-01
 128.30000  0.129028506514E-01
 128.40000  0.115876946028E-01
 128.50000  0.141539485150E-01
 128.60000  0.120914270681E-01
 128.70000  0.156187272120E-01
 128.80000  0.134600147833E-01
 128.90000  0.170112537610E-01
 129.00000  0.153950832746E-01
 129.10000  0.179218377483E-01
 129.20000  0.172973472983E-01
 129.30000  0.182670823459E-01
 129.40000  0.186703104603E-01
 129.50000  0.184502168622E-01
 129.60000  0.195325697658E-01
 129.70000  0.191267638152E-01
 129.80000  0.202908577218E-01
 129.90000  0.207196887443E-01
 130.00000  0.213875134789E-01
 130.10000  0.229421786005E-01
 130.20000  0.229163711844E-01
 130.30000  0.249547791038E-01
 130.40000  0.245757505708E-01
 130.50000  0.259414356201E-01
 130.60000  0.260237095745E-01
 130.70000  0.257878677429E-01
 130.80000  0.272140563242E-01
 130.90000  0.251905187220E-01
 131.00000  0.284250453577E-01
 131.10000  0.252157064995E-01
 131.20000  0.298655836386E-01
 131.30000  0.265156255867E-01
 131.40000  0.314268579556E-01
 131.50000  0.289011816584E-01
 131.60000  0.326258423325E-01
 131.70000  0.315478286141E-01
 131.80000  0.331326086641E-01
 131.90000  0.335404281960E-01
 132.00000  0.331325760837E-01
 132.10000  0.346067314355E-01
 132.20000  0.333352973307E-01
 132.30000  0.351471594642E-01
 132.40000  0.344957623075E-01
 132.50000  0.359207829638E-01
 132.60000  0.366880901891E-01
 132.70000  0.373502080941E-01
 132.80000  0.391728127163E-01
 132.90000  0.392300153677E-01
 133.00000  0.408066999978E-01
 133.10000  0.409835356265E-01
 133.20000  0.409501717318E-01
 133.30000  0.422247403085E-01
 133.40000  0.399694658715E-01
 133.50000  0.430643484883E-01
 133.60000  0.390646586969E-01
 133.70000  0.439221758274E-01
 133.80000  0.393913957339E-01
 133.90000  0.450046125570E-01
 134.00000  0.413460650349E-01
 134.10000  0.460544426052E-01
 134.20000  0.442487392856E-01
 134.30000  0.466012761421E-01
 134.40000  0.469619801265E-01
 134.50000  0.464366262674E-01
 134.60000  0.485817170986E-01
 134.70000  0.460310921071E-01
 134.80000  0.490962799843E-01
 134.90000  0.461854630935E-01
 135.00000  0.492107106965E-01
 135.10000  0.475162190902E-01
 135.20000  0.497440435135E-01
 135.30000  0.497485884237E-01
 135.40000  0.509673154854E-01
 135.50000  0.518858645870E-01
 135.60000  0.524589335940E-01
 135.70000  0.527983592964E-01
 135.80000  0.535919029467E-01
 135.90000  0.521487347362E-01
 136.00000  0.540927595888E-01
 136.10000  0.506470544413E-01
 136.20000  0.542146703868E-01
 136.30000  0.496414413002E-01
 136.40000  0.544031898426E-01
 136.50000  0.501731582411E-01
 136.60000  0.547823536438E-01
 136.70000  0.523454656689E-01
 136.80000  0.550835192101E-01
 136.90000  0.552405695110E-01
 137.00000  0.548879502595E-01
 137.10000  0.576313669294E-01
 137.20000  0.541922091346E-01
 137.30000  0.586896955384E-01
 137.40000  0.534982147732E-01
 137.50000  0.585535300961E-01
 137.60000  0.535862576489E-01
 137.70000  0.579558482655E-01
 137.80000  0.548120830264E-01
 137.90000  0.577023808679E-01
 138.00000  0.567714796057E-01
 138.10000  0.579586039417E-01
 138.20000  0.584088841065E-01
 138.30000  0.583890422849E-01
 138.40000  0.587825121463E-01
 138.50000  0.584890990915E-01
 138.60000  0.577129679308E-01
 138.70000  0.581550774313E-01
 138.80000  0.560035569326E-01
 138.90000  0.576483464053E-01
 139.00000  0.548893758736E-01
 139.10000  0.573175285257E-01
 139.20000  0.552709867667E-01
 139.30000  0.572200814804E-01
 139.40000  0.571061551840E-01
 139.50000  0.570645855076E-01
 139.60000  0.594854534643E-01
 139.70000  0.565482714284E-01
 139.80000  0.612030190671E-01
 139.90000  0.556580021434E-01
 140.00000  0.615149919591E-01
 140.10000  0.548905687009E-01
 140.20000  0.605179050800E-01
 140.30000  0.548358965335E-01
 140.40000  0.589095974143E-01
 140.50000  0.558042157794E-01
 140.60000  0.574487773067E-01
 140.70000  0.573497528820E-01
 140.80000  0.564212662700E-01
 140.90000  0.585974893238E-01
 141.00000  0.557229217014E-01
 141.10000  0.586878022722E-01
 141.20000  0.550663244441E-01
 141.30000  0.574804074011E-01
 141.40000  0.544292629464E-01
 141.50000  0.555972254322E-01
 141.60000  0.539331039330E-01
 141.70000  0.540917655507E-01
 141.80000  0.537686666250E-01
 141.90000  0.537522072919E-01
 142.00000  0.538323707506E-01
 142.10000  0.546031383938E-01
 142.20000  0.538211405840E-01
 142.30000  0.559193450164E-01
 142.40000  0.533822286894E-01
 142.50000  0.566696106581E-01
 142.60000  0.524780617617E-01
 142.70000  0.561819277866E-01
 142.80000  0.514858060284E-01
 142.90000  0.544865113177E-01
 143.00000  0.509771085611E-01
 143.10000  0.521697855023E-01
 143.20000  0.512843904709E-01
 143.30000  0.499687409012E-01
 143.40000  0.521893003119E-01
 143.50000  0.483056549768E-01
 143.60000  0.529631202541E-01
 143.70000  0.472732070627E-01
 143.80000  0.528777823802E-01
 143.90000  0.467277998800E-01
 144.00000  0.515824413668E-01
 144.10000  0.465394656990E-01
 144.20000  0.494645467721E-01
 144.30000  0.466748678247E-01
 144.40000  0.472858670649E-01
 144.50000  0.470439160885E-01
 144.60000  0.458299747201E-01
 144.70000  0.474906457718E-01
 144.80000  0.453538758009E-01
 144.90000  0.476100503061E-01
 145.00000  0.454854956669E-01
 145.10000  0.470884662137E-01
 145.20000  0.455480708366E-01
 145.30000  0.458202203001E-01
 145.40000  0.449288126715E-01
 145.50000  0.441425375855E-01
 145.60000  0.435485997887E-01
 145.70000  0.426623517952E-01
 145.80000  0.417228402508E-01
 145.90000  0.418543351463E-01
 146.00000  0.399939528502E-01
 146.10000  0.418002935670E-01
 146.20000  0.387628062442E-01
 146.30000  0.420434966486E-01
 146.40000  0.381412784602E-01
 146.50000  0.419137722579E-01
 146.60000  0.380074412042E-01
 146.70000  0.408951989256E-01
 146.80000  0.381310819466E-01
 146.90000  0.389613831947E-01
 147.00000  0.383290069482E-01
 147.10000  0.365817004098E-01
 147.20000  0.384815885053E-01
 147.30000  0.344723210288E-01
 147.40000  0.384714088695E-01
 147.50000  0.331592501658E-01
 147.60000  0.380765368657E-01
 147.70000  0.327391935329E-01
 147.80000  0.370912489970E-01
 147.90000  0.328928552206E-01
 148.00000  0.354130554225E-01
 148.10000  0.330875604869E-01
 148.20000  0.332536096729E-01
 148.30000  0.329632892086E-01
 148.40000  0.311049887292E-01
 148.50000  0.323925107852E-01
 148.60000  0.294689822019E-01
 148.70000  0.315269727045E-01
 148.80000  0.286845666110E-01
 148.90000  0.306358926973E-01
 149.00000  0.286416933524E-01
 149.10000  0.298517399082E-01
 149.20000  0.288750526528E-01
 149.30000  0.291956619163E-01
 149.40000  0.288195246290E-01
 149.50000  0.285361950865E-01
 149.60000  0.280508613112E-01
 149.70000  0.277616596118E-01
 149.80000  0.266022803918E-01
 149.90000  0.269058907969E-01
 150.00000  0.248869788252E-01
 150.10000  0.260384987044E-01
 150.20000  0.234672103336E-01
 150.30000  0.252175925643E-01
 150.40000  0.227784626296E-01
 150.50000  0.243806544655E-01
 150.60000  0.228560392365E-01
 150.70000  0.233757978527E-01
 150.80000  0.233599960436E-01
 150.90000  0.221071964277E-01
 151.00000  0.237540113330E-01
 151.10000  0.206354228736E-01
 151.20000  0.235964213273E-01
 151.30000  0.192251198719E-01
 151.40000  0.227547316285E-01
 151.50000  0.182269388436E-01
 151.60000  0.214075534798E-01
 151.70000  0.179035180058E-01
 151.80000  0.199008454155E-01
 151.90000  0.182443124804E-01
 152.00000  0.184895991940E-01
 152.10000  0.188892397596E-01
 152.20000  0.172651041595E-01
 152.30000  0.193243580503E-01
 152.40000  0.162300595601E-01
 152.50000  0.191105745622E-01
 152.60000  0.153546252746E-01
 152.70000  0.181123147456E-01
 152.80000  0.146876492134E-01
 152.90000  0.166203515380E-01
 153.00000  0.143193754013E-01
 153.10000  0.151293701758E-01
 153.20000  0.142457597186E-01
 153.30000  0.140547138633E-01
 153.40000  0.143486777613E-01
 153.50000  0.135276732110E-01
 153.60000  0.143846390996E-01
 153.70000  0.133177315468E-01
 153.80000  0.140687718372E-01
 153.90000  0.130563340343E-01
 154.00000  0.132901286553E-01
 154.10000  0.125120059398E-01
 154.20000  0.121999085806E-01
 154.30000  0.116867375038E-01
 154.40000  0.111490101986E-01
 154.50000  0.107737987219E-01
 154.60000  0.105094809071E-01
 154.70000  0.100008434384E-01
 154.80000  0.104184856809E-01
 154.90000  0.948734814689E-02
 155.00000  0.106746848635E-01
 155.10000  0.920860031324E-02
 155.20000  0.108401131096E-01
 155.30000  0.902389017633E-02
 155.40000  0.104933661211E-01
 155.50000  0.878856242291E-02
 155.60000  0.951458554805E-02
 155.70000  0.847369640903E-02
 155.80000  0.813683879661E-02
 155.90000  0.816115321488E-02
 156.00000  0.677391977943E-02
 156.10000  0.796312863924E-02
 156.20000  0.580562243620E-02
 156.30000  0.790715445202E-02
 156.40000  0.540415695502E-02
 156.50000  0.784907619608E-02
 156.60000  0.550013244101E-02
 156.70000  0.755796100950E-02
 156.80000  0.587362901566E-02
 156.90000  0.689253544549E-02
 157.00000  0.624593856513E-02
 157.10000  0.589685639266E-02
 157.20000  0.637499700364E-02
 157.30000  0.480406170819E-02
 157.40000  0.617814007072E-02
 157.50000  0.393088809153E-02
 157.60000  0.575218299252E-02
 157.70000  0.348906460871E-02
 157.80000  0.525070663014E-02
 157.90000  0.348311699210E-02
 158.00000  0.476135879438E-02
 158.10000  0.375177554695E-02
 158.20000  0.427272465776E-02
 158.30000  0.406674012761E-02
 158.40000  0.374161341958E-02
 158.50000  0.422471086479E-02
 158.60000  0.318839841809E-02
 158.70000  0.410300403805E-02
 158.80000  0.270357972447E-02
 158.90000  0.369746220221E-02
 159.00000  0.238462076524E-02
 159.10000  0.315235175841E-02
 159.20000  0.228229668684E-02
 159.30000  0.270081444876E-02
 159.40000  0.236354021220E-02
 159.50000  0.248709943083E-02
 159.60000  0.250268438524E-02
 159.70000  0.244142192605E-02
 159.80000  0.254087501471E-02
 159.90000  0.236610175000E-02
 160.00000  0.238076235720E-02
 160.10000  0.212929965758E-02
 160.20000  0.203101990133E-02
 160.30000  0.176071577224E-02
 160.40000  0.159020242236E-02
 160.50000  0.139116828869E-02
 160.60000  0.121329594816E-02
 160.70000  0.113240234805E-02
 160.80000  0.105549632866E-02
 160.90000  0.101668141465E-02
 161.00000  0.117564225436E-02
 161.10000  0.100988830632E-02
 161.20000  0.145783991245E-02
 161.30000  0.103781154064E-02
 161.40000  0.165097687266E-02
 161.50000  0.101297715401E-02
 161.60000  0.154556933530E-02
 161.70000  0.885432285354E-03
 161.80000  0.115044884674E-02
 161.90000  0.689526831976E-03
 162.00000  0.676074304614E-03
 162.10000  0.523541792326E-03
 162.20000  0.330243190975E-03
 162.30000  0.468441267289E-03
 162.40000  0.164398819027E-03
 162.50000  0.528882478824E-03
 162.60000  0.119811372251E-03
 162.70000  0.639779505285E-03
 162.80000  0.151333492291E-03
 162.90000  0.705601567925E-03
 163.00000  0.249979963731E-03
 163.10000  0.646783743339E-03
 163.20000  0.376025050777E-03
 163.30000  0.456210700038E-03
 163.40000  0.447494761219E-03
 163.50000  0.224881300050E-03
 163.60000  0.418137531518E-03
 163.70000  0.721994696793E-04
 163.80000  0.321800747772E-03
 163.90000  0.294517520452E-04
 164.00000  0.219362615668E-03
 164.10000  0.257563607449E-04
 164.20000  0.138136684912E-03
 164.30000  0.771328027480E-05
 164.40000  0.816930490189E-04
 164.50000  0.256648101686E-04
 164.60000  0.624622440161E-04
 164.70000  0.150775060962E-03
 164.80000  0.887484749597E-04
 164.90000  0.334238730219E-03
 165.00000  0.134724981409E-03
 165.10000  0.424172964890E-03
 165.20000  0.156808482833E-03
 165.30000  0.338828217621E-03
 165.40000  0.136820094399E-03
 165.50000  0.164346825913E-03
 165.60000  0.895463424291E-04
 165.70000  0.491005854775E-04
 165.80000  0.437023963307E-04
 165.90000  0.482237641269E-04
 166.00000  0.426692128717E-04
 166.10000  0.113975657031E-03
 166.20000  0.139145972300E-03
 166.30000  0.197062335313E-03
 166.40000  0.334915631735E-03
 166.50000  0.290056657568E-03
 166.60000  0.528718586261E-03
 166.70000  0.380051155986E-03
 166.80000  0.585588017370E-03
 166.90000  0.426114051958E-03
 167.00000  0.482910092087E-03
 167.10000  0.408253608170E-03
 167.20000  0.341077986267E-03
 167.30000  0.361314749120E-03
 167.40000  0.279418706506E-03
 167.50000  0.339436586411E-03
 167.60000  0.290937393711E-03
 167.70000  0.372932267231E-03
 167.80000  0.310661059520E-03
 167.90000  0.470295936878E-03
 168.00000  0.364002127019E-03
 168.10000  0.623544741689E-03
 168.20000  0.555936027363E-03
 168.30000  0.784092489557E-03
 168.40000  0.900512790676E-03
 168.50000  0.865823251670E-03
 168.60000  0.123750267802E-02
 168.70000  0.813679827565E-03
 168.80000  0.136771253937E-02
 168.90000  0.660875444031E-03
 169.00000  0.123991125389E-02
 169.10000  0.497718450344E-03
 169.20000  0.974318941358E-03
 169.30000  0.410910573541E-03
 169.40000  0.738430630017E-03
 169.50000  0.484726746774E-03
 169.60000  0.639014211564E-03
 169.70000  0.811210425492E-03
 169.80000  0.698208872013E-03
 169.90000  0.139857960797E-02
 170.00000  0.863392236614E-03
 170.10000  0.204870913058E-02
 170.20000  0.103156385063E-02
 170.30000  0.241733310293E-02
 170.40000  0.111746376168E-02
 170.50000  0.228248303984E-02
 170.60000  0.112952137756E-02
 170.70000  0.174585342992E-02
 170.80000  0.116394451797E-02
 170.90000  0.113148421572E-02
 171.00000  0.131635722799E-02
 171.10000  0.708887721408E-03
 171.20000  0.161235194429E-02
 171.30000  0.555399845877E-03
 171.40000  0.200546605620E-02
 171.50000  0.644696082033E-03
 171.60000  0.238803036668E-02
 171.70000  0.961428045608E-03
 171.80000  0.259600640351E-02
 171.90000  0.148317006821E-02
 172.00000  0.247823597821E-02
 172.10000  0.210723013624E-02
 172.20000  0.203021376905E-02
 172.30000  0.266130305259E-02
 172.40000  0.144183751562E-02
 172.50000  0.299106120418E-02
 172.60000  0.963785665490E-03
 172.70000  0.302889139257E-02
 172.80000  0.738698049540E-03
 172.90000  0.280909325873E-02
 173.00000  0.801578762017E-03
 173.10000  0.244813834152E-02
 173.20000  0.119893922008E-02
 173.30000  0.208658158704E-02
 173.40000  0.198547356835E-02
 173.50000  0.180502825599E-02
 173.60000  0.304913309157E-02
 173.70000  0.159359452312E-02
 173.80000  0.401984273800E-02
 173.90000  0.142378366618E-02
 174.00000  0.446176726456E-02
 174.10000  0.133603531100E-02
 174.20000  0.418847544111E-02
 174.30000  0.142648362625E-02
 174.40000  0.337859552604E-02
 174.50000  0.176258736692E-02
 174.60000  0.240897947518E-02
 174.70000  0.234626634343E-02
 174.80000  0.161050857192E-02
 174.90000  0.312717934824E-02
 175.00000  0.114803513797E-02
 175.10000  0.396757467681E-02
 175.20000  0.104153304837E-02
 175.30000  0.458711440145E-02
 175.40000  0.124876886415E-02
 175.50000  0.465867669457E-02
 175.60000  0.173993130611E-02
 175.70000  0.406800278032E-02
 175.80000  0.250272421040E-02
 175.90000  0.306292211217E-02
 176.00000  0.345695965138E-02
 176.10000  0.207317166516E-02
 176.20000  0.437643837988E-02
 176.30000  0.138372320458E-02
 176.40000  0.495649231699E-02
 176.50000  0.103607570286E-02
 176.60000  0.499974801207E-02
 176.70000  0.102005535659E-02
 176.80000  0.452452184255E-02
 176.90000  0.144157625780E-02
 177.00000  0.369930863015E-02
 177.10000  0.242656460073E-02
 177.20000  0.273475508326E-02
 177.30000  0.389141187235E-02
 177.40000  0.185829202879E-02
 177.50000  0.545040123893E-02
 177.60000  0.128957872770E-02
 177.70000  0.654189055458E-02
 177.80000  0.112809797992E-02
 177.90000  0.668050301251E-02
 178.00000  0.130477628968E-02
 178.10000  0.572667600813E-02
 178.20000  0.176767288922E-02
 178.30000  0.403235756582E-02
 178.40000  0.269529483261E-02
 178.50000  0.228064520198E-02
 178.60000  0.433407641113E-02
 178.70000  0.104226678535E-02
 178.80000  0.650593581874E-02
 178.90000  0.433500658571E-03
 179.00000  0.839408382151E-02
 179.10000  0.253444752444E-03
 179.20000  0.900965631140E-02
 179.30000  0.459836204553E-03
 179.40000  0.791874653526E-02
 179.50000  0.147774984615E-02
 179.60000  0.547464923448E-02
 179.70000  0.432368426943E-02
 179.80000  0.251301997710E-02
 179.90000  0.138750600663E-01
 180.00000  0.411066804431E-01

