 # E =   0.61987560091466010       eV =    5000.0000000000000       1/cm
 #  1801
# DFFCSO.  ACCUM LEV(I),J(I) =  1  0 LEV(F),J(F) =  1  0       , M =  0, WEIGHTED BY  1.00000
   0.10000  0.388908481219E+07
   0.20000  0.164825003219E+07
   0.30000  0.494776400654E+06
   0.40000  0.227602532543E+06
   0.50000  0.128359349621E+06
   0.60000  0.474833285823E+05
   0.70000  0.991183536478E+04
   0.80000  0.927478042826E+04
   0.90000  0.182711097086E+05
   1.00000  0.152915739023E+05
   1.10000  0.597503953759E+04
   1.20000  0.122371248831E+04
   1.30000  0.516974691881E+03
   1.40000  0.983223056092E+03
   1.50000  0.183848539083E+04
   1.60000  0.240088363023E+04
   1.70000  0.229693751614E+04
   1.80000  0.158074732091E+04
   1.90000  0.565174218044E+03
   2.00000  0.243269789562E+03
   2.10000  0.965217398617E+03
   2.20000  0.158406743376E+04
   2.30000  0.140160340727E+04
   2.40000  0.836435844272E+03
   2.50000  0.517590401620E+03
   2.60000  0.845147634021E+03
   2.70000  0.138898793432E+04
   2.80000  0.134346591742E+04
   2.90000  0.858191130509E+03
   3.00000  0.568327399567E+03
   3.10000  0.744257918317E+03
   3.20000  0.129406325682E+04
   3.30000  0.166806056665E+04
   3.40000  0.139108851271E+04
   3.50000  0.789845408222E+03
   3.60000  0.399792150987E+03
   3.70000  0.393756361285E+03
   3.80000  0.702713412764E+03
   3.90000  0.997080856524E+03
   4.00000  0.954557794884E+03
   4.10000  0.683745083365E+03
   4.20000  0.428596100576E+03
   4.30000  0.278847140513E+03
   4.40000  0.272655839497E+03
   4.50000  0.349333430369E+03
   4.60000  0.379517501959E+03
   4.70000  0.368447076534E+03
   4.80000  0.358783627816E+03
   4.90000  0.325046117392E+03
   5.00000  0.274875471126E+03
   5.10000  0.229945596924E+03
   5.20000  0.181020122308E+03
   5.30000  0.161251940841E+03
   5.40000  0.194690591497E+03
   5.50000  0.238104438186E+03
   5.60000  0.259262831550E+03
   5.70000  0.251447865520E+03
   5.80000  0.204034688603E+03
   5.90000  0.146522186565E+03
   6.00000  0.120503067927E+03
   6.10000  0.123149703472E+03
   6.20000  0.144319658764E+03
   6.30000  0.177693620882E+03
   6.40000  0.194362606639E+03
   6.50000  0.182644444451E+03
   6.60000  0.158052270764E+03
   6.70000  0.125418267940E+03
   6.80000  0.950891812171E+02
   6.90000  0.895289015857E+02
   7.00000  0.103830151185E+03
   7.10000  0.118997681528E+03
   7.20000  0.130862688139E+03
   7.30000  0.132045784774E+03
   7.40000  0.115542399777E+03
   7.50000  0.932385704889E+02
   7.60000  0.737547587651E+02
   7.70000  0.542039555271E+02
   7.80000  0.414828326379E+02
   7.90000  0.424484547443E+02
   8.00000  0.490840993679E+02
   8.10000  0.540220586807E+02
   8.20000  0.562906774627E+02
   8.30000  0.520273246881E+02
   8.40000  0.412671453785E+02
   8.50000  0.304152926376E+02
   8.60000  0.214358660578E+02
   8.70000  0.127989408037E+02
   8.80000  0.749982712192E+01
   8.90000  0.774458633795E+01
   9.00000  0.107633028311E+02
   9.10000  0.138163674809E+02
   9.20000  0.168534951078E+02
   9.30000  0.191043689586E+02
   9.40000  0.193540069411E+02
   9.50000  0.176885404775E+02
   9.60000  0.148304008468E+02
   9.70000  0.107007422011E+02
   9.80000  0.677439037964E+01
   9.90000  0.562127792418E+01
  10.00000  0.733683813582E+01
  10.10000  0.101255266935E+02
  10.20000  0.144268600143E+02
  10.30000  0.199372851382E+02
  10.40000  0.234789267429E+02
  10.50000  0.234135790831E+02
  10.60000  0.209096451550E+02
  10.70000  0.163233172353E+02
  10.80000  0.115476272191E+02
  10.90000  0.101240447586E+02
  11.00000  0.122332373080E+02
  11.10000  0.160203354467E+02
  11.20000  0.219815915988E+02
  11.30000  0.287413962720E+02
  11.40000  0.322579930622E+02
  11.50000  0.313693117443E+02
  11.60000  0.272913249753E+02
  11.70000  0.205773698516E+02
  11.80000  0.140956377899E+02
  11.90000  0.113602045733E+02
  12.00000  0.120688570430E+02
  12.10000  0.150072607072E+02
  12.20000  0.205974814938E+02
  12.30000  0.268409013432E+02
  12.40000  0.302840545519E+02
  12.50000  0.301238882054E+02
  12.60000  0.268252978766E+02
  12.70000  0.207192994195E+02
  12.80000  0.140178049885E+02
  12.90000  0.898033084102E+01
  13.00000  0.568786950477E+01
  13.10000  0.422522788357E+01
  13.20000  0.541455470256E+01
  13.30000  0.835564800449E+01
  13.40000  0.111653340292E+02
  13.50000  0.131772105568E+02
  13.60000  0.142973111932E+02
  13.70000  0.140841340506E+02
  13.80000  0.126552296595E+02
  13.90000  0.106144762436E+02
  14.00000  0.814063271644E+01
  14.10000  0.551981122354E+01
  14.20000  0.368498184416E+01
  14.30000  0.297918287039E+01
  14.40000  0.275663807632E+01
  14.50000  0.295484494389E+01
  14.60000  0.405178600757E+01
  14.70000  0.551969405560E+01
  14.80000  0.647778996698E+01
  14.90000  0.703933090214E+01
  15.00000  0.729500937847E+01
  15.10000  0.698237886698E+01
  15.20000  0.652216172472E+01
  15.30000  0.625044473264E+01
  15.40000  0.557474385480E+01
  15.50000  0.463108054340E+01
  15.60000  0.423880278119E+01
  15.70000  0.403008576732E+01
  15.80000  0.325986348566E+01
  15.90000  0.247217941421E+01
  16.00000  0.212311736435E+01
  16.10000  0.191326927475E+01
  16.20000  0.197449008479E+01
  16.30000  0.251727302364E+01
  16.40000  0.297607136961E+01
  16.50000  0.328135153813E+01
  16.60000  0.386146490432E+01
  16.70000  0.422999912666E+01
  16.80000  0.369569147175E+01
  16.90000  0.281041051011E+01
  17.00000  0.212650183153E+01
  17.10000  0.137948985626E+01
  17.20000  0.598373138645E+00
  17.30000  0.269490748934E+00
  17.40000  0.328366350355E+00
  17.50000  0.664945796269E+00
  17.60000  0.145030989755E+01
  17.70000  0.236184214293E+01
  17.80000  0.281105716159E+01
  17.90000  0.301361511513E+01
  18.00000  0.322446565646E+01
  18.10000  0.301609595581E+01
  18.20000  0.225177242402E+01
  18.30000  0.150254614016E+01
  18.40000  0.966202577100E+00
  18.50000  0.556956678621E+00
  18.60000  0.488871005847E+00
  18.70000  0.795236900888E+00
  18.80000  0.115315628047E+01
  18.90000  0.164977062280E+01
  19.00000  0.236446169029E+01
  19.10000  0.280873638407E+01
  19.20000  0.274811740173E+01
  19.30000  0.258988873994E+01
  19.40000  0.242089232339E+01
  19.50000  0.207109918159E+01
  19.60000  0.175169643414E+01
  19.70000  0.162640040732E+01
  19.80000  0.153772260014E+01
  19.90000  0.161984587572E+01
  20.00000  0.198075270683E+01
  20.10000  0.220371315897E+01
  20.20000  0.210808822324E+01
  20.30000  0.207653895764E+01
  20.40000  0.212381884794E+01
  20.50000  0.194461977909E+01
  20.60000  0.169798094968E+01
  20.70000  0.164333261328E+01
  20.80000  0.167243581294E+01
  20.90000  0.181375478774E+01
  21.00000  0.217814947476E+01
  21.10000  0.246747448012E+01
  21.20000  0.251981485781E+01
  21.30000  0.264994948654E+01
  21.40000  0.282073207124E+01
  21.50000  0.260204649634E+01
  21.60000  0.212504427632E+01
  21.70000  0.182121802803E+01
  21.80000  0.161741776599E+01
  21.90000  0.136224535372E+01
  22.00000  0.127431950917E+01
  22.10000  0.138820651584E+01
  22.20000  0.155693053524E+01
  22.30000  0.188631822650E+01
  22.40000  0.234599079769E+01
  22.50000  0.255258692389E+01
  22.60000  0.252208006508E+01
  22.70000  0.258721492727E+01
  22.80000  0.260096116453E+01
  22.90000  0.226585640946E+01
  23.00000  0.184884208694E+01
  23.10000  0.162043838984E+01
  23.20000  0.143552316900E+01
  23.30000  0.125078101094E+01
  23.40000  0.121241087443E+01
  23.50000  0.122424020488E+01
  23.60000  0.123306967951E+01
  23.70000  0.138261997180E+01
  23.80000  0.157149657526E+01
  23.90000  0.154817473880E+01
  24.00000  0.146671035764E+01
  24.10000  0.152393365595E+01
  24.20000  0.153435296701E+01
  24.30000  0.136471228500E+01
  24.40000  0.121028418966E+01
  24.50000  0.112478678992E+01
  24.60000  0.100046584277E+01
  24.70000  0.868890924427E+00
  24.80000  0.779250287842E+00
  24.90000  0.651357402782E+00
  25.00000  0.544387462286E+00
  25.10000  0.562797635766E+00
  25.20000  0.606849470894E+00
  25.30000  0.579409215493E+00
  25.40000  0.606741830630E+00
  25.50000  0.722784149044E+00
  25.60000  0.791710852204E+00
  25.70000  0.778679179076E+00
  25.80000  0.753866289254E+00
  25.90000  0.688407811424E+00
  26.00000  0.568326070579E+00
  26.10000  0.446541409836E+00
  26.20000  0.322917210095E+00
  26.30000  0.182165626426E+00
  26.40000  0.106291042534E+00
  26.50000  0.124339968273E+00
  26.60000  0.171886577952E+00
  26.70000  0.233746832177E+00
  26.80000  0.333779455504E+00
  26.90000  0.424141566057E+00
  27.00000  0.471833653892E+00
  27.10000  0.486021495309E+00
  27.20000  0.440559276721E+00
  27.30000  0.326006427157E+00
  27.40000  0.210551226177E+00
  27.50000  0.122333799087E+00
  27.60000  0.418100722889E-01
  27.70000  0.258552879978E-02
  27.80000  0.320453367104E-01
  27.90000  0.957534783344E-01
  28.00000  0.195300631281E+00
  28.10000  0.333752010555E+00
  28.20000  0.422033718665E+00
  28.30000  0.425139176553E+00
  28.40000  0.423794171604E+00
  28.50000  0.413054052155E+00
  28.60000  0.307652361527E+00
  28.70000  0.162611657503E+00
  28.80000  0.796053033285E-01
  28.90000  0.413429531614E-01
  29.00000  0.380594094552E-01
  29.10000  0.122613106198E+00
  29.20000  0.252475499395E+00
  29.30000  0.385888500760E+00
  29.40000  0.588345846215E+00
  29.50000  0.824581044523E+00
  29.60000  0.929231002165E+00
  29.70000  0.928487846398E+00
  29.80000  0.956644561967E+00
  29.90000  0.944464444898E+00
  30.00000  0.785135580066E+00
  30.10000  0.598271645727E+00
  30.20000  0.482587377019E+00
  30.30000  0.394138059542E+00
  30.40000  0.359730103121E+00
  30.50000  0.443625977773E+00
  30.60000  0.576149891201E+00
  30.70000  0.758394582989E+00
  30.80000  0.108726106991E+01
  30.90000  0.146535631595E+01
  31.00000  0.170675652567E+01
  31.10000  0.188898049673E+01
  31.20000  0.210859332587E+01
  31.30000  0.221273621889E+01
  31.40000  0.210728007210E+01
  31.50000  0.193250004405E+01
  31.60000  0.174047560659E+01
  31.70000  0.149325779875E+01
  31.80000  0.127398713010E+01
  31.90000  0.114737454259E+01
  32.00000  0.106299364692E+01
  32.10000  0.110426879443E+01
  32.20000  0.138090137952E+01
  32.30000  0.175566197635E+01
  32.40000  0.208652039078E+01
  32.50000  0.247788089112E+01
  32.60000  0.293738660395E+01
  32.70000  0.326050626512E+01
  32.80000  0.338366025377E+01
  32.90000  0.339587826777E+01
  33.00000  0.326849486981E+01
  33.10000  0.299271640074E+01
  33.20000  0.268168173917E+01
  33.30000  0.235240299009E+01
  33.40000  0.198677811604E+01
  33.50000  0.176198828627E+01
  33.60000  0.178542493490E+01
  33.70000  0.190534598787E+01
  33.80000  0.206940473993E+01
  33.90000  0.241583931052E+01
  34.00000  0.288891252971E+01
  34.10000  0.329057002639E+01
  34.20000  0.359943163402E+01
  34.30000  0.383246822919E+01
  34.40000  0.389909898769E+01
  34.50000  0.382236402723E+01
  34.60000  0.368566998617E+01
  34.70000  0.341261731364E+01
  34.80000  0.300882716946E+01
  34.90000  0.270545702564E+01
  35.00000  0.255848115516E+01
  35.10000  0.239941111570E+01
  35.20000  0.227581824406E+01
  35.30000  0.236444213669E+01
  35.40000  0.258415888927E+01
  35.50000  0.278809525153E+01
  35.60000  0.301661979505E+01
  35.70000  0.325856609790E+01
  35.80000  0.341913801889E+01
  35.90000  0.354735731418E+01
  36.00000  0.366616933794E+01
  36.10000  0.362360396602E+01
  36.20000  0.344454067296E+01
  36.30000  0.334077651923E+01
  36.40000  0.326749241818E+01
  36.50000  0.304055450559E+01
  36.60000  0.277935529698E+01
  36.70000  0.266093635180E+01
  36.80000  0.258619125506E+01
  36.90000  0.247355249520E+01
  37.00000  0.242978877217E+01
  37.10000  0.246031160150E+01
  37.20000  0.250900996616E+01
  37.30000  0.264666099387E+01
  37.40000  0.285738448319E+01
  37.50000  0.298032191264E+01
  37.60000  0.306104829454E+01
  37.70000  0.324041004066E+01
  37.80000  0.337763634092E+01
  37.90000  0.329709623198E+01
  38.00000  0.313902641316E+01
  38.10000  0.302155158643E+01
  38.20000  0.282195177751E+01
  38.30000  0.251327928051E+01
  38.40000  0.223659509966E+01
  38.50000  0.201514180191E+01
  38.60000  0.183893828144E+01
  38.70000  0.179618898169E+01
  38.80000  0.187003143044E+01
  38.90000  0.195115555463E+01
  39.00000  0.210732450932E+01
  39.10000  0.240617515781E+01
  39.20000  0.267241458518E+01
  39.30000  0.277770844745E+01
  39.40000  0.283739079224E+01
  39.50000  0.287980589943E+01
  39.60000  0.277460520264E+01
  39.70000  0.252822360719E+01
  39.80000  0.225328020322E+01
  39.90000  0.195809415068E+01
  40.00000  0.166528165449E+01
  40.10000  0.146412193637E+01
  40.20000  0.133999470765E+01
  40.30000  0.124818539040E+01
  40.40000  0.127896540458E+01
  40.50000  0.145878729217E+01
  40.60000  0.164174749261E+01
  40.70000  0.177144966516E+01
  40.80000  0.192810356164E+01
  40.90000  0.207745687875E+01
  41.00000  0.211760169743E+01
  41.10000  0.206845623650E+01
  41.20000  0.197103384983E+01
  41.30000  0.180363903986E+01
  41.40000  0.160827295728E+01
  41.50000  0.144464440262E+01
  41.60000  0.127048756263E+01
  41.70000  0.108430525879E+01
  41.80000  0.992508637290E+00
  41.90000  0.998611120520E+00
  42.00000  0.999466809388E+00
  42.10000  0.100609002810E+01
  42.20000  0.108431978328E+01
  42.30000  0.118554135884E+01
  42.40000  0.125357476482E+01
  42.50000  0.131306115235E+01
  42.60000  0.134984469506E+01
  42.70000  0.133294429334E+01
  42.80000  0.130972606351E+01
  42.90000  0.129055357113E+01
  43.00000  0.119979354394E+01
  43.10000  0.106058393734E+01
  43.20000  0.972670936454E+00
  43.30000  0.910436378975E+00
  43.40000  0.800024392908E+00
  43.50000  0.697867997279E+00
  43.60000  0.665105845652E+00
  43.70000  0.659809707274E+00
  43.80000  0.664021021488E+00
  43.90000  0.708381669846E+00
  44.00000  0.763390433468E+00
  44.10000  0.809910111996E+00
  44.20000  0.888507493482E+00
  44.30000  0.970252960376E+00
  44.40000  0.972048225818E+00
  44.50000  0.929927162120E+00
  44.60000  0.913357968562E+00
  44.70000  0.867827874097E+00
  44.80000  0.741793728358E+00
  44.90000  0.609964695456E+00
  45.00000  0.519959947053E+00
  45.10000  0.437192887348E+00
  45.20000  0.368943468889E+00
  45.30000  0.352050065160E+00
  45.40000  0.365184911489E+00
  45.50000  0.406058904512E+00
  45.60000  0.504793639603E+00
  45.70000  0.617611332847E+00
  45.80000  0.678388285149E+00
  45.90000  0.724591209391E+00
  46.00000  0.787390156829E+00
  46.10000  0.796385039741E+00
  46.20000  0.718160213117E+00
  46.30000  0.621160617706E+00
  46.40000  0.530678994100E+00
  46.50000  0.415799151296E+00
  46.60000  0.296238229131E+00
  46.70000  0.212877668250E+00
  46.80000  0.160676646637E+00
  46.90000  0.148615692611E+00
  47.00000  0.199025419193E+00
  47.10000  0.279711856521E+00
  47.20000  0.354954852385E+00
  47.30000  0.451551124605E+00
  47.40000  0.568622428729E+00
  47.50000  0.642333340146E+00
  47.60000  0.653497177412E+00
  47.70000  0.641575067709E+00
  47.80000  0.605148900359E+00
  47.90000  0.519095472708E+00
  48.00000  0.404279607766E+00
  48.10000  0.292185337025E+00
  48.20000  0.187787436004E+00
  48.30000  0.107699508265E+00
  48.40000  0.726440664184E-01
  48.50000  0.727016965998E-01
  48.60000  0.101520275754E+00
  48.70000  0.174646103734E+00
  48.80000  0.279618291234E+00
  48.90000  0.378329885280E+00
  49.00000  0.460559764922E+00
  49.10000  0.529054223188E+00
  49.20000  0.565539559016E+00
  49.30000  0.557474706865E+00
  49.40000  0.513944381253E+00
  49.50000  0.438462035964E+00
  49.60000  0.338044791346E+00
  49.70000  0.237715757328E+00
  49.80000  0.152466918270E+00
  49.90000  0.796115222171E-01
  50.00000  0.334585116309E-01
  50.10000  0.320298971574E-01
  50.20000  0.667759525827E-01
  50.30000  0.121958400638E+00
  50.40000  0.195743274556E+00
  50.50000  0.275647114882E+00
  50.60000  0.343821513785E+00
  50.70000  0.396661319433E+00
  50.80000  0.427739429625E+00
  50.90000  0.418283607741E+00
  51.00000  0.375724034638E+00
  51.10000  0.324014557423E+00
  51.20000  0.261999978643E+00
  51.30000  0.181038187673E+00
  51.40000  0.106116042837E+00
  51.50000  0.597183222810E-01
  51.60000  0.336585967507E-01
  51.70000  0.212825069525E-01
  51.80000  0.331461798676E-01
  51.90000  0.643024607924E-01
  52.00000  0.102417074705E+00
  52.10000  0.145563244280E+00
  52.20000  0.186182845340E+00
  52.30000  0.206529979972E+00
  52.40000  0.211735888041E+00
  52.50000  0.214068454889E+00
  52.60000  0.202117624875E+00
  52.70000  0.165453901658E+00
  52.80000  0.126278228304E+00
  52.90000  0.998751940303E-01
  53.00000  0.736683246803E-01
  53.10000  0.429581488778E-01
  53.20000  0.252529904637E-01
  53.30000  0.234497166244E-01
  53.40000  0.252528104843E-01
  53.50000  0.278063698403E-01
  53.60000  0.354340170906E-01
  53.70000  0.430093652393E-01
  53.80000  0.473773022701E-01
  53.90000  0.503914124962E-01
  54.00000  0.497143623833E-01
  54.10000  0.419841692430E-01
  54.20000  0.343550250434E-01
  54.30000  0.314139217138E-01
  54.40000  0.272361945968E-01
  54.50000  0.197563243119E-01
  54.60000  0.190011717953E-01
  54.70000  0.275748749614E-01
  54.80000  0.350855130806E-01
  54.90000  0.381276546345E-01
  55.00000  0.470235464158E-01
  55.10000  0.624109654678E-01
  55.20000  0.704521621901E-01
  55.30000  0.684703886939E-01
  55.40000  0.693843769139E-01
  55.50000  0.731962312914E-01
  55.60000  0.658157736417E-01
  55.70000  0.489498191063E-01
  55.80000  0.370625445480E-01
  55.90000  0.291846710611E-01
  56.00000  0.164517497279E-01
  56.10000  0.536447494742E-02
  56.20000  0.414666068319E-02
  56.30000  0.975264879108E-02
  56.40000  0.228960729580E-01
  56.50000  0.482969911688E-01
  56.60000  0.775029423660E-01
  56.70000  0.105900390782E+00
  56.80000  0.144245091093E+00
  56.90000  0.188361431773E+00
  57.00000  0.213635131090E+00
  57.10000  0.221251903887E+00
  57.20000  0.231875021411E+00
  57.30000  0.235800818117E+00
  57.40000  0.208850592527E+00
  57.50000  0.165872654983E+00
  57.60000  0.132021728295E+00
  57.70000  0.992117286671E-01
  57.80000  0.571497644119E-01
  57.90000  0.251551230430E-01
  58.00000  0.153567548713E-01
  58.10000  0.207087941495E-01
  58.20000  0.418004776585E-01
  58.30000  0.823474508343E-01
  58.40000  0.129307536608E+00
  58.50000  0.178491958426E+00
  58.60000  0.236978557079E+00
  58.70000  0.290311631339E+00
  58.80000  0.314249747481E+00
  58.90000  0.318868129972E+00
  59.00000  0.320019464933E+00
  59.10000  0.301335513800E+00
  59.20000  0.249965628155E+00
  59.30000  0.190637824226E+00
  59.40000  0.140976547698E+00
  59.50000  0.914032477222E-01
  59.60000  0.421634968855E-01
  59.70000  0.118220147660E-01
  59.80000  0.357805458887E-02
  59.90000  0.114458778870E-01
  60.00000  0.370437036512E-01
  60.10000  0.773929653071E-01
  60.20000  0.120250115715E+00
  60.30000  0.165420094046E+00
  60.40000  0.213822099711E+00
  60.50000  0.250458233663E+00
  60.60000  0.264665486143E+00
  60.70000  0.267285554912E+00
  60.80000  0.262561836533E+00
  60.90000  0.239966188666E+00
  61.00000  0.200261732329E+00
  61.10000  0.158417286132E+00
  61.20000  0.118683314612E+00
  61.30000  0.785062437479E-01
  61.40000  0.430361861023E-01
  61.50000  0.184955019670E-01
  61.60000  0.418506709551E-02
  61.70000  0.930517672653E-03
  61.80000  0.975295493251E-02
  61.90000  0.266733047545E-01
  62.00000  0.486928549364E-01
  62.10000  0.766492211578E-01
  62.20000  0.107356102711E+00
  62.30000  0.136035267595E+00
  62.40000  0.162009590611E+00
  62.50000  0.183400336641E+00
  62.60000  0.196713779501E+00
  62.70000  0.203917211762E+00
  62.80000  0.206290706609E+00
  62.90000  0.197820117076E+00
  63.00000  0.178408027874E+00
  63.10000  0.156910316027E+00
  63.20000  0.134128045519E+00
  63.30000  0.103505989528E+00
  63.40000  0.700722423835E-01
  63.50000  0.433414615395E-01
  63.60000  0.226109484831E-01
  63.70000  0.655379920865E-02
  63.80000  0.146392908769E-02
  63.90000  0.746678701999E-02
  64.00000  0.224015917405E-01
  64.10000  0.524248730090E-01
  64.20000  0.970358510148E-01
  64.30000  0.140687482034E+00
  64.40000  0.182583328089E+00
  64.50000  0.235765805447E+00
  64.60000  0.289758837123E+00
  64.70000  0.319397648662E+00
  64.80000  0.331825362821E+00
  64.90000  0.345838912710E+00
  65.00000  0.347184206569E+00
  65.10000  0.316239069603E+00
  65.20000  0.270950701975E+00
  65.30000  0.230440924528E+00
  65.40000  0.184871099982E+00
  65.50000  0.130057449074E+00
  65.60000  0.847869230552E-01
  65.70000  0.561326537711E-01
  65.80000  0.411187360708E-01
  65.90000  0.479671944942E-01
  66.00000  0.786066744628E-01
  66.10000  0.118343400332E+00
  66.20000  0.171570551453E+00
  66.30000  0.251414089410E+00
  66.40000  0.335685239638E+00
  66.50000  0.394788209591E+00
  66.60000  0.445760120054E+00
  66.70000  0.504838122020E+00
  66.80000  0.537895677904E+00
  66.90000  0.521168064229E+00
  67.00000  0.487717597530E+00
  67.10000  0.456293285865E+00
  67.20000  0.399402399685E+00
  67.30000  0.312695096656E+00
  67.40000  0.232773737830E+00
  67.50000  0.171642245709E+00
  67.60000  0.116234027015E+00
  67.70000  0.750391664695E-01
  67.80000  0.632676031705E-01
  67.90000  0.746445135346E-01
  68.00000  0.109356660246E+00
  68.10000  0.174602960552E+00
  68.20000  0.251134694411E+00
  68.30000  0.318522871358E+00
  68.40000  0.392536453082E+00
  68.50000  0.476056871867E+00
  68.60000  0.529114678147E+00
  68.70000  0.537512613407E+00
  68.80000  0.535857620667E+00
  68.90000  0.528256404346E+00
  69.00000  0.479095368110E+00
  69.10000  0.393782829810E+00
  69.20000  0.314409268096E+00
  69.30000  0.244852256332E+00
  69.40000  0.165905389035E+00
  69.50000  0.929713075248E-01
  69.60000  0.504022619539E-01
  69.70000  0.336167787828E-01
  69.80000  0.371856597439E-01
  69.90000  0.679733774631E-01
  70.00000  0.117666376465E+00
  70.10000  0.174647930350E+00
  70.20000  0.245376631300E+00
  70.30000  0.323805167742E+00
  70.40000  0.380720044905E+00
  70.50000  0.412157257441E+00
  70.60000  0.438568631352E+00
  70.70000  0.450972609740E+00
  70.80000  0.423277837409E+00
  70.90000  0.368354832458E+00
  71.00000  0.314342888935E+00
  71.10000  0.255863973048E+00
  71.20000  0.181131434963E+00
  71.30000  0.109550449869E+00
  71.40000  0.597117311791E-01
  71.50000  0.265899857156E-01
  71.60000  0.739240336549E-02
  71.70000  0.104640700310E-01
  71.80000  0.336766040602E-01
  71.90000  0.707020398747E-01
  72.00000  0.121621275698E+00
  72.10000  0.179855050983E+00
  72.20000  0.230533476551E+00
  72.30000  0.272525461619E+00
  72.40000  0.309952569904E+00
  72.50000  0.332520615767E+00
  72.60000  0.329467959376E+00
  72.70000  0.309597969643E+00
  72.80000  0.281618353075E+00
  72.90000  0.241222253645E+00
  73.00000  0.188104045321E+00
  73.10000  0.134513270509E+00
  73.20000  0.876600449971E-01
  73.30000  0.477183952267E-01
  73.40000  0.174841738271E-01
  73.50000  0.205747659827E-02
  73.60000  0.157336035973E-02
  73.70000  0.148311773653E-01
  73.80000  0.398961063033E-01
  73.90000  0.736060220030E-01
  74.00000  0.112081314575E+00
  74.10000  0.151484646548E+00
  74.20000  0.186144729398E+00
  74.30000  0.213760262760E+00
  74.40000  0.233952994056E+00
  74.50000  0.242481029702E+00
  74.60000  0.235463385120E+00
  74.70000  0.218763443538E+00
  74.80000  0.197311805155E+00
  74.90000  0.167071809742E+00
  75.00000  0.128186649145E+00
  75.10000  0.917007058197E-01
  75.20000  0.621240769001E-01
  75.30000  0.351266184675E-01
  75.40000  0.129217450732E-01
  75.50000  0.230609961478E-02
  75.60000  0.184824951017E-02
  75.70000  0.929418908311E-02
  75.80000  0.266250362070E-01
  75.90000  0.496956665880E-01
  76.00000  0.723589664860E-01
  76.10000  0.993746471803E-01
  76.20000  0.131739804860E+00
  76.30000  0.155177550433E+00
  76.40000  0.165209674953E+00
  76.50000  0.175894622802E+00
  76.60000  0.187050568676E+00
  76.70000  0.180833821203E+00
  76.80000  0.159410484267E+00
  76.90000  0.141726543509E+00
  77.00000  0.125885214831E+00
  77.10000  0.979457288387E-01
  77.20000  0.655346816089E-01
  77.30000  0.430352529201E-01
  77.40000  0.266608344191E-01
  77.50000  0.107581650116E-01
  77.60000  0.209610184948E-02
  77.70000  0.251799613868E-02
  77.80000  0.805399478088E-02
  77.90000  0.217988184595E-01
  78.00000  0.439505013981E-01
  78.10000  0.636546040430E-01
  78.20000  0.805935351941E-01
  78.30000  0.104559845959E+00
  78.40000  0.129003507017E+00
  78.50000  0.138297912796E+00
  78.60000  0.138812892625E+00
  78.70000  0.143252747619E+00
  78.80000  0.142822402351E+00
  78.90000  0.126308779761E+00
  79.00000  0.104772679519E+00
  79.10000  0.883612273508E-01
  79.20000  0.703832635911E-01
  79.30000  0.473433718945E-01
  79.40000  0.281164560604E-01
  79.50000  0.155619199852E-01
  79.60000  0.672811707376E-02
  79.70000  0.305745448645E-02
  79.80000  0.574862889663E-02
  79.90000  0.106656431492E-01
  80.00000  0.187295868108E-01
  80.10000  0.324853974755E-01
  80.20000  0.468505791429E-01
  80.30000  0.563282588512E-01
  80.40000  0.649310109965E-01
  80.50000  0.743353869215E-01
  80.60000  0.793636336884E-01
  80.70000  0.784626413175E-01
  80.80000  0.757536819115E-01
  80.90000  0.710734506882E-01
  81.00000  0.636701910725E-01
  81.10000  0.559798555120E-01
  81.20000  0.482193287912E-01
  81.30000  0.382141261350E-01
  81.40000  0.296570171225E-01
  81.50000  0.254432254383E-01
  81.60000  0.212015526711E-01
  81.70000  0.145968830574E-01
  81.80000  0.110334477127E-01
  81.90000  0.113382926268E-01
  82.00000  0.106719271832E-01
  82.10000  0.908558074950E-02
  82.20000  0.995052194127E-02
  82.30000  0.117665555050E-01
  82.40000  0.139955231884E-01
  82.50000  0.189677708710E-01
  82.60000  0.244241201230E-01
  82.70000  0.274399015579E-01
  82.80000  0.331058686147E-01
  82.90000  0.433430748684E-01
  83.00000  0.496637675192E-01
  83.10000  0.497712068031E-01
  83.20000  0.526667420533E-01
  83.30000  0.582582284318E-01
  83.40000  0.560443213987E-01
  83.50000  0.468890555600E-01
  83.60000  0.405838085254E-01
  83.70000  0.357821288166E-01
  83.80000  0.255763299859E-01
  83.90000  0.138406288036E-01
  84.00000  0.679505975544E-02
  84.10000  0.269033595583E-02
  84.20000  0.191131516925E-03
  84.30000  0.230705896157E-02
  84.40000  0.794283191646E-02
  84.50000  0.153582647907E-01
  84.60000  0.273488327461E-01
  84.70000  0.428936561535E-01
  84.80000  0.545389230725E-01
  84.90000  0.623953719970E-01
  85.00000  0.721056589122E-01
  85.10000  0.800161964704E-01
  85.20000  0.779393749807E-01
  85.30000  0.699063741037E-01
  85.40000  0.633051138532E-01
  85.50000  0.549610584467E-01
  85.60000  0.401980780843E-01
  85.70000  0.252999405451E-01
  85.80000  0.161457757946E-01
  85.90000  0.103690729823E-01
  86.00000  0.595693504822E-02
  86.10000  0.674695353345E-02
  86.20000  0.137110636360E-01
  86.30000  0.242775134997E-01
  86.40000  0.370264573697E-01
  86.50000  0.515205542761E-01
  86.60000  0.648184326714E-01
  86.70000  0.756190867007E-01
  86.80000  0.840183427168E-01
  86.90000  0.881939268664E-01
  87.00000  0.854774565209E-01
  87.10000  0.782026208955E-01
  87.20000  0.693792764662E-01
  87.30000  0.580388679886E-01
  87.40000  0.431517931166E-01
  87.50000  0.296452465256E-01
  87.60000  0.214741631533E-01
  87.70000  0.165957111662E-01
  87.80000  0.130999674675E-01
  87.90000  0.153024030529E-01
  88.00000  0.250840953234E-01
  88.10000  0.372758067385E-01
  88.20000  0.481249880966E-01
  88.30000  0.608487948904E-01
  88.40000  0.755242184608E-01
  88.50000  0.859915681759E-01
  88.60000  0.896717273848E-01
  88.70000  0.905953305952E-01
  88.80000  0.891773883602E-01
  88.90000  0.821090079784E-01
  89.00000  0.704206542877E-01
  89.10000  0.581558210620E-01
  89.20000  0.457662891901E-01
  89.30000  0.339249894805E-01
  89.40000  0.255074248329E-01
  89.50000  0.202980509316E-01
  89.60000  0.167565484124E-01
  89.70000  0.186080938397E-01
  89.80000  0.274572049404E-01
  89.90000  0.365113742717E-01
  90.00000  0.428551100146E-01
  90.10000  0.531458904136E-01
  90.20000  0.671123302411E-01
  90.30000  0.743002407708E-01
  90.40000  0.738400885489E-01
  90.50000  0.750932677917E-01
  90.60000  0.769646828416E-01
  90.70000  0.702773254148E-01
  90.80000  0.578316408619E-01
  90.90000  0.486645977428E-01
  91.00000  0.411092108918E-01
  91.10000  0.300426631021E-01
  91.20000  0.195362872499E-01
  91.30000  0.137289500886E-01
  91.40000  0.104391399790E-01
  91.50000  0.904514313521E-02
  91.60000  0.114369670856E-01
  91.70000  0.150128194861E-01
  91.80000  0.186083604207E-01
  91.90000  0.257127915815E-01
  92.00000  0.349177115398E-01
  92.10000  0.393390754201E-01
  92.20000  0.407428887858E-01
  92.30000  0.453572724674E-01
  92.40000  0.496593075099E-01
  92.50000  0.465962920261E-01
  92.60000  0.407096695091E-01
  92.70000  0.382637700053E-01
  92.80000  0.353252277535E-01
  92.90000  0.272750685697E-01
  93.00000  0.190940070671E-01
  93.10000  0.145963643029E-01
  93.20000  0.107271796285E-01
  93.30000  0.551760506124E-02
  93.40000  0.211200863897E-02
  93.50000  0.148707203572E-02
  93.60000  0.208090935346E-02
  93.70000  0.329072962794E-02
  93.80000  0.602085625236E-02
  93.90000  0.995548795263E-02
  94.00000  0.146082867518E-01
  94.10000  0.192303753710E-01
  94.20000  0.238832989325E-01
  94.30000  0.286976236561E-01
  94.40000  0.330092832072E-01
  94.50000  0.352637312828E-01
  94.60000  0.365116060264E-01
  94.70000  0.379147213644E-01
  94.80000  0.377479483687E-01
  94.90000  0.343104209159E-01
  95.00000  0.303231354513E-01
  95.10000  0.272354300819E-01
  95.20000  0.228096598821E-01
  95.30000  0.165215664366E-01
  95.40000  0.114217266298E-01
  95.50000  0.785820227659E-02
  95.60000  0.479414477151E-02
  95.70000  0.344092740913E-02
  95.80000  0.433605541206E-02
  95.90000  0.582817893797E-02
  96.00000  0.983256551223E-02
  96.10000  0.183930089376E-01
  96.20000  0.271121757001E-01
  96.30000  0.329369435788E-01
  96.40000  0.416663280020E-01
  96.50000  0.547883152561E-01
  96.60000  0.631832718786E-01
  96.70000  0.644831269278E-01
  96.80000  0.679892065008E-01
  96.90000  0.741104775200E-01
  97.00000  0.722747410782E-01
  97.10000  0.628600390701E-01
  97.20000  0.564621708262E-01
  97.30000  0.525987035965E-01
  97.40000  0.431893516350E-01
  97.50000  0.312648294084E-01
  97.60000  0.248504444941E-01
  97.70000  0.225164694001E-01
  97.80000  0.204552553662E-01
  97.90000  0.217078360270E-01
  98.00000  0.281940767977E-01
  98.10000  0.376731229392E-01
  98.20000  0.502836733522E-01
  98.30000  0.664437115825E-01
  98.40000  0.816149910759E-01
  98.50000  0.943727894732E-01
  98.60000  0.108473163089E+00
  98.70000  0.121814709552E+00
  98.80000  0.126707909081E+00
  98.90000  0.124931579359E+00
  99.00000  0.123743014334E+00
  99.10000  0.120416111397E+00
  99.20000  0.107788909343E+00
  99.30000  0.911954386994E-01
  99.40000  0.796222913779E-01
  99.50000  0.701675418481E-01
  99.60000  0.568713210665E-01
  99.70000  0.460480246499E-01
  99.80000  0.451091891857E-01
  99.90000  0.496003606509E-01
 100.00000  0.533941829712E-01
 100.10000  0.612357515679E-01
 100.20000  0.772003194732E-01
 100.30000  0.951034829385E-01
 100.40000  0.108832662303E+00
 100.50000  0.121855708400E+00
 100.60000  0.136203801735E+00
 100.70000  0.146363189216E+00
 100.80000  0.148642913692E+00
 100.90000  0.146815458992E+00
 101.00000  0.142529689948E+00
 101.10000  0.133426489288E+00
 101.20000  0.119837001947E+00
 101.30000  0.105146460638E+00
 101.40000  0.898175659914E-01
 101.50000  0.749329588462E-01
 101.60000  0.636754401563E-01
 101.70000  0.558434040813E-01
 101.80000  0.488006623164E-01
 101.90000  0.464291765855E-01
 102.00000  0.525235810456E-01
 102.10000  0.609442547995E-01
 102.20000  0.661869222488E-01
 102.30000  0.753186840156E-01
 102.40000  0.917803399207E-01
 102.50000  0.104553282061E+00
 102.60000  0.108066601582E+00
 102.70000  0.112957124045E+00
 102.80000  0.122280466684E+00
 102.90000  0.123710058055E+00
 103.00000  0.114477560784E+00
 103.10000  0.107004839534E+00
 103.20000  0.103317773466E+00
 103.30000  0.931523677974E-01
 103.40000  0.771454404917E-01
 103.50000  0.657615481662E-01
 103.60000  0.590280642179E-01
 103.70000  0.505135374257E-01
 103.80000  0.424716229137E-01
 103.90000  0.399480466135E-01
 104.00000  0.410877343333E-01
 104.10000  0.438986473262E-01
 104.20000  0.499948782992E-01
 104.30000  0.579486933616E-01
 104.40000  0.655039451474E-01
 104.50000  0.750298847289E-01
 104.60000  0.865970680863E-01
 104.70000  0.942111215418E-01
 104.80000  0.971836495082E-01
 104.90000  0.101438404864E+00
 105.00000  0.105892991907E+00
 105.10000  0.103110857386E+00
 105.20000  0.950646244174E-01
 105.30000  0.897343588711E-01
 105.40000  0.853788236570E-01
 105.50000  0.749557373587E-01
 105.60000  0.623427336916E-01
 105.70000  0.556658188760E-01
 105.80000  0.524131351614E-01
 105.90000  0.458987752684E-01
 106.00000  0.401628540097E-01
 106.10000  0.419649986955E-01
 106.20000  0.476665236935E-01
 106.30000  0.504964212289E-01
 106.40000  0.539485991307E-01
 106.50000  0.632322592092E-01
 106.60000  0.737718527718E-01
 106.70000  0.791553409432E-01
 106.80000  0.831133177341E-01
 106.90000  0.900773306115E-01
 107.00000  0.954125085132E-01
 107.10000  0.941906287808E-01
 107.20000  0.909498249767E-01
 107.30000  0.894797682802E-01
 107.40000  0.860811281349E-01
 107.50000  0.782670382669E-01
 107.60000  0.703970974063E-01
 107.70000  0.644664503848E-01
 107.80000  0.584269410149E-01
 107.90000  0.524734567654E-01
 108.00000  0.487779285078E-01
 108.10000  0.463619346215E-01
 108.20000  0.455587331378E-01
 108.30000  0.487173878632E-01
 108.40000  0.540385495849E-01
 108.50000  0.576296570817E-01
 108.60000  0.630664116057E-01
 108.70000  0.740224031135E-01
 108.80000  0.842883249390E-01
 108.90000  0.884426638026E-01
 109.00000  0.936345627990E-01
 109.10000  0.104033890661E+00
 109.20000  0.110306065471E+00
 109.30000  0.107644893401E+00
 109.40000  0.106231510141E+00
 109.50000  0.109932017725E+00
 109.60000  0.108255211431E+00
 109.70000  0.984839897930E-01
 109.80000  0.923786247193E-01
 109.90000  0.927986776476E-01
 110.00000  0.895303581705E-01
 110.10000  0.816436024529E-01
 110.20000  0.800819504162E-01
 110.30000  0.859501833256E-01
 110.40000  0.899833113631E-01
 110.50000  0.919495385579E-01
 110.60000  0.999316196415E-01
 110.70000  0.112959070804E+00
 110.80000  0.123245244451E+00
 110.90000  0.130936756691E+00
 111.00000  0.141035543056E+00
 111.10000  0.151532767902E+00
 111.20000  0.157332832076E+00
 111.30000  0.159435622839E+00
 111.40000  0.160456372436E+00
 111.50000  0.158979209790E+00
 111.60000  0.154055339253E+00
 111.70000  0.147603164825E+00
 111.80000  0.139569984201E+00
 111.90000  0.129741176930E+00
 112.00000  0.121575619545E+00
 112.10000  0.116535697218E+00
 112.20000  0.110512364402E+00
 112.30000  0.104353898126E+00
 112.40000  0.105106578874E+00
 112.50000  0.111699339342E+00
 112.60000  0.115073574453E+00
 112.70000  0.117457951041E+00
 112.80000  0.128660334270E+00
 112.90000  0.144187223592E+00
 113.00000  0.151350845791E+00
 113.10000  0.154839127730E+00
 113.20000  0.166300013599E+00
 113.30000  0.178390808145E+00
 113.40000  0.177799189747E+00
 113.50000  0.172546344579E+00
 113.60000  0.174820689789E+00
 113.70000  0.175833444793E+00
 113.80000  0.164299367321E+00
 113.90000  0.150513751820E+00
 114.00000  0.145225166444E+00
 114.10000  0.139880963602E+00
 114.20000  0.126710657106E+00
 114.30000  0.115601817786E+00
 114.40000  0.113592638505E+00
 114.50000  0.113377781310E+00
 114.60000  0.110627197671E+00
 114.70000  0.112283054310E+00
 114.80000  0.120778368722E+00
 114.90000  0.130765366284E+00
 115.00000  0.140335373756E+00
 115.10000  0.152196956687E+00
 115.20000  0.165161435260E+00
 115.30000  0.176880653987E+00
 115.40000  0.187486724732E+00
 115.50000  0.196106463842E+00
 115.60000  0.200024043407E+00
 115.70000  0.200749393861E+00
 115.80000  0.200516631479E+00
 115.90000  0.196311914796E+00
 116.00000  0.185605426503E+00
 116.10000  0.173789821531E+00
 116.20000  0.164635978451E+00
 116.30000  0.153231364802E+00
 116.40000  0.137262109543E+00
 116.50000  0.124911466861E+00
 116.60000  0.120063285607E+00
 116.70000  0.114941860453E+00
 116.80000  0.106771471607E+00
 116.90000  0.105435701187E+00
 117.00000  0.113559946429E+00
 117.10000  0.119820860867E+00
 117.20000  0.121156335260E+00
 117.30000  0.129073074375E+00
 117.40000  0.144719998706E+00
 117.50000  0.154237149972E+00
 117.60000  0.155607640533E+00
 117.70000  0.161918011267E+00
 117.80000  0.173032524431E+00
 117.90000  0.174649394942E+00
 118.00000  0.167260434396E+00
 118.10000  0.164707413300E+00
 118.20000  0.165655034291E+00
 118.30000  0.157238649682E+00
 118.40000  0.142350189034E+00
 118.50000  0.133565459500E+00
 118.60000  0.128616240955E+00
 118.70000  0.117733684619E+00
 118.80000  0.104972747597E+00
 118.90000  0.992544509152E-01
 119.00000  0.976504527969E-01
 119.10000  0.941679944276E-01
 119.20000  0.924088004877E-01
 119.30000  0.964320879124E-01
 119.40000  0.103400094275E+00
 119.50000  0.110876362530E+00
 119.60000  0.120513369694E+00
 119.70000  0.131652696862E+00
 119.80000  0.142581906197E+00
 119.90000  0.154065696846E+00
 120.00000  0.165600629802E+00
 120.10000  0.173347020468E+00
 120.20000  0.177777715015E+00
 120.30000  0.182506476240E+00
 120.40000  0.185539833679E+00
 120.50000  0.181715795888E+00
 120.60000  0.174302559246E+00
 120.70000  0.169293388971E+00
 120.80000  0.163562631536E+00
 120.90000  0.151381123360E+00
 121.00000  0.138378594463E+00
 121.10000  0.131845364215E+00
 121.20000  0.126899168594E+00
 121.30000  0.116843295563E+00
 121.40000  0.108877375772E+00
 121.50000  0.110495904240E+00
 121.60000  0.114262811214E+00
 121.70000  0.112262575001E+00
 121.80000  0.112958381688E+00
 121.90000  0.123461467675E+00
 122.00000  0.133776504890E+00
 122.10000  0.135680795852E+00
 122.20000  0.139371214108E+00
 122.30000  0.151464892929E+00
 122.40000  0.160251146087E+00
 122.50000  0.158488932272E+00
 122.60000  0.157994614363E+00
 122.70000  0.164569528578E+00
 122.80000  0.166239368700E+00
 122.90000  0.157981784736E+00
 123.00000  0.152121533325E+00
 123.10000  0.152840999962E+00
 123.20000  0.149144160276E+00
 123.30000  0.138512344230E+00
 123.40000  0.132020740618E+00
 123.50000  0.131807755547E+00
 123.60000  0.129159057996E+00
 123.70000  0.123544022048E+00
 123.80000  0.122738879317E+00
 123.90000  0.126655908301E+00
 124.00000  0.129699099379E+00
 124.10000  0.132499949063E+00
 124.20000  0.138438037041E+00
 124.30000  0.145868304779E+00
 124.40000  0.152881661721E+00
 124.50000  0.160429875217E+00
 124.60000  0.167424437239E+00
 124.70000  0.171962557583E+00
 124.80000  0.176326610956E+00
 124.90000  0.181514963418E+00
 125.00000  0.182821895971E+00
 125.10000  0.179403775027E+00
 125.20000  0.177629553013E+00
 125.30000  0.178063809581E+00
 125.40000  0.173141000650E+00
 125.50000  0.163659740368E+00
 125.60000  0.159149858791E+00
 125.70000  0.158880936021E+00
 125.80000  0.152805359738E+00
 125.90000  0.143298342828E+00
 126.00000  0.141646606472E+00
 126.10000  0.145045973861E+00
 126.20000  0.141532260237E+00
 126.30000  0.134944021172E+00
 126.40000  0.137180323986E+00
 126.50000  0.143380277759E+00
 126.60000  0.140994038686E+00
 126.70000  0.135517382352E+00
 126.80000  0.138636546157E+00
 126.90000  0.144005946512E+00
 127.00000  0.139877940085E+00
 127.10000  0.133214375567E+00
 127.20000  0.134703668308E+00
 127.30000  0.137381247489E+00
 127.40000  0.131450208257E+00
 127.50000  0.124582202330E+00
 127.60000  0.125489868844E+00
 127.70000  0.127175499246E+00
 127.80000  0.122173535930E+00
 127.90000  0.117807792816E+00
 128.00000  0.120250303982E+00
 128.10000  0.123182773715E+00
 128.20000  0.121524598365E+00
 128.30000  0.121189383282E+00
 128.40000  0.125524040749E+00
 128.50000  0.129449639727E+00
 128.60000  0.130143653940E+00
 128.70000  0.131562039465E+00
 128.80000  0.134622478302E+00
 128.90000  0.136321589465E+00
 129.00000  0.136088820507E+00
 129.10000  0.135606476331E+00
 129.20000  0.133938313876E+00
 129.30000  0.130944045661E+00
 129.40000  0.128255574364E+00
 129.50000  0.125059765079E+00
 129.60000  0.119144141013E+00
 129.70000  0.113694188831E+00
 129.80000  0.111878601711E+00
 129.90000  0.109696964830E+00
 130.00000  0.103895738212E+00
 130.10000  0.100800370471E+00
 130.20000  0.103968730109E+00
 130.30000  0.105764366535E+00
 130.40000  0.102388812152E+00
 130.50000  0.102843852892E+00
 130.60000  0.110060540354E+00
 130.70000  0.113374126801E+00
 130.80000  0.109563516218E+00
 130.90000  0.109689461057E+00
 131.00000  0.115588927437E+00
 131.10000  0.115216657151E+00
 131.20000  0.107052843148E+00
 131.30000  0.103146360288E+00
 131.40000  0.104135541224E+00
 131.50000  0.984838418574E-01
 131.60000  0.866559798056E-01
 131.70000  0.800034831443E-01
 131.80000  0.779259941610E-01
 131.90000  0.706219965760E-01
 132.00000  0.598954721245E-01
 132.10000  0.549900073612E-01
 132.20000  0.544087405846E-01
 132.30000  0.506122260001E-01
 132.40000  0.457933866281E-01
 132.50000  0.464983407981E-01
 132.60000  0.507727839558E-01
 132.70000  0.530183711243E-01
 132.80000  0.550736693625E-01
 132.90000  0.611269738510E-01
 133.00000  0.691224287913E-01
 133.10000  0.747867328372E-01
 133.20000  0.794618757513E-01
 133.30000  0.857811822382E-01
 133.40000  0.918109400827E-01
 133.50000  0.943166960496E-01
 133.60000  0.946159363771E-01
 133.70000  0.946206650649E-01
 133.80000  0.929752651649E-01
 133.90000  0.879998016887E-01
 134.00000  0.814168334830E-01
 134.10000  0.744383073931E-01
 134.20000  0.665710100192E-01
 134.30000  0.580656736845E-01
 134.40000  0.503254582247E-01
 134.50000  0.428608207374E-01
 134.60000  0.361814159111E-01
 134.70000  0.323964765641E-01
 134.80000  0.310769131362E-01
 134.90000  0.290845949493E-01
 135.00000  0.283001687210E-01
 135.10000  0.323039617586E-01
 135.20000  0.378673699143E-01
 135.30000  0.396918368601E-01
 135.40000  0.418245168883E-01
 135.50000  0.489148678666E-01
 135.60000  0.552746030035E-01
 135.70000  0.551244239477E-01
 135.80000  0.548745463561E-01
 135.90000  0.593743681598E-01
 136.00000  0.615981608858E-01
 136.10000  0.567920871283E-01
 136.20000  0.525709429235E-01
 136.30000  0.528056275388E-01
 136.40000  0.504717844419E-01
 136.50000  0.425263515805E-01
 136.60000  0.361461692128E-01
 136.70000  0.337073327004E-01
 136.80000  0.294264418692E-01
 136.90000  0.218522973129E-01
 137.00000  0.166649923747E-01
 137.10000  0.151111841759E-01
 137.20000  0.130481138187E-01
 137.30000  0.983419587101E-02
 137.40000  0.955618838909E-02
 137.50000  0.128479518685E-01
 137.60000  0.163018908925E-01
 137.70000  0.190585058517E-01
 137.80000  0.242672316235E-01
 137.90000  0.322104914901E-01
 138.00000  0.389389535235E-01
 138.10000  0.432059138043E-01
 138.20000  0.485138812319E-01
 138.30000  0.550366980370E-01
 138.40000  0.579860151106E-01
 138.50000  0.567107734525E-01
 138.60000  0.560239703548E-01
 138.70000  0.560636900746E-01
 138.80000  0.518802206731E-01
 138.90000  0.441703521113E-01
 139.00000  0.383363379810E-01
 139.10000  0.340025636550E-01
 139.20000  0.269648326884E-01
 139.30000  0.188877741494E-01
 139.40000  0.137652810075E-01
 139.50000  0.104400797445E-01
 139.60000  0.641644105747E-02
 139.70000  0.328491679150E-02
 139.80000  0.214013715024E-02
 139.90000  0.180353857587E-02
 140.00000  0.230976535819E-02
 140.10000  0.441707286506E-02
 140.20000  0.642540077544E-02
 140.30000  0.828135955425E-02
 140.40000  0.123211714068E-01
 140.50000  0.179571441068E-01
 140.60000  0.217466831859E-01
 140.70000  0.250011214773E-01
 140.80000  0.308424117823E-01
 140.90000  0.373076681784E-01
 141.00000  0.406204281310E-01
 141.10000  0.428248067454E-01
 141.20000  0.463997795517E-01
 141.30000  0.489886351609E-01
 141.40000  0.479067296041E-01
 141.50000  0.453793917688E-01
 141.60000  0.430478320339E-01
 141.70000  0.394627486725E-01
 141.80000  0.334944337327E-01
 141.90000  0.271355792878E-01
 142.00000  0.216408928748E-01
 142.10000  0.165361167835E-01
 142.20000  0.111155765162E-01
 142.30000  0.689883290208E-02
 142.40000  0.516828957468E-02
 142.50000  0.505681316140E-02
 142.60000  0.468879381778E-02
 142.70000  0.568611732423E-02
 142.80000  0.985705217235E-02
 142.90000  0.146735968641E-01
 143.00000  0.168605437760E-01
 143.10000  0.196304552562E-01
 143.20000  0.257630577787E-01
 143.30000  0.307251752102E-01
 143.40000  0.308056236925E-01
 143.50000  0.316212598737E-01
 143.60000  0.364168675503E-01
 143.70000  0.389360709186E-01
 143.80000  0.360008256443E-01
 143.90000  0.347600403899E-01
 144.00000  0.376987773710E-01
 144.10000  0.377266689937E-01
 144.20000  0.327595213029E-01
 144.30000  0.298650762221E-01
 144.40000  0.302499289625E-01
 144.50000  0.275959688529E-01
 144.60000  0.212610639785E-01
 144.70000  0.171835335685E-01
 144.80000  0.157862691619E-01
 144.90000  0.126503711157E-01
 145.00000  0.815493619050E-02
 145.10000  0.660905690531E-02
 145.20000  0.805436853414E-02
 145.30000  0.943388550109E-02
 145.40000  0.109926607804E-01
 145.50000  0.154652004713E-01
 145.60000  0.224664708496E-01
 145.70000  0.289026686335E-01
 145.80000  0.343897833503E-01
 145.90000  0.411859495929E-01
 146.00000  0.487140254773E-01
 146.10000  0.533254862105E-01
 146.20000  0.549305291217E-01
 146.30000  0.567610161545E-01
 146.40000  0.583518268389E-01
 146.50000  0.558527881461E-01
 146.60000  0.503733157234E-01
 146.70000  0.461409288739E-01
 146.80000  0.424642301071E-01
 146.90000  0.357540187035E-01
 147.00000  0.280296344766E-01
 147.10000  0.229679848741E-01
 147.20000  0.192437688737E-01
 147.30000  0.141520112778E-01
 147.40000  0.967622725230E-02
 147.50000  0.751092609556E-02
 147.60000  0.630633910334E-02
 147.70000  0.519401074082E-02
 147.80000  0.542361378118E-02
 147.90000  0.644430104589E-02
 148.00000  0.800909240184E-02
 148.10000  0.113575358013E-01
 148.20000  0.163556154874E-01
 148.30000  0.205461875756E-01
 148.40000  0.251027359864E-01
 148.50000  0.324152817739E-01
 148.60000  0.405420987731E-01
 148.70000  0.458304319324E-01
 148.80000  0.505390601144E-01
 148.90000  0.572158059241E-01
 149.00000  0.627301496685E-01
 149.10000  0.634803094469E-01
 149.20000  0.627011613083E-01
 149.30000  0.630509638108E-01
 149.40000  0.614418740544E-01
 149.50000  0.552217466618E-01
 149.60000  0.484692244440E-01
 149.70000  0.440545558567E-01
 149.80000  0.390941981297E-01
 149.90000  0.313621024545E-01
 150.00000  0.252422616364E-01
 150.10000  0.234587783485E-01
 150.20000  0.222874059887E-01
 150.30000  0.189088477887E-01
 150.40000  0.179793904569E-01
 150.50000  0.219639120422E-01
 150.60000  0.255156967146E-01
 150.70000  0.252601227235E-01
 150.80000  0.270312417822E-01
 150.90000  0.333449248901E-01
 151.00000  0.373301429477E-01
 151.10000  0.359564344464E-01
 151.20000  0.368445685793E-01
 151.30000  0.423922439124E-01
 151.40000  0.445302023991E-01
 151.50000  0.411012110806E-01
 151.60000  0.408426992526E-01
 151.70000  0.452876109545E-01
 151.80000  0.456400069153E-01
 151.90000  0.407465622607E-01
 152.00000  0.394148669309E-01
 152.10000  0.421091667839E-01
 152.20000  0.403150893029E-01
 152.30000  0.340805603510E-01
 152.40000  0.317535880351E-01
 152.50000  0.331714957730E-01
 152.60000  0.308615522470E-01
 152.70000  0.258577122248E-01
 152.80000  0.256788418971E-01
 152.90000  0.296180579421E-01
 153.00000  0.308718019317E-01
 153.10000  0.306991349900E-01
 153.20000  0.354772034535E-01
 153.30000  0.436608152008E-01
 153.40000  0.484529838114E-01
 153.50000  0.511143934833E-01
 153.60000  0.572397553933E-01
 153.70000  0.646712644383E-01
 153.80000  0.668964122876E-01
 153.90000  0.658788871292E-01
 154.00000  0.671099780888E-01
 154.10000  0.683815263022E-01
 154.20000  0.642077569274E-01
 154.30000  0.576008168812E-01
 154.40000  0.536988057176E-01
 154.50000  0.503046842714E-01
 154.60000  0.432033042064E-01
 154.70000  0.357065352548E-01
 154.80000  0.315377236840E-01
 154.90000  0.284473584486E-01
 155.00000  0.235153537161E-01
 155.10000  0.194477975525E-01
 155.20000  0.180740414806E-01
 155.30000  0.176383604669E-01
 155.40000  0.166795667722E-01
 155.50000  0.169568011722E-01
 155.60000  0.188164165838E-01
 155.70000  0.215396685244E-01
 155.80000  0.248346333778E-01
 155.90000  0.293516461855E-01
 156.00000  0.344075697563E-01
 156.10000  0.400810046378E-01
 156.20000  0.464482184892E-01
 156.30000  0.530400058521E-01
 156.40000  0.585139807229E-01
 156.50000  0.634064038990E-01
 156.60000  0.679387721670E-01
 156.70000  0.710997822070E-01
 156.80000  0.714968465109E-01
 156.90000  0.704623771482E-01
 157.00000  0.689388915017E-01
 157.10000  0.658388169878E-01
 157.20000  0.599331279129E-01
 157.30000  0.537783308044E-01
 157.40000  0.492229338690E-01
 157.50000  0.443522787510E-01
 157.60000  0.374779190191E-01
 157.70000  0.324306223432E-01
 157.80000  0.313895192012E-01
 157.90000  0.303115950021E-01
 158.00000  0.266912346646E-01
 158.10000  0.258961120573E-01
 158.20000  0.299713634397E-01
 158.30000  0.324334091774E-01
 158.40000  0.307410457373E-01
 158.50000  0.322270761725E-01
 158.60000  0.386045677479E-01
 158.70000  0.416708071727E-01
 158.80000  0.398273827013E-01
 158.90000  0.418907133005E-01
 159.00000  0.487395941176E-01
 159.10000  0.512975201497E-01
 159.20000  0.490831091443E-01
 159.30000  0.510688526363E-01
 159.40000  0.569307227842E-01
 159.50000  0.575922192172E-01
 159.60000  0.535627046895E-01
 159.70000  0.532540545338E-01
 159.80000  0.556658367606E-01
 159.90000  0.525591282785E-01
 160.00000  0.454666739989E-01
 160.10000  0.425298659469E-01
 160.20000  0.426821453605E-01
 160.30000  0.383028116037E-01
 160.40000  0.316369652742E-01
 160.50000  0.308985084150E-01
 160.60000  0.344789927376E-01
 160.70000  0.339577680978E-01
 160.80000  0.318838596613E-01
 160.90000  0.367759035806E-01
 161.00000  0.455900096992E-01
 161.10000  0.482503051550E-01
 161.20000  0.481973418551E-01
 161.30000  0.548032108913E-01
 161.40000  0.634695808593E-01
 161.50000  0.632415719606E-01
 161.60000  0.595853917388E-01
 161.70000  0.627812726221E-01
 161.80000  0.669745507843E-01
 161.90000  0.616188217839E-01
 162.00000  0.541669628251E-01
 162.10000  0.545015787736E-01
 162.20000  0.556745758005E-01
 162.30000  0.483483929334E-01
 162.40000  0.406858969004E-01
 162.50000  0.406751169351E-01
 162.60000  0.409430331178E-01
 162.70000  0.339806396599E-01
 162.80000  0.276483338664E-01
 162.90000  0.278933542878E-01
 163.00000  0.280865550730E-01
 163.10000  0.227654460401E-01
 163.20000  0.191598089406E-01
 163.30000  0.218579748409E-01
 163.40000  0.251365113047E-01
 163.50000  0.245931213773E-01
 163.60000  0.266881510430E-01
 163.70000  0.350528539699E-01
 163.80000  0.436604130777E-01
 163.90000  0.478507232549E-01
 164.00000  0.538407694738E-01
 164.10000  0.647542859854E-01
 164.20000  0.733833983200E-01
 164.30000  0.749477821973E-01
 164.40000  0.768628208625E-01
 164.50000  0.824135103917E-01
 164.60000  0.835197376125E-01
 164.70000  0.765049790592E-01
 164.80000  0.706331865340E-01
 164.90000  0.690873973281E-01
 165.00000  0.634631329993E-01
 165.10000  0.516791689433E-01
 165.20000  0.433895387105E-01
 165.30000  0.404211306681E-01
 165.40000  0.346163267634E-01
 165.50000  0.251499106684E-01
 165.60000  0.200086753827E-01
 165.70000  0.192810064658E-01
 165.80000  0.163381598821E-01
 165.90000  0.114441325830E-01
 166.00000  0.101493914856E-01
 166.10000  0.118447874667E-01
 166.20000  0.124727998484E-01
 166.30000  0.129753000365E-01
 166.40000  0.166134995480E-01
 166.50000  0.228260053260E-01
 166.60000  0.292848503754E-01
 166.70000  0.364769460803E-01
 166.80000  0.458116457882E-01
 166.90000  0.566063738911E-01
 167.00000  0.664824447080E-01
 167.10000  0.751244978246E-01
 167.20000  0.834862546118E-01
 167.30000  0.909169104376E-01
 167.40000  0.944897751360E-01
 167.50000  0.944330670912E-01
 167.60000  0.930268581986E-01
 167.70000  0.900715329572E-01
 167.80000  0.826565503501E-01
 167.90000  0.726007599357E-01
 168.00000  0.633900531679E-01
 168.10000  0.547211389936E-01
 168.20000  0.438826912623E-01
 168.30000  0.334284412108E-01
 168.40000  0.259432428088E-01
 168.50000  0.203282208938E-01
 168.60000  0.144081593744E-01
 168.70000  0.101695288327E-01
 168.80000  0.790839032152E-02
 168.90000  0.670352742304E-02
 169.00000  0.612466744320E-02
 169.10000  0.718391801479E-02
 169.20000  0.822860996286E-02
 169.30000  0.100986709085E-01
 169.40000  0.144997487925E-01
 169.50000  0.209816921070E-01
 169.60000  0.264225471182E-01
 169.70000  0.333372721449E-01
 169.80000  0.440346972731E-01
 169.90000  0.559226625895E-01
 170.00000  0.647984744618E-01
 170.10000  0.738254877757E-01
 170.20000  0.846267962982E-01
 170.30000  0.933823144196E-01
 170.40000  0.962781274786E-01
 170.50000  0.970935122618E-01
 170.60000  0.973236358916E-01
 170.70000  0.939839887988E-01
 170.80000  0.850007980362E-01
 170.90000  0.749125887768E-01
 171.00000  0.656350914218E-01
 171.10000  0.552604105643E-01
 171.20000  0.425594722088E-01
 171.30000  0.319356677398E-01
 171.40000  0.250178448929E-01
 171.50000  0.191587744418E-01
 171.60000  0.122742746105E-01
 171.70000  0.843583941590E-02
 171.80000  0.882734432765E-02
 171.90000  0.905105724241E-02
 172.00000  0.645323887741E-02
 172.10000  0.644408798821E-02
 172.20000  0.106680393322E-01
 172.30000  0.132712300214E-01
 172.40000  0.122964458019E-01
 172.50000  0.154671060186E-01
 172.60000  0.245447850248E-01
 172.70000  0.318512280478E-01
 172.80000  0.359992350175E-01
 172.90000  0.456729329691E-01
 173.00000  0.611437028535E-01
 173.10000  0.725186263469E-01
 173.20000  0.786916690428E-01
 173.30000  0.882624761911E-01
 173.40000  0.100128464969E+00
 173.50000  0.103799896528E+00
 173.60000  0.997566348052E-01
 173.70000  0.973590333798E-01
 173.80000  0.958258938334E-01
 173.90000  0.858298370892E-01
 174.00000  0.701882602000E-01
 174.10000  0.592089339921E-01
 174.20000  0.522844473896E-01
 174.30000  0.401466739376E-01
 174.40000  0.264564482172E-01
 174.50000  0.210766005027E-01
 174.60000  0.217516096674E-01
 174.70000  0.173196070571E-01
 174.80000  0.114966463262E-01
 174.90000  0.136893691233E-01
 175.00000  0.199334262115E-01
 175.10000  0.178339539572E-01
 175.20000  0.129547618282E-01
 175.30000  0.158685409624E-01
 175.40000  0.220877793873E-01
 175.50000  0.194236558343E-01
 175.60000  0.161991571093E-01
 175.70000  0.236774936844E-01
 175.80000  0.360146517221E-01
 175.90000  0.404336980269E-01
 176.00000  0.462147777672E-01
 176.10000  0.629751189056E-01
 176.20000  0.821601376746E-01
 176.30000  0.897936087712E-01
 176.40000  0.956158968493E-01
 176.50000  0.108040750071E+00
 176.60000  0.117385164890E+00
 176.70000  0.110470417828E+00
 176.80000  0.999769629198E-01
 176.90000  0.958740831629E-01
 177.00000  0.890052424249E-01
 177.10000  0.677656900491E-01
 177.20000  0.486764395630E-01
 177.30000  0.429475101254E-01
 177.40000  0.391792352263E-01
 177.50000  0.243969305747E-01
 177.60000  0.170295566413E-01
 177.70000  0.266970634240E-01
 177.80000  0.362960375744E-01
 177.90000  0.303457384409E-01
 178.00000  0.297620180239E-01
 178.10000  0.429829676601E-01
 178.20000  0.490450739405E-01
 178.30000  0.342044411443E-01
 178.40000  0.253407216885E-01
 178.50000  0.319996940487E-01
 178.60000  0.328323836472E-01
 178.70000  0.186914164409E-01
 178.80000  0.212247497740E-01
 178.90000  0.484670513766E-01
 179.00000  0.768997111705E-01
 179.10000  0.981539367630E-01
 179.20000  0.142189938316E+00
 179.30000  0.210690700205E+00
 179.40000  0.274197239879E+00
 179.50000  0.321287925735E+00
 179.60000  0.380179357510E+00
 179.70000  0.450577135985E+00
 179.80000  0.495343895723E+00
 179.90000  0.498792547242E+00
 180.00000  0.516770123025E+00

