 # E =    1.2497931865641376       eV =    10081.000000000000       1/cm
 #  1801
# DFFCSO.  ACCUM LEV(I),J(I) =  1  0 LEV(F),J(F) =  1  0       , M =  0, WEIGHTED BY  1.00000
   0.10000  0.386140519575E+07
   0.20000  0.107950669485E+07
   0.30000  0.356076191438E+06
   0.40000  0.722397836974E+05
   0.50000  0.147549253381E+05
   0.60000  0.385793113874E+05
   0.70000  0.283389934861E+05
   0.80000  0.255876816727E+04
   0.90000  0.406660895984E+04
   1.00000  0.742120425518E+04
   1.10000  0.472196195998E+04
   1.20000  0.369143816119E+04
   1.30000  0.401208046941E+04
   1.40000  0.281179726838E+04
   1.50000  0.202849932560E+04
   1.60000  0.352403197824E+04
   1.70000  0.351478386726E+04
   1.80000  0.204032193519E+04
   1.90000  0.130276183423E+04
   2.00000  0.211417384985E+04
   2.10000  0.269864766652E+04
   2.20000  0.216341846840E+04
   2.30000  0.169728641632E+04
   2.40000  0.148171992426E+04
   2.50000  0.150260969703E+04
   2.60000  0.126810313540E+04
   2.70000  0.118283668401E+04
   2.80000  0.128000280412E+04
   2.90000  0.120304254074E+04
   3.00000  0.946160441380E+03
   3.10000  0.501433684931E+03
   3.20000  0.325376609225E+03
   3.30000  0.352185279042E+03
   3.40000  0.404332053886E+03
   3.50000  0.374493893530E+03
   3.60000  0.225235709279E+03
   3.70000  0.142550549691E+03
   3.80000  0.105391925490E+03
   3.90000  0.897871060810E+02
   4.00000  0.968598145748E+02
   4.10000  0.947459446051E+02
   4.20000  0.104531535132E+03
   4.30000  0.950247938337E+02
   4.40000  0.766555385791E+02
   4.50000  0.935103122715E+02
   4.60000  0.117701152590E+03
   4.70000  0.158599093358E+03
   4.80000  0.184951093950E+03
   4.90000  0.182128702760E+03
   5.00000  0.162853158596E+03
   5.10000  0.110638258686E+03
   5.20000  0.965047862919E+02
   5.30000  0.128681328358E+03
   5.40000  0.181450979435E+03
   5.50000  0.225754873680E+03
   5.60000  0.211710289171E+03
   5.70000  0.175869159093E+03
   5.80000  0.120035495720E+03
   5.90000  0.683009796821E+02
   6.00000  0.639482755402E+02
   6.10000  0.830538442445E+02
   6.20000  0.114330923387E+03
   6.30000  0.121887697181E+03
   6.40000  0.103094635845E+03
   6.50000  0.820653945142E+02
   6.60000  0.491894981036E+02
   6.70000  0.282409961966E+02
   6.80000  0.262392151328E+02
   6.90000  0.314743906405E+02
   7.00000  0.407999400392E+02
   7.10000  0.393183585534E+02
   7.20000  0.350441771942E+02
   7.30000  0.300658706548E+02
   7.40000  0.192028911500E+02
   7.50000  0.159670240080E+02
   7.60000  0.182420246499E+02
   7.70000  0.216446184057E+02
   7.80000  0.251422969755E+02
   7.90000  0.233915610098E+02
   8.00000  0.213284903472E+02
   8.10000  0.169462346854E+02
   8.20000  0.114399148165E+02
   8.30000  0.133835736129E+02
   8.40000  0.180041672472E+02
   8.50000  0.233008669216E+02
   8.60000  0.271448456092E+02
   8.70000  0.262625007823E+02
   8.80000  0.235205923663E+02
   8.90000  0.165694690161E+02
   9.00000  0.106808814920E+02
   9.10000  0.107632469102E+02
   9.20000  0.119712731752E+02
   9.30000  0.153265603780E+02
   9.40000  0.186707693741E+02
   9.50000  0.196638533393E+02
   9.60000  0.189562342151E+02
   9.70000  0.145566699781E+02
   9.80000  0.112811877617E+02
   9.90000  0.990149145947E+01
  10.00000  0.753654211357E+01
  10.10000  0.770577551356E+01
  10.20000  0.875923860998E+01
  10.30000  0.907207804679E+01
  10.40000  0.946732907329E+01
  10.50000  0.880219996693E+01
  10.60000  0.935391886253E+01
  10.70000  0.941813153720E+01
  10.80000  0.791467901882E+01
  10.90000  0.805535227148E+01
  11.00000  0.720221618150E+01
  11.10000  0.537516048728E+01
  11.20000  0.459597198902E+01
  11.30000  0.408083378067E+01
  11.40000  0.502203994031E+01
  11.50000  0.576849463927E+01
  11.60000  0.648835072045E+01
  11.70000  0.820337716513E+01
  11.80000  0.765154017123E+01
  11.90000  0.629101087059E+01
  12.00000  0.535400961963E+01
  12.10000  0.386294738399E+01
  12.20000  0.327719932694E+01
  12.30000  0.302838918616E+01
  12.40000  0.387695106948E+01
  12.50000  0.553548795151E+01
  12.60000  0.583432988480E+01
  12.70000  0.648090145128E+01
  12.80000  0.690044563729E+01
  12.90000  0.620887012949E+01
  13.00000  0.568040708795E+01
  13.10000  0.489167011260E+01
  13.20000  0.479776419309E+01
  13.30000  0.482072745492E+01
  13.40000  0.447963469423E+01
  13.50000  0.555671855035E+01
  13.60000  0.653971042467E+01
  13.70000  0.718985742437E+01
  13.80000  0.825213527403E+01
  13.90000  0.870409519401E+01
  14.00000  0.895919603362E+01
  14.10000  0.816212328835E+01
  14.20000  0.695668182156E+01
  14.30000  0.676040682331E+01
  14.40000  0.601551010288E+01
  14.50000  0.599825727689E+01
  14.60000  0.739141881740E+01
  14.70000  0.854489769370E+01
  14.80000  0.977795893261E+01
  14.90000  0.102975760076E+02
  15.00000  0.102376585286E+02
  15.10000  0.985294672167E+01
  15.20000  0.810799516834E+01
  15.30000  0.712135576939E+01
  15.40000  0.700835063896E+01
  15.50000  0.651770294718E+01
  15.60000  0.714497118460E+01
  15.70000  0.814447877397E+01
  15.80000  0.883114294420E+01
  15.90000  0.929361494302E+01
  16.00000  0.888411592956E+01
  16.10000  0.873838800196E+01
  16.20000  0.813651407457E+01
  16.30000  0.679730170081E+01
  16.40000  0.656969021579E+01
  16.50000  0.628047932311E+01
  16.60000  0.576892190902E+01
  16.70000  0.597541857098E+01
  16.80000  0.612985696788E+01
  16.90000  0.651720089219E+01
  17.00000  0.658884262983E+01
  17.10000  0.639020242211E+01
  17.20000  0.667107215644E+01
  17.30000  0.600649872945E+01
  17.40000  0.509430767048E+01
  17.50000  0.481112312598E+01
  17.60000  0.412822258386E+01
  17.70000  0.376502654632E+01
  17.80000  0.380754252509E+01
  17.90000  0.403914542477E+01
  18.00000  0.454642244782E+01
  18.10000  0.439422782841E+01
  18.20000  0.427666319867E+01
  18.30000  0.416541048809E+01
  18.40000  0.325372068445E+01
  18.50000  0.271341670296E+01
  18.60000  0.253874095722E+01
  18.70000  0.244669882773E+01
  18.80000  0.273208568062E+01
  18.90000  0.291934192457E+01
  19.00000  0.325430576245E+01
  19.10000  0.324231762741E+01
  19.20000  0.257325395943E+01
  19.30000  0.219527598520E+01
  19.40000  0.174635037486E+01
  19.50000  0.131854696172E+01
  19.60000  0.144419902885E+01
  19.70000  0.176680592386E+01
  19.80000  0.233009498781E+01
  19.90000  0.262331238457E+01
  20.00000  0.257098387105E+01
  20.10000  0.256385692242E+01
  20.20000  0.199279184171E+01
  20.30000  0.134026593690E+01
  20.40000  0.112505839982E+01
  20.50000  0.994672821912E+00
  20.60000  0.121304469870E+01
  20.70000  0.157023486063E+01
  20.80000  0.199762922801E+01
  20.90000  0.244053332394E+01
  21.00000  0.230042654199E+01
  21.10000  0.211941046762E+01
  21.20000  0.197613785475E+01
  21.30000  0.147204874278E+01
  21.40000  0.124285885838E+01
  21.50000  0.124706077950E+01
  21.60000  0.133954114767E+01
  21.70000  0.159702462456E+01
  21.80000  0.173285339080E+01
  21.90000  0.203055040713E+01
  22.00000  0.218813867962E+01
  22.10000  0.195626758821E+01
  22.20000  0.195253448569E+01
  22.30000  0.184277926223E+01
  22.40000  0.154426987529E+01
  22.50000  0.148289109566E+01
  22.60000  0.145322479725E+01
  22.70000  0.156746314537E+01
  22.80000  0.169507311211E+01
  22.90000  0.178367086461E+01
  23.00000  0.210542568780E+01
  23.10000  0.210540288861E+01
  23.20000  0.189786099657E+01
  23.30000  0.185856550803E+01
  23.40000  0.155474732676E+01
  23.50000  0.126395623470E+01
  23.60000  0.119476131526E+01
  23.70000  0.126438354488E+01
  23.80000  0.160817108238E+01
  23.90000  0.186053705433E+01
  24.00000  0.216014297095E+01
  24.10000  0.246517367851E+01
  24.20000  0.218105501134E+01
  24.30000  0.177616779087E+01
  24.40000  0.138695220488E+01
  24.50000  0.811744093851E+00
  24.60000  0.543065534373E+00
  24.70000  0.595130776408E+00
  24.80000  0.100812761109E+01
  24.90000  0.165624250999E+01
  25.00000  0.209693582803E+01
  25.10000  0.256125243300E+01
  25.20000  0.266252323466E+01
  25.30000  0.210489784159E+01
  25.40000  0.153480850286E+01
  25.50000  0.886373104738E+00
  25.60000  0.261309594716E+00
  25.70000  0.826040668494E-01
  25.80000  0.248125320915E+00
  25.90000  0.817269960315E+00
  26.00000  0.143416028962E+01
  26.10000  0.186392921317E+01
  26.20000  0.227841694542E+01
  26.30000  0.216824163859E+01
  26.40000  0.163841210016E+01
  26.50000  0.116867471593E+01
  26.60000  0.573200965487E+00
  26.70000  0.115784014937E+00
  26.80000  0.467789124230E-03
  26.90000  0.126188493042E+00
  27.00000  0.517996343658E+00
  27.10000  0.852176796569E+00
  27.20000  0.114387006836E+01
  27.30000  0.140650858716E+01
  27.40000  0.126373615883E+01
  27.50000  0.996761680666E+00
  27.60000  0.764499388691E+00
  27.70000  0.385980509629E+00
  27.80000  0.126150927609E+00
  27.90000  0.341634392121E-01
  28.00000  0.422218094103E-01
  28.10000  0.175431211231E+00
  28.20000  0.294591873566E+00
  28.30000  0.464533592215E+00
  28.40000  0.606896534461E+00
  28.50000  0.562411455040E+00
  28.60000  0.530917440218E+00
  28.70000  0.469056670152E+00
  28.80000  0.283418891814E+00
  28.90000  0.170283145105E+00
  29.00000  0.107551180182E+00
  29.10000  0.465607380479E-01
  29.20000  0.655631827706E-01
  29.30000  0.124603368932E+00
  29.40000  0.204909586819E+00
  29.50000  0.281071114262E+00
  29.60000  0.312816264228E+00
  29.70000  0.335835138868E+00
  29.80000  0.308082933424E+00
  29.90000  0.222553715305E+00
  30.00000  0.169825445020E+00
  30.10000  0.120643608668E+00
  30.20000  0.692357799060E-01
  30.30000  0.985133345324E-01
  30.40000  0.156513734355E+00
  30.50000  0.199804047553E+00
  30.60000  0.276544510055E+00
  30.70000  0.328736421572E+00
  30.80000  0.317254571452E+00
  30.90000  0.291175146230E+00
  31.00000  0.233593369473E+00
  31.10000  0.151738788127E+00
  31.20000  0.841886683070E-01
  31.30000  0.362817308718E-01
  31.40000  0.415077044417E-01
  31.50000  0.719405958266E-01
  31.60000  0.116139466123E+00
  31.70000  0.221554566517E+00
  31.80000  0.293290428589E+00
  31.90000  0.314559008543E+00
  32.00000  0.364263161171E+00
  32.10000  0.340526452944E+00
  32.20000  0.252337676589E+00
  32.30000  0.195930830722E+00
  32.40000  0.113222249492E+00
  32.50000  0.382329431827E-01
  32.60000  0.130773280956E-01
  32.70000  0.247661486754E-01
  32.80000  0.104348953094E+00
  32.90000  0.177168874124E+00
  33.00000  0.261643252358E+00
  33.10000  0.388060899451E+00
  33.20000  0.406122810294E+00
  33.30000  0.380107623405E+00
  33.40000  0.370877640017E+00
  33.50000  0.259568211031E+00
  33.60000  0.142257151781E+00
  33.70000  0.763371741192E-01
  33.80000  0.159813808408E-01
  33.90000  0.135501806348E-01
  34.00000  0.415823594760E-01
  34.10000  0.113253799772E+00
  34.20000  0.213882443441E+00
  34.30000  0.242506572685E+00
  34.40000  0.278883969480E+00
  34.50000  0.304678862909E+00
  34.60000  0.229595497539E+00
  34.70000  0.172422157580E+00
  34.80000  0.132828286261E+00
  34.90000  0.592444033482E-01
  35.00000  0.255213487575E-01
  35.10000  0.161618939341E-01
  35.20000  0.136631409955E-01
  35.30000  0.240024723576E-01
  35.40000  0.246609571344E-01
  35.50000  0.458251488435E-01
  35.60000  0.687161327633E-01
  35.70000  0.783720041406E-01
  35.80000  0.127294767577E+00
  35.90000  0.182302518534E+00
  36.00000  0.213118365253E+00
  36.10000  0.257441551024E+00
  36.20000  0.276702220629E+00
  36.30000  0.238442999915E+00
  36.40000  0.193354235849E+00
  36.50000  0.135811745697E+00
  36.60000  0.601371899662E-01
  36.70000  0.367272939083E-01
  36.80000  0.695287406543E-01
  36.90000  0.143466773322E+00
  37.00000  0.279689822348E+00
  37.10000  0.439251204223E+00
  37.20000  0.590440162839E+00
  37.30000  0.695391194344E+00
  37.40000  0.716602385073E+00
  37.50000  0.692283727707E+00
  37.60000  0.591040772769E+00
  37.70000  0.430573140068E+00
  37.80000  0.332667628506E+00
  37.90000  0.261993997972E+00
  38.00000  0.229677774331E+00
  38.10000  0.325422308251E+00
  38.20000  0.463447025479E+00
  38.30000  0.605285907245E+00
  38.40000  0.756826768232E+00
  38.50000  0.846805696274E+00
  38.60000  0.868816261150E+00
  38.70000  0.802948734660E+00
  38.80000  0.672709965623E+00
  38.90000  0.549892467252E+00
  39.00000  0.397810212074E+00
  39.10000  0.281139883951E+00
  39.20000  0.273855903724E+00
  39.30000  0.284618468378E+00
  39.40000  0.337426300930E+00
  39.50000  0.456914860389E+00
  39.60000  0.539159224033E+00
  39.70000  0.587175448182E+00
  39.80000  0.610775773533E+00
  39.90000  0.572002846000E+00
  40.00000  0.495713635542E+00
  40.10000  0.391524112535E+00
  40.20000  0.286609245662E+00
  40.30000  0.210760916415E+00
  40.40000  0.139865718238E+00
  40.50000  0.116262419920E+00
  40.60000  0.150338487380E+00
  40.70000  0.173981421763E+00
  40.80000  0.225429273074E+00
  40.90000  0.307115307863E+00
  41.00000  0.337180559980E+00
  41.10000  0.357246040500E+00
  41.20000  0.379191404842E+00
  41.30000  0.343553463926E+00
  41.40000  0.295102896297E+00
  41.50000  0.249886046978E+00
  41.60000  0.191274419641E+00
  41.70000  0.150283065528E+00
  41.80000  0.120046777532E+00
  41.90000  0.125473934778E+00
  42.00000  0.164839319289E+00
  42.10000  0.187247490959E+00
  42.20000  0.248308224238E+00
  42.30000  0.320952096128E+00
  42.40000  0.329692285912E+00
  42.50000  0.352557705966E+00
  42.60000  0.367414572270E+00
  42.70000  0.319399466509E+00
  42.80000  0.284427601927E+00
  42.90000  0.253669812750E+00
  43.00000  0.215838132659E+00
  43.10000  0.200711822137E+00
  43.20000  0.191768926795E+00
  43.30000  0.218593136925E+00
  43.40000  0.248681452226E+00
  43.50000  0.251354389548E+00
  43.60000  0.292354788853E+00
  43.70000  0.310383118132E+00
  43.80000  0.278772869732E+00
  43.90000  0.281308864213E+00
  44.00000  0.266591220605E+00
  44.10000  0.222842863860E+00
  44.20000  0.210283146854E+00
  44.30000  0.198222652291E+00
  44.40000  0.188738508093E+00
  44.50000  0.188389876529E+00
  44.60000  0.186075927301E+00
  44.70000  0.202129366206E+00
  44.80000  0.198100278677E+00
  44.90000  0.181393477561E+00
  45.00000  0.192727719046E+00
  45.10000  0.175815602811E+00
  45.20000  0.147234449260E+00
  45.30000  0.154121802217E+00
  45.40000  0.142444005235E+00
  45.50000  0.124807805383E+00
  45.60000  0.136227127134E+00
  45.70000  0.136792983060E+00
  45.80000  0.132259508504E+00
  45.90000  0.138051439771E+00
  46.00000  0.135845913496E+00
  46.10000  0.131354115590E+00
  46.20000  0.121426201627E+00
  46.30000  0.109754267344E+00
  46.40000  0.107996404360E+00
  46.50000  0.946849672521E-01
  46.60000  0.882841683580E-01
  46.70000  0.106637826899E+00
  46.80000  0.108545765289E+00
  46.90000  0.117305930989E+00
  47.00000  0.154456131364E+00
  47.10000  0.163992616945E+00
  47.20000  0.168714122248E+00
  47.30000  0.192880535117E+00
  47.40000  0.182903853256E+00
  47.50000  0.161873021783E+00
  47.60000  0.153252750474E+00
  47.70000  0.126401141862E+00
  47.80000  0.103078038555E+00
  47.90000  0.909239596614E-01
  48.00000  0.900648271433E-01
  48.10000  0.112746324672E+00
  48.20000  0.131032146314E+00
  48.30000  0.170840455026E+00
  48.40000  0.232726472999E+00
  48.50000  0.253058385451E+00
  48.60000  0.278781691528E+00
  48.70000  0.311571579947E+00
  48.80000  0.280141042595E+00
  48.90000  0.246504042825E+00
  49.00000  0.223256333753E+00
  49.10000  0.162612118689E+00
  49.20000  0.119866239766E+00
  49.30000  0.103459202299E+00
  49.40000  0.989984849873E-01
  49.50000  0.125320823821E+00
  49.60000  0.161748732216E+00
  49.70000  0.225509869928E+00
  49.80000  0.295019974320E+00
  49.90000  0.322159453619E+00
  50.00000  0.359158892340E+00
  50.10000  0.374234168544E+00
  50.20000  0.320637553911E+00
  50.30000  0.278422333346E+00
  50.40000  0.230711480568E+00
  50.50000  0.150231473717E+00
  50.60000  0.107202930453E+00
  50.70000  0.908226488938E-01
  50.80000  0.880349850351E-01
  50.90000  0.119337797779E+00
  51.00000  0.164482629290E+00
  51.10000  0.224769287963E+00
  51.20000  0.274526246244E+00
  51.30000  0.293984003177E+00
  51.40000  0.312295971778E+00
  51.50000  0.294465317924E+00
  51.60000  0.237094070761E+00
  51.70000  0.192108974209E+00
  51.80000  0.135841506345E+00
  51.90000  0.733819118143E-01
  52.00000  0.477910420863E-01
  52.10000  0.403315151109E-01
  52.20000  0.479208392704E-01
  52.30000  0.840618107370E-01
  52.40000  0.130632048271E+00
  52.50000  0.177656085272E+00
  52.60000  0.220487808636E+00
  52.70000  0.249062625018E+00
  52.80000  0.258646269266E+00
  52.90000  0.247162635702E+00
  53.00000  0.216698490357E+00
  53.10000  0.173042079800E+00
  53.20000  0.122045407353E+00
  53.30000  0.723229894342E-01
  53.40000  0.379849954997E-01
  53.50000  0.204563928284E-01
  53.60000  0.230411278306E-01
  53.70000  0.631886240341E-01
  53.80000  0.119767967642E+00
  53.90000  0.180860210432E+00
  54.00000  0.266222217068E+00
  54.10000  0.332130100850E+00
  54.20000  0.360297393787E+00
  54.30000  0.382353426722E+00
  54.40000  0.360659607762E+00
  54.50000  0.295168790692E+00
  54.60000  0.229429214459E+00
  54.70000  0.154838945207E+00
  54.80000  0.937190032628E-01
  54.90000  0.649145361855E-01
  55.00000  0.736677371768E-01
  55.10000  0.141196993436E+00
  55.20000  0.221740583956E+00
  55.30000  0.315154329352E+00
  55.40000  0.437792754439E+00
  55.50000  0.500738363689E+00
  55.60000  0.516560696481E+00
  55.70000  0.522822057737E+00
  55.80000  0.452491660958E+00
  55.90000  0.347952458526E+00
  56.00000  0.260685815798E+00
  56.10000  0.171039774432E+00
  56.20000  0.119225711773E+00
  56.30000  0.112488236202E+00
  56.40000  0.155232242979E+00
  56.50000  0.250246430146E+00
  56.60000  0.332974180735E+00
  56.70000  0.426477337595E+00
  56.80000  0.519297909656E+00
  56.90000  0.523534091765E+00
  57.00000  0.498855480788E+00
  57.10000  0.459155861095E+00
  57.20000  0.348912159878E+00
  57.30000  0.244336103988E+00
  57.40000  0.169090331257E+00
  57.50000  0.102744547352E+00
  57.60000  0.834517414150E-01
  57.70000  0.101164585363E+00
  57.80000  0.156657599790E+00
  57.90000  0.234044027090E+00
  58.00000  0.288910501156E+00
  58.10000  0.352588562949E+00
  58.20000  0.393049440836E+00
  58.30000  0.367071412282E+00
  58.40000  0.339099875718E+00
  58.50000  0.292538806683E+00
  58.60000  0.203260817799E+00
  58.70000  0.137095856025E+00
  58.80000  0.874145475494E-01
  58.90000  0.418525021966E-01
  59.00000  0.325341557920E-01
  59.10000  0.485204127034E-01
  59.20000  0.843738385743E-01
  59.30000  0.134600148233E+00
  59.40000  0.184131353051E+00
  59.50000  0.238978359731E+00
  59.60000  0.276360634115E+00
  59.70000  0.285556606580E+00
  59.80000  0.287599879402E+00
  59.90000  0.263640390218E+00
  60.00000  0.212491452200E+00
  60.10000  0.167189075292E+00
  60.20000  0.119237770817E+00
  60.30000  0.708250571376E-01
  60.40000  0.549179140881E-01
  60.50000  0.620369866518E-01
  60.60000  0.827198151131E-01
  60.70000  0.136583721514E+00
  60.80000  0.202978447430E+00
  60.90000  0.258780492755E+00
  61.00000  0.313732040418E+00
  61.10000  0.348052484949E+00
  61.20000  0.346921012932E+00
  61.30000  0.324616850289E+00
  61.40000  0.279926351789E+00
  61.50000  0.224198107278E+00
  61.60000  0.170060785958E+00
  61.70000  0.125655520710E+00
  61.80000  0.117928116559E+00
  61.90000  0.131186240450E+00
  62.00000  0.159120436165E+00
  62.10000  0.228948442602E+00
  62.20000  0.292578493972E+00
  62.30000  0.331384873317E+00
  62.40000  0.379307342449E+00
  62.50000  0.388289316999E+00
  62.60000  0.351950038903E+00
  62.70000  0.315638780031E+00
  62.80000  0.257610601738E+00
  62.90000  0.190245097730E+00
  63.00000  0.144216517181E+00
  63.10000  0.115934180403E+00
  63.20000  0.120579034599E+00
  63.30000  0.142854018871E+00
  63.40000  0.182047682020E+00
  63.50000  0.251900788617E+00
  63.60000  0.296902499582E+00
  63.70000  0.323983208965E+00
  63.80000  0.359702386894E+00
  63.90000  0.343465405098E+00
  64.00000  0.297985381751E+00
  64.10000  0.264420588906E+00
  64.20000  0.201560655454E+00
  64.30000  0.137150231062E+00
  64.40000  0.103302311831E+00
  64.50000  0.788321971810E-01
  64.60000  0.785191268708E-01
  64.70000  0.101691587812E+00
  64.80000  0.142259308495E+00
  64.90000  0.200344787299E+00
  65.00000  0.243709118056E+00
  65.10000  0.283563746451E+00
  65.20000  0.320629558993E+00
  65.30000  0.312595967504E+00
  65.40000  0.289880470013E+00
  65.50000  0.266010561196E+00
  65.60000  0.207081391388E+00
  65.70000  0.152147484408E+00
  65.80000  0.121046126884E+00
  65.90000  0.889619336916E-01
  66.00000  0.828501816616E-01
  66.10000  0.110872386137E+00
  66.20000  0.149935128609E+00
  66.30000  0.204027199413E+00
  66.40000  0.263847114115E+00
  66.50000  0.313208573177E+00
  66.60000  0.346205544943E+00
  66.70000  0.350317297123E+00
  66.80000  0.332049603145E+00
  66.90000  0.295165355365E+00
  67.00000  0.234189622244E+00
  67.10000  0.178554889237E+00
  67.20000  0.139266985281E+00
  67.30000  0.104715510734E+00
  67.40000  0.105362528144E+00
  67.50000  0.141499260634E+00
  67.60000  0.180362505431E+00
  67.70000  0.239201312439E+00
  67.80000  0.307127371987E+00
  67.90000  0.343685710602E+00
  68.00000  0.364036975875E+00
  68.10000  0.365313893293E+00
  68.20000  0.327565471441E+00
  68.30000  0.274070456601E+00
  68.40000  0.214017779604E+00
  68.50000  0.154020223855E+00
  68.60000  0.110543115271E+00
  68.70000  0.827061123381E-01
  68.80000  0.880661786354E-01
  68.90000  0.118265757011E+00
  69.00000  0.147804063804E+00
  69.10000  0.199169258380E+00
  69.20000  0.248603193535E+00
  69.30000  0.261188044542E+00
  69.40000  0.272053978194E+00
  69.50000  0.265568387871E+00
  69.60000  0.219333011937E+00
  69.70000  0.175905220480E+00
  69.80000  0.132438200517E+00
  69.90000  0.821515093493E-01
  70.00000  0.515778610936E-01
  70.10000  0.368440337242E-01
  70.20000  0.404253611507E-01
  70.30000  0.584020332411E-01
  70.40000  0.790844609579E-01
  70.50000  0.115893535003E+00
  70.60000  0.144546193972E+00
  70.70000  0.152632141986E+00
  70.80000  0.168088477968E+00
  70.90000  0.165077131384E+00
  71.00000  0.137003946283E+00
  71.10000  0.118557225618E+00
  71.20000  0.917426593396E-01
  71.30000  0.547101145696E-01
  71.40000  0.341154532978E-01
  71.50000  0.195779496375E-01
  71.60000  0.108798417674E-01
  71.70000  0.176232313650E-01
  71.80000  0.337639242251E-01
  71.90000  0.593911969200E-01
  72.00000  0.883266413095E-01
  72.10000  0.116451631605E+00
  72.20000  0.145093639338E+00
  72.30000  0.161405575193E+00
  72.40000  0.164490790555E+00
  72.50000  0.160786292463E+00
  72.60000  0.141323708101E+00
  72.70000  0.110929637950E+00
  72.80000  0.835937375512E-01
  72.90000  0.556261636284E-01
  73.00000  0.329848275400E-01
  73.10000  0.321485063904E-01
  73.20000  0.445149162397E-01
  73.30000  0.669622932822E-01
  73.40000  0.111923993161E+00
  73.50000  0.159456461057E+00
  73.60000  0.196753436377E+00
  73.70000  0.235802604477E+00
  73.80000  0.255628138902E+00
  73.90000  0.247420235913E+00
  74.00000  0.229986599651E+00
  74.10000  0.195568203277E+00
  74.20000  0.149415918929E+00
  74.30000  0.108844839796E+00
  74.40000  0.769184208472E-01
  74.50000  0.667827904647E-01
  74.60000  0.727898572851E-01
  74.70000  0.955794834348E-01
  74.80000  0.148247044114E+00
  74.90000  0.195336844647E+00
  75.00000  0.233791120812E+00
  75.10000  0.282623888283E+00
  75.20000  0.296601247781E+00
  75.30000  0.280627118720E+00
  75.40000  0.266446429378E+00
  75.50000  0.222777019477E+00
  75.60000  0.165129360585E+00
  75.70000  0.124478389899E+00
  75.80000  0.873030401485E-01
  75.90000  0.670534141111E-01
  76.00000  0.690765553518E-01
  76.10000  0.896478143876E-01
  76.20000  0.132519355068E+00
  76.30000  0.170573985353E+00
  76.40000  0.209667420400E+00
  76.50000  0.253603127263E+00
  76.60000  0.261257388109E+00
  76.70000  0.253016306663E+00
  76.80000  0.243788221024E+00
  76.90000  0.199566010968E+00
  77.00000  0.149284112785E+00
  77.10000  0.113044526870E+00
  77.20000  0.695075399439E-01
  77.30000  0.399676424890E-01
  77.40000  0.340213383871E-01
  77.50000  0.391193950717E-01
  77.60000  0.601255660919E-01
  77.70000  0.904678419731E-01
  77.80000  0.125704297396E+00
  77.90000  0.161030152653E+00
  78.00000  0.182599751468E+00
  78.10000  0.196251206076E+00
  78.20000  0.199213294826E+00
  78.30000  0.181154561298E+00
  78.40000  0.155993113603E+00
  78.50000  0.127077161969E+00
  78.60000  0.892829079505E-01
  78.70000  0.575208725835E-01
  78.80000  0.372103596506E-01
  78.90000  0.219324863014E-01
  79.00000  0.216786625556E-01
  79.10000  0.393913812509E-01
  79.20000  0.606470271433E-01
  79.30000  0.904972750580E-01
  79.40000  0.130295151654E+00
  79.50000  0.157876715612E+00
  79.60000  0.178653937029E+00
  79.70000  0.197730438936E+00
  79.80000  0.193248458855E+00
  79.90000  0.175959035345E+00
  80.00000  0.156890127145E+00
  80.10000  0.123413671943E+00
  80.20000  0.895333569184E-01
  80.30000  0.643220810784E-01
  80.40000  0.467927030263E-01
  80.50000  0.455512365722E-01
  80.60000  0.541611798763E-01
  80.70000  0.808482145646E-01
  80.80000  0.123943423210E+00
  80.90000  0.156531562983E+00
  81.00000  0.196170988807E+00
  81.10000  0.237624124828E+00
  81.20000  0.244221543493E+00
  81.30000  0.245002296138E+00
  81.40000  0.241743190163E+00
  81.50000  0.203947521297E+00
  81.60000  0.166636519529E+00
  81.70000  0.138181096810E+00
  81.80000  0.100882619167E+00
  81.90000  0.803587551795E-01
  82.00000  0.793069320917E-01
  82.10000  0.906587832795E-01
  82.20000  0.119003743754E+00
  82.30000  0.152888909209E+00
  82.40000  0.196228885121E+00
  82.50000  0.237662925441E+00
  82.60000  0.257226866059E+00
  82.70000  0.274651404562E+00
  82.80000  0.277916685244E+00
  82.90000  0.249320703453E+00
  83.00000  0.222766216054E+00
  83.10000  0.193283776536E+00
  83.20000  0.147429948100E+00
  83.30000  0.119935634511E+00
  83.40000  0.107727361628E+00
  83.50000  0.960895165680E-01
  83.60000  0.106800548807E+00
  83.70000  0.132681214216E+00
  83.80000  0.157104015462E+00
  83.90000  0.187810977824E+00
  84.00000  0.216528434523E+00
  84.10000  0.232780242420E+00
  84.20000  0.239080610351E+00
  84.30000  0.232274568469E+00
  84.40000  0.215077983051E+00
  84.50000  0.189924741730E+00
  84.60000  0.157411217139E+00
  84.70000  0.131428376230E+00
  84.80000  0.110581303950E+00
  84.90000  0.909035161070E-01
  85.00000  0.908246184337E-01
  85.10000  0.100702355743E+00
  85.20000  0.107092017107E+00
  85.30000  0.130301002403E+00
  85.40000  0.155496412726E+00
  85.50000  0.163728845836E+00
  85.60000  0.178613018352E+00
  85.70000  0.187793648257E+00
  85.80000  0.174608651017E+00
  85.90000  0.164522318300E+00
  86.00000  0.151460211821E+00
  86.10000  0.125548935268E+00
  86.20000  0.106832265524E+00
  86.30000  0.926607405783E-01
  86.40000  0.804341302641E-01
  86.50000  0.771134186597E-01
  86.60000  0.787403325616E-01
  86.70000  0.901560489779E-01
  86.80000  0.104030664629E+00
  86.90000  0.113633693292E+00
  87.00000  0.132556342734E+00
  87.10000  0.145011217502E+00
  87.20000  0.143331745585E+00
  87.30000  0.149765519086E+00
  87.40000  0.147558009496E+00
  87.50000  0.129779756076E+00
  87.60000  0.123264073857E+00
  87.70000  0.114179161105E+00
  87.80000  0.957632869616E-01
  87.90000  0.925636705753E-01
  88.00000  0.934744423800E-01
  88.10000  0.906912708231E-01
  88.20000  0.101059547456E+00
  88.30000  0.115309367010E+00
  88.40000  0.125810031924E+00
  88.50000  0.140819967154E+00
  88.60000  0.153849512991E+00
  88.70000  0.161568063053E+00
  88.80000  0.165855703740E+00
  88.90000  0.164283712707E+00
  89.00000  0.161684417496E+00
  89.10000  0.154652090127E+00
  89.20000  0.143261247959E+00
  89.30000  0.140940053902E+00
  89.40000  0.137418289400E+00
  89.50000  0.131053425251E+00
  89.60000  0.141557133298E+00
  89.70000  0.150934232286E+00
  89.80000  0.153113733140E+00
  89.90000  0.171992930560E+00
  90.00000  0.185457779988E+00
  90.10000  0.184738706323E+00
  90.20000  0.196304747957E+00
  90.30000  0.200464704810E+00
  90.40000  0.189784817144E+00
  90.50000  0.189185496558E+00
  90.60000  0.185533473979E+00
  90.70000  0.175179511275E+00
  90.80000  0.174059400958E+00
  90.90000  0.175003429247E+00
  91.00000  0.178856202949E+00
  91.10000  0.186439048293E+00
  91.20000  0.194320595702E+00
  91.30000  0.209590895760E+00
  91.40000  0.218355116369E+00
  91.50000  0.220304390232E+00
  91.60000  0.231568843724E+00
  91.70000  0.229630481517E+00
  91.80000  0.217035600433E+00
  91.90000  0.218761411355E+00
  92.00000  0.209741229161E+00
  92.10000  0.192729980854E+00
  92.20000  0.196091839615E+00
  92.30000  0.195089052255E+00
  92.40000  0.189056017353E+00
  92.50000  0.202588860328E+00
  92.60000  0.213301214747E+00
  92.70000  0.217001956845E+00
  92.80000  0.230846413947E+00
  92.90000  0.238573704695E+00
  93.00000  0.237039583382E+00
  93.10000  0.235863380588E+00
  93.20000  0.228267541823E+00
  93.30000  0.217051912899E+00
  93.40000  0.203473030858E+00
  93.50000  0.189119367780E+00
  93.60000  0.183702610536E+00
  93.70000  0.176904676628E+00
  93.80000  0.173493359093E+00
  93.90000  0.188247485515E+00
  94.00000  0.197775591445E+00
  94.10000  0.205846117500E+00
  94.20000  0.231542542592E+00
  94.30000  0.243004554529E+00
  94.40000  0.243146018787E+00
  94.50000  0.255915530033E+00
  94.60000  0.249987011413E+00
  94.70000  0.229483189410E+00
  94.80000  0.220948878963E+00
  94.90000  0.200685035885E+00
  95.00000  0.173816572542E+00
  95.10000  0.162075889229E+00
  95.20000  0.150893398885E+00
  95.30000  0.144031810561E+00
  95.40000  0.149941771589E+00
  95.50000  0.161468129224E+00
  95.60000  0.180665687313E+00
  95.70000  0.199971049936E+00
  95.80000  0.218888420571E+00
  95.90000  0.241598499125E+00
  96.00000  0.249468259746E+00
  96.10000  0.249163385918E+00
  96.20000  0.251579701287E+00
  96.30000  0.234544804565E+00
  96.40000  0.210305096038E+00
  96.50000  0.196599283151E+00
  96.60000  0.171482701274E+00
  96.70000  0.147481881111E+00
  96.80000  0.144231485521E+00
  96.90000  0.139195468957E+00
  97.00000  0.139464814522E+00
  97.10000  0.161503814578E+00
  97.20000  0.181512994854E+00
  97.30000  0.200083688809E+00
  97.40000  0.230002211626E+00
  97.50000  0.249614126763E+00
  97.60000  0.257490600406E+00
  97.70000  0.265405764323E+00
  97.80000  0.259458668111E+00
  97.90000  0.241512305645E+00
  98.00000  0.222105212104E+00
  98.10000  0.197499245971E+00
  98.20000  0.173981386198E+00
  98.30000  0.154513943471E+00
  98.40000  0.142550002301E+00
  98.50000  0.146387303853E+00
  98.60000  0.153550933618E+00
  98.70000  0.170132173224E+00
  98.80000  0.205705277987E+00
  98.90000  0.231274427391E+00
  99.00000  0.254378043916E+00
  99.10000  0.289279431009E+00
  99.20000  0.298863746046E+00
  99.30000  0.293999042202E+00
  99.40000  0.296649292613E+00
  99.50000  0.273063316203E+00
  99.60000  0.237349703348E+00
  99.70000  0.215370411747E+00
  99.80000  0.182751646167E+00
  99.90000  0.152055318984E+00
 100.00000  0.142841107478E+00
 100.10000  0.139193801922E+00
 100.20000  0.146758950424E+00
 100.30000  0.170417886442E+00
 100.40000  0.200676842415E+00
 100.50000  0.236797477496E+00
 100.60000  0.269708123220E+00
 100.70000  0.297719300681E+00
 100.80000  0.320660680511E+00
 100.90000  0.323447165323E+00
 101.00000  0.314402452887E+00
 101.10000  0.300407789132E+00
 101.20000  0.266639664621E+00
 101.30000  0.228907620307E+00
 101.40000  0.200754373298E+00
 101.50000  0.166425314211E+00
 101.60000  0.141610233408E+00
 101.70000  0.140898805501E+00
 101.80000  0.142440758042E+00
 101.90000  0.155421657663E+00
 102.00000  0.192054241266E+00
 102.10000  0.223385260333E+00
 102.20000  0.252684001447E+00
 102.30000  0.292394229887E+00
 102.40000  0.312710952266E+00
 102.50000  0.316834879939E+00
 102.60000  0.321412758557E+00
 102.70000  0.304200715068E+00
 102.80000  0.272240564732E+00
 102.90000  0.243990020865E+00
 103.00000  0.208411471631E+00
 103.10000  0.174339578517E+00
 103.20000  0.152088891403E+00
 103.30000  0.139546686890E+00
 103.40000  0.143132697656E+00
 103.50000  0.155374428357E+00
 103.60000  0.179703034556E+00
 103.70000  0.220246114939E+00
 103.80000  0.251369900114E+00
 103.90000  0.281879088499E+00
 104.00000  0.319021719755E+00
 104.10000  0.328320580424E+00
 104.20000  0.325478959517E+00
 104.30000  0.325683701475E+00
 104.40000  0.296437425970E+00
 104.50000  0.258375460496E+00
 104.60000  0.232721850301E+00
 104.70000  0.193549321052E+00
 104.80000  0.159350506312E+00
 104.90000  0.149325453180E+00
 105.00000  0.142449426649E+00
 105.10000  0.148082476123E+00
 105.20000  0.176348038744E+00
 105.30000  0.209119966674E+00
 105.40000  0.246335902277E+00
 105.50000  0.289339018387E+00
 105.60000  0.324995486561E+00
 105.70000  0.350634316010E+00
 105.80000  0.364833910555E+00
 105.90000  0.363733402786E+00
 106.00000  0.349423093019E+00
 106.10000  0.321363347876E+00
 106.20000  0.285849281389E+00
 106.30000  0.251187008625E+00
 106.40000  0.213501703517E+00
 106.50000  0.184531135074E+00
 106.60000  0.174931682400E+00
 106.70000  0.169111176776E+00
 106.80000  0.178158124875E+00
 106.90000  0.212372474393E+00
 107.00000  0.241229578468E+00
 107.10000  0.273599154558E+00
 107.20000  0.321988968634E+00
 107.30000  0.347512982263E+00
 107.40000  0.360258828332E+00
 107.50000  0.379262826802E+00
 107.60000  0.368458575524E+00
 107.70000  0.341671268769E+00
 107.80000  0.323334969105E+00
 107.90000  0.287421044674E+00
 108.00000  0.248190661349E+00
 108.10000  0.226460009460E+00
 108.20000  0.206687018569E+00
 108.30000  0.197528048966E+00
 108.40000  0.205570277680E+00
 108.50000  0.223518565192E+00
 108.60000  0.253085258473E+00
 108.70000  0.283599973537E+00
 108.80000  0.315923299086E+00
 108.90000  0.350477489035E+00
 109.00000  0.365691800829E+00
 109.10000  0.372309778881E+00
 109.20000  0.376656763599E+00
 109.30000  0.354642461337E+00
 109.40000  0.325534026761E+00
 109.50000  0.303388881442E+00
 109.60000  0.264552470900E+00
 109.70000  0.229998852939E+00
 109.80000  0.216874201786E+00
 109.90000  0.199722121471E+00
 110.00000  0.193545720397E+00
 110.10000  0.213103770943E+00
 110.20000  0.229672180694E+00
 110.30000  0.250284657714E+00
 110.40000  0.286806686034E+00
 110.50000  0.310735633379E+00
 110.60000  0.325428613161E+00
 110.70000  0.343274462997E+00
 110.80000  0.342455041853E+00
 110.90000  0.327598459126E+00
 111.00000  0.312324354480E+00
 111.10000  0.285466860937E+00
 111.20000  0.253719914741E+00
 111.30000  0.226287299260E+00
 111.40000  0.201398642404E+00
 111.50000  0.185394918520E+00
 111.60000  0.175315582030E+00
 111.70000  0.175261014915E+00
 111.80000  0.190103351715E+00
 111.90000  0.201819037635E+00
 112.00000  0.218857195506E+00
 112.10000  0.247478612284E+00
 112.20000  0.258881083574E+00
 112.30000  0.266084260802E+00
 112.40000  0.280840970387E+00
 112.50000  0.271544167521E+00
 112.60000  0.254581431331E+00
 112.70000  0.247396903278E+00
 112.80000  0.221541673196E+00
 112.90000  0.193025603751E+00
 113.00000  0.180494442447E+00
 113.10000  0.160176099448E+00
 113.20000  0.143306965468E+00
 113.30000  0.144604021245E+00
 113.40000  0.144603589018E+00
 113.50000  0.147975327897E+00
 113.60000  0.163440424632E+00
 113.70000  0.176457319697E+00
 113.80000  0.187460395259E+00
 113.90000  0.200554280023E+00
 114.00000  0.207492794094E+00
 114.10000  0.208614637823E+00
 114.20000  0.205545529977E+00
 114.30000  0.196762174232E+00
 114.40000  0.184978874599E+00
 114.50000  0.169082219834E+00
 114.60000  0.152829806565E+00
 114.70000  0.141358240721E+00
 114.80000  0.128003493555E+00
 114.90000  0.119163928655E+00
 115.00000  0.121778512406E+00
 115.10000  0.121259870180E+00
 115.20000  0.124694750867E+00
 115.30000  0.141217509173E+00
 115.40000  0.148896425951E+00
 115.50000  0.155160722728E+00
 115.60000  0.172804414024E+00
 115.70000  0.176113166193E+00
 115.80000  0.172850573111E+00
 115.90000  0.179960061877E+00
 116.00000  0.172585919044E+00
 116.10000  0.158096560303E+00
 116.20000  0.155310781173E+00
 116.30000  0.143255779639E+00
 116.40000  0.127596326754E+00
 116.50000  0.125208027116E+00
 116.60000  0.119757055919E+00
 116.70000  0.113967005542E+00
 116.80000  0.119663768686E+00
 116.90000  0.125188337441E+00
 117.00000  0.130611176201E+00
 117.10000  0.141602125839E+00
 117.20000  0.151304726221E+00
 117.30000  0.159344092099E+00
 117.40000  0.166174172098E+00
 117.50000  0.169817954337E+00
 117.60000  0.171962195644E+00
 117.70000  0.169054510277E+00
 117.80000  0.163478703455E+00
 117.90000  0.160419439987E+00
 118.00000  0.152082455080E+00
 118.10000  0.143466006056E+00
 118.20000  0.143434205490E+00
 118.30000  0.138763129267E+00
 118.40000  0.134816151601E+00
 118.50000  0.143828459615E+00
 118.60000  0.146709839761E+00
 118.70000  0.147718978045E+00
 118.80000  0.162675947476E+00
 118.90000  0.168425645513E+00
 119.00000  0.167694664475E+00
 119.10000  0.179880957560E+00
 119.20000  0.181375014903E+00
 119.30000  0.173760003310E+00
 119.40000  0.178529867353E+00
 119.50000  0.174679714465E+00
 119.60000  0.162760659935E+00
 119.70000  0.163488114854E+00
 119.80000  0.160097863531E+00
 119.90000  0.151667735782E+00
 120.00000  0.154528994674E+00
 120.10000  0.156675480699E+00
 120.20000  0.156250544730E+00
 120.30000  0.162782204279E+00
 120.40000  0.168832516618E+00
 120.50000  0.173330410280E+00
 120.60000  0.178857116240E+00
 120.70000  0.182442042774E+00
 120.80000  0.185946002102E+00
 120.90000  0.185821474686E+00
 121.00000  0.182962885153E+00
 121.10000  0.183843305476E+00
 121.20000  0.179370515096E+00
 121.30000  0.172572376449E+00
 121.40000  0.174873001160E+00
 121.50000  0.171694588650E+00
 121.60000  0.165908064165E+00
 121.70000  0.173445888201E+00
 121.80000  0.174847968078E+00
 121.90000  0.171047905893E+00
 122.00000  0.181790855044E+00
 122.10000  0.184867206146E+00
 122.20000  0.179072233497E+00
 122.30000  0.187132571758E+00
 122.40000  0.187118466910E+00
 122.50000  0.176213068385E+00
 122.60000  0.178455322281E+00
 122.70000  0.175106525394E+00
 122.80000  0.162273998466E+00
 122.90000  0.162032037233E+00
 123.00000  0.160021288962E+00
 123.10000  0.151854913063E+00
 123.20000  0.154461312408E+00
 123.30000  0.157619301056E+00
 123.40000  0.157042078301E+00
 123.50000  0.162773159657E+00
 123.60000  0.168420136822E+00
 123.70000  0.171379801873E+00
 123.80000  0.175013854369E+00
 123.90000  0.176318398563E+00
 124.00000  0.176282330126E+00
 124.10000  0.173112844819E+00
 124.20000  0.166504313117E+00
 124.30000  0.162156195912E+00
 124.40000  0.154112542233E+00
 124.50000  0.143200799630E+00
 124.60000  0.139916709778E+00
 124.70000  0.134234983208E+00
 124.80000  0.125960878649E+00
 124.90000  0.129747516376E+00
 125.00000  0.131519063700E+00
 125.10000  0.128373387404E+00
 125.20000  0.138597528113E+00
 125.30000  0.145351571228E+00
 125.40000  0.142780821870E+00
 125.50000  0.152251607223E+00
 125.60000  0.156612367154E+00
 125.70000  0.148147490776E+00
 125.80000  0.150261292522E+00
 125.90000  0.148111952312E+00
 126.00000  0.133310354689E+00
 126.10000  0.128729559695E+00
 126.20000  0.123245690940E+00
 126.30000  0.108823433628E+00
 126.40000  0.104583552632E+00
 126.50000  0.102738307164E+00
 126.60000  0.960320005992E-01
 126.70000  0.976147201775E-01
 126.80000  0.102224381529E+00
 126.90000  0.104045633087E+00
 127.00000  0.109969267778E+00
 127.10000  0.116541102084E+00
 127.20000  0.120401197947E+00
 127.30000  0.123927286836E+00
 127.40000  0.125245882657E+00
 127.50000  0.124279328230E+00
 127.60000  0.120791351604E+00
 127.70000  0.114031277172E+00
 127.80000  0.107674305325E+00
 127.90000  0.997579510611E-01
 128.00000  0.893664835568E-01
 128.10000  0.837808112761E-01
 128.20000  0.789356763479E-01
 128.30000  0.719447078346E-01
 128.40000  0.735246037298E-01
 128.50000  0.769646739374E-01
 128.60000  0.759587176221E-01
 128.70000  0.846585836519E-01
 128.80000  0.942261693985E-01
 128.90000  0.947394188089E-01
 129.00000  0.103742803249E+00
 129.10000  0.112106565166E+00
 129.20000  0.107462580644E+00
 129.30000  0.109771237419E+00
 129.40000  0.111539933015E+00
 129.50000  0.996880252122E-01
 129.60000  0.945565748874E-01
 129.70000  0.912779213248E-01
 129.80000  0.773334242892E-01
 129.90000  0.706758328751E-01
 130.00000  0.686979492286E-01
 130.10000  0.601454267281E-01
 130.20000  0.587088137164E-01
 130.30000  0.630506438891E-01
 130.40000  0.631898573993E-01
 130.50000  0.682743843810E-01
 130.60000  0.776580791874E-01
 130.70000  0.827173599185E-01
 130.80000  0.893159514636E-01
 130.90000  0.974746537918E-01
 131.00000  0.100157349059E+00
 131.10000  0.101617412148E+00
 131.20000  0.102771695264E+00
 131.30000  0.989406118157E-01
 131.40000  0.936504077852E-01
 131.50000  0.880279546690E-01
 131.60000  0.805727973531E-01
 131.70000  0.738331086694E-01
 131.80000  0.673947032545E-01
 131.90000  0.636367967626E-01
 132.00000  0.632326549784E-01
 132.10000  0.619044416277E-01
 132.20000  0.662606581015E-01
 132.30000  0.749631275946E-01
 132.40000  0.785710549863E-01
 132.50000  0.879142224785E-01
 132.60000  0.100794629404E+00
 132.70000  0.103173409786E+00
 132.80000  0.109471177645E+00
 132.90000  0.118484252838E+00
 133.00000  0.113592176946E+00
 133.10000  0.111361770038E+00
 133.20000  0.112886719168E+00
 133.30000  0.101065184692E+00
 133.40000  0.924041258253E-01
 133.50000  0.902737541659E-01
 133.60000  0.782191060900E-01
 133.70000  0.706643328490E-01
 133.80000  0.723843112825E-01
 133.90000  0.674716561815E-01
 134.00000  0.670885123218E-01
 134.10000  0.766442918170E-01
 134.20000  0.802772169170E-01
 134.30000  0.860783257419E-01
 134.40000  0.100151189919E+00
 134.50000  0.106686220092E+00
 134.60000  0.111674448823E+00
 134.70000  0.122386061070E+00
 134.80000  0.124131136062E+00
 134.90000  0.121937868223E+00
 135.00000  0.124147505966E+00
 135.10000  0.118755675605E+00
 135.20000  0.110106372785E+00
 135.30000  0.105944826165E+00
 135.40000  0.982857380887E-01
 135.50000  0.905393466475E-01
 135.60000  0.871113726854E-01
 135.70000  0.845007266420E-01
 135.80000  0.849225170070E-01
 135.90000  0.870692368145E-01
 136.00000  0.917847739320E-01
 136.10000  0.100813474353E+00
 136.20000  0.106619867953E+00
 136.30000  0.113830133335E+00
 136.40000  0.125137382290E+00
 136.50000  0.128161316490E+00
 136.60000  0.130427165925E+00
 136.70000  0.136991757167E+00
 136.80000  0.132814478204E+00
 136.90000  0.127063660665E+00
 137.00000  0.127699164217E+00
 137.10000  0.118465998493E+00
 137.20000  0.108562785522E+00
 137.30000  0.108533775786E+00
 137.40000  0.101099368757E+00
 137.50000  0.939522528069E-01
 137.60000  0.996215369951E-01
 137.70000  0.992771646604E-01
 137.80000  0.981017990705E-01
 137.90000  0.110421711346E+00
 138.00000  0.115883944232E+00
 138.10000  0.117123438538E+00
 138.20000  0.130533685159E+00
 138.30000  0.135526926049E+00
 138.40000  0.132824485878E+00
 138.50000  0.140688832471E+00
 138.60000  0.140264072139E+00
 138.70000  0.131052452106E+00
 138.80000  0.131788799601E+00
 138.90000  0.127018217259E+00
 139.00000  0.115360908725E+00
 139.10000  0.113473379063E+00
 139.20000  0.109861446224E+00
 139.30000  0.102441093294E+00
 139.40000  0.103448054723E+00
 139.50000  0.105116404153E+00
 139.60000  0.105174376153E+00
 139.70000  0.110455550096E+00
 139.80000  0.116276392429E+00
 139.90000  0.121048821267E+00
 140.00000  0.126822492633E+00
 140.10000  0.131397438782E+00
 140.20000  0.134976900454E+00
 140.30000  0.136262364116E+00
 140.40000  0.134958228765E+00
 140.50000  0.133960386186E+00
 140.60000  0.129592913270E+00
 140.70000  0.122606256105E+00
 140.80000  0.119202163721E+00
 140.90000  0.113283692057E+00
 141.00000  0.105377834912E+00
 141.10000  0.105282921426E+00
 141.20000  0.103701197948E+00
 141.30000  0.994164821995E-01
 141.40000  0.106017173472E+00
 141.50000  0.110737634955E+00
 141.60000  0.109666017031E+00
 141.70000  0.120393826622E+00
 141.80000  0.127786289309E+00
 141.90000  0.125177181223E+00
 142.00000  0.133860249884E+00
 142.10000  0.138409450093E+00
 142.20000  0.130000691387E+00
 142.30000  0.132407994174E+00
 142.40000  0.131967498051E+00
 142.50000  0.118408537377E+00
 142.60000  0.115843689194E+00
 142.70000  0.113383738097E+00
 142.80000  0.996833360460E-01
 142.90000  0.970677675742E-01
 143.00000  0.974963368685E-01
 143.10000  0.887681813145E-01
 143.20000  0.902302086762E-01
 143.30000  0.962489108060E-01
 143.40000  0.938524266029E-01
 143.50000  0.993272834399E-01
 143.60000  0.109070320232E+00
 143.70000  0.109693351672E+00
 143.80000  0.115112338477E+00
 143.90000  0.123692073167E+00
 144.00000  0.122445656325E+00
 144.10000  0.123477359301E+00
 144.20000  0.126999836537E+00
 144.30000  0.121605952707E+00
 144.40000  0.117484661102E+00
 144.50000  0.116060767334E+00
 144.60000  0.108755661037E+00
 144.70000  0.103053700312E+00
 144.80000  0.100234521933E+00
 144.90000  0.954397998632E-01
 145.00000  0.927037933734E-01
 145.10000  0.916902642804E-01
 145.20000  0.917606791245E-01
 145.30000  0.936415523619E-01
 145.40000  0.944763682250E-01
 145.50000  0.978466637285E-01
 145.60000  0.102264424100E+00
 145.70000  0.102281513343E+00
 145.80000  0.105185463672E+00
 145.90000  0.108810150353E+00
 146.00000  0.105489149303E+00
 146.10000  0.105289329567E+00
 146.20000  0.106611374141E+00
 146.30000  0.998303861037E-01
 146.40000  0.968333815642E-01
 146.50000  0.973150876702E-01
 146.60000  0.895201266469E-01
 146.70000  0.863604030162E-01
 146.80000  0.890952113815E-01
 146.90000  0.832271770470E-01
 147.00000  0.821318395654E-01
 147.10000  0.888391225861E-01
 147.20000  0.857239913465E-01
 147.30000  0.862866179010E-01
 147.40000  0.957264000404E-01
 147.50000  0.936534876761E-01
 147.60000  0.932953335420E-01
 147.70000  0.102377461053E+00
 147.80000  0.989042934175E-01
 147.90000  0.952747095859E-01
 148.00000  0.101731927077E+00
 148.10000  0.962290061223E-01
 148.20000  0.895427036469E-01
 148.30000  0.937774141286E-01
 148.40000  0.880334417160E-01
 148.50000  0.806556593439E-01
 148.60000  0.846904284882E-01
 148.70000  0.810458997994E-01
 148.80000  0.752826228145E-01
 148.90000  0.807270653943E-01
 149.00000  0.802568871945E-01
 149.10000  0.767106682870E-01
 149.20000  0.833873893137E-01
 149.30000  0.850477349397E-01
 149.40000  0.822297297852E-01
 149.50000  0.881532787766E-01
 149.60000  0.895847128025E-01
 149.70000  0.854510166411E-01
 149.80000  0.886250272222E-01
 149.90000  0.882508169083E-01
 150.00000  0.823581769245E-01
 150.10000  0.826311257189E-01
 150.20000  0.809337108782E-01
 150.30000  0.750698823027E-01
 150.40000  0.742945055095E-01
 150.50000  0.732021371063E-01
 150.60000  0.699543535980E-01
 150.70000  0.702945925049E-01
 150.80000  0.711430149537E-01
 150.90000  0.715188249905E-01
 151.00000  0.734596142041E-01
 151.10000  0.756115611956E-01
 151.20000  0.782385467239E-01
 151.30000  0.804458446193E-01
 151.40000  0.819402186190E-01
 151.50000  0.843552134598E-01
 151.60000  0.850136661717E-01
 151.70000  0.840752205628E-01
 151.80000  0.845562288316E-01
 151.90000  0.829036593222E-01
 152.00000  0.792111945688E-01
 152.10000  0.780693931768E-01
 152.20000  0.752641292710E-01
 152.30000  0.702233532369E-01
 152.40000  0.696175185995E-01
 152.50000  0.681536589416E-01
 152.60000  0.638188120231E-01
 152.70000  0.660357568630E-01
 152.80000  0.679411561655E-01
 152.90000  0.652593934546E-01
 153.00000  0.706526347753E-01
 153.10000  0.757514681057E-01
 153.20000  0.735223044185E-01
 153.30000  0.798748573292E-01
 153.40000  0.858182025920E-01
 153.50000  0.816869233941E-01
 153.60000  0.859842384197E-01
 153.70000  0.903996324687E-01
 153.80000  0.831709310271E-01
 153.90000  0.841217949956E-01
 154.00000  0.866409124555E-01
 154.10000  0.773684028985E-01
 154.20000  0.760926970849E-01
 154.30000  0.783759546643E-01
 154.40000  0.694629734983E-01
 154.50000  0.682854042027E-01
 154.60000  0.726574201324E-01
 154.70000  0.662103727166E-01
 154.80000  0.668384991291E-01
 154.90000  0.745547197504E-01
 155.00000  0.709327006222E-01
 155.10000  0.730127748717E-01
 155.20000  0.830922365978E-01
 155.30000  0.805745206894E-01
 155.40000  0.817905886799E-01
 155.50000  0.915394227752E-01
 155.60000  0.876928808431E-01
 155.70000  0.856390147394E-01
 155.80000  0.926947596548E-01
 155.90000  0.865030116957E-01
 156.00000  0.808395808495E-01
 156.10000  0.850348653718E-01
 156.20000  0.779248164011E-01
 156.30000  0.708270363276E-01
 156.40000  0.741451759699E-01
 156.50000  0.688632385726E-01
 156.60000  0.632809079431E-01
 156.70000  0.680415995930E-01
 156.80000  0.665206525409E-01
 156.90000  0.640123602747E-01
 157.00000  0.711322123234E-01
 157.10000  0.732830235256E-01
 157.20000  0.731743181635E-01
 157.30000  0.816401515138E-01
 157.40000  0.855320310522E-01
 157.50000  0.855043923013E-01
 157.60000  0.929638282314E-01
 157.70000  0.959532712749E-01
 157.80000  0.936201015900E-01
 157.90000  0.979087038973E-01
 158.00000  0.983615946547E-01
 158.10000  0.931774611684E-01
 158.20000  0.940384301539E-01
 158.30000  0.925417672591E-01
 158.40000  0.864484726036E-01
 158.50000  0.857472028791E-01
 158.60000  0.844095910364E-01
 158.70000  0.802558469019E-01
 158.80000  0.802701681828E-01
 158.90000  0.807017764837E-01
 159.00000  0.799576112825E-01
 159.10000  0.815548969424E-01
 159.20000  0.835810256583E-01
 159.30000  0.854632955327E-01
 159.40000  0.877412395501E-01
 159.50000  0.897272159258E-01
 159.60000  0.921013488768E-01
 159.70000  0.933944931811E-01
 159.80000  0.935382898918E-01
 159.90000  0.946325209694E-01
 160.00000  0.939864363225E-01
 160.10000  0.916072207889E-01
 160.20000  0.913667968115E-01
 160.30000  0.895155250588E-01
 160.40000  0.855251041863E-01
 160.50000  0.856500540250E-01
 160.60000  0.846843739938E-01
 160.70000  0.807728412567E-01
 160.80000  0.832273028733E-01
 160.90000  0.849791900103E-01
 161.00000  0.820341115860E-01
 161.10000  0.871827135371E-01
 161.20000  0.916964478455E-01
 161.30000  0.889610120397E-01
 161.40000  0.951175609780E-01
 161.50000  0.100731457154E+00
 161.60000  0.965915883116E-01
 161.70000  0.101387995647E+00
 161.80000  0.106248590365E+00
 161.90000  0.997121556165E-01
 162.00000  0.101810157574E+00
 162.10000  0.105268907708E+00
 162.20000  0.966979547365E-01
 162.30000  0.964552946663E-01
 162.40000  0.994445829785E-01
 162.50000  0.903158499282E-01
 162.60000  0.893505677800E-01
 162.70000  0.938397697537E-01
 162.80000  0.859400439293E-01
 162.90000  0.859552496757E-01
 163.00000  0.936480107006E-01
 163.10000  0.879002809970E-01
 163.20000  0.892273259565E-01
 163.30000  0.100091996818E+00
 163.40000  0.957209700042E-01
 163.50000  0.967639293726E-01
 163.60000  0.108808581559E+00
 163.70000  0.103952842654E+00
 163.80000  0.102434665341E+00
 163.90000  0.113277265719E+00
 164.00000  0.106745081412E+00
 164.10000  0.101667280732E+00
 164.20000  0.110374624544E+00
 164.30000  0.102736033031E+00
 164.40000  0.950738282630E-01
 164.50000  0.102580529154E+00
 164.60000  0.957125411380E-01
 164.70000  0.875278845191E-01
 164.80000  0.957434924157E-01
 164.90000  0.916462696302E-01
 165.00000  0.847086942841E-01
 165.10000  0.951774752235E-01
 165.20000  0.948199025867E-01
 165.30000  0.894269757480E-01
 165.40000  0.102022056401E+00
 165.50000  0.104514207394E+00
 165.60000  0.990310311819E-01
 165.70000  0.111566641911E+00
 165.80000  0.114498876566E+00
 165.90000  0.106467739430E+00
 166.00000  0.116166650197E+00
 166.10000  0.117492281214E+00
 166.20000  0.105869267165E+00
 166.30000  0.111654195871E+00
 166.40000  0.111452663625E+00
 166.50000  0.977037184858E-01
 166.60000  0.100904086226E+00
 166.70000  0.101127888579E+00
 166.80000  0.880047857118E-01
 166.90000  0.909830939062E-01
 167.00000  0.937981101581E-01
 167.10000  0.833860922684E-01
 167.20000  0.878678847523E-01
 167.30000  0.944030642729E-01
 167.40000  0.871634136236E-01
 167.50000  0.933685379092E-01
 167.60000  0.103204058557E+00
 167.70000  0.979016039937E-01
 167.80000  0.104284632557E+00
 167.90000  0.115372461117E+00
 168.00000  0.109648463232E+00
 168.10000  0.113605994479E+00
 168.20000  0.123249381131E+00
 168.30000  0.115221152465E+00
 168.40000  0.115051790422E+00
 168.50000  0.121874130990E+00
 168.60000  0.111842406924E+00
 168.70000  0.108316208733E+00
 168.80000  0.113285021780E+00
 168.90000  0.103590366213E+00
 169.00000  0.992703059592E-01
 169.10000  0.104614405454E+00
 169.20000  0.977000073531E-01
 169.30000  0.948538955441E-01
 169.40000  0.102300117789E+00
 169.50000  0.991320832164E-01
 169.60000  0.983920030443E-01
 169.70000  0.108253456451E+00
 169.80000  0.108069126699E+00
 169.90000  0.108288318288E+00
 170.00000  0.119218379595E+00
 170.10000  0.119913422680E+00
 170.20000  0.118733243824E+00
 170.30000  0.128113785713E+00
 170.40000  0.127252335209E+00
 170.50000  0.122650610856E+00
 170.60000  0.128258142695E+00
 170.70000  0.124858056288E+00
 170.80000  0.117088614449E+00
 170.90000  0.118964359291E+00
 171.00000  0.114422049673E+00
 171.10000  0.106126720326E+00
 171.20000  0.106397908498E+00
 171.30000  0.103139907865E+00
 171.40000  0.971170624156E-01
 171.50000  0.980172066515E-01
 171.60000  0.974844652637E-01
 171.70000  0.946966722616E-01
 171.80000  0.972501738016E-01
 171.90000  0.994382939326E-01
 172.00000  0.990413714514E-01
 172.10000  0.103071641589E+00
 172.20000  0.107055762245E+00
 172.30000  0.107267564662E+00
 172.40000  0.111501616170E+00
 172.50000  0.115600953572E+00
 172.60000  0.114425612051E+00
 172.70000  0.116902348862E+00
 172.80000  0.119235453863E+00
 172.90000  0.115710469637E+00
 173.00000  0.115375204846E+00
 173.10000  0.115323018221E+00
 173.20000  0.110659597785E+00
 173.30000  0.108604834849E+00
 173.40000  0.107327521446E+00
 173.50000  0.103996911049E+00
 173.60000  0.102412145622E+00
 173.70000  0.101508117659E+00
 173.80000  0.100975836217E+00
 173.90000  0.101220480847E+00
 174.00000  0.101568776543E+00
 174.10000  0.103513894306E+00
 174.20000  0.105663670523E+00
 174.30000  0.107554260344E+00
 174.40000  0.110750987726E+00
 174.50000  0.113978931386E+00
 174.60000  0.116948352413E+00
 174.70000  0.119764135181E+00
 174.80000  0.122373659846E+00
 174.90000  0.124604400516E+00
 175.00000  0.125339217026E+00
 175.10000  0.125707771752E+00
 175.20000  0.125080059230E+00
 175.30000  0.123400834856E+00
 175.40000  0.122003876518E+00
 175.50000  0.118189591707E+00
 175.60000  0.115835156255E+00
 175.70000  0.115282283787E+00
 175.80000  0.109711006576E+00
 175.90000  0.108568701128E+00
 176.00000  0.110860001147E+00
 176.10000  0.104926909640E+00
 176.20000  0.105189963107E+00
 176.30000  0.110121800162E+00
 176.40000  0.104917341176E+00
 176.50000  0.106121305874E+00
 176.60000  0.112598724285E+00
 176.70000  0.109526897512E+00
 176.80000  0.111742918091E+00
 176.90000  0.118693552953E+00
 177.00000  0.117982328279E+00
 177.10000  0.120448538274E+00
 177.20000  0.126363052164E+00
 177.30000  0.125606485661E+00
 177.40000  0.126081526086E+00
 177.50000  0.130518927644E+00
 177.60000  0.127194965810E+00
 177.70000  0.124394371875E+00
 177.80000  0.130358547686E+00
 177.90000  0.124920677872E+00
 178.00000  0.119387504219E+00
 178.10000  0.130784366112E+00
 178.20000  0.124730315454E+00
 178.30000  0.115877931351E+00
 178.40000  0.131846740867E+00
 178.50000  0.124712294695E+00
 178.60000  0.110925650814E+00
 178.70000  0.126338212166E+00
 178.80000  0.118525115068E+00
 178.90000  0.103302675164E+00
 179.00000  0.115221441975E+00
 179.10000  0.111441339309E+00
 179.20000  0.105283916091E+00
 179.30000  0.113644903860E+00
 179.40000  0.117389313307E+00
 179.50000  0.129020152805E+00
 179.60000  0.129182163413E+00
 179.70000  0.134396545239E+00
 179.80000  0.166971865387E+00
 179.90000  0.143107434184E+00
 180.00000  0.151754492575E+00

