 # E =    3.4998176427641710       eV =    28230.000000000000       1/cm
 #  1801
# DFFCSO.  ACCUM LEV(I),J(I) =  1  0 LEV(F),J(F) =  1  0       , M =  0, WEIGHTED BY  1.00000
   0.10000  0.414428832797E+07
   0.20000  0.593126234274E+06
   0.30000  0.373560460343E+05
   0.40000  0.789049309156E+05
   0.50000  0.796078991808E+04
   0.60000  0.154856080789E+05
   0.70000  0.755576241825E+04
   0.80000  0.202864470290E+04
   0.90000  0.474258690018E+04
   1.00000  0.344482756817E+04
   1.10000  0.351498300044E+04
   1.20000  0.209880851176E+04
   1.30000  0.155400820341E+04
   1.40000  0.149746033419E+04
   1.50000  0.106290072624E+04
   1.60000  0.882597880477E+03
   1.70000  0.826801648959E+03
   1.80000  0.100061415797E+04
   1.90000  0.838230562527E+03
   2.00000  0.729071838143E+03
   2.10000  0.720382896052E+03
   2.20000  0.703849667671E+03
   2.30000  0.805597816688E+03
   2.40000  0.476658710145E+03
   2.50000  0.271901648056E+03
   2.60000  0.392706308788E+03
   2.70000  0.382189169513E+03
   2.80000  0.282657404468E+03
   2.90000  0.151063608791E+03
   3.00000  0.129005196349E+03
   3.10000  0.178576611360E+03
   3.20000  0.174364584466E+03
   3.30000  0.119918049981E+03
   3.40000  0.872875245567E+02
   3.50000  0.119566335165E+03
   3.60000  0.134450565344E+03
   3.70000  0.144305554123E+03
   3.80000  0.874022698475E+02
   3.90000  0.802703152039E+02
   4.00000  0.128023091698E+03
   4.10000  0.145062572161E+03
   4.20000  0.154700573002E+03
   4.30000  0.848474571206E+02
   4.40000  0.670940782703E+02
   4.50000  0.900713370178E+02
   4.60000  0.124046752076E+03
   4.70000  0.139774524596E+03
   4.80000  0.990927971794E+02
   4.90000  0.645142312648E+02
   5.00000  0.578376994941E+02
   5.10000  0.800533646239E+02
   5.20000  0.961301295599E+02
   5.30000  0.950500468454E+02
   5.40000  0.668471993383E+02
   5.50000  0.575295500636E+02
   5.60000  0.491907288337E+02
   5.70000  0.539381527002E+02
   5.80000  0.593418804833E+02
   5.90000  0.514721010926E+02
   6.00000  0.550271407211E+02
   6.10000  0.401006448210E+02
   6.20000  0.358580878982E+02
   6.30000  0.284349519889E+02
   6.40000  0.293201352064E+02
   6.50000  0.375491917733E+02
   6.60000  0.364094891219E+02
   6.70000  0.301117888305E+02
   6.80000  0.184081629710E+02
   6.90000  0.136270138807E+02
   7.00000  0.177904508904E+02
   7.10000  0.254013191927E+02
   7.20000  0.225333252188E+02
   7.30000  0.170111877951E+02
   7.40000  0.695011907535E+01
   7.50000  0.700692597145E+01
   7.60000  0.124234800113E+02
   7.70000  0.141559973191E+02
   7.80000  0.141352989954E+02
   7.90000  0.599964442321E+01
   8.00000  0.365783810642E+01
   8.10000  0.406583534101E+01
   8.20000  0.696911305399E+01
   8.30000  0.857628473083E+01
   8.40000  0.583052731019E+01
   8.50000  0.313955430378E+01
   8.60000  0.162781453023E+01
   8.70000  0.227975904376E+01
   8.80000  0.333850601560E+01
   8.90000  0.366845630823E+01
   9.00000  0.249400585748E+01
   9.10000  0.215020781058E+01
   9.20000  0.103677963905E+01
   9.30000  0.123516622771E+01
   9.40000  0.104142442271E+01
   9.50000  0.100121043919E+01
   9.60000  0.187435018257E+01
   9.70000  0.135801474258E+01
   9.80000  0.162361123282E+01
   9.90000  0.449686309953E+00
  10.00000  0.172830228943E+00
  10.10000  0.494881545482E+00
  10.20000  0.989245784220E+00
  10.30000  0.158498854844E+01
  10.40000  0.119682665026E+01
  10.50000  0.505884529953E+00
  10.60000  0.678661447351E-01
  10.70000  0.177563956618E+00
  10.80000  0.446364353714E+00
  10.90000  0.957439414938E+00
  11.00000  0.550126849548E+00
  11.10000  0.554936725226E+00
  11.20000  0.122025682642E+00
  11.30000  0.118264507148E+00
  11.40000  0.134665493127E+00
  11.50000  0.426206390604E-01
  11.60000  0.274081903075E+00
  11.70000  0.312408712449E+00
  11.80000  0.616819040425E+00
  11.90000  0.478844205595E+00
  12.00000  0.345277771217E+00
  12.10000  0.760585133100E-01
  12.20000  0.137013618022E+00
  12.30000  0.464366574328E+00
  12.40000  0.864401552115E+00
  12.50000  0.937398796385E+00
  12.60000  0.860420412600E+00
  12.70000  0.376538894362E+00
  12.80000  0.363990854852E+00
  12.90000  0.364241847520E+00
  13.00000  0.605784572340E+00
  13.10000  0.845844587441E+00
  13.20000  0.581641296614E+00
  13.30000  0.553463329141E+00
  13.40000  0.154195132316E+00
  13.50000  0.180195006650E+00
  13.60000  0.148060190907E+00
  13.70000  0.184130155802E+00
  13.80000  0.201211189778E+00
  13.90000  0.122885398522E+00
  14.00000  0.761079657871E-01
  14.10000  0.341957826865E-01
  14.20000  0.147080396997E-01
  14.30000  0.174378843787E-01
  14.40000  0.111139601971E-01
  14.50000  0.813009197309E-01
  14.60000  0.810033867223E-01
  14.70000  0.207192107538E+00
  14.80000  0.167043097371E+00
  14.90000  0.201438089569E+00
  15.00000  0.196561468519E+00
  15.10000  0.145739742867E+00
  15.20000  0.303908687009E+00
  15.30000  0.239422516231E+00
  15.40000  0.417909141562E+00
  15.50000  0.324286964958E+00
  15.60000  0.354620952729E+00
  15.70000  0.300385366837E+00
  15.80000  0.299948286095E+00
  15.90000  0.361345291625E+00
  16.00000  0.466895622719E+00
  16.10000  0.503239580191E+00
  16.20000  0.617015511722E+00
  16.30000  0.494869873457E+00
  16.40000  0.526058857724E+00
  16.50000  0.467039253820E+00
  16.60000  0.484794638802E+00
  16.70000  0.714187756941E+00
  16.80000  0.650287904940E+00
  16.90000  0.911039033718E+00
  17.00000  0.650482416133E+00
  17.10000  0.683814853263E+00
  17.20000  0.491615748303E+00
  17.30000  0.472908327570E+00
  17.40000  0.561131784121E+00
  17.50000  0.572563007616E+00
  17.60000  0.638492866722E+00
  17.70000  0.544304745318E+00
  17.80000  0.402788615463E+00
  17.90000  0.287535483314E+00
  18.00000  0.182275381084E+00
  18.10000  0.165229263217E+00
  18.20000  0.219415412305E+00
  18.30000  0.202932657112E+00
  18.40000  0.307305876417E+00
  18.50000  0.212088141336E+00
  18.60000  0.286858191954E+00
  18.70000  0.146929593037E+00
  18.80000  0.194483299237E+00
  18.90000  0.132006132040E+00
  19.00000  0.222506279118E+00
  19.10000  0.331787826148E+00
  19.20000  0.424547306675E+00
  19.30000  0.531068452035E+00
  19.40000  0.481471616280E+00
  19.50000  0.424706037564E+00
  19.60000  0.348288712913E+00
  19.70000  0.312265020045E+00
  19.80000  0.379052912980E+00
  19.90000  0.460714462250E+00
  20.00000  0.471793263094E+00
  20.10000  0.502778532996E+00
  20.20000  0.314768247369E+00
  20.30000  0.290669204464E+00
  20.40000  0.126414860488E+00
  20.50000  0.147355399191E+00
  20.60000  0.123448375847E+00
  20.70000  0.129509917800E+00
  20.80000  0.133233049447E+00
  20.90000  0.978266982151E-01
  21.00000  0.920395440581E-01
  21.10000  0.706619237141E-01
  21.20000  0.721879339916E-01
  21.30000  0.683943960272E-01
  21.40000  0.856149768032E-01
  21.50000  0.143642878217E+00
  21.60000  0.206209731820E+00
  21.70000  0.346841770356E+00
  21.80000  0.405990518767E+00
  21.90000  0.491549656082E+00
  22.00000  0.519163748541E+00
  22.10000  0.487389762264E+00
  22.20000  0.614533707786E+00
  22.30000  0.575023562893E+00
  22.40000  0.816328216235E+00
  22.50000  0.799279332897E+00
  22.60000  0.938861918701E+00
  22.70000  0.908687770329E+00
  22.80000  0.876308627397E+00
  22.90000  0.888512714484E+00
  23.00000  0.849172172306E+00
  23.10000  0.906172957608E+00
  23.20000  0.928610913810E+00
  23.30000  0.921753071625E+00
  23.40000  0.923066802582E+00
  23.50000  0.856732861060E+00
  23.60000  0.798313514002E+00
  23.70000  0.799137716085E+00
  23.80000  0.695188296106E+00
  23.90000  0.785840228985E+00
  24.00000  0.644156301685E+00
  24.10000  0.728406892106E+00
  24.20000  0.597437770786E+00
  24.30000  0.620523000687E+00
  24.40000  0.572226486772E+00
  24.50000  0.550868392915E+00
  24.60000  0.580543363020E+00
  24.70000  0.539036922467E+00
  24.80000  0.572655498864E+00
  24.90000  0.538281632684E+00
  25.00000  0.539514142177E+00
  25.10000  0.551154638555E+00
  25.20000  0.556775007582E+00
  25.30000  0.610951242562E+00
  25.40000  0.657773458888E+00
  25.50000  0.675236927346E+00
  25.60000  0.755072522850E+00
  25.70000  0.679286617333E+00
  25.80000  0.788219997012E+00
  25.90000  0.692267991107E+00
  26.00000  0.832207849435E+00
  26.10000  0.817048853353E+00
  26.20000  0.914317974933E+00
  26.30000  0.951071111496E+00
  26.40000  0.920660353097E+00
  26.50000  0.934573737630E+00
  26.60000  0.848071231008E+00
  26.70000  0.856098811245E+00
  26.80000  0.847696999655E+00
  26.90000  0.866562238044E+00
  27.00000  0.894900959215E+00
  27.10000  0.873120927303E+00
  27.20000  0.806183018031E+00
  27.30000  0.760841755898E+00
  27.40000  0.617288981595E+00
  27.50000  0.640050556960E+00
  27.60000  0.527014165634E+00
  27.70000  0.602669595575E+00
  27.80000  0.532984714859E+00
  27.90000  0.549621396694E+00
  28.00000  0.487790951674E+00
  28.10000  0.422138994196E+00
  28.20000  0.387811688046E+00
  28.30000  0.324455766703E+00
  28.40000  0.344500968217E+00
  28.50000  0.341303075385E+00
  28.60000  0.380644998222E+00
  28.70000  0.408380891758E+00
  28.80000  0.408540796703E+00
  28.90000  0.413090471161E+00
  29.00000  0.385451740732E+00
  29.10000  0.366407565925E+00
  29.20000  0.394796852285E+00
  29.30000  0.378945405943E+00
  29.40000  0.484898509374E+00
  29.50000  0.448689524364E+00
  29.60000  0.536139334110E+00
  29.70000  0.456945084171E+00
  29.80000  0.462152860655E+00
  29.90000  0.403479264388E+00
  30.00000  0.377819679373E+00
  30.10000  0.392619852081E+00
  30.20000  0.379512555569E+00
  30.30000  0.405240901834E+00
  30.40000  0.381588403938E+00
  30.50000  0.349039480760E+00
  30.60000  0.312713878060E+00
  30.70000  0.257352673641E+00
  30.80000  0.240655789272E+00
  30.90000  0.228445399082E+00
  31.00000  0.230820920960E+00
  31.10000  0.269672500878E+00
  31.20000  0.257112896615E+00
  31.30000  0.315126837611E+00
  31.40000  0.270643634584E+00
  31.50000  0.326803986510E+00
  31.60000  0.283630762783E+00
  31.70000  0.348681360314E+00
  31.80000  0.364768297474E+00
  31.90000  0.442897937755E+00
  32.00000  0.511981183864E+00
  32.10000  0.563652679656E+00
  32.20000  0.608032016714E+00
  32.30000  0.621483065408E+00
  32.40000  0.618519736338E+00
  32.50000  0.659260414503E+00
  32.60000  0.666358642568E+00
  32.70000  0.749738528211E+00
  32.80000  0.779804546685E+00
  32.90000  0.803694492486E+00
  33.00000  0.822162816370E+00
  33.10000  0.735843135645E+00
  33.20000  0.762504675424E+00
  33.30000  0.655881075002E+00
  33.40000  0.714269783167E+00
  33.50000  0.658206155378E+00
  33.60000  0.687052279516E+00
  33.70000  0.646620289505E+00
  33.80000  0.596835279233E+00
  33.90000  0.542887234512E+00
  34.00000  0.472720204904E+00
  34.10000  0.429650306968E+00
  34.20000  0.409219142045E+00
  34.30000  0.382620661008E+00
  34.40000  0.397609763642E+00
  34.50000  0.364655272761E+00
  34.60000  0.367179152880E+00
  34.70000  0.332410212500E+00
  34.80000  0.312362786392E+00
  34.90000  0.313200636666E+00
  35.00000  0.292191773981E+00
  35.10000  0.351402550656E+00
  35.20000  0.341785774408E+00
  35.30000  0.428930427395E+00
  35.40000  0.418516647555E+00
  35.50000  0.475688634577E+00
  35.60000  0.462409574883E+00
  35.70000  0.481873453816E+00
  35.80000  0.495528637257E+00
  35.90000  0.527231635764E+00
  36.00000  0.569637253301E+00
  36.10000  0.630756384182E+00
  36.20000  0.640715859852E+00
  36.30000  0.691251179355E+00
  36.40000  0.640065247736E+00
  36.50000  0.662907222075E+00
  36.60000  0.619898609884E+00
  36.70000  0.632144504406E+00
  36.80000  0.657785522365E+00
  36.90000  0.642486638803E+00
  37.00000  0.694371682524E+00
  37.10000  0.623114599195E+00
  37.20000  0.638640187719E+00
  37.30000  0.549994582581E+00
  37.40000  0.538787196472E+00
  37.50000  0.497533908981E+00
  37.60000  0.492776099884E+00
  37.70000  0.490215686629E+00
  37.80000  0.486170625258E+00
  37.90000  0.461396952987E+00
  38.00000  0.447621345379E+00
  38.10000  0.385526482880E+00
  38.20000  0.382831384425E+00
  38.30000  0.326637592767E+00
  38.40000  0.350617357747E+00
  38.50000  0.332457365217E+00
  38.60000  0.357566582883E+00
  38.70000  0.364959766128E+00
  38.80000  0.354649205934E+00
  38.90000  0.365358883288E+00
  39.00000  0.324548032911E+00
  39.10000  0.341199986756E+00
  39.20000  0.313848615506E+00
  39.30000  0.345836812778E+00
  39.40000  0.355618805193E+00
  39.50000  0.385876535523E+00
  39.60000  0.404035395898E+00
  39.70000  0.408738139269E+00
  39.80000  0.399335550567E+00
  39.90000  0.395418006474E+00
  40.00000  0.365162173857E+00
  40.10000  0.394176700957E+00
  40.20000  0.368257382333E+00
  40.30000  0.428166810461E+00
  40.40000  0.405717055980E+00
  40.50000  0.444992985857E+00
  40.60000  0.416232536342E+00
  40.70000  0.406494204535E+00
  40.80000  0.388568886668E+00
  40.90000  0.359519253024E+00
  41.00000  0.373431511521E+00
  41.10000  0.361946902950E+00
  41.20000  0.389849999056E+00
  41.30000  0.393117944602E+00
  41.40000  0.397106514032E+00
  41.50000  0.394207744742E+00
  41.60000  0.372241883470E+00
  41.70000  0.361868932030E+00
  41.80000  0.354142652823E+00
  41.90000  0.346921247735E+00
  42.00000  0.382624564688E+00
  42.10000  0.372492807361E+00
  42.20000  0.432501389314E+00
  42.30000  0.403261637454E+00
  42.40000  0.447692079650E+00
  42.50000  0.408013140005E+00
  42.60000  0.425950348511E+00
  42.70000  0.411366541847E+00
  42.80000  0.422967873795E+00
  42.90000  0.448172229918E+00
  43.00000  0.464891007823E+00
  43.10000  0.495206578934E+00
  43.20000  0.506559243650E+00
  43.30000  0.501393294692E+00
  43.40000  0.504042147921E+00
  43.50000  0.473584154769E+00
  43.60000  0.481134421067E+00
  43.70000  0.469954608346E+00
  43.80000  0.480532711771E+00
  43.90000  0.504540230245E+00
  44.00000  0.489319603935E+00
  44.10000  0.522025150928E+00
  44.20000  0.467532906037E+00
  44.30000  0.485372017153E+00
  44.40000  0.423289526090E+00
  44.50000  0.430846063885E+00
  44.60000  0.401154234424E+00
  44.70000  0.407208002561E+00
  44.80000  0.407650104347E+00
  44.90000  0.406458472006E+00
  45.00000  0.401766939685E+00
  45.10000  0.390506958590E+00
  45.20000  0.361942120753E+00
  45.30000  0.356082093494E+00
  45.40000  0.320312253489E+00
  45.50000  0.335562937094E+00
  45.60000  0.317153176484E+00
  45.70000  0.344367871814E+00
  45.80000  0.347527252519E+00
  45.90000  0.358830883069E+00
  46.00000  0.372015804162E+00
  46.10000  0.353651546502E+00
  46.20000  0.371689213913E+00
  46.30000  0.343324203026E+00
  46.40000  0.372033627204E+00
  46.50000  0.365107044359E+00
  46.60000  0.402269042079E+00
  46.70000  0.420817993657E+00
  46.80000  0.447638470210E+00
  46.90000  0.463883609709E+00
  47.00000  0.470470995023E+00
  47.10000  0.463154582053E+00
  47.20000  0.471901429728E+00
  47.30000  0.451100765122E+00
  47.40000  0.490311880985E+00
  47.50000  0.473528707884E+00
  47.60000  0.530867365979E+00
  47.70000  0.515651950835E+00
  47.80000  0.546368989957E+00
  47.90000  0.526519270071E+00
  48.00000  0.512132120360E+00
  48.10000  0.501610227187E+00
  48.20000  0.471654726726E+00
  48.30000  0.484458494600E+00
  48.40000  0.470760783042E+00
  48.50000  0.489196913540E+00
  48.60000  0.486676166656E+00
  48.70000  0.479912339470E+00
  48.80000  0.467653655044E+00
  48.90000  0.437984417230E+00
  49.00000  0.414485493487E+00
  49.10000  0.397858163571E+00
  49.20000  0.374464119008E+00
  49.30000  0.392776865581E+00
  49.40000  0.368256086302E+00
  49.50000  0.403299160799E+00
  49.60000  0.367904416723E+00
  49.70000  0.389053341403E+00
  49.80000  0.348883169310E+00
  49.90000  0.349882424779E+00
  50.00000  0.327678122512E+00
  50.10000  0.325419000931E+00
  50.20000  0.332118762156E+00
  50.30000  0.338789236973E+00
  50.40000  0.355697026538E+00
  50.50000  0.366430576452E+00
  50.60000  0.365638306551E+00
  50.70000  0.373911150680E+00
  50.80000  0.352968842202E+00
  50.90000  0.363986276240E+00
  51.00000  0.348822073970E+00
  51.10000  0.366833107302E+00
  51.20000  0.378077957271E+00
  51.30000  0.389192186922E+00
  51.40000  0.418153284278E+00
  51.50000  0.403424346574E+00
  51.60000  0.428969614588E+00
  51.70000  0.394246274438E+00
  51.80000  0.410652501453E+00
  51.90000  0.385213852657E+00
  52.00000  0.399540333479E+00
  52.10000  0.399109274047E+00
  52.20000  0.410904176286E+00
  52.30000  0.417626649647E+00
  52.40000  0.420117355515E+00
  52.50000  0.408329431744E+00
  52.60000  0.406814299077E+00
  52.70000  0.375556013759E+00
  52.80000  0.385687824530E+00
  52.90000  0.354104109839E+00
  53.00000  0.377921585584E+00
  53.10000  0.358441599698E+00
  53.20000  0.376436970335E+00
  53.30000  0.366519691273E+00
  53.40000  0.360808276658E+00
  53.50000  0.356531261181E+00
  53.60000  0.333053748941E+00
  53.70000  0.336259562447E+00
  53.80000  0.316603366788E+00
  53.90000  0.326140607349E+00
  54.00000  0.322582447886E+00
  54.10000  0.329082450184E+00
  54.20000  0.334939263631E+00
  54.30000  0.331505876391E+00
  54.40000  0.333679850646E+00
  54.50000  0.327856776071E+00
  54.60000  0.321016595899E+00
  54.70000  0.328994547587E+00
  54.80000  0.315497339900E+00
  54.90000  0.343456399232E+00
  55.00000  0.325963086912E+00
  55.10000  0.361713431233E+00
  55.20000  0.342397191763E+00
  55.30000  0.367956921055E+00
  55.40000  0.352909017808E+00
  55.50000  0.362308981755E+00
  55.60000  0.358935196420E+00
  55.70000  0.360709360889E+00
  55.80000  0.367713492161E+00
  55.90000  0.372808831900E+00
  56.00000  0.377709441288E+00
  56.10000  0.389708075076E+00
  56.20000  0.381187717269E+00
  56.30000  0.397056115448E+00
  56.40000  0.378230764394E+00
  56.50000  0.392505649416E+00
  56.60000  0.378305881586E+00
  56.70000  0.384516884088E+00
  56.80000  0.386488665797E+00
  56.90000  0.379240485277E+00
  57.00000  0.395519295047E+00
  57.10000  0.375674984386E+00
  57.20000  0.395007817237E+00
  57.30000  0.371757682347E+00
  57.40000  0.384070016697E+00
  57.50000  0.368431892753E+00
  57.60000  0.371260615748E+00
  57.70000  0.366386079706E+00
  57.80000  0.364526151029E+00
  57.90000  0.363112006331E+00
  58.00000  0.364464780288E+00
  58.10000  0.355805394305E+00
  58.20000  0.366220054364E+00
  58.30000  0.345678428116E+00
  58.40000  0.364965302687E+00
  58.50000  0.337671454357E+00
  58.60000  0.359327133576E+00
  58.70000  0.336084698773E+00
  58.80000  0.351472447723E+00
  58.90000  0.340739793282E+00
  59.00000  0.344879112512E+00
  59.10000  0.346783252396E+00
  59.20000  0.341589436699E+00
  59.30000  0.348342425313E+00
  59.40000  0.341287608003E+00
  59.50000  0.343704712336E+00
  59.60000  0.342750660169E+00
  59.70000  0.337447275553E+00
  59.80000  0.345046728391E+00
  59.90000  0.336265540522E+00
  60.00000  0.346536007749E+00
  60.10000  0.341869935561E+00
  60.20000  0.344314472939E+00
  60.30000  0.349087660718E+00
  60.40000  0.337276653732E+00
  60.50000  0.351858764403E+00
  60.60000  0.329542952969E+00
  60.70000  0.349561318539E+00
  60.80000  0.327636241701E+00
  60.90000  0.345678527935E+00
  61.00000  0.332581474343E+00
  61.10000  0.341892874224E+00
  61.20000  0.337194242766E+00
  61.30000  0.336976384493E+00
  61.40000  0.333832300800E+00
  61.50000  0.331399670765E+00
  61.60000  0.323440680626E+00
  61.70000  0.328709992402E+00
  61.80000  0.313890602972E+00
  61.90000  0.329858062336E+00
  62.00000  0.310036749022E+00
  62.10000  0.329257056038E+00
  62.20000  0.309129330775E+00
  62.30000  0.320606374787E+00
  62.40000  0.306733928252E+00
  62.50000  0.305801541303E+00
  62.60000  0.303069559010E+00
  62.70000  0.293949059832E+00
  62.80000  0.300486151277E+00
  62.90000  0.290625783223E+00
  63.00000  0.297516442290E+00
  63.10000  0.291546654553E+00
  63.20000  0.290263254180E+00
  63.30000  0.288882824303E+00
  63.40000  0.279627213567E+00
  63.50000  0.280977221007E+00
  63.60000  0.272499603370E+00
  63.70000  0.272446505425E+00
  63.80000  0.273336943700E+00
  63.90000  0.266300221156E+00
  64.00000  0.277466735806E+00
  64.10000  0.260585573831E+00
  64.20000  0.276212126384E+00
  64.30000  0.253716247788E+00
  64.40000  0.267470744403E+00
  64.50000  0.248779616563E+00
  64.60000  0.257580116300E+00
  64.70000  0.249077812079E+00
  64.80000  0.252563806821E+00
  64.90000  0.251564285547E+00
  65.00000  0.251318419644E+00
  65.10000  0.249160086689E+00
  65.20000  0.249349122246E+00
  65.30000  0.239981707086E+00
  65.40000  0.245998536398E+00
  65.50000  0.230543149484E+00
  65.60000  0.244067236918E+00
  65.70000  0.227850043659E+00
  65.80000  0.243423882816E+00
  65.90000  0.230941482100E+00
  66.00000  0.239694968120E+00
  66.10000  0.233118940565E+00
  66.20000  0.230971628445E+00
  66.30000  0.230972221878E+00
  66.40000  0.222356582665E+00
  66.50000  0.227416439037E+00
  66.60000  0.220435372012E+00
  66.70000  0.225638631189E+00
  66.80000  0.224556087028E+00
  66.90000  0.224118768812E+00
  67.00000  0.227205810279E+00
  67.10000  0.220246436043E+00
  67.20000  0.223368698611E+00
  67.30000  0.216219398295E+00
  67.40000  0.216238919496E+00
  67.50000  0.217111074081E+00
  67.60000  0.212002758039E+00
  67.70000  0.223071178366E+00
  67.80000  0.211716526607E+00
  67.90000  0.227378444656E+00
  68.00000  0.211580101115E+00
  68.10000  0.224401515732E+00
  68.20000  0.210019120662E+00
  68.30000  0.217081330524E+00
  68.40000  0.210204935445E+00
  68.50000  0.213437295556E+00
  68.60000  0.214150223898E+00
  68.70000  0.216575940455E+00
  68.80000  0.217825353411E+00
  68.90000  0.221621105704E+00
  69.00000  0.215756729160E+00
  69.10000  0.223150351117E+00
  69.20000  0.209321399442E+00
  69.30000  0.222159648819E+00
  69.40000  0.206428593697E+00
  69.50000  0.222988048215E+00
  69.60000  0.211809434846E+00
  69.70000  0.225625810048E+00
  69.80000  0.220746832848E+00
  69.90000  0.225460027713E+00
  70.00000  0.225002187031E+00
  70.10000  0.221105686269E+00
  70.20000  0.223064601856E+00
  70.30000  0.218303673532E+00
  70.40000  0.220982768578E+00
  70.50000  0.222923498678E+00
  70.60000  0.223312506785E+00
  70.70000  0.232181541740E+00
  70.80000  0.227346496159E+00
  70.90000  0.236932712307E+00
  71.00000  0.228479581091E+00
  71.10000  0.232991892351E+00
  71.20000  0.228136343959E+00
  71.30000  0.226492111436E+00
  71.40000  0.231976756091E+00
  71.50000  0.225929800181E+00
  71.60000  0.240615837548E+00
  71.70000  0.231611163318E+00
  71.80000  0.246807113094E+00
  71.90000  0.236540057328E+00
  72.00000  0.244447752039E+00
  72.10000  0.236721280805E+00
  72.20000  0.237527973715E+00
  72.30000  0.236029915344E+00
  72.40000  0.236070939579E+00
  72.50000  0.239175058758E+00
  72.60000  0.243634149928E+00
  72.70000  0.243658520164E+00
  72.80000  0.252894686238E+00
  72.90000  0.243025609931E+00
  73.00000  0.255202315074E+00
  73.10000  0.237056565977E+00
  73.20000  0.251175316718E+00
  73.30000  0.233807086816E+00
  73.40000  0.248416683437E+00
  73.50000  0.239424710336E+00
  73.60000  0.250416861875E+00
  73.70000  0.249262620336E+00
  73.80000  0.252465792003E+00
  73.90000  0.252930320226E+00
  74.00000  0.249778038033E+00
  74.10000  0.247160213061E+00
  74.20000  0.245460609399E+00
  74.30000  0.239564665964E+00
  74.40000  0.246367203007E+00
  74.50000  0.238553164199E+00
  74.60000  0.252527508085E+00
  74.70000  0.243114988050E+00
  74.80000  0.255540543770E+00
  74.90000  0.245677912449E+00
  75.00000  0.249127721950E+00
  75.10000  0.243061529070E+00
  75.20000  0.237869940240E+00
  75.30000  0.240036337612E+00
  75.40000  0.232042339473E+00
  75.50000  0.241189988394E+00
  75.60000  0.235028431003E+00
  75.70000  0.243395047474E+00
  75.80000  0.239666657372E+00
  75.90000  0.239965778553E+00
  76.00000  0.237813068502E+00
  76.10000  0.230731973316E+00
  76.20000  0.230096488681E+00
  76.30000  0.223591173306E+00
  76.40000  0.223504433621E+00
  76.50000  0.224697901269E+00
  76.60000  0.221278070481E+00
  76.70000  0.230187128683E+00
  76.80000  0.219291705682E+00
  76.90000  0.230574802220E+00
  77.00000  0.213154283811E+00
  77.10000  0.222225602741E+00
  77.20000  0.205278009485E+00
  77.30000  0.211190962751E+00
  77.40000  0.201726314430E+00
  77.50000  0.205085338546E+00
  77.60000  0.203288249983E+00
  77.70000  0.204085697803E+00
  77.80000  0.203381516955E+00
  77.90000  0.202281046759E+00
  78.00000  0.196075605667E+00
  78.10000  0.196326639250E+00
  78.20000  0.183774201431E+00
  78.30000  0.189310998230E+00
  78.40000  0.174490590137E+00
  78.50000  0.185302360590E+00
  78.60000  0.172290982641E+00
  78.70000  0.182931906634E+00
  78.80000  0.173026516211E+00
  78.90000  0.177107051059E+00
  79.00000  0.170126780126E+00
  79.10000  0.166354358888E+00
  79.20000  0.162396021225E+00
  79.30000  0.155580446669E+00
  79.40000  0.154158918664E+00
  79.50000  0.150322742744E+00
  79.60000  0.148751082191E+00
  79.70000  0.149903309635E+00
  79.80000  0.144537075807E+00
  79.90000  0.148210194213E+00
  80.00000  0.138208332403E+00
  80.10000  0.140911329982E+00
  80.20000  0.130063263462E+00
  80.30000  0.130050045241E+00
  80.40000  0.123840175128E+00
  80.50000  0.120885972867E+00
  80.60000  0.121503833047E+00
  80.70000  0.115647829443E+00
  80.80000  0.120164435180E+00
  80.90000  0.111912781282E+00
  81.00000  0.115298176484E+00
  81.10000  0.106677424541E+00
  81.20000  0.106170601901E+00
  81.30000  0.100178853488E+00
  81.40000  0.967117349184E-01
  81.50000  0.947903183840E-01
  81.60000  0.909878270462E-01
  81.70000  0.911884565826E-01
  81.80000  0.889158207849E-01
  81.90000  0.872056316270E-01
  82.00000  0.870359725487E-01
  82.10000  0.807597919750E-01
  82.20000  0.827636948241E-01
  82.30000  0.728377352777E-01
  82.40000  0.768149311119E-01
  82.50000  0.666267238595E-01
  82.60000  0.714594873989E-01
  82.70000  0.638946432640E-01
  82.80000  0.674655293107E-01
  82.90000  0.630298168340E-01
  83.00000  0.636002229058E-01
  83.10000  0.609178747992E-01
  83.20000  0.588160078993E-01
  83.30000  0.562478858683E-01
  83.40000  0.539392123848E-01
  83.50000  0.505037576827E-01
  83.60000  0.506924860744E-01
  83.70000  0.459404393343E-01
  83.80000  0.494300023192E-01
  83.90000  0.432208885046E-01
  84.00000  0.484778493215E-01
  84.10000  0.412697587797E-01
  84.20000  0.458765435774E-01
  84.30000  0.389954601454E-01
  84.40000  0.414638463897E-01
  84.50000  0.365524052136E-01
  84.60000  0.369855887349E-01
  84.70000  0.347953829278E-01
  84.80000  0.342664921538E-01
  84.90000  0.339010344466E-01
  85.00000  0.335184979835E-01
  85.10000  0.329679124977E-01
  85.20000  0.334538800062E-01
  85.30000  0.310505262794E-01
  85.40000  0.327928936663E-01
  85.50000  0.283567367213E-01
  85.60000  0.314218871068E-01
  85.70000  0.261994682911E-01
  85.80000  0.301177520891E-01
  85.90000  0.257258042981E-01
  86.00000  0.294156979638E-01
  86.10000  0.267701876658E-01
  86.20000  0.290047172347E-01
  86.30000  0.280116509538E-01
  86.40000  0.282702251938E-01
  86.50000  0.282366391445E-01
  86.60000  0.272458478795E-01
  86.70000  0.274036963165E-01
  86.80000  0.267841610807E-01
  86.90000  0.264832252533E-01
  87.00000  0.276605763382E-01
  87.10000  0.263553462389E-01
  87.20000  0.295752130166E-01
  87.30000  0.269941090695E-01
  87.40000  0.312246794909E-01
  87.50000  0.277613094406E-01
  87.60000  0.314980292531E-01
  87.70000  0.283481113584E-01
  87.80000  0.305897979543E-01
  87.90000  0.291785695309E-01
  88.00000  0.298302897318E-01
  88.10000  0.307613416080E-01
  88.20000  0.303770471085E-01
  88.30000  0.327903269749E-01
  88.40000  0.321466975028E-01
  88.50000  0.341954402189E-01
  88.60000  0.340934693814E-01
  88.70000  0.342688292240E-01
  88.80000  0.354288251342E-01
  88.90000  0.336316535719E-01
  89.00000  0.363438498076E-01
  89.10000  0.338164878478E-01
  89.20000  0.374553791328E-01
  89.30000  0.357555867271E-01
  89.40000  0.387788718933E-01
  89.50000  0.387893241752E-01
  89.60000  0.396170729936E-01
  89.70000  0.413252537154E-01
  89.80000  0.395773783560E-01
  89.90000  0.424392278290E-01
  90.00000  0.394065613870E-01
  90.10000  0.426427824980E-01
  90.20000  0.404114271765E-01
  90.30000  0.430435982283E-01
  90.40000  0.429542433796E-01
  90.50000  0.440228350507E-01
  90.60000  0.457958558929E-01
  90.70000  0.450434749480E-01
  90.80000  0.472160297255E-01
  90.90000  0.456923683311E-01
  91.00000  0.467590049319E-01
  91.10000  0.464574982424E-01
  91.20000  0.456466024391E-01
  91.30000  0.481066708617E-01
  91.40000  0.454187364792E-01
  91.50000  0.504259129210E-01
  91.60000  0.464029019322E-01
  91.70000  0.520518212707E-01
  91.80000  0.477097670399E-01
  91.90000  0.518498533970E-01
  92.00000  0.485337369026E-01
  92.10000  0.502961554281E-01
  92.20000  0.490198259919E-01
  92.30000  0.491546682634E-01
  92.40000  0.496899772986E-01
  92.50000  0.497080115657E-01
  92.60000  0.503748586618E-01
  92.70000  0.515202012835E-01
  92.80000  0.502255219533E-01
  92.90000  0.530714987112E-01
  93.00000  0.488926651600E-01
  93.10000  0.534066006419E-01
  93.20000  0.473179243108E-01
  93.30000  0.528673658088E-01
  93.40000  0.469512747410E-01
  93.50000  0.522638659790E-01
  93.60000  0.481745685207E-01
  93.70000  0.517650086483E-01
  93.80000  0.497882058982E-01
  93.90000  0.509512648895E-01
  94.00000  0.502131409505E-01
  94.10000  0.497923302055E-01
  94.20000  0.490445652664E-01
  94.30000  0.490532011400E-01
  94.40000  0.472403157200E-01
  94.50000  0.494275595650E-01
  94.60000  0.459100131320E-01
  94.70000  0.504687730340E-01
  94.80000  0.452553701286E-01
  94.90000  0.507867644716E-01
  95.00000  0.447986943970E-01
  95.10000  0.494436511160E-01
  95.20000  0.443103542542E-01
  95.30000  0.469585191642E-01
  95.40000  0.440734111837E-01
  95.50000  0.447580042190E-01
  95.60000  0.441977703418E-01
  95.70000  0.437427838359E-01
  95.80000  0.440760195185E-01
  95.90000  0.435983335982E-01
  96.00000  0.429000651570E-01
  96.10000  0.434560601930E-01
  96.20000  0.406919977413E-01
  96.30000  0.428976489392E-01
  96.40000  0.385147819495E-01
  96.50000  0.420944197468E-01
  96.60000  0.374803019031E-01
  96.70000  0.411662699831E-01
  96.80000  0.376535504296E-01
  96.90000  0.398399746114E-01
  97.00000  0.380843828487E-01
  97.10000  0.379325042363E-01
  97.20000  0.378462837023E-01
  97.30000  0.359341338542E-01
  97.40000  0.368393330722E-01
  97.50000  0.347442391909E-01
  97.60000  0.355576189598E-01
  97.70000  0.347235740948E-01
  97.80000  0.343471562312E-01
  97.90000  0.351953373670E-01
  98.00000  0.331745080412E-01
  98.10000  0.350611756957E-01
  98.20000  0.320660518556E-01
  98.30000  0.338664872078E-01
  98.40000  0.314115995615E-01
  98.50000  0.321278338114E-01
  98.60000  0.315554702835E-01
  98.70000  0.306523033120E-01
  98.80000  0.321721663842E-01
  98.90000  0.297478708151E-01
  99.00000  0.323509753460E-01
  99.10000  0.292043233532E-01
  99.20000  0.314656914567E-01
  99.30000  0.288471294177E-01
  99.40000  0.298621222138E-01
  99.50000  0.287847280583E-01
  99.60000  0.285331688340E-01
  99.70000  0.290267231438E-01
  99.80000  0.281370725093E-01
  99.90000  0.291180023973E-01
 100.00000  0.284688303118E-01
 100.10000  0.284667356754E-01
 100.20000  0.288931506140E-01
 100.30000  0.270816466295E-01
 100.40000  0.290860843655E-01
 100.50000  0.257717966223E-01
 100.60000  0.291720100697E-01
 100.70000  0.254299514828E-01
 100.80000  0.292370185323E-01
 100.90000  0.261448460546E-01
 101.00000  0.290272787398E-01
 101.10000  0.271454508402E-01
 101.20000  0.283264627023E-01
 101.30000  0.276223864839E-01
 101.40000  0.275012065297E-01
 101.50000  0.274690648921E-01
 101.60000  0.273684365785E-01
 101.70000  0.271533846985E-01
 101.80000  0.283641770251E-01
 101.90000  0.270199775267E-01
 102.00000  0.299508595495E-01
 102.10000  0.269610937077E-01
 102.20000  0.310369018132E-01
 102.30000  0.268176906082E-01
 102.40000  0.310252633807E-01
 102.50000  0.268642134164E-01
 102.60000  0.303465323653E-01
 102.70000  0.276069253352E-01
 102.80000  0.299122028556E-01
 102.90000  0.290578757385E-01
 103.00000  0.301629848582E-01
 103.10000  0.304328629612E-01
 103.20000  0.307970651809E-01
 103.30000  0.308048545349E-01
 103.40000  0.313751747380E-01
 103.50000  0.300766503385E-01
 103.60000  0.319333610725E-01
 103.70000  0.291589829079E-01
 103.80000  0.328031121444E-01
 103.90000  0.290941209446E-01
 104.00000  0.339205122808E-01
 104.10000  0.300660248462E-01
 104.20000  0.346139230706E-01
 104.30000  0.313572721934E-01
 104.40000  0.342820549337E-01
 104.50000  0.322139384496E-01
 104.60000  0.332148935923E-01
 104.70000  0.325748188238E-01
 104.80000  0.325184865688E-01
 104.90000  0.328770688123E-01
 105.00000  0.330902187590E-01
 105.10000  0.333052366022E-01
 105.20000  0.347123460673E-01
 105.30000  0.334944271613E-01
 105.40000  0.362576755470E-01
 105.50000  0.330796507472E-01
 105.60000  0.367914771633E-01
 105.70000  0.323824405638E-01
 105.80000  0.363860942671E-01
 105.90000  0.322937099959E-01
 106.00000  0.358308401158E-01
 106.10000  0.333533929489E-01
 106.20000  0.356735685877E-01
 106.30000  0.350370805617E-01
 106.40000  0.357257442132E-01
 106.50000  0.361209846561E-01
 106.60000  0.355324120792E-01
 106.70000  0.358200998467E-01
 106.80000  0.351332067421E-01
 106.90000  0.345138474615E-01
 107.00000  0.351148285471E-01
 107.10000  0.333059223964E-01
 107.20000  0.358478171442E-01
 107.30000  0.329276237232E-01
 107.40000  0.368333120319E-01
 107.50000  0.331612630156E-01
 107.60000  0.370189819795E-01
 107.70000  0.333106555388E-01
 107.80000  0.358376150725E-01
 107.90000  0.330666538780E-01
 108.00000  0.338571870026E-01
 108.10000  0.327526203701E-01
 108.20000  0.323086266177E-01
 108.30000  0.327399727419E-01
 108.40000  0.319560621267E-01
 108.50000  0.328121206653E-01
 108.60000  0.324620621593E-01
 108.70000  0.322910638548E-01
 108.80000  0.328451942730E-01
 108.90000  0.308237078781E-01
 109.00000  0.324734907355E-01
 109.10000  0.289280362573E-01
 109.20000  0.315406699375E-01
 109.30000  0.276263499572E-01
 109.40000  0.306172632860E-01
 109.50000  0.274867861378E-01
 109.60000  0.298926690736E-01
 109.70000  0.280563458933E-01
 109.80000  0.289990633746E-01
 109.90000  0.282758673983E-01
 110.00000  0.275779776707E-01
 110.10000  0.274491356944E-01
 110.20000  0.258746021784E-01
 110.30000  0.257903919135E-01
 110.40000  0.246148792034E-01
 110.50000  0.240612879737E-01
 110.60000  0.242527606391E-01
 110.70000  0.227677444191E-01
 110.80000  0.244132702523E-01
 110.90000  0.217794775983E-01
 111.00000  0.241676405496E-01
 111.10000  0.206896313870E-01
 111.20000  0.228826390941E-01
 111.30000  0.194080614311E-01
 111.40000  0.207838558203E-01
 111.50000  0.182851040003E-01
 111.60000  0.186958189410E-01
 111.70000  0.176514191176E-01
 111.80000  0.172733425505E-01
 111.90000  0.173339672321E-01
 112.00000  0.165005307617E-01
 112.10000  0.167269237835E-01
 112.20000  0.158814165307E-01
 112.30000  0.153721153836E-01
 112.40000  0.150233390012E-01
 112.50000  0.134400860082E-01
 112.60000  0.139773370503E-01
 112.70000  0.116044411726E-01
 112.80000  0.130352942507E-01
 112.90000  0.104367578873E-01
 113.00000  0.122848159779E-01
 113.10000  0.992879085141E-02
 113.20000  0.114536773214E-01
 113.30000  0.958475481983E-02
 113.40000  0.102190480476E-01
 113.50000  0.893078860890E-02
 113.60000  0.862168112399E-02
 113.70000  0.790452467105E-02
 113.80000  0.710387080218E-02
 113.90000  0.678333906239E-02
 114.00000  0.611074829819E-02
 114.10000  0.581699758753E-02
 114.20000  0.567686908314E-02
 114.30000  0.499239144656E-02
 114.40000  0.542251776915E-02
 114.50000  0.414431619914E-02
 114.60000  0.492986994941E-02
 114.70000  0.322493355812E-02
 114.80000  0.409384408989E-02
 114.90000  0.239823393374E-02
 115.00000  0.313242621576E-02
 115.10000  0.186139466056E-02
 115.20000  0.232091386473E-02
 115.30000  0.161717810804E-02
 115.40000  0.175174776782E-02
 115.50000  0.146052615904E-02
 115.60000  0.132886556641E-02
 115.70000  0.118200094290E-02
 115.80000  0.939669971859E-03
 115.90000  0.758073560888E-03
 116.00000  0.585173756315E-03
 116.10000  0.340408427865E-03
 116.20000  0.336680029585E-03
 116.30000  0.838292933187E-04
 116.40000  0.208938053308E-03
 116.50000  0.831313906778E-05
 116.60000  0.129886896609E-03
 116.70000  0.279543633311E-04
 116.80000  0.441623246905E-04
 116.90000  0.816887129792E-04
 117.00000  0.416204547776E-05
 117.10000  0.192699894635E-03
 117.20000  0.117532877986E-03
 117.30000  0.395239718886E-03
 117.40000  0.408017582777E-03
 117.50000  0.655836438073E-03
 117.60000  0.763876310712E-03
 117.70000  0.921100899126E-03
 117.80000  0.105097779114E-02
 117.90000  0.123328726496E-02
 118.00000  0.126689192519E-02
 118.10000  0.174040022379E-02
 118.20000  0.154679967323E-02
 118.30000  0.254647021829E-02
 118.40000  0.200848837075E-02
 118.50000  0.354602479163E-02
 118.60000  0.262888873829E-02
 118.70000  0.444804381935E-02
 118.80000  0.329800749791E-02
 118.90000  0.502503367598E-02
 119.00000  0.397890490999E-02
 119.10000  0.535124230535E-02
 119.20000  0.478696686398E-02
 119.30000  0.576340397436E-02
 119.40000  0.587172018679E-02
 119.50000  0.657361831338E-02
 119.60000  0.719191967975E-02
 119.70000  0.781241737167E-02
 119.80000  0.845128222772E-02
 119.90000  0.923122094033E-02
 120.00000  0.933493725097E-02
 120.10000  0.105629930703E-01
 120.20000  0.983369574652E-02
 120.30000  0.117857458166E-01
 120.40000  0.103191617304E-01
 120.50000  0.130833393552E-01
 120.60000  0.112711599289E-01
 120.70000  0.145410494362E-01
 120.80000  0.128674648725E-01
 120.90000  0.159617132488E-01
 121.00000  0.148110202165E-01
 121.10000  0.170267510500E-01
 121.20000  0.166077283787E-01
 121.30000  0.176416742006E-01
 121.40000  0.180106108843E-01
 121.50000  0.181480628458E-01
 121.60000  0.191562361932E-01
 121.70000  0.191303548350E-01
 121.80000  0.203312914494E-01
 121.90000  0.209056250924E-01
 122.00000  0.216487584052E-01
 122.10000  0.232171509243E-01
 122.20000  0.229333451981E-01
 122.30000  0.254379429466E-01
 122.40000  0.239751304855E-01
 122.50000  0.270539950339E-01
 122.60000  0.248845939339E-01
 122.70000  0.280419685750E-01
 122.80000  0.260900068409E-01
 122.90000  0.288177208320E-01
 123.00000  0.279741367573E-01
 123.10000  0.297779753840E-01
 123.20000  0.304835230859E-01
 123.30000  0.309680526959E-01
 123.40000  0.330303061185E-01
 123.50000  0.321887212074E-01
 123.60000  0.349059237329E-01
 123.70000  0.332987500586E-01
 123.80000  0.358708306051E-01
 123.90000  0.344432976314E-01
 124.00000  0.362837001025E-01
 124.10000  0.359548707205E-01
 124.20000  0.367622123048E-01
 124.30000  0.379221262489E-01
 124.40000  0.377246713161E-01
 124.50000  0.399711003805E-01
 124.60000  0.391279454028E-01
 124.70000  0.415078096604E-01
 124.80000  0.406801125508E-01
 124.90000  0.421651193142E-01
 125.00000  0.422177594753E-01
 125.10000  0.421547167201E-01
 125.20000  0.438032859916E-01
 125.30000  0.421242701813E-01
 125.40000  0.455770055714E-01
 125.50000  0.426374114052E-01
 125.60000  0.474410049202E-01
 125.70000  0.438499891994E-01
 125.80000  0.489561507533E-01
 125.90000  0.454726673177E-01
 126.00000  0.497333728647E-01
 126.10000  0.470448407758E-01
 126.20000  0.497815175789E-01
 126.30000  0.483493213482E-01
 126.40000  0.495519224582E-01
 126.50000  0.494174236985E-01
 126.60000  0.497030154955E-01
 126.70000  0.502983658888E-01
 126.80000  0.505938557431E-01
 126.90000  0.509201026219E-01
 127.00000  0.520719894734E-01
 127.10000  0.510989673065E-01
 127.20000  0.536641558810E-01
 127.30000  0.508170816432E-01
 127.40000  0.549123983394E-01
 127.50000  0.503605835956E-01
 127.60000  0.556798246202E-01
 127.70000  0.501956728780E-01
 127.80000  0.560405627694E-01
 127.90000  0.507176725603E-01
 128.00000  0.560989684161E-01
 128.10000  0.518903660198E-01
 128.20000  0.559307730217E-01
 128.30000  0.533089221163E-01
 128.40000  0.555309286147E-01
 128.50000  0.544954672920E-01
 128.60000  0.550414769171E-01
 128.70000  0.550934913731E-01
 128.80000  0.547635356912E-01
 128.90000  0.550827196706E-01
 129.00000  0.549248278347E-01
 129.10000  0.546415634072E-01
 129.20000  0.555517526235E-01
 129.30000  0.539669596155E-01
 129.40000  0.563477449311E-01
 129.50000  0.532408055963E-01
 129.60000  0.568852587746E-01
 129.70000  0.526136471484E-01
 129.80000  0.568392668935E-01
 129.90000  0.522811924417E-01
 130.00000  0.561513485135E-01
 130.10000  0.523598185183E-01
 130.20000  0.550240075472E-01
 130.30000  0.528381391924E-01
 130.40000  0.536970896119E-01
 130.50000  0.534961031045E-01
 130.60000  0.524427114255E-01
 130.70000  0.539521582954E-01
 130.80000  0.514329466804E-01
 130.90000  0.539545792505E-01
 131.00000  0.507764118638E-01
 131.10000  0.533896496458E-01
 131.20000  0.505434397467E-01
 131.30000  0.523834501104E-01
 131.40000  0.505973638892E-01
 131.50000  0.511724514241E-01
 131.60000  0.506863598502E-01
 131.70000  0.499515051574E-01
 131.80000  0.504622200929E-01
 131.90000  0.489025165959E-01
 132.00000  0.496870743878E-01
 132.10000  0.481380616319E-01
 132.20000  0.483539281205E-01
 132.30000  0.477403669479E-01
 132.40000  0.466781588740E-01
 132.50000  0.476492360501E-01
 132.60000  0.449540502797E-01
 132.70000  0.476720194530E-01
 132.80000  0.433925522480E-01
 132.90000  0.474582024832E-01
 133.00000  0.421174514469E-01
 133.10000  0.467325908928E-01
 133.20000  0.411254957084E-01
 133.30000  0.454312326208E-01
 133.40000  0.404609417302E-01
 133.50000  0.437304398203E-01
 133.60000  0.400837177555E-01
 133.70000  0.419995076926E-01
 133.80000  0.398770945247E-01
 133.90000  0.404781980772E-01
 134.00000  0.395796351409E-01
 134.10000  0.392706329421E-01
 134.20000  0.388587872297E-01
 134.30000  0.382725420145E-01
 134.40000  0.375527762767E-01
 134.50000  0.373802768905E-01
 134.60000  0.357468100443E-01
 134.70000  0.365496709497E-01
 134.80000  0.338050996200E-01
 134.90000  0.357844703800E-01
 135.00000  0.321181118639E-01
 135.10000  0.350103578778E-01
 135.20000  0.309139219154E-01
 135.30000  0.340504818264E-01
 135.40000  0.301317811716E-01
 135.50000  0.326872969723E-01
 135.60000  0.295742419394E-01
 135.70000  0.308709497932E-01
 135.80000  0.290227081958E-01
 135.90000  0.288006849804E-01
 136.00000  0.284339400491E-01
 136.10000  0.268458109401E-01
 136.20000  0.278008911059E-01
 136.30000  0.253498927990E-01
 136.40000  0.271216776224E-01
 136.50000  0.243701579728E-01
 136.60000  0.262465387328E-01
 136.70000  0.237209279794E-01
 136.80000  0.250201636692E-01
 136.90000  0.230550657153E-01
 137.00000  0.234106806261E-01
 137.10000  0.221743460359E-01
 137.20000  0.216279392323E-01
 137.30000  0.210595760998E-01
 137.40000  0.200374934138E-01
 137.50000  0.198574018763E-01
 137.60000  0.189315429897E-01
 137.70000  0.186658954072E-01
 137.80000  0.183402835641E-01
 137.90000  0.174766623920E-01
 138.00000  0.180231249085E-01
 138.10000  0.161977762522E-01
 138.20000  0.176265872179E-01
 138.30000  0.148138306742E-01
 138.40000  0.169345629250E-01
 138.50000  0.134465183889E-01
 138.60000  0.159360349050E-01
 138.70000  0.123312622782E-01
 138.80000  0.148039083299E-01
 138.90000  0.116214980157E-01
 139.00000  0.136723083573E-01
 139.10000  0.112877579488E-01
 139.20000  0.125774330376E-01
 139.30000  0.110719246672E-01
 139.40000  0.114351679859E-01
 139.50000  0.106926991406E-01
 139.60000  0.102260118267E-01
 139.70000  0.998386035098E-02
 139.80000  0.904003417714E-02
 139.90000  0.902508447274E-02
 140.00000  0.807206732703E-02
 140.10000  0.801053703015E-02
 140.20000  0.744008943248E-02
 140.30000  0.713065393540E-02
 140.40000  0.709999777487E-02
 140.50000  0.642786798320E-02
 140.60000  0.683683994911E-02
 140.70000  0.583488638710E-02
 140.80000  0.641747046171E-02
 140.90000  0.526114776165E-02
 141.00000  0.572760589179E-02
 141.10000  0.469557321159E-02
 141.20000  0.484059965086E-02
 141.30000  0.421916997802E-02
 141.40000  0.394429064999E-02
 141.50000  0.390630490826E-02
 141.60000  0.319959614433E-02
 141.70000  0.374288369945E-02
 141.80000  0.265064667733E-02
 141.90000  0.358591241129E-02
 142.00000  0.222589497304E-02
 142.10000  0.328529156081E-02
 142.20000  0.185093504090E-02
 142.30000  0.277731941529E-02
 142.40000  0.150041542819E-02
 142.50000  0.215228192291E-02
 142.60000  0.121906482180E-02
 142.70000  0.156710069364E-02
 142.80000  0.103452435678E-02
 142.90000  0.114782129114E-02
 143.00000  0.934335523688E-03
 143.10000  0.913931997301E-03
 143.20000  0.846739872484E-03
 143.30000  0.793401661936E-03
 143.40000  0.706814889900E-03
 143.50000  0.698026518601E-03
 143.60000  0.494788916454E-03
 143.70000  0.587972433102E-03
 143.80000  0.264550604550E-03
 143.90000  0.486334739349E-03
 144.00000  0.992081877628E-04
 144.10000  0.426945896226E-03
 144.20000  0.475330145899E-04
 144.30000  0.397452119754E-03
 144.40000  0.861836337102E-04
 144.50000  0.354568535677E-03
 144.60000  0.149639883900E-03
 144.70000  0.275030710886E-03
 144.80000  0.189569540892E-03
 144.90000  0.210173832130E-03
 145.00000  0.210898081944E-03
 145.10000  0.246622945960E-03
 145.20000  0.244294718944E-03
 145.30000  0.436577199690E-03
 145.40000  0.311678773898E-03
 145.50000  0.746440707732E-03
 145.60000  0.402737083252E-03
 145.70000  0.107805461133E-02
 145.80000  0.494504376148E-03
 145.90000  0.133279481705E-02
 146.00000  0.587245128314E-03
 146.10000  0.148599647813E-02
 146.20000  0.732220049924E-03
 146.30000  0.159004326397E-02
 146.40000  0.101167153845E-02
 146.50000  0.173840314403E-02
 146.60000  0.147993591373E-02
 146.70000  0.197159954081E-02
 146.80000  0.207775397536E-02
 146.90000  0.224747890687E-02
 147.00000  0.266209303784E-02
 147.10000  0.249661132942E-02
 147.20000  0.307633445453E-02
 147.30000  0.269143294083E-02
 147.40000  0.328271813632E-02
 147.50000  0.291461675229E-02
 147.60000  0.338595763025E-02
 147.70000  0.327089184348E-02
 147.80000  0.354714372705E-02
 147.90000  0.381987773712E-02
 148.00000  0.389651198187E-02
 148.10000  0.450060314894E-02
 148.20000  0.442763622134E-02
 148.30000  0.515060540459E-02
 148.40000  0.504916615589E-02
 148.50000  0.560838408500E-02
 148.60000  0.566032286146E-02
 148.70000  0.580303255515E-02
 148.80000  0.625141006240E-02
 148.90000  0.582854161818E-02
 149.00000  0.691348558940E-02
 149.10000  0.588033827105E-02
 149.20000  0.772967342963E-02
 149.30000  0.613195221132E-02
 149.40000  0.865505453783E-02
 149.50000  0.661820500583E-02
 149.60000  0.949488648119E-02
 149.70000  0.725086012470E-02
 149.80000  0.100352602321E-01
 149.90000  0.790839899642E-02
 150.00000  0.101779411653E-01
 150.10000  0.855166047322E-02
 150.20000  0.100565494302E-01
 150.30000  0.927102858072E-02
 150.40000  0.994238787189E-02
 150.50000  0.101744728407E-01
 150.60000  0.100921843485E-01
 150.70000  0.113074723252E-01
 150.80000  0.106228697253E-01
 150.90000  0.125336122094E-01
 151.00000  0.114067435944E-01
 151.10000  0.135636554641E-01
 151.20000  0.122168567991E-01
 151.30000  0.141708057534E-01
 151.40000  0.128790691691E-01
 151.50000  0.143099321455E-01
 151.60000  0.133685666773E-01
 151.70000  0.142133534957E-01
 151.80000  0.138390665741E-01
 151.90000  0.142587161751E-01
 152.00000  0.144366805053E-01
 152.10000  0.147116044184E-01
 152.20000  0.151853984861E-01
 152.30000  0.156226549945E-01
 152.40000  0.159662716708E-01
 152.50000  0.168023243756E-01
 152.60000  0.165718264431E-01
 152.70000  0.179684245881E-01
 152.80000  0.168791696661E-01
 152.90000  0.189312838353E-01
 153.00000  0.169513336016E-01
 153.10000  0.196678475133E-01
 153.20000  0.170366961634E-01
 153.30000  0.202847137542E-01
 153.40000  0.174289854482E-01
 153.50000  0.208497452027E-01
 153.60000  0.182716713688E-01
 153.70000  0.213166153557E-01
 153.80000  0.194990276250E-01
 153.90000  0.215547572380E-01
 154.00000  0.208660286954E-01
 154.10000  0.214480862912E-01
 154.20000  0.221266313666E-01
 154.30000  0.210753642317E-01
 154.40000  0.232041569973E-01
 154.50000  0.206940701612E-01
 154.60000  0.241444810933E-01
 154.70000  0.206064186025E-01
 154.80000  0.250510334362E-01
 154.90000  0.210543682840E-01
 155.00000  0.259660638156E-01
 155.10000  0.220479871399E-01
 155.20000  0.267418835727E-01
 155.30000  0.233468290720E-01
 155.40000  0.271633407390E-01
 155.50000  0.246380801966E-01
 155.60000  0.271244047539E-01
 155.70000  0.256795460115E-01
 155.80000  0.267163166162E-01
 155.90000  0.264178254777E-01
 156.00000  0.262549731085E-01
 156.10000  0.269966811483E-01
 156.20000  0.261154922999E-01
 156.30000  0.275970700565E-01
 156.40000  0.265191240977E-01
 156.50000  0.283057112798E-01
 156.60000  0.274422159736E-01
 156.70000  0.290565201464E-01
 156.80000  0.286214214571E-01
 156.90000  0.296753163259E-01
 157.00000  0.297145318355E-01
 157.10000  0.300513681451E-01
 157.20000  0.304868746611E-01
 157.30000  0.302325090843E-01
 157.40000  0.308644177771E-01
 157.50000  0.304079807279E-01
 157.60000  0.309450876539E-01
 157.70000  0.308414166934E-01
 157.80000  0.309211309344E-01
 157.90000  0.316846068597E-01
 158.00000  0.309105831067E-01
 158.10000  0.328482602354E-01
 158.20000  0.309317057288E-01
 158.30000  0.340941140155E-01
 158.40000  0.309855356926E-01
 158.50000  0.351601652499E-01
 158.60000  0.310881435284E-01
 158.70000  0.358488203321E-01
 158.80000  0.313165748590E-01
 158.90000  0.361195955994E-01
 159.00000  0.318298563431E-01
 159.10000  0.360649896888E-01
 159.20000  0.327627696682E-01
 159.30000  0.357963675841E-01
 159.40000  0.341182297006E-01
 159.50000  0.353937460254E-01
 159.60000  0.357451772936E-01
 159.70000  0.348973921535E-01
 159.80000  0.373639041223E-01
 159.90000  0.343311297616E-01
 160.00000  0.386829645055E-01
 160.10000  0.337871545159E-01
 160.20000  0.395491358945E-01
 160.30000  0.334491638012E-01
 160.40000  0.399662826218E-01
 160.50000  0.335075090399E-01
 160.60000  0.400282834074E-01
 160.70000  0.340890356675E-01
 160.80000  0.398719450866E-01
 160.90000  0.352157128058E-01
 161.00000  0.396074624043E-01
 161.10000  0.367465048984E-01
 161.20000  0.392548554740E-01
 161.30000  0.383911438274E-01
 161.40000  0.387950550135E-01
 161.50000  0.398411578741E-01
 161.60000  0.382690500954E-01
 161.70000  0.408918755121E-01
 161.80000  0.377916585595E-01
 161.90000  0.414765313162E-01
 162.00000  0.375065518745E-01
 162.10000  0.416596647478E-01
 162.20000  0.375461078744E-01
 162.30000  0.416001006298E-01
 162.40000  0.379800513322E-01
 162.50000  0.414679097259E-01
 162.60000  0.387667329245E-01
 162.70000  0.413740147590E-01
 162.80000  0.397584206079E-01
 162.90000  0.413624192233E-01
 163.00000  0.407511556522E-01
 163.10000  0.414337796697E-01
 163.20000  0.415417111613E-01
 163.30000  0.415696897878E-01
 163.40000  0.419892681739E-01
 163.50000  0.417604266482E-01
 163.60000  0.420698716617E-01
 163.70000  0.420169037170E-01
 163.80000  0.418815379148E-01
 163.90000  0.423472172099E-01
 164.00000  0.415950328869E-01
 164.10000  0.427287396271E-01
 164.20000  0.413942309290E-01
 164.30000  0.431088394042E-01
 164.40000  0.414315237220E-01
 164.50000  0.434186939368E-01
 164.60000  0.417916299581E-01
 164.70000  0.435794148151E-01
 164.80000  0.424693457503E-01
 164.90000  0.435137188470E-01
 165.00000  0.433796682789E-01
 165.10000  0.431786916177E-01
 165.20000  0.443957377166E-01
 165.30000  0.426048393879E-01
 165.40000  0.453870962917E-01
 165.50000  0.419116902044E-01
 165.60000  0.462396564789E-01
 165.70000  0.412849970639E-01
 165.80000  0.468597524859E-01
 165.90000  0.409237025568E-01
 166.00000  0.471724507627E-01
 166.10000  0.409793711251E-01
 166.20000  0.471226333246E-01
 166.30000  0.415140952007E-01
 166.40000  0.466849105786E-01
 166.50000  0.424934155660E-01
 166.60000  0.458817062174E-01
 166.70000  0.438107923033E-01
 166.80000  0.447993053847E-01
 166.90000  0.453229715845E-01
 167.00000  0.435889630146E-01
 167.10000  0.468740101894E-01
 167.20000  0.424454015573E-01
 167.30000  0.482992784854E-01
 167.40000  0.415636027718E-01
 167.50000  0.494200779016E-01
 167.60000  0.410877734157E-01
 167.70000  0.500528133827E-01
 167.80000  0.410788961941E-01
 167.90000  0.500507336193E-01
 168.00000  0.415220632853E-01
 168.10000  0.493676178977E-01
 168.20000  0.423661324224E-01
 168.30000  0.481039907323E-01
 168.40000  0.435615824542E-01
 168.50000  0.464991562980E-01
 168.60000  0.450654575852E-01
 168.70000  0.448664205361E-01
 168.80000  0.468080111114E-01
 168.90000  0.434992397964E-01
 169.00000  0.486404903244E-01
 169.10000  0.425835546389E-01
 169.20000  0.503010762619E-01
 169.30000  0.421508476580E-01
 169.40000  0.514442314998E-01
 169.50000  0.421021947165E-01
 169.60000  0.517548373402E-01
 169.70000  0.423033484958E-01
 169.80000  0.511034513123E-01
 169.90000  0.426969469142E-01
 170.00000  0.496440454507E-01
 170.10000  0.433525602103E-01
 170.20000  0.477779859867E-01
 170.30000  0.444149112081E-01
 170.40000  0.459973801885E-01
 170.50000  0.459788626895E-01
 170.60000  0.446922074823E-01
 170.70000  0.479578550856E-01
 170.80000  0.440099062596E-01
 170.90000  0.500169991454E-01
 171.00000  0.438248374522E-01
 171.10000  0.516331808329E-01
 171.20000  0.438405858745E-01
 171.30000  0.522985885544E-01
 171.40000  0.437904038194E-01
 171.50000  0.517822640193E-01
 171.60000  0.436254042108E-01
 171.70000  0.502830197864E-01
 171.80000  0.435643659368E-01
 171.90000  0.483562649435E-01
 172.00000  0.439678150860E-01
 172.10000  0.466548709927E-01
 172.20000  0.451144757323E-01
 172.30000  0.456385009663E-01
 172.40000  0.469976369031E-01
 172.50000  0.453923308962E-01
 172.60000  0.492338522671E-01
 172.70000  0.456223658440E-01
 172.80000  0.511505675264E-01
 172.90000  0.458349633855E-01
 173.00000  0.520676410217E-01
 173.10000  0.456352273189E-01
 173.20000  0.516578504493E-01
 173.30000  0.449836925004E-01
 173.40000  0.501556893674E-01
 173.50000  0.442401455678E-01
 173.60000  0.482508937041E-01
 173.70000  0.439637365079E-01
 173.80000  0.467325595228E-01
 173.90000  0.446029219866E-01
 174.00000  0.461107585540E-01
 174.10000  0.462374312868E-01
 174.20000  0.464036493285E-01
 174.30000  0.484670874138E-01
 174.40000  0.471572928097E-01
 174.50000  0.505101486551E-01
 174.60000  0.476912625460E-01
 174.70000  0.515406015925E-01
 174.80000  0.474849476918E-01
 174.90000  0.511403752153E-01
 175.00000  0.464987322753E-01
 175.10000  0.495718829534E-01
 175.20000  0.452107698968E-01
 175.30000  0.476483279604E-01
 175.40000  0.443475049289E-01
 175.50000  0.462885722148E-01
 175.60000  0.445043901272E-01
 175.70000  0.460580216276E-01
 175.80000  0.458543530686E-01
 175.90000  0.469241069838E-01
 176.00000  0.480141545413E-01
 176.10000  0.482853439312E-01
 176.20000  0.501200454663E-01
 176.30000  0.492648210325E-01
 176.40000  0.511915465392E-01
 176.50000  0.491873935879E-01
 176.60000  0.506873165964E-01
 176.70000  0.479877885004E-01
 176.80000  0.488823805563E-01
 176.90000  0.462526847738E-01
 177.00000  0.467395271144E-01
 177.10000  0.448747393563E-01
 177.20000  0.453652970912E-01
 177.30000  0.446051394934E-01
 177.40000  0.454470718917E-01
 177.50000  0.457456595854E-01
 177.60000  0.469507596185E-01
 177.70000  0.479803448376E-01
 177.80000  0.491208011239E-01
 177.90000  0.503591593907E-01
 178.00000  0.507946920902E-01
 178.10000  0.516304602743E-01
 178.20000  0.510108227202E-01
 178.30000  0.509541427636E-01
 178.40000  0.496026255266E-01
 178.50000  0.485301508744E-01
 178.60000  0.473009838167E-01
 178.70000  0.455714048282E-01
 178.80000  0.452617373763E-01
 178.90000  0.436351068281E-01
 179.00000  0.445024682105E-01
 179.10000  0.438770378066E-01
 179.20000  0.456675360689E-01
 179.30000  0.466303866034E-01
 179.40000  0.489527693844E-01
 179.50000  0.512705438185E-01
 179.60000  0.539242281017E-01
 179.70000  0.564522191785E-01
 179.80000  0.599446582589E-01
 179.90000  0.626609041015E-01
 180.00000  0.130148639789E+00

