 # E =    3.7496275099327789       eV =    30245.000000000000       1/cm
 #  1801
# DFFCSO.  ACCUM LEV(I),J(I) =  1  0 LEV(F),J(F) =  1  0       , M =  0, WEIGHTED BY  1.00000
   0.10000  0.407918563702E+07
   0.20000  0.546311478327E+06
   0.30000  0.429894214336E+05
   0.40000  0.737488667866E+05
   0.50000  0.334784979437E+04
   0.60000  0.184768295059E+05
   0.70000  0.488472690718E+04
   0.80000  0.233294360924E+04
   0.90000  0.478561589571E+04
   1.00000  0.323555091406E+04
   1.10000  0.274933379614E+04
   1.20000  0.173741137510E+04
   1.30000  0.130573809502E+04
   1.40000  0.144754267023E+04
   1.50000  0.100733693052E+04
   1.60000  0.872997488318E+03
   1.70000  0.108108271280E+04
   1.80000  0.994985231824E+03
   1.90000  0.940155505777E+03
   2.00000  0.757636568885E+03
   2.10000  0.735636638607E+03
   2.20000  0.793816010462E+03
   2.30000  0.550918363870E+03
   2.40000  0.310068790684E+03
   2.50000  0.317604605206E+03
   2.60000  0.387622014323E+03
   2.70000  0.263559997977E+03
   2.80000  0.129755486170E+03
   2.90000  0.126701075707E+03
   3.00000  0.157993314499E+03
   3.10000  0.188028365324E+03
   3.20000  0.115129235541E+03
   3.30000  0.795050574236E+02
   3.40000  0.119604246614E+03
   3.50000  0.137881659338E+03
   3.60000  0.162042722242E+03
   3.70000  0.990051456248E+02
   3.80000  0.947727740686E+02
   3.90000  0.142373973880E+03
   4.00000  0.153764672308E+03
   4.10000  0.156171708590E+03
   4.20000  0.878247875000E+02
   4.30000  0.869533947472E+02
   4.40000  0.123121299474E+03
   4.50000  0.147936120109E+03
   4.60000  0.147133470993E+03
   4.70000  0.881840019107E+02
   4.80000  0.703424479041E+02
   4.90000  0.820728313939E+02
   5.00000  0.113218054260E+03
   5.10000  0.122945559232E+03
   5.20000  0.949175084777E+02
   5.30000  0.679798307074E+02
   5.40000  0.546135123803E+02
   5.50000  0.610530737178E+02
   5.60000  0.708457642719E+02
   5.70000  0.745522633198E+02
   5.80000  0.657462507900E+02
   5.90000  0.545525234017E+02
   6.00000  0.357320917648E+02
   6.10000  0.300015871400E+02
   6.20000  0.349063761546E+02
   6.30000  0.446808868157E+02
   6.40000  0.534763581604E+02
   6.50000  0.367791084774E+02
   6.60000  0.223647500849E+02
   6.70000  0.953214582646E+01
   6.80000  0.155703196357E+02
   6.90000  0.301801801904E+02
   7.00000  0.298907337578E+02
   7.10000  0.245946666060E+02
   7.20000  0.793945015510E+01
   7.30000  0.412648794009E+01
   7.40000  0.798516462065E+01
   7.50000  0.127828011025E+02
   7.60000  0.153623543835E+02
   7.70000  0.852537011710E+01
   7.80000  0.474422475314E+01
   7.90000  0.197461615543E+01
   8.00000  0.309098653695E+01
   8.10000  0.427231119681E+01
   8.20000  0.358416365918E+01
   8.30000  0.318224247702E+01
   8.40000  0.217722507781E+01
   8.50000  0.186442949058E+01
   8.60000  0.113958387619E+01
   8.70000  0.601255336098E+00
   8.80000  0.603468047915E+00
   8.90000  0.123945477310E+01
   9.00000  0.135249860649E+01
   9.10000  0.122798874579E+01
   9.20000  0.343120775874E+00
   9.30000  0.430044068154E-01
   9.40000  0.316712003319E+00
   9.50000  0.400872748697E+00
   9.60000  0.743207951053E+00
   9.70000  0.234537491596E+00
   9.80000  0.144021907749E+00
   9.90000  0.122942207486E+00
  10.00000  0.443728057781E-01
  10.10000  0.229219831047E+00
  10.20000  0.645111684249E-01
  10.30000  0.140363068710E+00
  10.40000  0.264199634669E+00
  10.50000  0.147454008438E+00
  10.60000  0.137846583557E+00
  10.70000  0.472681088447E-02
  10.80000  0.749593345163E-01
  10.90000  0.310553130211E+00
  11.00000  0.311711313917E+00
  11.10000  0.237809418757E+00
  11.20000  0.471408867012E-01
  11.30000  0.165757766740E-01
  11.40000  0.200070285690E+00
  11.50000  0.346685100869E+00
  11.60000  0.315612745993E+00
  11.70000  0.147139979668E+00
  11.80000  0.302111207813E-01
  11.90000  0.123846436517E+00
  12.00000  0.331818233912E+00
  12.10000  0.460021372747E+00
  12.20000  0.329834336511E+00
  12.30000  0.220852868707E+00
  12.40000  0.894686253692E-01
  12.50000  0.238486092837E+00
  12.60000  0.436622602449E+00
  12.70000  0.416478361547E+00
  12.80000  0.464623205142E+00
  12.90000  0.151164492509E+00
  13.00000  0.192487840983E+00
  13.10000  0.163605967644E+00
  13.20000  0.220568298647E+00
  13.30000  0.338867607545E+00
  13.40000  0.156656304787E+00
  13.50000  0.191289845357E+00
  13.60000  0.236044899015E-01
  13.70000  0.540280879955E-01
  13.80000  0.561687348079E-01
  13.90000  0.430748430081E-01
  14.00000  0.707679350919E-01
  14.10000  0.223738710594E-01
  14.20000  0.296829987750E-01
  14.30000  0.570857145373E-02
  14.40000  0.821798767680E-02
  14.50000  0.433573267485E-04
  14.60000  0.969308211178E-02
  14.70000  0.103680007064E-01
  14.80000  0.240657775104E-01
  14.90000  0.252650293533E-01
  15.00000  0.251097973127E-01
  15.10000  0.209630123084E-01
  15.20000  0.180186224097E-01
  15.30000  0.144581706102E-01
  15.40000  0.363258772682E-01
  15.50000  0.299628786732E-01
  15.60000  0.834527717076E-01
  15.70000  0.585901079060E-01
  15.80000  0.108505380480E+00
  15.90000  0.881462461789E-01
  16.00000  0.100555799073E+00
  16.10000  0.161768147885E+00
  16.20000  0.121294120383E+00
  16.30000  0.253825245862E+00
  16.40000  0.159499457629E+00
  16.50000  0.251360038778E+00
  16.60000  0.192846004308E+00
  16.70000  0.191715084992E+00
  16.80000  0.250562261435E+00
  16.90000  0.166911174970E+00
  17.00000  0.261355059489E+00
  17.10000  0.146383014048E+00
  17.20000  0.178292286644E+00
  17.30000  0.119109635490E+00
  17.40000  0.951396001399E-01
  17.50000  0.975960969522E-01
  17.60000  0.526863725434E-01
  17.70000  0.588994143114E-01
  17.80000  0.245965575524E-01
  17.90000  0.243067438323E-01
  18.00000  0.141598136492E-01
  18.10000  0.192871816172E-01
  18.20000  0.287143644166E-01
  18.30000  0.425766774544E-01
  18.40000  0.692008036277E-01
  18.50000  0.920767343114E-01
  18.60000  0.105996201573E+00
  18.70000  0.149181747196E+00
  18.80000  0.130803036181E+00
  18.90000  0.213820928002E+00
  19.00000  0.187243653195E+00
  19.10000  0.252748833353E+00
  19.20000  0.242092317929E+00
  19.30000  0.210156686790E+00
  19.40000  0.254527727038E+00
  19.50000  0.167396448636E+00
  19.60000  0.257795837758E+00
  19.70000  0.183980718131E+00
  19.80000  0.207740609732E+00
  19.90000  0.162745397409E+00
  20.00000  0.953366222867E-01
  20.10000  0.104284693480E+00
  20.20000  0.443463830666E-01
  20.30000  0.729086554265E-01
  20.40000  0.430744857038E-01
  20.50000  0.278655395143E-01
  20.60000  0.124933180865E-01
  20.70000  0.104688553512E-02
  20.80000  0.118851759818E-01
  20.90000  0.343756980314E-01
  21.00000  0.349650470114E-01
  21.10000  0.439840248081E-01
  21.20000  0.432783442410E-01
  21.30000  0.707048540334E-01
  21.40000  0.120867273954E+00
  21.50000  0.185643099063E+00
  21.60000  0.208085359299E+00
  21.70000  0.237512549049E+00
  21.80000  0.186415113238E+00
  21.90000  0.207036667187E+00
  22.00000  0.220238784844E+00
  22.10000  0.274660403060E+00
  22.20000  0.380323939534E+00
  22.30000  0.347332062562E+00
  22.40000  0.408548929850E+00
  22.50000  0.267685368475E+00
  22.60000  0.286510898747E+00
  22.70000  0.234043914240E+00
  22.80000  0.273039806614E+00
  22.90000  0.355069261052E+00
  23.00000  0.321457663728E+00
  23.10000  0.378922731171E+00
  23.20000  0.237009720401E+00
  23.30000  0.235569394726E+00
  23.40000  0.138192137573E+00
  23.50000  0.159163583192E+00
  23.60000  0.180736362234E+00
  23.70000  0.201793913322E+00
  23.80000  0.241714792596E+00
  23.90000  0.201045703205E+00
  24.00000  0.190853676892E+00
  24.10000  0.125193167336E+00
  24.20000  0.111355057690E+00
  24.30000  0.102669109388E+00
  24.40000  0.141549833031E+00
  24.50000  0.199982746573E+00
  24.60000  0.260701444386E+00
  24.70000  0.293442063876E+00
  24.80000  0.301898910415E+00
  24.90000  0.252269380342E+00
  25.00000  0.252018757385E+00
  25.10000  0.222301247673E+00
  25.20000  0.319174786330E+00
  25.30000  0.379099120445E+00
  25.40000  0.483621251687E+00
  25.50000  0.522636347075E+00
  25.60000  0.468613594457E+00
  25.70000  0.458259073637E+00
  25.80000  0.336023200381E+00
  25.90000  0.411933560523E+00
  26.00000  0.390337613950E+00
  26.10000  0.515467430769E+00
  26.20000  0.526375217164E+00
  26.30000  0.509166470948E+00
  26.40000  0.463389801763E+00
  26.50000  0.331457097116E+00
  26.60000  0.324031284664E+00
  26.70000  0.253390243972E+00
  26.80000  0.323267967622E+00
  26.90000  0.318930994568E+00
  27.00000  0.351033750509E+00
  27.10000  0.318979983618E+00
  27.20000  0.268718352735E+00
  27.30000  0.220399564738E+00
  27.40000  0.173543729053E+00
  27.50000  0.173338075601E+00
  27.60000  0.193000401944E+00
  27.70000  0.233962797809E+00
  27.80000  0.281999309527E+00
  27.90000  0.296026839762E+00
  28.00000  0.301551184629E+00
  28.10000  0.274261865341E+00
  28.20000  0.245280580303E+00
  28.30000  0.261069784769E+00
  28.40000  0.255360945213E+00
  28.50000  0.349260332949E+00
  28.60000  0.343188901097E+00
  28.70000  0.413870855397E+00
  28.80000  0.357697673835E+00
  28.90000  0.338628623316E+00
  29.00000  0.295827728089E+00
  29.10000  0.246417932485E+00
  29.20000  0.287495536821E+00
  29.30000  0.243898165597E+00
  29.40000  0.305253196929E+00
  29.50000  0.239023871397E+00
  29.60000  0.241697431252E+00
  29.70000  0.171672627785E+00
  29.80000  0.138768020553E+00
  29.90000  0.113272952840E+00
  30.00000  0.890226490966E-01
  30.10000  0.103070556549E+00
  30.20000  0.902106401152E-01
  30.30000  0.113436538946E+00
  30.40000  0.105855544834E+00
  30.50000  0.123775181116E+00
  30.60000  0.121465102623E+00
  30.70000  0.133202047035E+00
  30.80000  0.146424063664E+00
  30.90000  0.172709608372E+00
  31.00000  0.213880458755E+00
  31.10000  0.272594164588E+00
  31.20000  0.313489421820E+00
  31.30000  0.382032416570E+00
  31.40000  0.378829458982E+00
  31.50000  0.433964179390E+00
  31.60000  0.412015459590E+00
  31.70000  0.461556160042E+00
  31.80000  0.485982938035E+00
  31.90000  0.512942345602E+00
  32.00000  0.583297171509E+00
  32.10000  0.542555076836E+00
  32.20000  0.606376346746E+00
  32.30000  0.514555637104E+00
  32.40000  0.549959653542E+00
  32.50000  0.486450671756E+00
  32.60000  0.493857044271E+00
  32.70000  0.492342994640E+00
  32.80000  0.455914349897E+00
  32.90000  0.476131986888E+00
  33.00000  0.397173753515E+00
  33.10000  0.403017910390E+00
  33.20000  0.325229950348E+00
  33.30000  0.320550795040E+00
  33.40000  0.281831070407E+00
  33.50000  0.276116683584E+00
  33.60000  0.269843535835E+00
  33.70000  0.261084748560E+00
  33.80000  0.260623462479E+00
  33.90000  0.251028430564E+00
  34.00000  0.244813541414E+00
  34.10000  0.247603636375E+00
  34.20000  0.244135127828E+00
  34.30000  0.270112272217E+00
  34.40000  0.281996967667E+00
  34.50000  0.319488575785E+00
  34.60000  0.347632374260E+00
  34.70000  0.364335081945E+00
  34.80000  0.404620020028E+00
  34.90000  0.385269444778E+00
  35.00000  0.443640403620E+00
  35.10000  0.412465700001E+00
  35.20000  0.485862618869E+00
  35.30000  0.472886190672E+00
  35.40000  0.523753611215E+00
  35.50000  0.533451667470E+00
  35.60000  0.524211384807E+00
  35.70000  0.553606197622E+00
  35.80000  0.498797554082E+00
  35.90000  0.548102070594E+00
  36.00000  0.493728644330E+00
  36.10000  0.541921716233E+00
  36.20000  0.508631707493E+00
  36.30000  0.519986252030E+00
  36.40000  0.501390250465E+00
  36.50000  0.471715829557E+00
  36.60000  0.465169753079E+00
  36.70000  0.427566927423E+00
  36.80000  0.431586539432E+00
  36.90000  0.410491425937E+00
  37.00000  0.410932763146E+00
  37.10000  0.400198400463E+00
  37.20000  0.387393167003E+00
  37.30000  0.374137882301E+00
  37.40000  0.361874466998E+00
  37.50000  0.344536943809E+00
  37.60000  0.353615828456E+00
  37.70000  0.332780334037E+00
  37.80000  0.363020119912E+00
  37.90000  0.335747870350E+00
  38.00000  0.366680543718E+00
  38.10000  0.339425529839E+00
  38.20000  0.353465969637E+00
  38.30000  0.346629544714E+00
  38.40000  0.339249761937E+00
  38.50000  0.365461439310E+00
  38.60000  0.337062154057E+00
  38.70000  0.382491961084E+00
  38.80000  0.338370401622E+00
  38.90000  0.376871551363E+00
  39.00000  0.335730082645E+00
  39.10000  0.353006830983E+00
  39.20000  0.336177106578E+00
  39.30000  0.331006053344E+00
  39.40000  0.339109412840E+00
  39.50000  0.314705236849E+00
  39.60000  0.329078318480E+00
  39.70000  0.295737881649E+00
  39.80000  0.302344345380E+00
  39.90000  0.276432585272E+00
  40.00000  0.275311943710E+00
  40.10000  0.264035457555E+00
  40.20000  0.259519674159E+00
  40.30000  0.254168380346E+00
  40.40000  0.250094197318E+00
  40.50000  0.239580607184E+00
  40.60000  0.242414116024E+00
  40.70000  0.226306064053E+00
  40.80000  0.241489332191E+00
  40.90000  0.227027480513E+00
  41.00000  0.249952242168E+00
  41.10000  0.243592379960E+00
  41.20000  0.259942496238E+00
  41.30000  0.266761560016E+00
  41.40000  0.265292233662E+00
  41.50000  0.291516807871E+00
  41.60000  0.274170359123E+00
  41.70000  0.320402013490E+00
  41.80000  0.297586639396E+00
  41.90000  0.348773555524E+00
  42.00000  0.330318106450E+00
  42.10000  0.363289096264E+00
  42.20000  0.358645802602E+00
  42.30000  0.363519022725E+00
  42.40000  0.380478312721E+00
  42.50000  0.365925038052E+00
  42.60000  0.398505594895E+00
  42.70000  0.376552793335E+00
  42.80000  0.403621892725E+00
  42.90000  0.381625537211E+00
  43.00000  0.388513990276E+00
  43.10000  0.373157811190E+00
  43.20000  0.366074911371E+00
  43.30000  0.359209330976E+00
  43.40000  0.351409852424E+00
  43.50000  0.343194158732E+00
  43.60000  0.338774832741E+00
  43.70000  0.318767034092E+00
  43.80000  0.316035567985E+00
  43.90000  0.289291186274E+00
  44.00000  0.287177771489E+00
  44.10000  0.269213315366E+00
  44.20000  0.263495711763E+00
  44.30000  0.262893507357E+00
  44.40000  0.245806322423E+00
  44.50000  0.259833189747E+00
  44.60000  0.229978815486E+00
  44.70000  0.252889505217E+00
  44.80000  0.220897936022E+00
  44.90000  0.247712245424E+00
  45.00000  0.228106331371E+00
  45.10000  0.250789950371E+00
  45.20000  0.250156617118E+00
  45.30000  0.258189980146E+00
  45.40000  0.273635014251E+00
  45.50000  0.263974395637E+00
  45.60000  0.290372584583E+00
  45.70000  0.273635052759E+00
  45.80000  0.305815155269E+00
  45.90000  0.295982396732E+00
  46.00000  0.323995645330E+00
  46.10000  0.323879111753E+00
  46.20000  0.336898916889E+00
  46.30000  0.340147179141E+00
  46.40000  0.339986964519E+00
  46.50000  0.342598900501E+00
  46.60000  0.343451053887E+00
  46.70000  0.343787285055E+00
  46.80000  0.353049219454E+00
  46.90000  0.346389767153E+00
  47.00000  0.355353974848E+00
  47.10000  0.341077017590E+00
  47.20000  0.338696379721E+00
  47.30000  0.328662590804E+00
  47.40000  0.313522381216E+00
  47.50000  0.320840461028E+00
  47.60000  0.295674919505E+00
  47.70000  0.317434314627E+00
  47.80000  0.283990596056E+00
  47.90000  0.304663838777E+00
  48.00000  0.270151387419E+00
  48.10000  0.279098479774E+00
  48.20000  0.257993135298E+00
  48.30000  0.255198300347E+00
  48.40000  0.256855514691E+00
  48.50000  0.244743060832E+00
  48.60000  0.263331228876E+00
  48.70000  0.242993289795E+00
  48.80000  0.264445334963E+00
  48.90000  0.241360846374E+00
  49.00000  0.257531418890E+00
  49.10000  0.243106735238E+00
  49.20000  0.254976004064E+00
  49.30000  0.256331125219E+00
  49.40000  0.265688959756E+00
  49.50000  0.276347594525E+00
  49.60000  0.281730353929E+00
  49.70000  0.288442856290E+00
  49.80000  0.291644735985E+00
  49.90000  0.289996121163E+00
  50.00000  0.298648406906E+00
  50.10000  0.295690987628E+00
  50.20000  0.311936214997E+00
  50.30000  0.313971022216E+00
  50.40000  0.325824679137E+00
  50.50000  0.332652581871E+00
  50.60000  0.325876362412E+00
  50.70000  0.338594922479E+00
  50.80000  0.314471938562E+00
  50.90000  0.337576053857E+00
  51.00000  0.310471540228E+00
  51.10000  0.340203686839E+00
  51.20000  0.320524827140E+00
  51.30000  0.340543940108E+00
  51.40000  0.329673585832E+00
  51.50000  0.326795019888E+00
  51.60000  0.326325744241E+00
  51.70000  0.305330039597E+00
  51.80000  0.318906968551E+00
  51.90000  0.295096579820E+00
  52.00000  0.318376661377E+00
  52.10000  0.300343859873E+00
  52.20000  0.319058776306E+00
  52.30000  0.305920344313E+00
  52.40000  0.310092974319E+00
  52.50000  0.301608178099E+00
  52.60000  0.296823730996E+00
  52.70000  0.296257467287E+00
  52.80000  0.295648150546E+00
  52.90000  0.301260121283E+00
  53.00000  0.309576180862E+00
  53.10000  0.311754600455E+00
  53.20000  0.322905377099E+00
  53.30000  0.315788780301E+00
  53.40000  0.323985742550E+00
  53.50000  0.316009173172E+00
  53.60000  0.321369104446E+00
  53.70000  0.327419146472E+00
  53.80000  0.328598454016E+00
  53.90000  0.352547042376E+00
  54.00000  0.342338311343E+00
  54.10000  0.373672448778E+00
  54.20000  0.349518714200E+00
  54.30000  0.377079494843E+00
  54.40000  0.351541433300E+00
  54.50000  0.372409321252E+00
  54.60000  0.363770876585E+00
  54.70000  0.376128818985E+00
  54.80000  0.388787996818E+00
  54.90000  0.385941248714E+00
  55.00000  0.407804246636E+00
  55.10000  0.387793455821E+00
  55.20000  0.407106384980E+00
  55.30000  0.382496269544E+00
  55.40000  0.398230120755E+00
  55.50000  0.385882065094E+00
  55.60000  0.399313792645E+00
  55.70000  0.401358037598E+00
  55.80000  0.407917563380E+00
  55.90000  0.411319240571E+00
  56.00000  0.408536892924E+00
  56.10000  0.403537778199E+00
  56.20000  0.400318613461E+00
  56.30000  0.390615115115E+00
  56.40000  0.398333851854E+00
  56.50000  0.391132646379E+00
  56.60000  0.407017991720E+00
  56.70000  0.402547678899E+00
  56.80000  0.410754157298E+00
  56.90000  0.407986522074E+00
  57.00000  0.398248093210E+00
  57.10000  0.403967264259E+00
  57.20000  0.381828543769E+00
  57.30000  0.403862146608E+00
  57.40000  0.380360967015E+00
  57.50000  0.412959801045E+00
  57.60000  0.392230955750E+00
  57.70000  0.417272846946E+00
  57.80000  0.400044927958E+00
  57.90000  0.405335957883E+00
  58.00000  0.398027826874E+00
  58.10000  0.388121872709E+00
  58.20000  0.398216999756E+00
  58.30000  0.384383283161E+00
  58.40000  0.407251123178E+00
  58.50000  0.393660055814E+00
  58.60000  0.413131888201E+00
  58.70000  0.398698037745E+00
  58.80000  0.404181573313E+00
  58.90000  0.392272710248E+00
  59.00000  0.389297389614E+00
  59.10000  0.385807137580E+00
  59.20000  0.385957533116E+00
  59.30000  0.388058939657E+00
  59.40000  0.394206421165E+00
  59.50000  0.390122682511E+00
  59.60000  0.397195970693E+00
  59.70000  0.380957151602E+00
  59.80000  0.386569444552E+00
  59.90000  0.367150411848E+00
  60.00000  0.372813438217E+00
  60.10000  0.364103953258E+00
  60.20000  0.366478170011E+00
  60.30000  0.372321210847E+00
  60.40000  0.362117027702E+00
  60.50000  0.376095873324E+00
  60.60000  0.349832018802E+00
  60.70000  0.366096517929E+00
  60.80000  0.333838792264E+00
  60.90000  0.350842226163E+00
  61.00000  0.327360010882E+00
  61.10000  0.341372710032E+00
  61.20000  0.332119264970E+00
  61.30000  0.335032072065E+00
  61.40000  0.334877665913E+00
  61.50000  0.322837293403E+00
  61.60000  0.326039450762E+00
  61.70000  0.306305732758E+00
  61.80000  0.311733666765E+00
  61.90000  0.296166243955E+00
  62.00000  0.302588021925E+00
  62.10000  0.295579856086E+00
  62.20000  0.298224116644E+00
  62.30000  0.294599971302E+00
  62.40000  0.290546018875E+00
  62.50000  0.284210147147E+00
  62.60000  0.278242829546E+00
  62.70000  0.268406194255E+00
  62.80000  0.268921109931E+00
  62.90000  0.257191172702E+00
  63.00000  0.266435333761E+00
  63.10000  0.252527756430E+00
  63.20000  0.263942888247E+00
  63.30000  0.247923230790E+00
  63.40000  0.253329792569E+00
  63.50000  0.239986772592E+00
  63.60000  0.236528777200E+00
  63.70000  0.233157107491E+00
  63.80000  0.222420636400E+00
  63.90000  0.231306509642E+00
  64.00000  0.214989652251E+00
  64.10000  0.230321955041E+00
  64.20000  0.209977197220E+00
  64.30000  0.223196254547E+00
  64.40000  0.203071747790E+00
  64.50000  0.209754695532E+00
  64.60000  0.196129220209E+00
  64.70000  0.196844123179E+00
  64.80000  0.192832739736E+00
  64.90000  0.189382349186E+00
  65.00000  0.191709204839E+00
  65.10000  0.185201858628E+00
  65.20000  0.187453512864E+00
  65.30000  0.179804704036E+00
  65.40000  0.178351472714E+00
  65.50000  0.172891496721E+00
  65.60000  0.168836960975E+00
  65.70000  0.167502641633E+00
  65.80000  0.163794315053E+00
  65.90000  0.164326381185E+00
  66.00000  0.162797858328E+00
  66.10000  0.160207314837E+00
  66.20000  0.161694336286E+00
  66.30000  0.152853123158E+00
  66.40000  0.158335104372E+00
  66.50000  0.144622584612E+00
  66.60000  0.154359762092E+00
  66.70000  0.139954942326E+00
  66.80000  0.151496078201E+00
  66.90000  0.140061552156E+00
  67.00000  0.148496001274E+00
  67.10000  0.141907636645E+00
  67.20000  0.143129804760E+00
  67.30000  0.142282439332E+00
  67.40000  0.136051221117E+00
  67.50000  0.141166816330E+00
  67.60000  0.130811219646E+00
  67.70000  0.140348782406E+00
  67.80000  0.129839091921E+00
  67.90000  0.140036329887E+00
  68.00000  0.131710268953E+00
  68.10000  0.138516794288E+00
  68.20000  0.133116569265E+00
  68.30000  0.135121220739E+00
  68.40000  0.132693500460E+00
  68.50000  0.131980040278E+00
  68.60000  0.131797263782E+00
  68.70000  0.131812432013E+00
  68.80000  0.131808842751E+00
  68.90000  0.134558995810E+00
  69.00000  0.132123652850E+00
  69.10000  0.137323585748E+00
  69.20000  0.131563140217E+00
  69.30000  0.137693951890E+00
  69.40000  0.130860404871E+00
  69.50000  0.136138280211E+00
  69.60000  0.132320165590E+00
  69.70000  0.134663756384E+00
  69.80000  0.136809091287E+00
  69.90000  0.134012908598E+00
  70.00000  0.142147932580E+00
  70.10000  0.133340039523E+00
  70.20000  0.145253521146E+00
  70.30000  0.132465288949E+00
  70.40000  0.145362528778E+00
  70.50000  0.133031013748E+00
  70.60000  0.144279129582E+00
  70.70000  0.136534660812E+00
  70.80000  0.143685704270E+00
  70.90000  0.141881371123E+00
  71.00000  0.143384806297E+00
  71.10000  0.146062411497E+00
  71.20000  0.142641937241E+00
  71.30000  0.147346531100E+00
  71.40000  0.142189818993E+00
  71.50000  0.146892455852E+00
  71.60000  0.143603177479E+00
  71.70000  0.146859316302E+00
  71.80000  0.146803761736E+00
  71.90000  0.147809677636E+00
  72.00000  0.149436478564E+00
  72.10000  0.148829023459E+00
  72.20000  0.149361729667E+00
  72.30000  0.149643944614E+00
  72.40000  0.147087928158E+00
  72.50000  0.151233829512E+00
  72.60000  0.144984265598E+00
  72.70000  0.153953046134E+00
  72.80000  0.144510672797E+00
  72.90000  0.156118896152E+00
  73.00000  0.145177845015E+00
  73.10000  0.155498075216E+00
  73.20000  0.146156803885E+00
  73.30000  0.151918039735E+00
  73.40000  0.147690844267E+00
  73.50000  0.147514349104E+00
  73.60000  0.150161660130E+00
  73.70000  0.144359325694E+00
  73.80000  0.152487060671E+00
  73.90000  0.142663577344E+00
  74.00000  0.152636818989E+00
  74.10000  0.141574255390E+00
  74.20000  0.149874057647E+00
  74.30000  0.140831824453E+00
  74.40000  0.145686548286E+00
  74.50000  0.140728979373E+00
  74.60000  0.142140962717E+00
  74.70000  0.140781640441E+00
  74.80000  0.139878019768E+00
  74.90000  0.139557972853E+00
  75.00000  0.138160069168E+00
  75.10000  0.136247910027E+00
  75.20000  0.136328381379E+00
  75.30000  0.131807708870E+00
  75.40000  0.134354104274E+00
  75.50000  0.128028179372E+00
  75.60000  0.132021357330E+00
  75.70000  0.125754260945E+00
  75.80000  0.128487946617E+00
  75.90000  0.124456564434E+00
  76.00000  0.123209882231E+00
  76.10000  0.123263390897E+00
  76.20000  0.116928355636E+00
  76.30000  0.121719866923E+00
  76.40000  0.111198476788E+00
  76.50000  0.119461854306E+00
  76.60000  0.107005604947E+00
  76.70000  0.115856766079E+00
  76.80000  0.104180954576E+00
  76.90000  0.110538259641E+00
  77.00000  0.102028462345E+00
  77.10000  0.104101067746E+00
  77.20000  0.999894396739E-01
  77.30000  0.977976970335E-01
  77.40000  0.975762951746E-01
  77.50000  0.925078533062E-01
  77.60000  0.942006337304E-01
  77.70000  0.882455611209E-01
  77.80000  0.895815639112E-01
  77.90000  0.845852104856E-01
  78.00000  0.842233291644E-01
  78.10000  0.811426216571E-01
  78.20000  0.791033974327E-01
  78.30000  0.775145126024E-01
  78.40000  0.748255144767E-01
  78.50000  0.731845900337E-01
  78.60000  0.712797778151E-01
  78.70000  0.679401651127E-01
  78.80000  0.680789658294E-01
  78.90000  0.623109539081E-01
  79.00000  0.649628502606E-01
  79.10000  0.572451869230E-01
  79.20000  0.616403964133E-01
  79.30000  0.532751221652E-01
  79.40000  0.576098946041E-01
  79.50000  0.501968731242E-01
  79.60000  0.525630536613E-01
  79.70000  0.475648115243E-01
  79.80000  0.469288316809E-01
  79.90000  0.451750949978E-01
  80.00000  0.416749884221E-01
  80.10000  0.428868975981E-01
  80.20000  0.374558038271E-01
  80.30000  0.402677319861E-01
  80.40000  0.341451512501E-01
  80.50000  0.368434161457E-01
  80.60000  0.312737963554E-01
  80.70000  0.327299395135E-01
  80.80000  0.286570610744E-01
  80.90000  0.287025802406E-01
  81.00000  0.263577154400E-01
  81.10000  0.254698476605E-01
  81.20000  0.242104043663E-01
  81.30000  0.230353818688E-01
  81.40000  0.217772156687E-01
  81.50000  0.209146845957E-01
  81.60000  0.188893628263E-01
  81.70000  0.188141502147E-01
  81.80000  0.159884609903E-01
  81.90000  0.168449239063E-01
  82.00000  0.137194880400E-01
  82.10000  0.151109802730E-01
  82.20000  0.122674351515E-01
  82.30000  0.133897648251E-01
  82.40000  0.112637014394E-01
  82.50000  0.113949473391E-01
  82.60000  0.103002996815E-01
  82.70000  0.922228381524E-02
  82.80000  0.933640195733E-02
  82.90000  0.733250259779E-02
  83.00000  0.854347812068E-02
  83.10000  0.608488097147E-02
  83.20000  0.792154176680E-02
  83.30000  0.541188419442E-02
  83.40000  0.723847836297E-02
  83.50000  0.498430805171E-02
  83.60000  0.632945291749E-02
  83.70000  0.459331707506E-02
  83.80000  0.533273417995E-02
  83.90000  0.429340026918E-02
  84.00000  0.457747372339E-02
  84.10000  0.421613520802E-02
  84.20000  0.427645541169E-02
  84.30000  0.433331729811E-02
  84.40000  0.435743503530E-02
  84.50000  0.443878097864E-02
  84.60000  0.457848642852E-02
  84.70000  0.435482251949E-02
  84.80000  0.478825884566E-02
  84.90000  0.414592757055E-02
  85.00000  0.506216610327E-02
  85.10000  0.410431804373E-02
  85.20000  0.555891235248E-02
  85.30000  0.448167785560E-02
  85.40000  0.623701279739E-02
  85.50000  0.523284828618E-02
  85.60000  0.678263468800E-02
  85.70000  0.608498388325E-02
  85.80000  0.691592300658E-02
  85.90000  0.688486552431E-02
  86.00000  0.676328631733E-02
  86.10000  0.778139321531E-02
  86.20000  0.680207162905E-02
  86.30000  0.894997604352E-02
  86.40000  0.736315135930E-02
  86.50000  0.101917935520E-01
  86.60000  0.828389857019E-02
  86.70000  0.110123329476E-01
  86.80000  0.917538619604E-02
  86.90000  0.111997563344E-01
  87.00000  0.995839551908E-02
  87.10000  0.111802174921E-01
  87.20000  0.109158800032E-01
  87.30000  0.116055780060E-01
  87.40000  0.121579558487E-01
  87.50000  0.126239945006E-01
  87.60000  0.132706823227E-01
  87.70000  0.137664312230E-01
  87.80000  0.137468467789E-01
  87.90000  0.146001489056E-01
  88.00000  0.137044154872E-01
  88.10000  0.152558621658E-01
  88.20000  0.138922352426E-01
  88.30000  0.160985932699E-01
  88.40000  0.148694853241E-01
  88.50000  0.170240387467E-01
  88.60000  0.163818913490E-01
  88.70000  0.174403266809E-01
  88.80000  0.177463986864E-01
  88.90000  0.170640948676E-01
  89.00000  0.187129514209E-01
  89.10000  0.164653228659E-01
  89.20000  0.196303533421E-01
  89.30000  0.165402916277E-01
  89.40000  0.207250219184E-01
  89.50000  0.175204026710E-01
  89.60000  0.215677295826E-01
  89.70000  0.187884318367E-01
  89.80000  0.215663140387E-01
  89.90000  0.197167492937E-01
  90.00000  0.208651360822E-01
  90.10000  0.203828008256E-01
  90.20000  0.203798436417E-01
  90.30000  0.212265733412E-01
  90.40000  0.208115795198E-01
  90.50000  0.222092053169E-01
  90.60000  0.218777326313E-01
  90.70000  0.227326303424E-01
  90.80000  0.227430548642E-01
  90.90000  0.224967781848E-01
  91.00000  0.230513831629E-01
  91.10000  0.221025085579E-01
  91.20000  0.231958027679E-01
  91.30000  0.224818800768E-01
  91.40000  0.235541755958E-01
  91.50000  0.238184322274E-01
  91.60000  0.238436619611E-01
  91.70000  0.253472748544E-01
  91.80000  0.235450223819E-01
  91.90000  0.262821441737E-01
  92.00000  0.228097559682E-01
  92.10000  0.266455024534E-01
  92.20000  0.225338733273E-01
  92.30000  0.269653912662E-01
  92.40000  0.233875343993E-01
  92.50000  0.273661898103E-01
  92.60000  0.250256657791E-01
  92.70000  0.273731257384E-01
  92.80000  0.265042009218E-01
  92.90000  0.267094675885E-01
  93.00000  0.273523166009E-01
  93.10000  0.259445609789E-01
  93.20000  0.279251113319E-01
  93.30000  0.260108537252E-01
  93.40000  0.286744323689E-01
  93.50000  0.271383500629E-01
  93.60000  0.294271835564E-01
  93.70000  0.285765472139E-01
  93.80000  0.296884839502E-01
  93.90000  0.294690922068E-01
  94.00000  0.295237800142E-01
  94.10000  0.297609104987E-01
  94.20000  0.297351138522E-01
  94.30000  0.300263634439E-01
  94.40000  0.309814122949E-01
  94.50000  0.305643961637E-01
  94.60000  0.329396905425E-01
  94.70000  0.310409340377E-01
  94.80000  0.346064598901E-01
  94.90000  0.311422736961E-01
  95.00000  0.353804788954E-01
  95.10000  0.312777944183E-01
  95.20000  0.355810789373E-01
  95.30000  0.322763296902E-01
  95.40000  0.358302938693E-01
  95.50000  0.343836287042E-01
  95.60000  0.362074853799E-01
  95.70000  0.368516879996E-01
  95.80000  0.363120186074E-01
  95.90000  0.386885242514E-01
  96.00000  0.360840155294E-01
  96.10000  0.396569621096E-01
  96.20000  0.361847806237E-01
  96.30000  0.403164652285E-01
  96.40000  0.373259954982E-01
  96.50000  0.411567793246E-01
  96.60000  0.393650136379E-01
  96.70000  0.420114506162E-01
  96.80000  0.413481018513E-01
  96.90000  0.424901528222E-01
  97.00000  0.424974400737E-01
  97.10000  0.427687853415E-01
  97.20000  0.429488237302E-01
  97.30000  0.435899756317E-01
  97.40000  0.433897151307E-01
  97.50000  0.453848731901E-01
  97.60000  0.441497460268E-01
  97.70000  0.476243802211E-01
  97.80000  0.449343714231E-01
  97.90000  0.492689006037E-01
  98.00000  0.454766784429E-01
  98.10000  0.498143682188E-01
  98.20000  0.461483179448E-01
  98.30000  0.496942047403E-01
  98.40000  0.476329883570E-01
  98.50000  0.496222877526E-01
  98.60000  0.500247174599E-01
  98.70000  0.497714257660E-01
  98.80000  0.525135905532E-01
  98.90000  0.498079317399E-01
  99.00000  0.541188891059E-01
  99.10000  0.496344665183E-01
  99.20000  0.546255906099E-01
  99.30000  0.497704707296E-01
  99.40000  0.546369182640E-01
  99.50000  0.508011668012E-01
  99.60000  0.547609093320E-01
  99.70000  0.525726347442E-01
  99.80000  0.549831532322E-01
  99.90000  0.541824716692E-01
 100.00000  0.549558320837E-01
 100.10000  0.548406832226E-01
 100.20000  0.547200784934E-01
 100.30000  0.546025852026E-01
 100.40000  0.548418418233E-01
 100.50000  0.541491054245E-01
 100.60000  0.557357962628E-01
 100.70000  0.539595625839E-01
 100.80000  0.570288944056E-01
 100.90000  0.539082672803E-01
 101.00000  0.578001165592E-01
 101.10000  0.537018256475E-01
 101.20000  0.574610304708E-01
 101.30000  0.534885296301E-01
 101.40000  0.562666966679E-01
 101.50000  0.537896743002E-01
 101.60000  0.549142148274E-01
 101.70000  0.548118783354E-01
 101.80000  0.537789162954E-01
 101.90000  0.560180689698E-01
 102.00000  0.527029513123E-01
 102.10000  0.565359423901E-01
 102.20000  0.514908210340E-01
 102.30000  0.559624631597E-01
 102.40000  0.503807651631E-01
 102.50000  0.546553247398E-01
 102.60000  0.498440479310E-01
 102.70000  0.532361189105E-01
 102.80000  0.499587851062E-01
 102.90000  0.519498090135E-01
 103.00000  0.501611447224E-01
 103.10000  0.506149562078E-01
 103.20000  0.497191491145E-01
 103.30000  0.491131516356E-01
 103.40000  0.484013962733E-01
 103.50000  0.477159196917E-01
 103.60000  0.466001954188E-01
 103.70000  0.468091661856E-01
 103.80000  0.448349995203E-01
 103.90000  0.463657701095E-01
 104.00000  0.432614144980E-01
 104.10000  0.458387766193E-01
 104.20000  0.417196669278E-01
 104.30000  0.446344795851E-01
 104.40000  0.401545786817E-01
 104.50000  0.426385519705E-01
 104.60000  0.388139592761E-01
 104.70000  0.402325524289E-01
 104.80000  0.379647882607E-01
 104.90000  0.378492646089E-01
 105.00000  0.374931278316E-01
 105.10000  0.356108444736E-01
 105.20000  0.368978905243E-01
 105.30000  0.334159753942E-01
 105.40000  0.357100216945E-01
 105.50000  0.312701836944E-01
 105.60000  0.338757354487E-01
 105.70000  0.293968083505E-01
 105.80000  0.317119884011E-01
 105.90000  0.279898053945E-01
 106.00000  0.295452157539E-01
 106.10000  0.269300042206E-01
 106.20000  0.274636604516E-01
 106.30000  0.258238920533E-01
 106.40000  0.254104143646E-01
 106.50000  0.243327165523E-01
 106.60000  0.234194607094E-01
 106.70000  0.224341539831E-01
 106.80000  0.216657986854E-01
 106.90000  0.203648954325E-01
 107.00000  0.202736541908E-01
 107.10000  0.183602806956E-01
 107.20000  0.191328928809E-01
 107.30000  0.164928859393E-01
 107.40000  0.179531098047E-01
 107.50000  0.147399583991E-01
 107.60000  0.164996761602E-01
 107.70000  0.131308757503E-01
 107.80000  0.147621202651E-01
 107.90000  0.117689616541E-01
 108.00000  0.129058770877E-01
 108.10000  0.107109419269E-01
 108.20000  0.111004757171E-01
 108.30000  0.986571959887E-02
 108.40000  0.941664744615E-02
 108.50000  0.903990303841E-02
 108.60000  0.786352129787E-02
 108.70000  0.808196609761E-02
 108.80000  0.647112641343E-02
 108.90000  0.697710274533E-02
 109.00000  0.530154529965E-02
 109.10000  0.581722364466E-02
 109.20000  0.438563161803E-02
 109.30000  0.470554399793E-02
 109.40000  0.367472730791E-02
 109.50000  0.369833072303E-02
 109.60000  0.306864951522E-02
 109.70000  0.281576054906E-02
 109.80000  0.248849313983E-02
 109.90000  0.207471101805E-02
 110.00000  0.192109669522E-02
 110.10000  0.149406828761E-02
 110.20000  0.140454246570E-02
 110.30000  0.107578888798E-02
 110.40000  0.985396943752E-03
 110.50000  0.796361472949E-03
 110.60000  0.690809470766E-03
 110.70000  0.623822839132E-03
 110.80000  0.526391826695E-03
 110.90000  0.541918000475E-03
 111.00000  0.483514890159E-03
 111.10000  0.557590406460E-03
 111.20000  0.543635637429E-03
 111.30000  0.689223597034E-03
 111.40000  0.683985428891E-03
 111.50000  0.950645332796E-03
 111.60000  0.891078193197E-03
 111.70000  0.134323327809E-02
 111.80000  0.117539162195E-02
 111.90000  0.185579239426E-02
 112.00000  0.157250688637E-02
 112.10000  0.246608376539E-02
 112.20000  0.212515841801E-02
 112.30000  0.314263450420E-02
 112.40000  0.285760476701E-02
 112.50000  0.385234948044E-02
 112.60000  0.376080560257E-02
 112.70000  0.457877327282E-02
 112.80000  0.479734479206E-02
 112.90000  0.534471554926E-02
 113.00000  0.591855640590E-02
 113.10000  0.621964504475E-02
 113.20000  0.707792402271E-02
 113.30000  0.729342100882E-02
 113.40000  0.823220260331E-02
 113.50000  0.862331969742E-02
 113.60000  0.933860843064E-02
 113.70000  0.101924310776E-01
 113.80000  0.103661822194E-01
 113.90000  0.119174888248E-01
 114.00000  0.113276262007E-01
 114.10000  0.137008059420E-01
 114.20000  0.123084688514E-01
 114.30000  0.154755500197E-01
 114.40000  0.134526131498E-01
 114.50000  0.172015156894E-01
 114.60000  0.148889306705E-01
 114.70000  0.188286935599E-01
 114.80000  0.166443622887E-01
 114.90000  0.202897197887E-01
 115.00000  0.186226377588E-01
 115.10000  0.215530174827E-01
 115.20000  0.206780820585E-01
 115.30000  0.226929492403E-01
 115.40000  0.227140528751E-01
 115.50000  0.238949894122E-01
 115.60000  0.247013742722E-01
 115.70000  0.253608942127E-01
 115.80000  0.266047611801E-01
 115.90000  0.271737175210E-01
 116.00000  0.283261068819E-01
 116.10000  0.292383187527E-01
 116.20000  0.297639458159E-01
 116.30000  0.313622205244E-01
 116.40000  0.309440062392E-01
 116.50000  0.334068275883E-01
 116.60000  0.320716571570E-01
 116.70000  0.353512594171E-01
 116.80000  0.334244795204E-01
 116.90000  0.371980772243E-01
 117.00000  0.351647882449E-01
 117.10000  0.388460072650E-01
 117.20000  0.372348838973E-01
 117.30000  0.401175460557E-01
 117.40000  0.394291075619E-01
 117.50000  0.409459322350E-01
 117.60000  0.415768090331E-01
 117.70000  0.415133360590E-01
 117.80000  0.436520734602E-01
 117.90000  0.421675262281E-01
 118.00000  0.456849348901E-01
 118.10000  0.431820267251E-01
 118.20000  0.475786217073E-01
 118.30000  0.445777936146E-01
 118.40000  0.490849376680E-01
 118.50000  0.461564112368E-01
 118.60000  0.500189582667E-01
 118.70000  0.477071575865E-01
 118.80000  0.504835245801E-01
 118.90000  0.491868344050E-01
 119.00000  0.508414059036E-01
 119.10000  0.506720777932E-01
 119.20000  0.514554741480E-01
 119.30000  0.521279072338E-01
 119.40000  0.524416640736E-01
 119.50000  0.532938430274E-01
 119.60000  0.536403652988E-01
 119.70000  0.538756519810E-01
 119.80000  0.548224939112E-01
 119.90000  0.538434350886E-01
 120.00000  0.559324088129E-01
 120.10000  0.535060342485E-01
 120.20000  0.570898350232E-01
 120.30000  0.532951968214E-01
 120.40000  0.583266121630E-01
 120.50000  0.534596389500E-01
 120.60000  0.593951898203E-01
 120.70000  0.539216209438E-01
 120.80000  0.599164143909E-01
 120.90000  0.544362486148E-01
 121.00000  0.597041746294E-01
 121.10000  0.549050167347E-01
 121.20000  0.589372250365E-01
 121.30000  0.554650002184E-01
 121.40000  0.580453933551E-01
 121.50000  0.562330202215E-01
 121.60000  0.573908233787E-01
 121.70000  0.570462536812E-01
 121.80000  0.570056080870E-01
 121.90000  0.575097461391E-01
 122.00000  0.566767999947E-01
 122.10000  0.572858730100E-01
 122.20000  0.562824625367E-01
 122.30000  0.563809888366E-01
 122.40000  0.559466332219E-01
 122.50000  0.551723689031E-01
 122.60000  0.558627170244E-01
 122.70000  0.540836086903E-01
 122.80000  0.560268550904E-01
 122.90000  0.532386898720E-01
 123.00000  0.561220467430E-01
 123.10000  0.524887416015E-01
 123.20000  0.556944254419E-01
 123.30000  0.516949471613E-01
 123.40000  0.545446278599E-01
 123.50000  0.509180003827E-01
 123.60000  0.529044060070E-01
 123.70000  0.503839136576E-01
 123.80000  0.511782749080E-01
 123.90000  0.502291281022E-01
 124.00000  0.495995615553E-01
 124.10000  0.502435357050E-01
 124.20000  0.481247014378E-01
 124.30000  0.499745094896E-01
 124.40000  0.465822459226E-01
 124.50000  0.490971195048E-01
 124.60000  0.449624997776E-01
 124.70000  0.476354831485E-01
 124.80000  0.435153608843E-01
 124.90000  0.459052602124E-01
 125.00000  0.424855722916E-01
 125.10000  0.442286585092E-01
 125.20000  0.418432866871E-01
 125.30000  0.426442474472E-01
 125.40000  0.412743862432E-01
 125.50000  0.409851253312E-01
 125.60000  0.403731635912E-01
 125.70000  0.391931462597E-01
 125.80000  0.389602662072E-01
 125.90000  0.374347622889E-01
 126.00000  0.372133054023E-01
 126.10000  0.359917400239E-01
 126.20000  0.354128209887E-01
 126.30000  0.350188258135E-01
 126.40000  0.336730573592E-01
 126.50000  0.343368911936E-01
 126.60000  0.319066084599E-01
 126.70000  0.335661210503E-01
 126.80000  0.299772280669E-01
 126.90000  0.324333137284E-01
 127.00000  0.279442944329E-01
 127.10000  0.309319805081E-01
 127.20000  0.260766635653E-01
 127.30000  0.292829409964E-01
 127.40000  0.246115898942E-01
 127.50000  0.276687129673E-01
 127.60000  0.235764983659E-01
 127.70000  0.260456481949E-01
 127.80000  0.227416507793E-01
 127.90000  0.242847247685E-01
 128.00000  0.217931112739E-01
 128.10000  0.223493679208E-01
 128.20000  0.206164261603E-01
 128.30000  0.203875106740E-01
 128.40000  0.193059520615E-01
 128.50000  0.186797912792E-01
 128.60000  0.180009599512E-01
 128.70000  0.173820588098E-01
 128.80000  0.167415324028E-01
 128.90000  0.164061172504E-01
 129.00000  0.154163634824E-01
 129.10000  0.155198818515E-01
 129.20000  0.139229169149E-01
 129.30000  0.145295013414E-01
 129.40000  0.123091602397E-01
 129.50000  0.134320449609E-01
 129.60000  0.107670906621E-01
 129.70000  0.123312461939E-01
 129.80000  0.950779067467E-02
 129.90000  0.112944403610E-01
 130.00000  0.856988113384E-02
 130.10000  0.102844489710E-01
 130.20000  0.783322958215E-02
 130.30000  0.917463513589E-02
 130.40000  0.714845294035E-02
 130.50000  0.792526670729E-02
 130.60000  0.643576177275E-02
 130.70000  0.664106534102E-02
 130.80000  0.574121379264E-02
 130.90000  0.548379624342E-02
 131.00000  0.512522662415E-02
 131.10000  0.457244603102E-02
 131.20000  0.457116796970E-02
 131.30000  0.388755905324E-02
 131.40000  0.399768321619E-02
 131.50000  0.332874433949E-02
 131.60000  0.333600525731E-02
 131.70000  0.281384335823E-02
 131.80000  0.261906375852E-02
 131.90000  0.233846432908E-02
 132.00000  0.195156742146E-02
 132.10000  0.194487125403E-02
 132.20000  0.143953094639E-02
 132.30000  0.163623237232E-02
 132.40000  0.110556490283E-02
 132.50000  0.137029826413E-02
 132.60000  0.896735748779E-03
 132.70000  0.108434943723E-02
 132.80000  0.761470486878E-03
 132.90000  0.770716919005E-03
 133.00000  0.685430095245E-03
 133.10000  0.489225366216E-03
 133.20000  0.689603507433E-03
 133.30000  0.312009917946E-03
 133.40000  0.770285526983E-03
 133.50000  0.271828488142E-03
 133.60000  0.882897543567E-03
 133.70000  0.346305463499E-03
 133.80000  0.967009216294E-03
 133.90000  0.503053438193E-03
 134.00000  0.101634069746E-02
 134.10000  0.733765428633E-03
 134.20000  0.108837374882E-02
 134.30000  0.105897067462E-02
 134.40000  0.126204516124E-02
 134.50000  0.147196063473E-02
 134.60000  0.157741060342E-02
 134.70000  0.192111314339E-02
 134.80000  0.200721335176E-02
 134.90000  0.233017271898E-02
 135.00000  0.250832100561E-02
 135.10000  0.266989254712E-02
 135.20000  0.307135260052E-02
 135.30000  0.298417951064E-02
 135.40000  0.373598584849E-02
 135.50000  0.336954342401E-02
 135.60000  0.452328810754E-02
 135.70000  0.389033809979E-02
 135.80000  0.540123643780E-02
 135.90000  0.454224075046E-02
 136.00000  0.625453796388E-02
 136.10000  0.528113088989E-02
 136.20000  0.699296540284E-02
 136.30000  0.607437924426E-02
 136.40000  0.759597726590E-02
 136.50000  0.696754571558E-02
 136.60000  0.814867544717E-02
 136.70000  0.801222591573E-02
 136.80000  0.876491221725E-02
 136.90000  0.922439913323E-02
 137.00000  0.949521409434E-02
 137.10000  0.105052773969E-01
 137.20000  0.103148289415E-01
 137.30000  0.117112863565E-01
 137.40000  0.111663631226E-01
 137.50000  0.127310640470E-01
 137.60000  0.120558757627E-01
 137.70000  0.135806666995E-01
 137.80000  0.130661012948E-01
 137.90000  0.143567536477E-01
 138.00000  0.142948149640E-01
 138.10000  0.151789832150E-01
 138.20000  0.157506399160E-01
 138.30000  0.160640756148E-01
 138.40000  0.173277112954E-01
 138.50000  0.169803322984E-01
 138.60000  0.188410227728E-01
 138.70000  0.178703619906E-01
 138.80000  0.201790018259E-01
 138.90000  0.187856273871E-01
 139.00000  0.213180308855E-01
 139.10000  0.198369451352E-01
 139.20000  0.223628746358E-01
 139.30000  0.211459107649E-01
 139.40000  0.233732581432E-01
 139.50000  0.227164695719E-01
 139.60000  0.243683572150E-01
 139.70000  0.244263293951E-01
 139.80000  0.252676141419E-01
 139.90000  0.260957464206E-01
 140.00000  0.260485580377E-01
 140.10000  0.276071024227E-01
 140.20000  0.267696615709E-01
 140.30000  0.289574293268E-01
 140.40000  0.276029101961E-01
 140.50000  0.302267401923E-01
 140.60000  0.287047566490E-01
 140.70000  0.314567637657E-01
 140.80000  0.301255995129E-01
 140.90000  0.326221245248E-01
 141.00000  0.317704474072E-01
 141.10000  0.336081044555E-01
 141.20000  0.334703256455E-01
 141.30000  0.343766653154E-01
 141.40000  0.351000664264E-01
 141.50000  0.349631961114E-01
 141.60000  0.366308006648E-01
 141.70000  0.355656522029E-01
 141.80000  0.381108053159E-01
 141.90000  0.363373566361E-01
 142.00000  0.395569853226E-01
 142.10000  0.373972630898E-01
 142.20000  0.409149040300E-01
 142.30000  0.386713837320E-01
 142.40000  0.420557198099E-01
 142.50000  0.400748464300E-01
 142.60000  0.429023053127E-01
 142.70000  0.414917488005E-01
 142.80000  0.434733194460E-01
 142.90000  0.429382806426E-01
 143.00000  0.439314402562E-01
 143.10000  0.444357382216E-01
 143.20000  0.444519138810E-01
 143.30000  0.460023953807E-01
 143.40000  0.451651332420E-01
 143.50000  0.475362490457E-01
 143.60000  0.460621078623E-01
 143.70000  0.488718922232E-01
 143.80000  0.470717041442E-01
 143.90000  0.498625734350E-01
 144.00000  0.481318248106E-01
 144.10000  0.504715958995E-01
 144.20000  0.492511727037E-01
 144.30000  0.508118916005E-01
 144.40000  0.505178147424E-01
 144.50000  0.510588726741E-01
 144.60000  0.519616391777E-01
 144.70000  0.513592875595E-01
 144.80000  0.535595576673E-01
 144.90000  0.517700066635E-01
 145.00000  0.551243001711E-01
 145.10000  0.522433706228E-01
 145.20000  0.564938419646E-01
 145.30000  0.527686720519E-01
 145.40000  0.575191296668E-01
 145.50000  0.533375022198E-01
 145.60000  0.582178976191E-01
 145.70000  0.540797380290E-01
 145.80000  0.586846854839E-01
 145.90000  0.550373630125E-01
 146.00000  0.590237792359E-01
 146.10000  0.562462761058E-01
 146.20000  0.593091909549E-01
 146.30000  0.575569062568E-01
 146.40000  0.594984564937E-01
 146.50000  0.588092453606E-01
 146.60000  0.596106912509E-01
 146.70000  0.598506785589E-01
 146.80000  0.596638314129E-01
 146.90000  0.606339672752E-01
 147.00000  0.598199699210E-01
 147.10000  0.612236221635E-01
 147.20000  0.602218356470E-01
 147.30000  0.616809722258E-01
 147.40000  0.609663832606E-01
 147.50000  0.620369963643E-01
 147.60000  0.620060417829E-01
 147.70000  0.622284749995E-01
 147.80000  0.631829028134E-01
 147.90000  0.621781167766E-01
 148.00000  0.643087261114E-01
 148.10000  0.618757325422E-01
 148.20000  0.652887908428E-01
 148.30000  0.614356637885E-01
 148.40000  0.661093417622E-01
 148.50000  0.610387194456E-01
 148.60000  0.668448100146E-01
 148.70000  0.608950813364E-01
 148.80000  0.675241238303E-01
 148.90000  0.610547883261E-01
 149.00000  0.680767997329E-01
 149.10000  0.614952848990E-01
 149.20000  0.684166571587E-01
 149.30000  0.620807464415E-01
 149.40000  0.684060234328E-01
 149.50000  0.626957134838E-01
 149.60000  0.680923502412E-01
 149.70000  0.633417245159E-01
 149.80000  0.675865465458E-01
 149.90000  0.640075741936E-01
 150.00000  0.670677234325E-01
 150.10000  0.647472313452E-01
 150.20000  0.667016109368E-01
 150.30000  0.654770295805E-01
 150.40000  0.664814296983E-01
 150.50000  0.660524004054E-01
 150.60000  0.663903807280E-01
 150.70000  0.663498687967E-01
 150.80000  0.663625519956E-01
 150.90000  0.662825283819E-01
 151.00000  0.664153582719E-01
 151.10000  0.659397526183E-01
 151.20000  0.666522529670E-01
 151.30000  0.654640866562E-01
 151.40000  0.671436710989E-01
 151.50000  0.649945665817E-01
 151.60000  0.678851765295E-01
 151.70000  0.645792925046E-01
 151.80000  0.687219213649E-01
 151.90000  0.641660584832E-01
 152.00000  0.694371750648E-01
 152.10000  0.636843011122E-01
 152.20000  0.698327060170E-01
 152.30000  0.631269056723E-01
 152.40000  0.698705705185E-01
 152.50000  0.626322470244E-01
 152.60000  0.696466805128E-01
 152.70000  0.623565214745E-01
 152.80000  0.692806472407E-01
 152.90000  0.624370357878E-01
 153.00000  0.688936871165E-01
 153.10000  0.628897465563E-01
 153.20000  0.684438824540E-01
 153.30000  0.635413148629E-01
 153.40000  0.678308459352E-01
 153.50000  0.642258044888E-01
 153.60000  0.670219394304E-01
 153.70000  0.647938697567E-01
 153.80000  0.660239220013E-01
 153.90000  0.651866524955E-01
 154.00000  0.650066798155E-01
 154.10000  0.654936701148E-01
 154.20000  0.641731398086E-01
 154.30000  0.657512438245E-01
 154.40000  0.636052201909E-01
 154.50000  0.659337490073E-01
 154.60000  0.633085435058E-01
 154.70000  0.659670188360E-01
 154.80000  0.631804273837E-01
 154.90000  0.657311020223E-01
 155.00000  0.631127380232E-01
 155.10000  0.652068759170E-01
 155.20000  0.630912469668E-01
 155.30000  0.644857754602E-01
 155.40000  0.631575281696E-01
 155.50000  0.637275338464E-01
 155.60000  0.633737164471E-01
 155.70000  0.630823779767E-01
 155.80000  0.637032150473E-01
 155.90000  0.625763025458E-01
 156.00000  0.639968086678E-01
 156.10000  0.621596609700E-01
 156.20000  0.640848234017E-01
 156.30000  0.617535571838E-01
 156.40000  0.638185382832E-01
 156.50000  0.613225198206E-01
 156.60000  0.632050039519E-01
 156.70000  0.609880268331E-01
 156.80000  0.624108402331E-01
 156.90000  0.609089235096E-01
 157.00000  0.615844785111E-01
 157.10000  0.611604996145E-01
 157.20000  0.608216105896E-01
 157.30000  0.617337288379E-01
 157.40000  0.601267359270E-01
 157.50000  0.624596202404E-01
 157.60000  0.593690364315E-01
 157.70000  0.630772664851E-01
 157.80000  0.584464926261E-01
 157.90000  0.634323556531E-01
 158.00000  0.573988205898E-01
 158.10000  0.635098888554E-01
 158.20000  0.563664484644E-01
 158.30000  0.634005300553E-01
 158.40000  0.555480451165E-01
 158.50000  0.632395090183E-01
 158.60000  0.550897942153E-01
 158.70000  0.630734025853E-01
 158.80000  0.549911174492E-01
 158.90000  0.628358908773E-01
 159.00000  0.551465136988E-01
 159.10000  0.624121655039E-01
 159.20000  0.554021190213E-01
 159.30000  0.616968105754E-01
 159.40000  0.556356603644E-01
 159.50000  0.607036861205E-01
 159.60000  0.558520195039E-01
 159.70000  0.595912303664E-01
 159.80000  0.561226235307E-01
 159.90000  0.585243512247E-01
 160.00000  0.564665218792E-01
 160.10000  0.575954160975E-01
 160.20000  0.568476778131E-01
 160.30000  0.568359117317E-01
 160.40000  0.571838728770E-01
 160.50000  0.562016695291E-01
 160.60000  0.573480016772E-01
 160.70000  0.556222882251E-01
 160.80000  0.572649205515E-01
 160.90000  0.551132399967E-01
 161.00000  0.569840328547E-01
 161.10000  0.547696652082E-01
 161.20000  0.566111798845E-01
 161.30000  0.546622128943E-01
 161.40000  0.562201909135E-01
 161.50000  0.547797644220E-01
 161.60000  0.558253043781E-01
 161.70000  0.550210833743E-01
 161.80000  0.553772748716E-01
 161.90000  0.552220487336E-01
 162.00000  0.548061442848E-01
 162.10000  0.552482967881E-01
 162.20000  0.541119615917E-01
 162.30000  0.550804420235E-01
 162.40000  0.534037813380E-01
 162.50000  0.548023722779E-01
 162.60000  0.528492862695E-01
 162.70000  0.545260581375E-01
 162.80000  0.525932464270E-01
 162.90000  0.543130328488E-01
 163.00000  0.526807182948E-01
 163.10000  0.541151159967E-01
 163.20000  0.530156212063E-01
 163.30000  0.537828509557E-01
 163.40000  0.534117361663E-01
 163.50000  0.531685638764E-01
 163.60000  0.537185632023E-01
 163.70000  0.522436544312E-01
 163.80000  0.539125599468E-01
 163.90000  0.511280661093E-01
 164.00000  0.540869735948E-01
 164.10000  0.500265320259E-01
 164.20000  0.543704761454E-01
 164.30000  0.491291256658E-01
 164.40000  0.548296304845E-01
 164.50000  0.485249178757E-01
 164.60000  0.554023186036E-01
 164.70000  0.481697082081E-01
 164.80000  0.559070455776E-01
 164.90000  0.479331558783E-01
 165.00000  0.561338032969E-01
 165.10000  0.476987309192E-01
 165.20000  0.559584087830E-01
 165.30000  0.474471485803E-01
 165.40000  0.554029950224E-01
 165.50000  0.472693873199E-01
 165.60000  0.546096475126E-01
 165.70000  0.473085727944E-01
 165.80000  0.537515237168E-01
 165.90000  0.476703356127E-01
 166.00000  0.529369749604E-01
 166.10000  0.483537735330E-01
 166.20000  0.521628711589E-01
 166.30000  0.492427615474E-01
 166.40000  0.513439856975E-01
 166.50000  0.501639188976E-01
 166.60000  0.503969921109E-01
 166.70000  0.509750712833E-01
 166.80000  0.493187465304E-01
 166.90000  0.516255490204E-01
 167.00000  0.482041298098E-01
 167.10000  0.521515504010E-01
 167.20000  0.471964234956E-01
 167.30000  0.526179003870E-01
 167.40000  0.464112657356E-01
 167.50000  0.530526553906E-01
 167.60000  0.458870740374E-01
 167.70000  0.534179035340E-01
 167.80000  0.455876318398E-01
 167.90000  0.536298738970E-01
 168.00000  0.454456941654E-01
 168.10000  0.536105686711E-01
 168.20000  0.454141316055E-01
 168.30000  0.533363784850E-01
 168.40000  0.454915924352E-01
 168.50000  0.528527588640E-01
 168.60000  0.457085578507E-01
 168.70000  0.522451507126E-01
 168.80000  0.460857842573E-01
 168.90000  0.515871025878E-01
 169.00000  0.465983123441E-01
 169.10000  0.509052810025E-01
 169.20000  0.471745108821E-01
 169.30000  0.501874551769E-01
 169.40000  0.477311900091E-01
 169.50000  0.494238516937E-01
 169.60000  0.482166554553E-01
 169.70000  0.486461530803E-01
 169.80000  0.486301435157E-01
 169.90000  0.479336402423E-01
 170.00000  0.490067721400E-01
 170.10000  0.473806965825E-01
 170.20000  0.493789896239E-01
 170.30000  0.470444917990E-01
 170.40000  0.497379626513E-01
 170.50000  0.469063428533E-01
 170.60000  0.500208908070E-01
 170.70000  0.468774568595E-01
 170.80000  0.501389608563E-01
 170.90000  0.468531221614E-01
 171.00000  0.500333242644E-01
 171.10000  0.467812149545E-01
 171.20000  0.497214388946E-01
 171.30000  0.466955385788E-01
 171.40000  0.492998168137E-01
 171.50000  0.466892856540E-01
 171.60000  0.488993263091E-01
 171.70000  0.468464815744E-01
 171.80000  0.486190506068E-01
 171.90000  0.471749393336E-01
 172.00000  0.484755617040E-01
 172.10000  0.475820034758E-01
 172.20000  0.483976449084E-01
 172.30000  0.479115309241E-01
 172.40000  0.482753912653E-01
 172.50000  0.480257835978E-01
 172.60000  0.480395949388E-01
 172.70000  0.478842474561E-01
 172.80000  0.477214708339E-01
 172.90000  0.475678538416E-01
 173.00000  0.474500840226E-01
 173.10000  0.472317944721E-01
 173.20000  0.473850263811E-01
 173.30000  0.470164717094E-01
 173.40000  0.476229174845E-01
 173.50000  0.469688096097E-01
 173.60000  0.481310806199E-01
 173.70000  0.470163893662E-01
 173.80000  0.487481600413E-01
 173.90000  0.470093299740E-01
 174.00000  0.492587199975E-01
 174.10000  0.468110572385E-01
 174.20000  0.495055529217E-01
 174.30000  0.463883023788E-01
 174.40000  0.494728521593E-01
 174.50000  0.458449721459E-01
 174.60000  0.492858167933E-01
 174.70000  0.453768729849E-01
 174.80000  0.491256518792E-01
 174.90000  0.451738440002E-01
 175.00000  0.491131196047E-01
 175.10000  0.453242676394E-01
 175.20000  0.492284756545E-01
 175.30000  0.457709157372E-01
 175.40000  0.493122995570E-01
 175.50000  0.463420802913E-01
 175.60000  0.491498502108E-01
 175.70000  0.468476169006E-01
 175.80000  0.485963238250E-01
 175.90000  0.471921021556E-01
 176.00000  0.476710066006E-01
 176.10000  0.474374319212E-01
 176.20000  0.465598787615E-01
 176.30000  0.477713347349E-01
 176.40000  0.455233998941E-01
 176.50000  0.483969207934E-01
 176.60000  0.447652137495E-01
 176.70000  0.494048936781E-01
 176.80000  0.443347271463E-01
 176.90000  0.506972924841E-01
 177.00000  0.441112686592E-01
 177.10000  0.520057670893E-01
 177.20000  0.438770864211E-01
 177.30000  0.530056269776E-01
 177.40000  0.434473342780E-01
 177.50000  0.534746555124E-01
 177.60000  0.427903753933E-01
 177.70000  0.534063247315E-01
 177.80000  0.420674145728E-01
 177.90000  0.530038162600E-01
 178.00000  0.415650261522E-01
 178.10000  0.525536076236E-01
 178.20000  0.415596794959E-01
 178.30000  0.522521652513E-01
 178.40000  0.421869660181E-01
 178.50000  0.520785078096E-01
 178.60000  0.433744524019E-01
 178.70000  0.517749917504E-01
 178.80000  0.448709015946E-01
 178.90000  0.509520933377E-01
 179.00000  0.463780950240E-01
 179.10000  0.492751127839E-01
 179.20000  0.477522690107E-01
 179.30000  0.466305097821E-01
 179.40000  0.492133900503E-01
 179.50000  0.431389734209E-01
 179.60000  0.516025311820E-01
 179.70000  0.388828734879E-01
 179.80000  0.576639418405E-01
 179.90000  0.328499454074E-01
 180.00000  0.173327077212E+00

