    0.1000      0.443377944323E+07
    0.2000      0.176278817532E+07
    0.3000      0.533112683378E+06
    0.4000      0.290026980480E+06
    0.5000      0.169984907085E+06
    0.6000      0.670325831540E+05
    0.7000      0.281940621474E+05
    0.8000      0.380347873616E+05
    0.9000      0.455186153346E+05
    1.0000      0.297596476166E+05
    1.1000      0.131771026942E+05
    1.2000      0.115278687045E+05
    1.3000      0.173183858693E+05
    1.4000      0.175427046500E+05
    1.5000      0.112744645128E+05
    1.6000      0.613374282177E+04
    1.7000      0.618943791086E+04
    1.8000      0.887690548817E+04
    1.9000      0.906495526638E+04
    2.0000      0.587784913803E+04
    2.1000      0.295191101159E+04
    2.2000      0.244068828010E+04
    2.3000      0.370368941371E+04
    2.4000      0.472518048842E+04
    2.5000      0.412895416981E+04
    2.6000      0.277745534934E+04
    2.7000      0.196317994995E+04
    2.8000      0.195060512022E+04
    2.9000      0.247632132080E+04
    3.0000      0.286016959731E+04
    3.1000      0.277382200295E+04
    3.2000      0.249466067144E+04
    3.3000      0.208176257026E+04
    3.4000      0.160691144608E+04
    3.5000      0.131675829399E+04
    3.6000      0.120765010718E+04
    3.7000      0.127066341541E+04
    3.8000      0.146328322162E+04
    3.9000      0.148463445788E+04
    4.0000      0.124302228368E+04
    4.1000      0.907780122579E+03
    4.2000      0.603978169415E+03
    4.3000      0.483126415885E+03
    4.4000      0.602689128581E+03
    4.5000      0.785578360269E+03
    4.6000      0.906485062990E+03
    4.7000      0.935968481167E+03
    4.8000      0.836194538508E+03
    4.9000      0.674074459923E+03
    5.0000      0.561758288982E+03
    5.1000      0.518326458913E+03
    5.2000      0.566138144121E+03
    5.3000      0.703231566158E+03
    5.4000      0.829959484037E+03
    5.5000      0.879362215436E+03
    5.6000      0.850250683041E+03
    5.7000      0.740290441151E+03
    5.8000      0.608749787829E+03
    5.9000      0.542808155963E+03
    6.0000      0.552402200298E+03
    6.1000      0.619552225406E+03
    6.2000      0.716719893124E+03
    6.3000      0.769638837380E+03
    6.4000      0.739720279936E+03
    6.5000      0.656576511271E+03
    6.6000      0.551541989897E+03
    6.7000      0.470622083530E+03
    6.8000      0.460608079713E+03
    6.9000      0.503297402019E+03
    7.0000      0.555064676629E+03
    7.1000      0.594419838798E+03
    7.2000      0.593720633096E+03
    7.3000      0.545230807212E+03
    7.4000      0.479378870188E+03
    7.5000      0.416796642661E+03
    7.6000      0.369052227842E+03
    7.7000      0.358682664050E+03
    7.8000      0.380174592183E+03
    7.9000      0.403884677466E+03
    8.0000      0.414810166195E+03
    8.1000      0.405108994146E+03
    8.2000      0.372083503197E+03
    8.3000      0.335470503568E+03
    8.4000      0.312700897089E+03
    8.5000      0.303121950015E+03
    8.6000      0.306354786731E+03
    8.7000      0.319292947604E+03
    8.8000      0.328229079600E+03
    8.9000      0.325639713243E+03
    9.0000      0.313521186227E+03
    9.1000      0.295265024529E+03
    9.2000      0.278916034600E+03
    9.3000      0.272271403555E+03
    9.4000      0.274014781635E+03
    9.5000      0.278172226293E+03
    9.6000      0.279010675450E+03
    9.7000      0.271370561633E+03
    9.8000      0.255104861771E+03
    9.9000      0.234520761244E+03
   10.0000      0.215677034667E+03
   10.1000      0.204086024293E+03
   10.2000      0.200294109713E+03
   10.3000      0.199467566103E+03
   10.4000      0.197189506665E+03
   10.5000      0.189290493418E+03
   10.6000      0.173720089734E+03
   10.7000      0.154158693691E+03
   10.8000      0.135940656936E+03
   10.9000      0.122314657880E+03
   11.0000      0.116707657817E+03
   11.1000      0.118081080941E+03
   11.2000      0.119662009856E+03
   11.3000      0.116835221652E+03
   11.4000      0.108584016973E+03
   11.5000      0.948371926228E+02
   11.6000      0.798579996326E+02
   11.7000      0.693393164265E+02
   11.8000      0.645368277453E+02
   11.9000      0.654323430997E+02
   12.0000      0.712959921856E+02
   12.1000      0.768965058116E+02
   12.2000      0.771880773731E+02
   12.3000      0.717785781959E+02
   12.4000      0.616610075343E+02
   12.5000      0.496461076677E+02
   12.6000      0.406531089307E+02
   12.7000      0.366970459553E+02
   12.8000      0.365601225435E+02
   12.9000      0.396453833110E+02
   13.0000      0.441670435323E+02
   13.1000      0.469822368317E+02
   13.2000      0.470427868845E+02
   13.3000      0.452670708742E+02
   13.4000      0.423976950233E+02
   13.5000      0.398057859386E+02
   13.6000      0.384585189673E+02
   13.7000      0.375669634375E+02
   13.8000      0.360121074912E+02
   13.9000      0.338204861992E+02
   14.0000      0.311041430589E+02
   14.1000      0.279950470328E+02
   14.2000      0.254304783738E+02
   14.3000      0.247046314985E+02
   14.4000      0.259535110024E+02
   14.5000      0.282470606673E+02
   14.6000      0.305763727085E+02
   14.7000      0.318718911837E+02
   14.8000      0.312213666542E+02
   14.9000      0.289147670068E+02
   15.0000      0.258529575650E+02
   15.1000      0.224460835178E+02
   15.2000      0.196266693060E+02
   15.3000      0.185589268631E+02
   15.4000      0.187912675963E+02
   15.5000      0.191188657265E+02
   15.6000      0.194446365087E+02
   15.7000      0.195980494363E+02
   15.8000      0.191288223273E+02
   15.9000      0.184364571871E+02
   16.0000      0.179253332250E+02
   16.1000      0.172307818885E+02
   16.2000      0.167272104398E+02
   16.3000      0.168296363273E+02
   16.4000      0.167236040653E+02
   16.5000      0.159091379962E+02
   16.6000      0.151850010945E+02
   16.7000      0.148311372027E+02
   16.8000      0.146314862823E+02
   16.9000      0.148723770295E+02
   17.0000      0.155744944028E+02
   17.1000      0.161881104090E+02
   17.2000      0.167019998800E+02
   17.3000      0.170842186814E+02
   17.4000      0.167153545646E+02
   17.5000      0.156623626773E+02
   17.6000      0.147847518335E+02
   17.7000      0.142418324145E+02
   17.8000      0.137530307930E+02
   17.9000      0.135708354916E+02
   18.0000      0.137589999829E+02
   18.1000      0.139357749778E+02
   18.2000      0.140478941976E+02
   18.3000      0.141269442582E+02
   18.4000      0.138416945738E+02
   18.5000      0.133692188242E+02
   18.6000      0.131814483915E+02
   18.7000      0.130497138736E+02
   18.8000      0.125839560663E+02
   18.9000      0.120964567253E+02
   19.0000      0.117140540815E+02
   19.1000      0.112181522642E+02
   19.2000      0.107572820594E+02
   19.3000      0.105460910597E+02
   19.4000      0.104148233799E+02
   19.5000      0.105122349248E+02
   19.6000      0.109762108940E+02
   19.7000      0.112936708882E+02
   19.8000      0.111247126491E+02
   19.9000      0.108359054608E+02
   20.0000      0.104937320975E+02
   20.1000      0.990953152252E+01
   20.2000      0.938647216182E+01
   20.3000      0.923370496488E+01
   20.4000      0.936658052371E+01
   20.5000      0.986045487036E+01
   20.6000      0.106819313217E+02
   20.7000      0.112965373253E+02
   20.8000      0.115096847030E+02
   20.9000      0.116052092683E+02
   21.0000      0.114561736309E+02
   21.1000      0.107936920574E+02
   21.2000      0.998948080618E+01
   21.3000      0.941521690834E+01
   21.4000      0.903070211554E+01
   21.5000      0.890905174359E+01
   21.6000      0.919342079795E+01
   21.7000      0.968206912745E+01
   21.8000      0.103376334549E+02
   21.9000      0.112791203351E+02
   22.0000      0.122011432283E+02
   22.1000      0.127208759908E+02
   22.2000      0.130179974664E+02
   22.3000      0.131758591385E+02
   22.4000      0.128929327103E+02
   22.5000      0.121604489207E+02
   22.6000      0.113090724916E+02
   22.7000      0.104285850101E+02
   22.8000      0.961986813843E+01
   22.9000      0.913490603338E+01
   23.0000      0.897345096729E+01
   23.1000      0.904128275446E+01
   23.2000      0.950257704051E+01
   23.3000      0.102855050825E+02
   23.4000      0.109605452610E+02
   23.5000      0.114074497236E+02
   23.6000      0.117502589761E+02
   23.7000      0.118258093841E+02
   23.8000      0.114652468982E+02
   23.9000      0.108251332458E+02
   24.0000      0.100151098718E+02
   24.1000      0.908593251127E+01
   24.2000      0.824793988884E+01
   24.3000      0.762077461810E+01
   24.4000      0.711930598118E+01
   24.5000      0.685862526300E+01
   24.6000      0.697574162497E+01
   24.7000      0.728110678232E+01
   24.8000      0.755478164948E+01
   24.9000      0.784679762932E+01
   25.0000      0.811260015858E+01
   25.1000      0.819254517751E+01
   25.2000      0.807987799700E+01
   25.3000      0.784145147694E+01
   25.4000      0.746184135834E+01
   25.5000      0.704598998974E+01
   25.6000      0.671512920833E+01
   25.7000      0.641841198186E+01
   25.8000      0.613160993713E+01
   25.9000      0.598194658340E+01
   26.0000      0.595647588788E+01
   26.1000      0.592205874279E+01
   26.2000      0.587721989397E+01
   26.3000      0.585810443576E+01
   26.4000      0.581035706884E+01
   26.5000      0.573344894917E+01
   26.6000      0.567071389953E+01
   26.7000      0.558665935372E+01
   26.8000      0.550785033461E+01
   26.9000      0.553349492550E+01
   27.0000      0.565403013658E+01
   27.1000      0.579921893681E+01
   27.2000      0.600432703001E+01
   27.3000      0.625839624224E+01
   27.4000      0.647344367955E+01
   27.5000      0.660920900295E+01
   27.6000      0.663970316988E+01
   27.7000      0.647991837725E+01
   27.8000      0.617042537268E+01
   27.9000      0.581151969468E+01
   28.0000      0.539629639604E+01
   28.1000      0.493650553586E+01
   28.2000      0.459646616597E+01
   28.3000      0.444942368387E+01
   28.4000      0.445606751894E+01
   28.5000      0.462995289766E+01
   28.6000      0.496238497382E+01
   28.7000      0.534050568724E+01
   28.8000      0.573301458614E+01
   28.9000      0.611457518215E+01
   29.0000      0.631318403898E+01
   29.1000      0.625372777674E+01
   29.2000      0.607081133141E+01
   29.3000      0.577780943427E+01
   29.4000      0.527464164645E+01
   29.5000      0.467693624316E+01
   29.6000      0.416834501560E+01
   29.7000      0.376159227857E+01
   29.8000      0.347933083727E+01
   29.9000      0.341477268908E+01
   30.0000      0.352345293313E+01
   30.1000      0.376348191215E+01
   30.2000      0.418437858504E+01
   30.3000      0.467653418041E+01
   30.4000      0.502245425257E+01
   30.5000      0.525515591630E+01
   30.6000      0.544773955104E+01
   30.7000      0.545252930654E+01
   30.8000      0.519594338036E+01
   30.9000      0.484582863371E+01
   31.0000      0.447718002464E+01
   31.1000      0.408326607095E+01
   31.2000      0.376926196026E+01
   31.3000      0.360724826795E+01
   31.4000      0.356641423995E+01
   31.5000      0.372721790609E+01
   31.6000      0.413174493881E+01
   31.7000      0.460800812389E+01
   31.8000      0.505760779368E+01
   31.9000      0.555893066889E+01
   32.0000      0.603621804522E+01
   32.1000      0.631334394906E+01
   32.2000      0.640793950553E+01
   32.3000      0.638688647133E+01
   32.4000      0.622598664085E+01
   32.5000      0.598686093248E+01
   32.6000      0.577148402964E+01
   32.7000      0.556159062117E+01
   32.8000      0.541809990459E+01
   32.9000      0.549489623754E+01
   33.0000      0.575311210419E+01
   33.1000      0.605463677018E+01
   33.2000      0.645122164491E+01
   33.3000      0.696839069268E+01
   33.4000      0.745697945672E+01
   33.5000      0.783581309218E+01
   33.6000      0.812400193323E+01
   33.7000      0.825258722227E+01
   33.8000      0.822000733839E+01
   33.9000      0.812337643704E+01
   34.0000      0.792932305660E+01
   34.1000      0.759069718128E+01
   34.2000      0.729060932098E+01
   34.3000      0.714059979179E+01
   34.4000      0.701867043066E+01
   34.5000      0.691955025531E+01
   34.6000      0.698875475045E+01
   34.7000      0.718927049302E+01
   34.8000      0.741299707381E+01
   34.9000      0.767861607220E+01
   35.0000      0.794643687749E+01
   35.1000      0.812567895854E+01
   35.2000      0.827338709545E+01
   35.3000      0.839376694117E+01
   35.4000      0.832127052992E+01
   35.5000      0.807983065226E+01
   35.6000      0.785712642359E+01
   35.7000      0.760575530517E+01
   35.8000      0.719804115705E+01
   35.9000      0.677267558423E+01
   36.0000      0.646144105196E+01
   36.1000      0.620043240710E+01
   36.2000      0.599264830574E+01
   36.3000      0.591805784503E+01
   36.4000      0.592696751907E+01
   36.5000      0.601405882293E+01
   36.6000      0.625136527051E+01
   36.7000      0.653165558933E+01
   36.8000      0.670293244436E+01
   36.9000      0.686012485527E+01
   37.0000      0.705130618173E+01
   37.1000      0.708878923822E+01
   37.2000      0.691454233118E+01
   37.3000      0.668058514676E+01
   37.4000      0.639909239626E+01
   37.5000      0.600770113971E+01
   37.6000      0.559006666652E+01
   37.7000      0.521594792410E+01
   37.8000      0.487854186414E+01
   37.9000      0.466904044467E+01
   38.0000      0.464407932712E+01
   38.1000      0.469273332476E+01
   38.2000      0.480170115993E+01
   38.3000      0.508089042455E+01
   38.4000      0.545080828321E+01
   38.5000      0.573425462254E+01
   38.6000      0.595360329043E+01
   38.7000      0.615605451891E+01
   38.8000      0.624669748316E+01
   38.9000      0.618639554335E+01
   39.0000      0.603447029115E+01
   39.1000      0.578379359873E+01
   39.2000      0.546121103861E+01
   39.3000      0.517002903813E+01
   39.4000      0.491160011704E+01
   39.5000      0.464023849316E+01
   39.6000      0.446046155780E+01
   39.7000      0.444472325720E+01
   39.8000      0.449588821722E+01
   39.9000      0.456656122160E+01
   40.0000      0.472097966290E+01
   40.1000      0.492685661187E+01
   40.2000      0.510720051826E+01
   40.3000      0.526522167829E+01
   40.4000      0.538255682530E+01
   40.5000      0.541170348580E+01
   40.6000      0.540243166036E+01
   40.7000      0.538658810041E+01
   40.8000      0.529003855722E+01
   40.9000      0.512442267990E+01
   41.0000      0.499817293156E+01
   41.1000      0.490041390260E+01
   41.2000      0.476187096713E+01
   41.3000      0.462771946813E+01
   41.4000      0.453681445079E+01
   41.5000      0.445049136902E+01
   41.6000      0.437511231972E+01
   41.7000      0.433160302877E+01
   41.8000      0.426962319553E+01
   41.9000      0.420608600506E+01
   42.0000      0.421814444050E+01
   42.1000      0.426368057244E+01
   42.2000      0.426689883779E+01
   42.3000      0.430035588523E+01
   42.4000      0.441254989803E+01
   42.5000      0.451497677904E+01
   42.6000      0.456774594570E+01
   42.7000      0.461729320357E+01
   42.8000      0.463585742497E+01
   42.9000      0.458712170500E+01
   43.0000      0.449825474732E+01
   43.1000      0.434876602276E+01
   43.2000      0.410564900348E+01
   43.3000      0.385575883994E+01
   43.4000      0.365521834858E+01
   43.5000      0.343280765839E+01
   43.6000      0.320405377089E+01
   43.7000      0.309537763546E+01
   43.8000      0.310366469375E+01
   43.9000      0.314210825371E+01
   44.0000      0.323563407674E+01
   44.1000      0.341446945658E+01
   44.2000      0.361281795268E+01
   44.3000      0.379388147760E+01
   44.4000      0.395364945664E+01
   44.5000      0.402559886044E+01
   44.6000      0.399337057066E+01
   44.7000      0.391944936131E+01
   44.8000      0.377973139459E+01
   44.9000      0.351047558362E+01
   45.0000      0.319841478837E+01
   45.1000      0.294415988939E+01
   45.2000      0.270720581580E+01
   45.3000      0.246839054539E+01
   45.4000      0.232089053158E+01
   45.5000      0.229105242447E+01
   45.6000      0.232972215201E+01
   45.7000      0.243525947280E+01
   45.8000      0.260602595040E+01
   45.9000      0.278829934748E+01
   46.0000      0.297279285971E+01
   46.1000      0.316044957290E+01
   46.2000      0.327869772652E+01
   46.3000      0.329036251777E+01
   46.4000      0.325603952291E+01
   46.5000      0.318260493969E+01
   46.6000      0.301147349990E+01
   46.7000      0.277179256858E+01
   46.8000      0.254271550178E+01
   46.9000      0.232794855415E+01
   47.0000      0.211660205449E+01
   47.1000      0.195194076575E+01
   47.2000      0.185613165742E+01
   47.3000      0.182141383458E+01
   47.4000      0.185872994627E+01
   47.5000      0.196330392707E+01
   47.6000      0.209432527763E+01
   47.7000      0.224504921771E+01
   47.8000      0.242082875634E+01
   47.9000      0.257968496021E+01
   48.0000      0.267906782482E+01
   48.1000      0.273019943225E+01
   48.2000      0.273523933126E+01
   48.3000      0.267229704304E+01
   48.4000      0.254392871053E+01
   48.5000      0.237459871113E+01
   48.6000      0.217491202766E+01
   48.7000      0.196502248034E+01
   48.8000      0.177277119293E+01
   48.9000      0.161030273713E+01
   49.0000      0.148798698157E+01
   49.1000      0.142910185736E+01
   49.2000      0.143756672147E+01
   49.3000      0.149970075070E+01
   49.4000      0.160912353596E+01
   49.5000      0.175432030223E+01
   49.6000      0.191050587235E+01
   49.7000      0.206133816348E+01
   49.8000      0.219140981297E+01
   49.9000      0.227185060829E+01
   50.0000      0.229256031007E+01
   50.1000      0.226470888658E+01
   50.2000      0.218568953416E+01
   50.3000      0.204809944570E+01
   50.4000      0.187649348632E+01
   50.5000      0.169850709466E+01
   50.6000      0.152417321984E+01
   50.7000      0.136784721473E+01
   50.8000      0.125264259482E+01
   50.9000      0.118364185203E+01
   51.0000      0.116593045824E+01
   51.1000      0.120708292299E+01
   51.2000      0.129356840921E+01
   51.3000      0.140048076759E+01
   51.4000      0.152731789799E+01
   51.5000      0.166725930231E+01
   51.6000      0.178711714260E+01
   51.7000      0.186609140792E+01
   51.8000      0.191315052480E+01
   51.9000      0.192470591180E+01
   52.0000      0.188628297696E+01
   52.1000      0.180424836539E+01
   52.2000      0.169699677370E+01
   52.3000      0.157265286899E+01
   52.4000      0.144158056566E+01
   52.5000      0.132069477009E+01
   52.6000      0.122000414822E+01
   52.7000      0.114779889042E+01
   52.8000      0.111481902971E+01
   52.9000      0.112309714795E+01
   53.0000      0.116476353604E+01
   53.1000      0.123716930192E+01
   53.2000      0.133593302598E+01
   53.3000      0.144823654771E+01
   53.4000      0.155814419419E+01
   53.5000      0.165748349379E+01
   53.6000      0.173828120817E+01
   53.7000      0.179121605839E+01
   53.8000      0.180690116147E+01
   53.9000      0.178749298254E+01
   54.0000      0.173997689231E+01
   54.1000      0.166622593458E+01
   54.2000      0.156675572374E+01
   54.3000      0.146110629395E+01
   54.4000      0.136860640666E+01
   54.5000      0.128875691676E+01
   54.6000      0.122313661022E+01
   54.7000      0.119538504552E+01
   54.8000      0.121389986814E+01
   54.9000      0.126195494679E+01
   55.0000      0.133453294265E+01
   55.1000      0.143889832079E+01
   55.2000      0.156101671562E+01
   55.3000      0.168026130547E+01
   55.4000      0.179026010001E+01
   55.5000      0.187823848058E+01
   55.6000      0.192882507571E+01
   55.7000      0.194718698196E+01
   55.8000      0.193446194699E+01
   55.9000      0.187173246022E+01
   56.0000      0.176987445757E+01
   56.1000      0.166568631732E+01
   56.2000      0.156105976471E+01
   56.3000      0.144064059208E+01
   56.4000      0.133624443961E+01
   56.5000      0.128258584488E+01
   56.6000      0.126632689238E+01
   56.7000      0.127395691755E+01
   56.8000      0.132565473422E+01
   56.9000      0.142095982358E+01
   57.0000      0.153614188907E+01
   57.1000      0.166148075750E+01
   57.2000      0.178778854867E+01
   57.3000      0.188980289437E+01
   57.4000      0.196335830290E+01
   57.5000      0.201177661248E+01
   57.6000      0.201106437858E+01
   57.7000      0.194896034582E+01
   57.8000      0.185729407149E+01
   57.9000      0.175083619852E+01
   58.0000      0.161201425623E+01
   58.1000      0.145539711344E+01
   58.2000      0.132283868305E+01
   58.3000      0.122220196186E+01
   58.4000      0.114558194171E+01
   58.5000      0.110957721283E+01
   58.6000      0.112485293556E+01
   58.7000      0.118110701659E+01
   58.8000      0.127369664473E+01
   58.9000      0.139607188457E+01
   59.0000      0.152210575587E+01
   59.1000      0.163914228302E+01
   59.2000      0.174808400791E+01
   59.3000      0.182785024857E+01
   59.4000      0.185162833565E+01
   59.5000      0.182832969891E+01
   59.6000      0.177023818463E+01
   59.7000      0.166855201498E+01
   59.8000      0.152587944961E+01
   59.9000      0.136835165641E+01
   60.0000      0.121101820260E+01
   60.1000      0.106425825639E+01
   60.2000      0.947264146638E+00
   60.3000      0.870782257966E+00
   60.4000      0.834595844019E+00
   60.5000      0.850436179137E+00
   60.6000      0.921493239213E+00
   60.7000      0.102568273291E+01
   60.8000      0.114702671230E+01
   60.9000      0.128636711214E+01
   61.0000      0.142656279115E+01
   61.1000      0.153829839585E+01
   61.2000      0.161235130781E+01
   61.3000      0.164691792105E+01
   61.4000      0.163202987377E+01
   61.5000      0.156822188988E+01
   61.6000      0.146642128751E+01
   61.7000      0.132966306114E+01
   61.8000      0.117191061507E+01
   61.9000      0.102218462600E+01
   62.0000      0.892850119708E+00
   62.1000      0.782093751792E+00
   62.2000      0.710785737036E+00
   62.3000      0.699462592501E+00
   62.4000      0.737572652656E+00
   62.5000      0.810427525721E+00
   62.6000      0.922112799338E+00
   62.7000      0.106289115624E+01
   62.8000      0.120912387837E+01
   62.9000      0.134735861438E+01
   63.0000      0.146537039613E+01
   63.1000      0.154223331708E+01
   63.2000      0.157651128558E+01
   63.3000      0.157482279743E+01
   63.4000      0.152382061724E+01
   63.5000      0.142001660863E+01
   63.6000      0.129645655576E+01
   63.7000      0.117250831870E+01
   63.8000      0.103782520106E+01
   63.9000      0.906415873453E+00
   64.0000      0.815451333144E+00
   64.1000      0.770262697216E+00
   64.2000      0.758226233690E+00
   64.3000      0.788559178402E+00
   64.4000      0.865992453598E+00
   64.5000      0.974248093843E+00
   64.6000      0.110436127119E+01
   64.7000      0.124844497824E+01
   64.8000      0.137807342211E+01
   64.9000      0.148144403940E+01
   65.0000      0.156942490133E+01
   65.1000      0.162495570748E+01
   65.2000      0.161673870468E+01
   65.3000      0.156442722206E+01
   65.4000      0.149958809655E+01
   65.5000      0.140642692093E+01
   65.6000      0.127381966145E+01
   65.7000      0.114371277407E+01
   65.8000      0.104348987619E+01
   65.9000      0.959508514746E+00
   66.0000      0.895996908005E+00
   66.1000      0.879002267266E+00
   66.2000      0.906989978432E+00
   66.3000      0.970016180367E+00
   66.4000      0.107093617269E+01
   66.5000      0.119495054263E+01
   66.6000      0.131866847156E+01
   66.7000      0.144831061875E+01
   66.8000      0.158008762055E+01
   66.9000      0.167221311642E+01
   67.0000      0.171268713484E+01
   67.1000      0.173407748830E+01
   67.2000      0.173183692023E+01
   67.3000      0.167037598969E+01
   67.4000      0.156859209481E+01
   67.5000      0.147118081211E+01
   67.6000      0.137419859525E+01
   67.7000      0.126469820286E+01
   67.8000      0.117328368937E+01
   67.9000      0.112324999569E+01
   68.0000      0.110688168488E+01
   68.1000      0.112576775494E+01
   68.2000      0.118721726629E+01
   68.3000      0.127591241322E+01
   68.4000      0.138581968762E+01
   68.5000      0.152229669641E+01
   68.6000      0.166005769251E+01
   68.7000      0.176654188575E+01
   68.8000      0.185428704717E+01
   68.9000      0.193246367617E+01
   69.0000      0.196646422862E+01
   69.1000      0.194193401749E+01
   69.2000      0.189410821076E+01
   69.3000      0.183528439156E+01
   69.4000      0.174572895027E+01
   69.5000      0.163710944444E+01
   69.6000      0.154326963631E+01
   69.7000      0.146949604964E+01
   69.8000      0.141292376268E+01
   69.9000      0.138730053685E+01
   70.0000      0.139608463962E+01
   70.1000      0.143235781532E+01
   70.2000      0.150094286073E+01
   70.3000      0.159694749609E+01
   70.4000      0.169425425636E+01
   70.5000      0.178637293791E+01
   70.6000      0.188300393731E+01
   70.7000      0.196650619114E+01
   70.8000      0.200992003031E+01
   70.9000      0.202260531445E+01
   71.0000      0.201910125615E+01
   71.1000      0.198707935848E+01
   71.2000      0.192037258734E+01
   71.3000      0.183941578610E+01
   71.4000      0.175611525338E+01
   71.5000      0.167007754489E+01
   71.6000      0.158990874666E+01
   71.7000      0.152654594636E+01
   71.8000      0.148046033137E+01
   71.9000      0.145683572224E+01
   72.0000      0.146076220117E+01
   72.1000      0.148344451696E+01
   72.2000      0.151654556265E+01
   72.3000      0.156442328726E+01
   72.4000      0.162216504495E+01
   72.5000      0.167311101305E+01
   72.6000      0.171169054112E+01
   72.7000      0.174056376694E+01
   72.8000      0.175340210515E+01
   72.9000      0.174399475544E+01
   73.0000      0.171546526036E+01
   73.1000      0.166936634178E+01
   73.2000      0.160727688171E+01
   73.3000      0.153748399912E+01
   73.4000      0.146574562144E+01
   73.5000      0.139152904158E+01
   73.6000      0.132290977532E+01
   73.7000      0.127023370478E+01
   73.8000      0.123297044159E+01
   73.9000      0.120807316174E+01
   74.0000      0.120058127674E+01
   74.1000      0.120981920739E+01
   74.2000      0.122972318698E+01
   74.3000      0.125773729902E+01
   74.4000      0.128957680394E+01
   74.5000      0.131473979411E+01
   74.6000      0.133267957895E+01
   74.7000      0.134580048919E+01
   74.8000      0.134359335649E+01
   74.9000      0.131828380685E+01
   75.0000      0.128254634920E+01
   75.1000      0.124315670867E+01
   75.2000      0.119022690338E+01
   75.3000      0.112605122298E+01
   75.4000      0.106874321408E+01
   75.5000      0.102206324978E+01
   75.6000      0.979766175508E+00
   75.7000      0.947999479295E+00
   75.8000      0.933957817543E+00
   75.9000      0.933623567113E+00
   76.0000      0.945050966804E+00
   76.1000      0.968652815840E+00
   76.2000      0.995137024913E+00
   76.3000      0.101948964458E+01
   76.4000      0.104639727972E+01
   76.5000      0.106979873196E+01
   76.6000      0.107504238651E+01
   76.7000      0.106690037552E+01
   76.8000      0.105649141668E+01
   76.9000      0.103683944113E+01
   77.0000      0.100057192196E+01
   77.1000      0.961263538592E+00
   77.2000      0.928777139045E+00
   77.3000      0.898185683927E+00
   77.4000      0.869815784030E+00
   77.5000      0.853127671532E+00
   77.6000      0.848770862639E+00
   77.7000      0.854062885323E+00
   77.8000      0.870021523444E+00
   77.9000      0.893878800664E+00
   78.0000      0.919730255894E+00
   78.1000      0.948572339011E+00
   78.2000      0.979007165482E+00
   78.3000      0.100225141917E+01
   78.4000      0.101569917276E+01
   78.5000      0.102403335845E+01
   78.6000      0.102561931771E+01
   78.7000      0.101689646121E+01
   78.8000      0.100191268142E+01
   78.9000      0.983778987949E+00
   79.0000      0.962953870451E+00
   79.1000      0.944564490409E+00
   79.2000      0.932252103052E+00
   79.3000      0.921926799016E+00
   79.4000      0.916743413455E+00
   79.5000      0.925033028281E+00
   79.6000      0.942755897596E+00
   79.7000      0.960364687737E+00
   79.8000      0.983038901908E+00
   79.9000      0.101519120047E+01
   80.0000      0.104728110386E+01
   80.1000      0.107245068758E+01
   80.2000      0.109521660737E+01
   80.3000      0.111369864620E+01
   80.4000      0.112299823890E+01
   80.5000      0.112498643011E+01
   80.6000      0.111912664663E+01
   80.7000      0.110073624278E+01
   80.8000      0.107794713493E+01
   80.9000      0.105888479987E+01
   81.0000      0.103452729454E+01
   81.1000      0.100244902244E+01
   81.2000      0.981756093442E+00
   81.3000      0.977499587315E+00
   81.4000      0.972568366883E+00
   81.5000      0.968290097493E+00
   81.6000      0.983356837668E+00
   81.7000      0.101282921624E+01
   81.8000      0.103771697338E+01
   81.9000      0.106138049030E+01
   82.0000      0.109248303460E+01
   82.1000      0.112043770221E+01
   82.2000      0.113493316208E+01
   82.3000      0.113994239160E+01
   82.4000      0.113450081400E+01
   82.5000      0.111467070595E+01
   82.6000      0.108530122449E+01
   82.7000      0.104884653734E+01
   82.8000      0.100029835559E+01
   82.9000      0.948501418407E+00
   83.0000      0.907393545328E+00
   83.1000      0.872562792974E+00
   83.2000      0.837186600862E+00
   83.3000      0.816299458261E+00
   83.4000      0.819360685069E+00
   83.5000      0.831846929484E+00
   83.6000      0.845537791592E+00
   83.7000      0.872400514540E+00
   83.8000      0.911615835085E+00
   83.9000      0.945037557530E+00
   84.0000      0.967359919905E+00
   84.1000      0.986193379147E+00
   84.2000      0.997229063871E+00
   84.3000      0.990382039671E+00
   84.4000      0.967788098085E+00
   84.5000      0.935491649848E+00
   84.6000      0.893454587963E+00
   84.7000      0.843546046626E+00
   84.8000      0.792155937281E+00
   84.9000      0.742112652431E+00
   85.0000      0.696919058602E+00
   85.1000      0.663669284906E+00
   85.2000      0.644420431655E+00
   85.3000      0.634727738910E+00
   85.4000      0.637438938448E+00
   85.5000      0.657692302662E+00
   85.6000      0.689139243671E+00
   85.7000      0.721274993589E+00
   85.8000      0.756792018390E+00
   85.9000      0.798434150966E+00
   86.0000      0.835231982449E+00
   86.1000      0.857476995527E+00
   86.2000      0.871527862521E+00
   86.3000      0.880509188218E+00
   86.4000      0.875106429158E+00
   86.5000      0.852339391851E+00
   86.6000      0.822673395179E+00
   86.7000      0.789917632742E+00
   86.8000      0.749928852595E+00
   86.9000      0.706408090196E+00
   87.0000      0.668467866350E+00
   87.1000      0.638079271356E+00
   87.2000      0.615976530629E+00
   87.3000      0.606641852311E+00
   87.4000      0.610383737314E+00
   87.5000      0.625642554959E+00
   87.6000      0.655732780708E+00
   87.7000      0.699227780780E+00
   87.8000      0.745523001124E+00
   87.9000      0.792323318271E+00
   88.0000      0.844393974140E+00
   88.1000      0.893798797981E+00
   88.2000      0.926414125486E+00
   88.3000      0.945433292204E+00
   88.4000      0.957821977939E+00
   88.5000      0.955482941849E+00
   88.6000      0.931579182414E+00
   88.7000      0.896720536659E+00
   88.8000      0.858629419814E+00
   88.9000      0.814604574129E+00
   89.0000      0.767526582359E+00
   89.1000      0.727454679325E+00
   89.2000      0.697406013853E+00
   89.3000      0.679051875605E+00
   89.4000      0.676985658152E+00
   89.5000      0.690241104538E+00
   89.6000      0.714336643742E+00
   89.7000      0.752000620862E+00
   89.8000      0.802290428785E+00
   89.9000      0.853479119624E+00
   90.0000      0.899439795585E+00
   90.1000      0.944018312897E+00
   90.2000      0.982722043542E+00
   90.3000      0.100452579986E+01
   90.4000      0.100975417102E+01
   90.5000      0.100402972984E+01
   90.6000      0.985563446699E+00
   90.7000      0.953069783443E+00
   90.8000      0.912693540583E+00
   90.9000      0.868586037548E+00
   91.0000      0.823535938800E+00
   91.1000      0.783422052001E+00
   91.2000      0.751803860058E+00
   91.3000      0.727639358817E+00
   91.4000      0.715092453172E+00
   91.5000      0.718328377753E+00
   91.6000      0.733635718748E+00
   91.7000      0.756510682466E+00
   91.8000      0.788606096071E+00
   91.9000      0.827434919925E+00
   92.0000      0.867149524897E+00
   92.1000      0.905427379119E+00
   92.2000      0.939388835741E+00
   92.3000      0.962733804313E+00
   92.4000      0.976658324379E+00
   92.5000      0.983857362492E+00
   92.6000      0.977276965798E+00
   92.7000      0.953686624759E+00
   92.8000      0.924760592034E+00
   92.9000      0.895110247733E+00
   93.0000      0.855983373045E+00
   93.1000      0.810965102391E+00
   93.2000      0.775444180537E+00
   93.3000      0.750197591676E+00
   93.4000      0.727959000620E+00
   93.5000      0.715202689736E+00
   93.6000      0.719007416047E+00
   93.7000      0.734584610493E+00
   93.8000      0.759146554056E+00
   93.9000      0.794112238138E+00
   94.0000      0.832220528992E+00
   94.1000      0.869562039895E+00
   94.2000      0.910642286178E+00
   94.3000      0.948171494856E+00
   94.4000      0.966857649016E+00
   94.5000      0.973469755178E+00
   94.6000      0.979883245767E+00
   94.7000      0.973062677585E+00
   94.8000      0.941375630738E+00
   94.9000      0.903982003435E+00
   95.0000      0.873902387446E+00
   95.1000      0.836852616478E+00
   95.2000      0.789854374728E+00
   95.3000      0.753818371962E+00
   95.4000      0.733971655830E+00
   95.5000      0.717980231713E+00
   95.6000      0.707583830372E+00
   95.7000      0.712529778147E+00
   95.8000      0.728448885535E+00
   95.9000      0.748977620195E+00
   96.0000      0.775243030770E+00
   96.1000      0.802841039682E+00
   96.2000      0.825946870144E+00
   96.3000      0.848105706512E+00
   96.4000      0.867975622495E+00
   96.5000      0.873837756249E+00
   96.6000      0.867258265277E+00
   96.7000      0.860361099006E+00
   96.8000      0.849198412682E+00
   96.9000      0.822418096618E+00
   97.0000      0.789583804366E+00
   97.1000      0.764252568923E+00
   97.2000      0.739786242066E+00
   97.3000      0.708272350921E+00
   97.4000      0.681340629305E+00
   97.5000      0.667369471849E+00
   97.6000      0.657989004658E+00
   97.7000      0.648326281411E+00
   97.8000      0.646799147533E+00
   97.9000      0.655406290585E+00
   98.0000      0.666162395893E+00
   98.1000      0.676168373107E+00
   98.2000      0.689610788305E+00
   98.3000      0.705080311125E+00
   98.4000      0.717040853058E+00
   98.5000      0.724407081678E+00
   98.6000      0.729032224290E+00
   98.7000      0.729612940842E+00
   98.8000      0.724512079290E+00
   98.9000      0.714878320651E+00
   99.0000      0.701693005045E+00
   99.1000      0.685367824163E+00
   99.2000      0.668368651858E+00
   99.3000      0.652899223418E+00
   99.4000      0.637848585291E+00
   99.5000      0.624763648966E+00
   99.6000      0.618472555161E+00
   99.7000      0.618717121673E+00
   99.8000      0.620186864894E+00
   99.9000      0.625057125296E+00
  100.0000      0.638287702337E+00
  100.1000      0.654758297864E+00
  100.2000      0.666248168581E+00
  100.3000      0.677051523608E+00
  100.4000      0.691576219307E+00
  100.5000      0.701865494992E+00
  100.6000      0.701708629770E+00
  100.7000      0.698606059657E+00
  100.8000      0.696227269803E+00
  100.9000      0.688061412504E+00
  101.0000      0.673090996347E+00
  101.1000      0.659036957173E+00
  101.2000      0.647454233050E+00
  101.3000      0.635555679168E+00
  101.4000      0.625445474905E+00
  101.5000      0.619870150247E+00
  101.6000      0.617658573952E+00
  101.7000      0.619598444721E+00
  101.8000      0.626769894653E+00
  101.9000      0.635429055365E+00
  102.0000      0.644064621142E+00
  102.1000      0.656103790204E+00
  102.2000      0.670012487479E+00
  102.3000      0.679389625609E+00
  102.4000      0.685305903072E+00
  102.5000      0.692034313984E+00
  102.6000      0.696781849355E+00
  102.7000      0.695297021948E+00
  102.8000      0.690913670615E+00
  102.9000      0.686336407833E+00
  103.0000      0.679721138151E+00
  103.1000      0.670582844373E+00
  103.2000      0.661605976188E+00
  103.3000      0.653016016924E+00
  103.4000      0.645259542414E+00
  103.5000      0.639869008986E+00
  103.6000      0.636949937309E+00
  103.7000      0.635544776689E+00
  103.8000      0.637519261473E+00
  103.9000      0.643454192765E+00
  104.0000      0.651619947366E+00
  104.1000      0.661410686979E+00
  104.2000      0.673415740953E+00
  104.3000      0.685987168048E+00
  104.4000      0.698164152925E+00
  104.5000      0.709996899702E+00
  104.6000      0.719192224411E+00
  104.7000      0.724044096387E+00
  104.8000      0.726882644369E+00
  104.9000      0.727906024075E+00
  105.0000      0.723211749317E+00
  105.1000      0.714083144675E+00
  105.2000      0.705702100136E+00
  105.3000      0.697615083068E+00
  105.4000      0.686732230011E+00
  105.5000      0.676778546609E+00
  105.6000      0.671517700739E+00
  105.7000      0.669356171417E+00
  105.8000      0.669320523701E+00
  105.9000      0.673585196890E+00
  106.0000      0.680752206493E+00
  106.1000      0.689706808422E+00
  106.2000      0.701805795627E+00
  106.3000      0.714636667407E+00
  106.4000      0.722952242279E+00
  106.5000      0.729711349639E+00
  106.6000      0.738274622939E+00
  106.7000      0.742051638159E+00
  106.8000      0.736450900964E+00
  106.9000      0.729837557442E+00
  107.0000      0.725860456706E+00
  107.1000      0.716154936002E+00
  107.2000      0.699554114417E+00
  107.3000      0.686450417420E+00
  107.4000      0.678145372460E+00
  107.5000      0.666831689989E+00
  107.6000      0.654199529949E+00
  107.7000      0.647948343827E+00
  107.8000      0.646379445578E+00
  107.9000      0.644070050626E+00
  108.0000      0.643397174855E+00
  108.1000      0.647216631465E+00
  108.2000      0.652919255954E+00
  108.3000      0.658493091744E+00
  108.4000      0.665099996140E+00
  108.5000      0.671406034046E+00
  108.6000      0.676343180359E+00
  108.7000      0.681052160306E+00
  108.8000      0.684626339939E+00
  108.9000      0.683506773121E+00
  109.0000      0.679667724649E+00
  109.1000      0.676621744395E+00
  109.2000      0.671426002204E+00
  109.3000      0.660192240412E+00
  109.4000      0.648651838599E+00
  109.5000      0.641780590144E+00
  109.6000      0.634248625380E+00
  109.7000      0.622557907525E+00
  109.8000      0.615699943664E+00
  109.9000      0.618025741004E+00
  110.0000      0.620415325725E+00
  110.1000      0.619803271556E+00
  110.2000      0.626990906596E+00
  110.3000      0.643046230567E+00
  110.4000      0.654819219143E+00
  110.5000      0.661016236022E+00
  110.6000      0.673272210804E+00
  110.7000      0.688895872535E+00
  110.8000      0.694085365019E+00
  110.9000      0.691595117362E+00
  111.0000      0.692777015401E+00
  111.1000      0.693141738036E+00
  111.2000      0.683193092535E+00
  111.3000      0.669470338100E+00
  111.4000      0.660026054866E+00
  111.5000      0.650543043551E+00
  111.6000      0.637786740692E+00
  111.7000      0.627688057765E+00
  111.8000      0.621877140212E+00
  111.9000      0.618038965124E+00
  112.0000      0.617641438549E+00
  112.1000      0.621065767486E+00
  112.2000      0.624067831420E+00
  112.3000      0.628851347291E+00
  112.4000      0.639214188595E+00
  112.5000      0.648886454691E+00
  112.6000      0.652112545653E+00
  112.7000      0.656841775380E+00
  112.8000      0.666752040630E+00
  112.9000      0.671207887330E+00
  113.0000      0.667060086070E+00
  113.1000      0.666069366833E+00
  113.2000      0.669607686770E+00
  113.3000      0.665714378928E+00
  113.4000      0.654944214518E+00
  113.5000      0.649415565863E+00
  113.6000      0.647770436626E+00
  113.7000      0.639334026575E+00
  113.8000      0.627603785596E+00
  113.9000      0.622974428794E+00
  114.0000      0.622308036486E+00
  114.1000      0.617074469663E+00
  114.2000      0.612388881704E+00
  114.3000      0.616447629394E+00
  114.4000      0.624571378597E+00
  114.5000      0.629174265188E+00
  114.6000      0.635655431353E+00
  114.7000      0.649868422886E+00
  114.8000      0.665107447245E+00
  114.9000      0.674255947609E+00
  115.0000      0.683201098833E+00
  115.1000      0.695856137612E+00
  115.2000      0.704352683665E+00
  115.3000      0.703984870912E+00
  115.4000      0.702249817317E+00
  115.5000      0.701909002945E+00
  115.6000      0.696350702706E+00
  115.7000      0.684914715714E+00
  115.8000      0.675111922413E+00
  115.9000      0.667991779413E+00
  116.0000      0.659910920906E+00
  116.1000      0.652803432620E+00
  116.2000      0.649916386184E+00
  116.3000      0.649833638991E+00
  116.4000      0.652377555718E+00
  116.5000      0.658843779114E+00
  116.6000      0.665882540084E+00
  116.7000      0.671839307356E+00
  116.8000      0.680811493295E+00
  116.9000      0.691609055700E+00
  117.0000      0.696174878071E+00
  117.1000      0.696374946994E+00
  117.2000      0.700344076626E+00
  117.3000      0.703981664514E+00
  117.4000      0.698027936777E+00
  117.5000      0.689253355142E+00
  117.6000      0.687072951878E+00
  117.7000      0.684077075052E+00
  117.8000      0.671851419352E+00
  117.9000      0.660497908249E+00
  118.0000      0.657822354010E+00
  118.1000      0.653742631917E+00
  118.2000      0.641858384660E+00
  118.3000      0.633815067279E+00
  118.4000      0.634811105659E+00
  118.5000      0.633461367523E+00
  118.6000      0.626081618242E+00
  118.7000      0.625054912694E+00
  118.8000      0.632921536410E+00
  118.9000      0.637490617457E+00
  119.0000      0.637403554414E+00
  119.1000      0.644648193166E+00
  119.2000      0.658538649286E+00
  119.3000      0.666384471922E+00
  119.4000      0.669183534330E+00
  119.5000      0.677651413659E+00
  119.6000      0.688153705876E+00
  119.7000      0.689510294744E+00
  119.8000      0.685790636573E+00
  119.9000      0.685883520856E+00
  120.0000      0.685243622054E+00
  120.1000      0.677257100977E+00
  120.2000      0.667999161842E+00
  120.3000      0.662582880610E+00
  120.4000      0.657350632448E+00
  120.5000      0.650965456486E+00
  120.6000      0.647452836588E+00
  120.7000      0.646122268529E+00
  120.8000      0.645900515301E+00
  120.9000      0.649069048207E+00
  121.0000      0.653639891402E+00
  121.1000      0.654340343884E+00
  121.2000      0.655341608835E+00
  121.3000      0.660919210070E+00
  121.4000      0.662778333556E+00
  121.5000      0.655615032760E+00
  121.6000      0.650429507247E+00
  121.7000      0.651381997580E+00
  121.8000      0.645671215577E+00
  121.9000      0.631396463978E+00
  122.0000      0.624221991501E+00
  122.1000      0.625243031796E+00
  122.2000      0.619006398131E+00
  122.3000      0.607419376528E+00
  122.4000      0.606483006377E+00
  122.5000      0.612541459710E+00
  122.6000      0.609795305923E+00
  122.7000      0.603544655407E+00
  122.8000      0.607734050184E+00
  122.9000      0.615254920202E+00
  123.0000      0.612720931672E+00
  123.1000      0.608293514077E+00
  123.2000      0.613052549846E+00
  123.3000      0.618320425605E+00
  123.4000      0.614479722861E+00
  123.5000      0.611122318085E+00
  123.6000      0.615631763815E+00
  123.7000      0.618815473281E+00
  123.8000      0.614703312209E+00
  123.9000      0.612198346615E+00
  124.0000      0.614652160656E+00
  124.1000      0.614214190543E+00
  124.2000      0.608915214818E+00
  124.3000      0.605499911648E+00
  124.4000      0.604325883953E+00
  124.5000      0.601393524385E+00
  124.6000      0.598132219494E+00
  124.7000      0.597223606457E+00
  124.8000      0.597364978470E+00
  124.9000      0.599480612958E+00
  125.0000      0.605413713191E+00
  125.1000      0.611563869610E+00
  125.2000      0.616276127179E+00
  125.3000      0.624619145405E+00
  125.4000      0.635775854794E+00
  125.5000      0.640713955118E+00
  125.6000      0.640283342713E+00
  125.7000      0.642926433182E+00
  125.8000      0.644790736842E+00
  125.9000      0.635643274522E+00
  126.0000      0.621372914412E+00
  126.1000      0.612252466804E+00
  126.2000      0.602354053008E+00
  126.3000      0.583555003090E+00
  126.4000      0.565546958186E+00
  126.5000      0.557065311061E+00
  126.6000      0.550243567878E+00
  126.7000      0.539169388753E+00
  126.8000      0.533588526118E+00
  126.9000      0.538164111969E+00
  127.0000      0.543624150884E+00
  127.1000      0.545760930204E+00
  127.2000      0.552802225913E+00
  127.3000      0.566213309241E+00
  127.4000      0.577027371569E+00
  127.5000      0.583142654277E+00
  127.6000      0.592032481049E+00
  127.7000      0.603770597247E+00
  127.8000      0.610508550446E+00
  127.9000      0.612299711427E+00
  128.0000      0.616152121686E+00
  128.1000      0.620910297176E+00
  128.2000      0.619601164663E+00
  128.3000      0.613960230873E+00
  128.4000      0.609885784658E+00
  128.5000      0.605149098863E+00
  128.6000      0.594782421773E+00
  128.7000      0.582275681434E+00
  128.8000      0.571943280369E+00
  128.9000      0.561947209931E+00
  129.0000      0.550841277009E+00
  129.1000      0.542435576330E+00
  129.2000      0.538269354485E+00
  129.3000      0.537787490224E+00
  129.4000      0.542026753584E+00
  129.5000      0.551543943458E+00
  129.6000      0.563893604280E+00
  129.7000      0.579665376564E+00
  129.8000      0.599758829899E+00
  129.9000      0.619870662742E+00
  130.0000      0.635669689006E+00
  130.1000      0.649774663251E+00
  130.2000      0.662537776649E+00
  130.3000      0.668016338118E+00
  130.4000      0.664445819241E+00
  130.5000      0.657057175365E+00
  130.6000      0.646538083419E+00
  130.7000      0.629198387289E+00
  130.8000      0.607011035655E+00
  130.9000      0.585338973886E+00
  131.0000      0.564746057374E+00
  131.1000      0.543977822518E+00
  131.2000      0.525539960897E+00
  131.3000      0.511785970598E+00
  131.4000      0.502444278287E+00
  131.5000      0.496808917207E+00
  131.6000      0.495571648755E+00
  131.7000      0.498849001920E+00
  131.8000      0.506215558371E+00
  131.9000      0.516234791784E+00
  132.0000      0.528898344479E+00
  132.1000      0.545003452376E+00
  132.2000      0.563458681432E+00
  132.3000      0.580991724924E+00
  132.4000      0.598917464018E+00
  132.5000      0.619469371411E+00
  132.6000      0.638466629615E+00
  132.7000      0.650781201614E+00
  132.8000      0.660647661304E+00
  132.9000      0.670729059982E+00
  133.0000      0.673454287685E+00
  133.1000      0.664936609452E+00
  133.2000      0.653569959750E+00
  133.3000      0.642030723301E+00
  133.4000      0.622405621555E+00
  133.5000      0.595287756545E+00
  133.6000      0.571650037324E+00
  133.7000      0.553092417495E+00
  133.8000      0.533241553446E+00
  133.9000      0.515486709753E+00
  134.0000      0.508221896330E+00
  134.1000      0.509960070737E+00
  134.2000      0.514946177428E+00
  134.3000      0.525244409795E+00
  134.4000      0.543750722273E+00
  134.5000      0.566462250949E+00
  134.6000      0.588024086204E+00
  134.7000      0.608835317392E+00
  134.8000      0.629459939197E+00
  134.9000      0.646562123904E+00
  135.0000      0.656359483702E+00
  135.1000      0.660620733159E+00
  135.2000      0.661728688781E+00
  135.3000      0.657662621772E+00
  135.4000      0.645972101184E+00
  135.5000      0.631231181598E+00
  135.6000      0.617260562889E+00
  135.7000      0.600715411508E+00
  135.8000      0.579568848397E+00
  135.9000      0.560193018124E+00
  136.0000      0.545212212091E+00
  136.1000      0.529566487314E+00
  136.2000      0.512922699599E+00
  136.3000      0.501664561657E+00
  136.4000      0.496186317271E+00
  136.5000      0.492823196735E+00
  136.6000      0.493575286902E+00
  136.7000      0.501264234921E+00
  136.8000      0.514245841341E+00
  136.9000      0.532621806694E+00
  137.0000      0.557505325013E+00
  137.1000      0.584252130683E+00
  137.2000      0.610811701396E+00
  137.3000      0.641344905649E+00
  137.4000      0.672584858756E+00
  137.5000      0.693594419779E+00
  137.6000      0.706329193281E+00
  137.7000      0.719103663940E+00
  137.8000      0.724968063152E+00
  137.9000      0.713143005375E+00
  138.0000      0.693169571262E+00
  138.1000      0.675977741095E+00
  138.2000      0.653134981070E+00
  138.3000      0.618148800039E+00
  138.4000      0.585215103852E+00
  138.5000      0.563082712303E+00
  138.6000      0.541842910698E+00
  138.7000      0.517864535502E+00
  138.8000      0.503909535666E+00
  138.9000      0.503301049003E+00
  139.0000      0.504689753405E+00
  139.1000      0.505370707985E+00
  139.2000      0.515010721139E+00
  139.3000      0.533320000360E+00
  139.4000      0.548933985268E+00
  139.5000      0.560750532281E+00
  139.6000      0.578228539586E+00
  139.7000      0.599971738059E+00
  139.8000      0.614578971819E+00
  139.9000      0.623491907956E+00
  140.0000      0.637527386980E+00
  140.1000      0.653132737815E+00
  140.2000      0.657736225120E+00
  140.3000      0.655892262917E+00
  140.4000      0.658883766151E+00
  140.5000      0.659844022036E+00
  140.6000      0.647115417013E+00
  140.7000      0.629531311280E+00
  140.8000      0.617453009248E+00
  140.9000      0.602801973948E+00
  141.0000      0.579013435018E+00
  141.1000      0.557584507437E+00
  141.2000      0.545201623429E+00
  141.3000      0.535062105365E+00
  141.4000      0.525871256669E+00
  141.5000      0.525396118829E+00
  141.6000      0.533699038211E+00
  141.7000      0.546624925277E+00
  141.8000      0.564656974478E+00
  141.9000      0.586824888564E+00
  142.0000      0.608488985585E+00
  142.1000      0.630476290874E+00
  142.2000      0.653154093545E+00
  142.3000      0.669000990740E+00
  142.4000      0.675297919859E+00
  142.5000      0.679514188889E+00
  142.6000      0.681762171998E+00
  142.7000      0.673064225401E+00
  142.8000      0.656064467947E+00
  142.9000      0.641787379878E+00
  143.0000      0.628634304002E+00
  143.1000      0.608085541395E+00
  143.2000      0.585777939369E+00
  143.3000      0.571349537205E+00
  143.4000      0.560299364239E+00
  143.5000      0.544430415505E+00
  143.6000      0.530142068317E+00
  143.7000      0.525034531510E+00
  143.8000      0.522732367229E+00
  143.9000      0.515702351388E+00
  144.0000      0.512225381851E+00
  144.1000      0.519822617415E+00
  144.2000      0.529834821454E+00
  144.3000      0.534827747766E+00
  144.4000      0.546110160844E+00
  144.5000      0.570234837531E+00
  144.6000      0.593147376622E+00
  144.7000      0.607163114855E+00
  144.8000      0.626791944727E+00
  144.9000      0.655216613687E+00
  145.0000      0.672866918443E+00
  145.1000      0.675269489529E+00
  145.2000      0.680735309862E+00
  145.3000      0.689086374185E+00
  145.4000      0.680532949778E+00
  145.5000      0.658124317776E+00
  145.6000      0.642189658209E+00
  145.7000      0.629771781952E+00
  145.8000      0.605315563760E+00
  145.9000      0.577587566881E+00
  146.0000      0.562860296902E+00
  146.1000      0.554800667525E+00
  146.2000      0.542242028425E+00
  146.3000      0.533658773094E+00
  146.4000      0.537083090313E+00
  146.5000      0.544389981829E+00
  146.6000      0.548289336519E+00
  146.7000      0.554447066196E+00
  146.8000      0.565407903311E+00
  146.9000      0.575189061957E+00
  147.0000      0.580473203009E+00
  147.1000      0.585643892024E+00
  147.2000      0.592268199247E+00
  147.3000      0.597141544962E+00
  147.4000      0.599007930976E+00
  147.5000      0.601698502113E+00
  147.6000      0.606238314571E+00
  147.7000      0.609246917777E+00
  147.8000      0.609533839460E+00
  147.9000      0.610181634044E+00
  148.0000      0.610821604805E+00
  148.1000      0.607779055928E+00
  148.2000      0.601297085336E+00
  148.3000      0.594043414704E+00
  148.4000      0.585511134205E+00
  148.5000      0.575306071731E+00
  148.6000      0.566093045514E+00
  148.7000      0.558263713437E+00
  148.8000      0.552188735951E+00
  148.9000      0.551954074861E+00
  149.0000      0.558439185307E+00
  149.1000      0.565794152653E+00
  149.2000      0.575537799692E+00
  149.3000      0.594189177525E+00
  149.4000      0.616240461268E+00
  149.5000      0.630290519560E+00
  149.6000      0.641752190738E+00
  149.7000      0.658496624340E+00
  149.8000      0.669872828806E+00
  149.9000      0.665529588261E+00
  150.0000      0.657461741986E+00
  150.1000      0.653949798161E+00
  150.2000      0.643038528246E+00
  150.3000      0.619748080955E+00
  150.4000      0.599524491928E+00
  150.5000      0.587734643986E+00
  150.6000      0.572417280358E+00
  150.7000      0.552212513149E+00
  150.8000      0.540167363987E+00
  150.9000      0.536902518630E+00
  151.0000      0.530931668823E+00
  151.1000      0.522408761835E+00
  151.2000      0.521269542620E+00
  151.3000      0.525981115611E+00
  151.4000      0.526535032777E+00
  151.5000      0.525113467482E+00
  151.6000      0.531692892622E+00
  151.7000      0.544116637378E+00
  151.8000      0.552295442803E+00
  151.9000      0.560573701910E+00
  152.0000      0.579547560659E+00
  152.1000      0.603415695993E+00
  152.2000      0.619442489288E+00
  152.3000      0.634136068609E+00
  152.4000      0.657191083607E+00
  152.5000      0.677529164282E+00
  152.6000      0.682322799724E+00
  152.7000      0.682290557292E+00
  152.8000      0.686041451623E+00
  152.9000      0.680924322510E+00
  153.0000      0.659801319682E+00
  153.1000      0.637508653911E+00
  153.2000      0.620600521933E+00
  153.3000      0.598567402072E+00
  153.4000      0.570531450506E+00
  153.5000      0.549543747841E+00
  153.6000      0.537427618303E+00
  153.7000      0.526178752804E+00
  153.8000      0.516695550892E+00
  153.9000      0.515141799721E+00
  154.0000      0.519358159094E+00
  154.1000      0.524114137492E+00
  154.2000      0.529826902645E+00
  154.3000      0.538035675464E+00
  154.4000      0.547157434981E+00
  154.5000      0.554930861206E+00
  154.6000      0.562110421646E+00
  154.7000      0.570389111713E+00
  154.8000      0.579834751059E+00
  154.9000      0.588143987448E+00
  155.0000      0.596509058941E+00
  155.1000      0.607540188467E+00
  155.2000      0.619359674386E+00
  155.3000      0.627050289122E+00
  155.4000      0.632745065816E+00
  155.5000      0.638983400272E+00
  155.6000      0.641266471850E+00
  155.7000      0.635295515664E+00
  155.8000      0.625927609679E+00
  155.9000      0.615616720200E+00
  156.0000      0.601153354657E+00
  156.1000      0.582980917752E+00
  156.2000      0.566550752871E+00
  156.3000      0.552725075176E+00
  156.4000      0.541886341717E+00
  156.5000      0.536942231930E+00
  156.6000      0.537372474798E+00
  156.7000      0.540801194178E+00
  156.8000      0.550751102045E+00
  156.9000      0.567723883904E+00
  157.0000      0.583230154501E+00
  157.1000      0.594995950180E+00
  157.2000      0.609891023950E+00
  157.3000      0.625539588342E+00
  157.4000      0.631492317278E+00
  157.5000      0.630586034226E+00
  157.6000      0.631787997303E+00
  157.7000      0.631708619586E+00
  157.8000      0.623466095086E+00
  157.9000      0.613463625833E+00
  158.0000      0.607815740832E+00
  158.1000      0.602614533862E+00
  158.2000      0.594385447129E+00
  158.3000      0.587484044922E+00
  158.4000      0.582831074625E+00
  158.5000      0.577448546988E+00
  158.6000      0.569821623966E+00
  158.7000      0.561631355328E+00
  158.8000      0.552983463383E+00
  158.9000      0.543631717389E+00
  159.0000      0.533276195039E+00
  159.1000      0.524663825400E+00
  159.2000      0.520561110602E+00
  159.3000      0.519938459040E+00
  159.4000      0.521352537294E+00
  159.5000      0.530168215446E+00
  159.6000      0.548621878297E+00
  159.7000      0.568669342995E+00
  159.8000      0.587085644459E+00
  159.9000      0.611773946402E+00
  160.0000      0.640949164762E+00
  160.1000      0.660516595713E+00
  160.2000      0.670400099135E+00
  160.3000      0.681633291320E+00
  160.4000      0.689862458747E+00
  160.5000      0.682640176593E+00
  160.6000      0.666744785062E+00
  160.7000      0.653737601133E+00
  160.8000      0.638796926587E+00
  160.9000      0.615195973209E+00
  161.0000      0.591937139329E+00
  161.1000      0.575254594880E+00
  161.2000      0.560318410482E+00
  161.3000      0.544248135857E+00
  161.4000      0.531910410774E+00
  161.5000      0.523501869629E+00
  161.6000      0.516197698785E+00
  161.7000      0.509086257062E+00
  161.8000      0.503681675558E+00
  161.9000      0.499994446331E+00
  162.0000      0.498168745337E+00
  162.1000      0.497924156088E+00
  162.2000      0.501706300912E+00
  162.3000      0.511850415425E+00
  162.4000      0.526190161243E+00
  162.5000      0.542567047388E+00
  162.6000      0.565892334188E+00
  162.7000      0.596861355675E+00
  162.8000      0.625532632986E+00
  162.9000      0.649013867504E+00
  163.0000      0.675331453174E+00
  163.1000      0.701342182113E+00
  163.2000      0.713018436305E+00
  163.3000      0.712779778832E+00
  163.4000      0.712035143393E+00
  163.5000      0.706155371033E+00
  163.6000      0.685105405520E+00
  163.7000      0.657974402521E+00
  163.8000      0.634975885632E+00
  163.9000      0.611530618242E+00
  164.0000      0.583578293247E+00
  164.1000      0.559536558218E+00
  164.2000      0.542427087624E+00
  164.3000      0.528455118188E+00
  164.4000      0.516690160798E+00
  164.5000      0.509301575188E+00
  164.6000      0.503999896211E+00
  164.7000      0.500537880632E+00
  164.8000      0.499448877325E+00
  164.9000      0.499542164902E+00
  165.0000      0.500163921809E+00
  165.1000      0.504129129823E+00
  165.2000      0.511549236349E+00
  165.3000      0.522475525078E+00
  165.4000      0.538718986651E+00
  165.5000      0.559027361453E+00
  165.6000      0.580813542160E+00
  165.7000      0.606917842598E+00
  165.8000      0.637044199066E+00
  165.9000      0.661794126960E+00
  166.0000      0.679085975676E+00
  166.1000      0.695878369095E+00
  166.2000      0.708906131802E+00
  166.3000      0.706658740634E+00
  166.4000      0.693808884558E+00
  166.5000      0.680687852636E+00
  166.6000      0.663492222512E+00
  166.7000      0.635704775053E+00
  166.8000      0.606950412270E+00
  166.9000      0.584402460347E+00
  167.0000      0.564306968111E+00
  167.1000      0.544772802720E+00
  167.2000      0.531506218129E+00
  167.3000      0.523784002725E+00
  167.4000      0.519314001840E+00
  167.5000      0.518049159823E+00
  167.6000      0.518930025265E+00
  167.7000      0.518471800681E+00
  167.8000      0.518998914439E+00
  167.9000      0.521464269846E+00
  168.0000      0.523385046997E+00
  168.1000      0.525199859037E+00
  168.2000      0.530881819732E+00
  168.3000      0.540064862099E+00
  168.4000      0.552879601854E+00
  168.5000      0.571402887471E+00
  168.6000      0.592559985220E+00
  168.7000      0.613286459512E+00
  168.8000      0.637230666069E+00
  168.9000      0.662995818167E+00
  169.0000      0.679306488933E+00
  169.1000      0.686001442383E+00
  169.2000      0.691465603570E+00
  169.3000      0.691777215510E+00
  169.4000      0.676462587965E+00
  169.5000      0.653484584658E+00
  169.6000      0.633050669439E+00
  169.7000      0.611366112862E+00
  169.8000      0.584357509296E+00
  169.9000      0.561888312017E+00
  170.0000      0.547632965043E+00
  170.1000      0.538273783051E+00
  170.2000      0.533380536631E+00
  170.3000      0.534936887622E+00
  170.4000      0.538301185972E+00
  170.5000      0.543527242085E+00
  170.6000      0.551411288586E+00
  170.7000      0.557168728426E+00
  170.8000      0.556988843637E+00
  170.9000      0.557002361791E+00
  171.0000      0.558637281164E+00
  171.1000      0.558118795283E+00
  171.2000      0.557724152524E+00
  171.3000      0.562594761979E+00
  171.4000      0.571570181879E+00
  171.5000      0.584984154056E+00
  171.6000      0.605014313297E+00
  171.7000      0.625789165080E+00
  171.8000      0.643962928357E+00
  171.9000      0.664504146529E+00
  172.0000      0.684567159962E+00
  172.1000      0.690614166887E+00
  172.2000      0.685540550503E+00
  172.3000      0.679634382668E+00
  172.4000      0.668258390541E+00
  172.5000      0.642271155537E+00
  172.6000      0.613344740377E+00
  172.7000      0.590771913845E+00
  172.8000      0.570757549653E+00
  172.9000      0.551533418505E+00
  173.0000      0.541687274349E+00
  173.1000      0.539912139889E+00
  173.2000      0.543968467679E+00
  173.3000      0.554375936310E+00
  173.4000      0.567667217573E+00
  173.5000      0.575604219311E+00
  173.6000      0.582350995040E+00
  173.7000      0.589319280380E+00
  173.8000      0.588410860637E+00
  173.9000      0.578027086201E+00
  174.0000      0.568723424256E+00
  174.1000      0.561867101478E+00
  174.2000      0.554944917132E+00
  174.3000      0.553771197782E+00
  174.4000      0.561003345337E+00
  174.5000      0.573726029565E+00
  174.6000      0.596159154699E+00
  174.7000      0.629188794868E+00
  174.8000      0.657326093820E+00
  174.9000      0.678018852625E+00
  175.0000      0.702136664888E+00
  175.1000      0.722383004835E+00
  175.2000      0.717943737721E+00
  175.3000      0.699343080095E+00
  175.4000      0.682598453834E+00
  175.5000      0.660188475256E+00
  175.6000      0.623737028394E+00
  175.7000      0.592526867916E+00
  175.8000      0.574128622434E+00
  175.9000      0.564630211241E+00
  176.0000      0.566517383599E+00
  176.1000      0.584223191070E+00
  176.2000      0.605504384369E+00
  176.3000      0.633294990496E+00
  176.4000      0.671418077934E+00
  176.5000      0.701568219231E+00
  176.6000      0.707307255131E+00
  176.7000      0.707374447848E+00
  176.8000      0.706139904511E+00
  176.9000      0.683069347269E+00
  177.0000      0.641404559255E+00
  177.1000      0.607872758705E+00
  177.2000      0.584096639176E+00
  177.3000      0.565272022139E+00
  177.4000      0.566212877977E+00
  177.5000      0.587180585439E+00
  177.6000      0.620256256571E+00
  177.7000      0.676964906682E+00
  177.8000      0.755291331642E+00
  177.9000      0.812495678287E+00
  178.0000      0.847693423195E+00
  178.1000      0.889835099751E+00
  178.2000      0.917044181447E+00
  178.3000      0.879179985886E+00
  178.4000      0.812553998905E+00
  178.5000      0.757349715680E+00
  178.6000      0.693711833006E+00
  178.7000      0.608788140222E+00
  178.8000      0.558999808483E+00
  178.9000      0.554935785212E+00
  179.0000      0.595355031006E+00
  179.1000      0.705593623292E+00
  179.2000      0.884998536696E+00
  179.3000      0.107033033435E+01
  179.4000      0.130670540978E+01
  179.5000      0.163883135833E+01
  179.6000      0.194054374756E+01
  179.7000      0.208881893595E+01
  179.8000      0.225786498711E+01
  179.9000      0.256464287870E+01
  180.0000      0.278011655977E+01
