    0.1000      0.484885366194E+07
    0.2000      0.117626342516E+07
    0.3000      0.438187287983E+06
    0.4000      0.154788803780E+06
    0.5000      0.112177703495E+06
    0.6000      0.940773563968E+05
    0.7000      0.438368568308E+05
    0.8000      0.275005371690E+05
    0.9000      0.280172199737E+05
    1.0000      0.206436294142E+05
    1.1000      0.128979056078E+05
    1.2000      0.120492104146E+05
    1.3000      0.117376812055E+05
    1.4000      0.109030524035E+05
    1.5000      0.977195837155E+04
    1.6000      0.824407963230E+04
    1.7000      0.711661693284E+04
    1.8000      0.720788609400E+04
    1.9000      0.730310694724E+04
    2.0000      0.613272995299E+04
    2.1000      0.512589956031E+04
    2.2000      0.505168916324E+04
    2.3000      0.562937429812E+04
    2.4000      0.532360701868E+04
    2.5000      0.438255113306E+04
    2.6000      0.343888121547E+04
    2.7000      0.312983878572E+04
    2.8000      0.310597322342E+04
    2.9000      0.292434189905E+04
    3.0000      0.252660126938E+04
    3.1000      0.201554645806E+04
    3.2000      0.168097695098E+04
    3.3000      0.154016515185E+04
    3.4000      0.157454130710E+04
    3.5000      0.152712756621E+04
    3.6000      0.130533558031E+04
    3.7000      0.106801612747E+04
    3.8000      0.967998212690E+03
    3.9000      0.103801308423E+04
    4.0000      0.107323147044E+04
    4.1000      0.102224250419E+04
    4.2000      0.877213550154E+03
    4.3000      0.724374533783E+03
    4.4000      0.655832681722E+03
    4.5000      0.645960421941E+03
    4.6000      0.676778658988E+03
    4.7000      0.647448552523E+03
    4.8000      0.620881053009E+03
    4.9000      0.561763601663E+03
    5.0000      0.479395012013E+03
    5.1000      0.387285062282E+03
    5.2000      0.324626041580E+03
    5.3000      0.319012592746E+03
    5.4000      0.317225380973E+03
    5.5000      0.325588974576E+03
    5.6000      0.305272353152E+03
    5.7000      0.265892054720E+03
    5.8000      0.219285019279E+03
    5.9000      0.190744384552E+03
    6.0000      0.183799105852E+03
    6.1000      0.173332471769E+03
    6.2000      0.163762397571E+03
    6.3000      0.151878394325E+03
    6.4000      0.143078386397E+03
    6.5000      0.138387969863E+03
    6.6000      0.131954086309E+03
    6.7000      0.119387684529E+03
    6.8000      0.966962751813E+02
    6.9000      0.772614159677E+02
    7.0000      0.684345038700E+02
    7.1000      0.679836999723E+02
    7.2000      0.752512946327E+02
    7.3000      0.788100058735E+02
    7.4000      0.757454659486E+02
    7.5000      0.644337655004E+02
    7.6000      0.527013954490E+02
    7.7000      0.445778644412E+02
    7.8000      0.374511448691E+02
    7.9000      0.372058504248E+02
    8.0000      0.388474920047E+02
    8.1000      0.417490865865E+02
    8.2000      0.433236682698E+02
    8.3000      0.442217117990E+02
    8.4000      0.445870704796E+02
    8.5000      0.405429122571E+02
    8.6000      0.386160398477E+02
    8.7000      0.360946885041E+02
    8.8000      0.336652896670E+02
    8.9000      0.327144899095E+02
    9.0000      0.340450137028E+02
    9.1000      0.390156594509E+02
    9.2000      0.428046519225E+02
    9.3000      0.487130701284E+02
    9.4000      0.513898725535E+02
    9.5000      0.490710491033E+02
    9.6000      0.446176211018E+02
    9.7000      0.392277468085E+02
    9.8000      0.369436789395E+02
    9.9000      0.358806009805E+02
   10.0000      0.403823651685E+02
   10.1000      0.460831700984E+02
   10.2000      0.492920820289E+02
   10.3000      0.508416383716E+02
   10.4000      0.479580763177E+02
   10.5000      0.430030309216E+02
   10.6000      0.358316073893E+02
   10.7000      0.323927842970E+02
   10.8000      0.325688082755E+02
   10.9000      0.345160408088E+02
   11.0000      0.398298477100E+02
   11.1000      0.433993335990E+02
   11.2000      0.445522128520E+02
   11.3000      0.418926109989E+02
   11.4000      0.381830513819E+02
   11.5000      0.345645240148E+02
   11.6000      0.307993559720E+02
   11.7000      0.312561288481E+02
   11.8000      0.329121250904E+02
   11.9000      0.355023037316E+02
   12.0000      0.385588074969E+02
   12.1000      0.405511159911E+02
   12.2000      0.413479942669E+02
   12.3000      0.394931065571E+02
   12.4000      0.381594610429E+02
   12.5000      0.359805710979E+02
   12.6000      0.335991785446E+02
   12.7000      0.336978023988E+02
   12.8000      0.338461511774E+02
   12.9000      0.349023713309E+02
   13.0000      0.360121805821E+02
   13.1000      0.369695759215E+02
   13.2000      0.369905880491E+02
   13.3000      0.353339964008E+02
   13.4000      0.346517606771E+02
   13.5000      0.325801839152E+02
   13.6000      0.306956588218E+02
   13.7000      0.303427490244E+02
   13.8000      0.294919676602E+02
   13.9000      0.293615988312E+02
   14.0000      0.290522861484E+02
   14.1000      0.293480965929E+02
   14.2000      0.289273225885E+02
   14.3000      0.281409565845E+02
   14.4000      0.286010486850E+02
   14.5000      0.274940580108E+02
   14.6000      0.267500209118E+02
   14.7000      0.262243716145E+02
   14.8000      0.252386346285E+02
   14.9000      0.246573059819E+02
   15.0000      0.242532473482E+02
   15.1000      0.250910272915E+02
   15.2000      0.252863755448E+02
   15.3000      0.256946074440E+02
   15.4000      0.261673685013E+02
   15.5000      0.250633695124E+02
   15.6000      0.238322203002E+02
   15.7000      0.223261018272E+02
   15.8000      0.213269566326E+02
   15.9000      0.209476346564E+02
   16.0000      0.215693380433E+02
   16.1000      0.231156921267E+02
   16.2000      0.239708305081E+02
   16.3000      0.243222315228E+02
   16.4000      0.234402427404E+02
   16.5000      0.213592183603E+02
   16.6000      0.187949273794E+02
   16.7000      0.165862128046E+02
   16.8000      0.156505623413E+02
   16.9000      0.158330086953E+02
   17.0000      0.172809175045E+02
   17.1000      0.190924341137E+02
   17.2000      0.203403598221E+02
   17.3000      0.203599525117E+02
   17.4000      0.189894074416E+02
   17.5000      0.167796922687E+02
   17.6000      0.140627877701E+02
   17.7000      0.120981474113E+02
   17.8000      0.113551542573E+02
   17.9000      0.117906337099E+02
   18.0000      0.132341611503E+02
   18.1000      0.149077054453E+02
   18.2000      0.162609831112E+02
   18.3000      0.164645016454E+02
   18.4000      0.157783315456E+02
   18.5000      0.144692457944E+02
   18.6000      0.126448306199E+02
   18.7000      0.114187313509E+02
   18.8000      0.108479470343E+02
   18.9000      0.109726138944E+02
   19.0000      0.117624607688E+02
   19.1000      0.127375471152E+02
   19.2000      0.136342402135E+02
   19.3000      0.138373297122E+02
   19.4000      0.137529906087E+02
   19.5000      0.132291082163E+02
   19.6000      0.121804616566E+02
   19.7000      0.115121638707E+02
   19.8000      0.108190105088E+02
   19.9000      0.103301986167E+02
   20.0000      0.101741124925E+02
   20.1000      0.101685002234E+02
   20.2000      0.103258325587E+02
   20.3000      0.102548879495E+02
   20.4000      0.104969514515E+02
   20.5000      0.104345094545E+02
   20.6000      0.100177249723E+02
   20.7000      0.977743934070E+01
   20.8000      0.905160594525E+01
   20.9000      0.828281324792E+01
   21.0000      0.754946245020E+01
   21.1000      0.703894859155E+01
   21.2000      0.678094570031E+01
   21.3000      0.666248111664E+01
   21.4000      0.710063812449E+01
   21.5000      0.727441805290E+01
   21.6000      0.728717503264E+01
   21.7000      0.717651526649E+01
   21.8000      0.651246952097E+01
   21.9000      0.570299554042E+01
   22.0000      0.484119876000E+01
   22.1000      0.429447288518E+01
   22.2000      0.403437091090E+01
   22.3000      0.416121628623E+01
   22.4000      0.470338774695E+01
   22.5000      0.512015313993E+01
   22.6000      0.540606202795E+01
   22.7000      0.536129694750E+01
   22.8000      0.494274766029E+01
   22.9000      0.431838761333E+01
   23.0000      0.370778040842E+01
   23.1000      0.337309166107E+01
   23.2000      0.337447409683E+01
   23.3000      0.375254933008E+01
   23.4000      0.432167206305E+01
   23.5000      0.494659539014E+01
   23.6000      0.531950120382E+01
   23.7000      0.536194872115E+01
   23.8000      0.516352683497E+01
   23.9000      0.469520676384E+01
   24.0000      0.423895331448E+01
   24.1000      0.391149907226E+01
   24.2000      0.387607815301E+01
   24.3000      0.403657026010E+01
   24.4000      0.432059884629E+01
   24.5000      0.475591754756E+01
   24.6000      0.492739346120E+01
   24.7000      0.495074034429E+01
   24.8000      0.482716720058E+01
   24.9000      0.444189852117E+01
   25.0000      0.404207000324E+01
   25.1000      0.365702010019E+01
   25.2000      0.340696609494E+01
   25.3000      0.325256078440E+01
   25.4000      0.325390319449E+01
   25.5000      0.343940705718E+01
   25.6000      0.355969102853E+01
   25.7000      0.376253257787E+01
   25.8000      0.394101809602E+01
   25.9000      0.392921820052E+01
   26.0000      0.390080807676E+01
   26.1000      0.374506732056E+01
   26.2000      0.349178146322E+01
   26.3000      0.327322438676E+01
   26.4000      0.310929092003E+01
   26.5000      0.310500965479E+01
   26.6000      0.324878985085E+01
   26.7000      0.361023869106E+01
   26.8000      0.407521252786E+01
   26.9000      0.446840386516E+01
   27.0000      0.484490085592E+01
   27.1000      0.494002738722E+01
   27.2000      0.476123525767E+01
   27.3000      0.448698257803E+01
   27.4000      0.404828064260E+01
   27.5000      0.370473838596E+01
   27.6000      0.358737324600E+01
   27.7000      0.369696003832E+01
   27.8000      0.404282557954E+01
   27.9000      0.447838850433E+01
   28.0000      0.490622046216E+01
   28.1000      0.507559181000E+01
   28.2000      0.496052315690E+01
   28.3000      0.463837501584E+01
   28.4000      0.404470712381E+01
   28.5000      0.349917830365E+01
   28.6000      0.314383750316E+01
   28.7000      0.295881768338E+01
   28.8000      0.312174378513E+01
   28.9000      0.346303226720E+01
   29.0000      0.381797646907E+01
   29.1000      0.409323270208E+01
   29.2000      0.413579766615E+01
   29.3000      0.395384429916E+01
   29.4000      0.352663981880E+01
   29.5000      0.309205129577E+01
   29.6000      0.273473606743E+01
   29.7000      0.245502833394E+01
   29.8000      0.251893599197E+01
   29.9000      0.269593149322E+01
   30.0000      0.291907390631E+01
   30.1000      0.321070313682E+01
   30.2000      0.332962042482E+01
   30.3000      0.332436068033E+01
   30.4000      0.316905756872E+01
   30.5000      0.299698799182E+01
   30.6000      0.281066648295E+01
   30.7000      0.263594387834E+01
   30.8000      0.268521715671E+01
   30.9000      0.271024806565E+01
   31.0000      0.278324055549E+01
   31.1000      0.291818352789E+01
   31.2000      0.293919156899E+01
   31.3000      0.293764729730E+01
   31.4000      0.288020602748E+01
   31.5000      0.285672478371E+01
   31.6000      0.280800199392E+01
   31.7000      0.278318107735E+01
   31.8000      0.285650814677E+01
   31.9000      0.284821962732E+01
   32.0000      0.285037058857E+01
   32.1000      0.282112100425E+01
   32.2000      0.272350845799E+01
   32.3000      0.259919988882E+01
   32.4000      0.246078293699E+01
   32.5000      0.238187583684E+01
   32.6000      0.230373113284E+01
   32.7000      0.229167801013E+01
   32.8000      0.232536685532E+01
   32.9000      0.235107553971E+01
   33.0000      0.236387532147E+01
   33.1000      0.232862566977E+01
   33.2000      0.227941295946E+01
   33.3000      0.214949845740E+01
   33.4000      0.201337965374E+01
   33.5000      0.189506196394E+01
   33.6000      0.177273045630E+01
   33.7000      0.170020990069E+01
   33.8000      0.166123979233E+01
   33.9000      0.170222864860E+01
   34.0000      0.172932270842E+01
   34.1000      0.179113346156E+01
   34.2000      0.189495766956E+01
   34.3000      0.190920314675E+01
   34.4000      0.193188577988E+01
   34.5000      0.190935339496E+01
   34.6000      0.183811205401E+01
   34.7000      0.173999563589E+01
   34.8000      0.164224742893E+01
   34.9000      0.161545291444E+01
   35.0000      0.157308296874E+01
   35.1000      0.164482651767E+01
   35.2000      0.179117926994E+01
   35.3000      0.190752409674E+01
   35.4000      0.207644590341E+01
   35.5000      0.218454295467E+01
   35.6000      0.221393022670E+01
   35.7000      0.216385706691E+01
   35.8000      0.204954577113E+01
   35.9000      0.191623898557E+01
   36.0000      0.175140346865E+01
   36.1000      0.168001689620E+01
   36.2000      0.167493822850E+01
   36.3000      0.171312876508E+01
   36.4000      0.185381559727E+01
   36.5000      0.198167177437E+01
   36.6000      0.207312420836E+01
   36.7000      0.212573969609E+01
   36.8000      0.207070463216E+01
   36.9000      0.194389748962E+01
   37.0000      0.177262422081E+01
   37.1000      0.158292118394E+01
   37.2000      0.142809746449E+01
   37.3000      0.133188542512E+01
   37.4000      0.133500941535E+01
   37.5000      0.139059225314E+01
   37.6000      0.149793361852E+01
   37.7000      0.166160585092E+01
   37.8000      0.174269350675E+01
   37.9000      0.180731127601E+01
   38.0000      0.183079275922E+01
   38.1000      0.172578857002E+01
   38.2000      0.163270714360E+01
   38.3000      0.151766379334E+01
   38.4000      0.141142729641E+01
   38.5000      0.137045290446E+01
   38.6000      0.139818187288E+01
   38.7000      0.152198563747E+01
   38.8000      0.163257123679E+01
   38.9000      0.182372986696E+01
   39.0000      0.199525410143E+01
   39.1000      0.203463459873E+01
   39.2000      0.210460587192E+01
   39.3000      0.205280076387E+01
   39.4000      0.192570029656E+01
   39.5000      0.183473307969E+01
   39.6000      0.172926769362E+01
   39.7000      0.169100455332E+01
   39.8000      0.169455870154E+01
   39.9000      0.180774508635E+01
   40.0000      0.193736109391E+01
   40.1000      0.202585535231E+01
   40.2000      0.217608891486E+01
   40.3000      0.218160386308E+01
   40.4000      0.211572387906E+01
   40.5000      0.205043920173E+01
   40.6000      0.187724567387E+01
   40.7000      0.173684516825E+01
   40.8000      0.163725098056E+01
   40.9000      0.159506374853E+01
   41.0000      0.161275207159E+01
   41.1000      0.167265395932E+01
   41.2000      0.180200738478E+01
   41.3000      0.186062071984E+01
   41.4000      0.190566739790E+01
   41.5000      0.193060856561E+01
   41.6000      0.183278092621E+01
   41.7000      0.174495426207E+01
   41.8000      0.164313556823E+01
   41.9000      0.152500054564E+01
   42.0000      0.147058711233E+01
   42.1000      0.145136096252E+01
   42.2000      0.147925156404E+01
   42.3000      0.152827297084E+01
   42.4000      0.159867510965E+01
   42.5000      0.166803087994E+01
   42.6000      0.169060209820E+01
   42.7000      0.171516403027E+01
   42.8000      0.170321189531E+01
   42.9000      0.165455285398E+01
   43.0000      0.162678236846E+01
   43.1000      0.157822544931E+01
   43.2000      0.153583006381E+01
   43.3000      0.152662859117E+01
   43.4000      0.151268722703E+01
   43.5000      0.152186443400E+01
   43.6000      0.155322612193E+01
   43.7000      0.158314238714E+01
   43.8000      0.162630657276E+01
   43.9000      0.166795272236E+01
   44.0000      0.170281786688E+01
   44.1000      0.171795432985E+01
   44.2000      0.171377438608E+01
   44.3000      0.170236568198E+01
   44.4000      0.165016000477E+01
   44.5000      0.160806202419E+01
   44.6000      0.157979315770E+01
   44.7000      0.153307815348E+01
   44.8000      0.154397579163E+01
   44.9000      0.156948509064E+01
   45.0000      0.159302140058E+01
   45.1000      0.164925604907E+01
   45.2000      0.168039127036E+01
   45.3000      0.169250579620E+01
   45.4000      0.167376775384E+01
   45.5000      0.163692929635E+01
   45.6000      0.158561205733E+01
   45.7000      0.151111823633E+01
   45.8000      0.149021050164E+01
   45.9000      0.147221739034E+01
   46.0000      0.147228496623E+01
   46.1000      0.153399016467E+01
   46.2000      0.157000682398E+01
   46.3000      0.160792082402E+01
   46.4000      0.163577407695E+01
   46.5000      0.162240135116E+01
   46.6000      0.158843173247E+01
   46.7000      0.153396786018E+01
   46.8000      0.149871375351E+01
   46.9000      0.146466823691E+01
   47.0000      0.146418833639E+01
   47.1000      0.151699923345E+01
   47.2000      0.156706269494E+01
   47.3000      0.164188213072E+01
   47.4000      0.171291778760E+01
   47.5000      0.174575670194E+01
   47.6000      0.175606941371E+01
   47.7000      0.173403581980E+01
   47.8000      0.169380972388E+01
   47.9000      0.164994844522E+01
   48.0000      0.162316619949E+01
   48.1000      0.162507930592E+01
   48.2000      0.165647901690E+01
   48.3000      0.171271720941E+01
   48.4000      0.177894233131E+01
   48.5000      0.184163087209E+01
   48.6000      0.187614131878E+01
   48.7000      0.188145927992E+01
   48.8000      0.185451713251E+01
   48.9000      0.180451677626E+01
   49.0000      0.174239963892E+01
   49.1000      0.168505242847E+01
   49.2000      0.166237837192E+01
   49.3000      0.164453779271E+01
   49.4000      0.166183527500E+01
   49.5000      0.170785767272E+01
   49.6000      0.172601222059E+01
   49.7000      0.175455420181E+01
   49.8000      0.175780123373E+01
   49.9000      0.172375013354E+01
   50.0000      0.167444938846E+01
   50.1000      0.160809743339E+01
   50.2000      0.155186595750E+01
   50.3000      0.148256204551E+01
   50.4000      0.145641798005E+01
   50.5000      0.145836380482E+01
   50.6000      0.144399383430E+01
   50.7000      0.148450371173E+01
   50.8000      0.150686864154E+01
   50.9000      0.150327091224E+01
   51.0000      0.150884708821E+01
   51.1000      0.147572268713E+01
   51.2000      0.143068933185E+01
   51.3000      0.136930442308E+01
   51.4000      0.132358198864E+01
   51.5000      0.128566125243E+01
   51.6000      0.124802890865E+01
   51.7000      0.127323808625E+01
   51.8000      0.128843140782E+01
   51.9000      0.131232619302E+01
   52.0000      0.136864723278E+01
   52.1000      0.138119884943E+01
   52.2000      0.138712857275E+01
   52.3000      0.137705316466E+01
   52.4000      0.133825198277E+01
   52.5000      0.129181203428E+01
   52.6000      0.124191845336E+01
   52.7000      0.121845637532E+01
   52.8000      0.120004593461E+01
   52.9000      0.121348833610E+01
   53.0000      0.126494943753E+01
   53.1000      0.130425240403E+01
   53.2000      0.136116504431E+01
   53.3000      0.140746893931E+01
   53.4000      0.141041725945E+01
   53.5000      0.140053093881E+01
   53.6000      0.135743648063E+01
   53.7000      0.128984464617E+01
   53.8000      0.122759545809E+01
   53.9000      0.117213597314E+01
   54.0000      0.114279684959E+01
   54.1000      0.114461766601E+01
   54.2000      0.117925304395E+01
   54.3000      0.123599340251E+01
   54.4000      0.129236756204E+01
   54.5000      0.135256086095E+01
   54.6000      0.137988263332E+01
   54.7000      0.136948522309E+01
   54.8000      0.134691741755E+01
   54.9000      0.127879580784E+01
   55.0000      0.120503521954E+01
   55.1000      0.115152527053E+01
   55.2000      0.109735346004E+01
   55.3000      0.108556778702E+01
   55.4000      0.110731545171E+01
   55.5000      0.114952462730E+01
   55.6000      0.120826654128E+01
   55.7000      0.126379316959E+01
   55.8000      0.131358335997E+01
   55.9000      0.131996768793E+01
   56.0000      0.130780253561E+01
   56.1000      0.127887371051E+01
   56.2000      0.120804650164E+01
   56.3000      0.115805892787E+01
   56.4000      0.111370658292E+01
   56.5000      0.107406352406E+01
   56.6000      0.107661171034E+01
   56.7000      0.109059381636E+01
   56.8000      0.111788009736E+01
   56.9000      0.114888327584E+01
   57.0000      0.117227336547E+01
   57.1000      0.118047014741E+01
   57.2000      0.115955701578E+01
   57.3000      0.113389915089E+01
   57.4000      0.108979310617E+01
   57.5000      0.103860471589E+01
   57.6000      0.100945803615E+01
   57.7000      0.983561379540E+00
   57.8000      0.977797719698E+00
   57.9000      0.995931716883E+00
   58.0000      0.101538802613E+01
   58.1000      0.104152712328E+01
   58.2000      0.106420216114E+01
   58.3000      0.106780620995E+01
   58.4000      0.106173718436E+01
   58.5000      0.104257094716E+01
   58.6000      0.101004571396E+01
   58.7000      0.984464386444E+00
   58.8000      0.963253469014E+00
   58.9000      0.953726096268E+00
   59.0000      0.963084618605E+00
   59.1000      0.983988670695E+00
   59.2000      0.101492164271E+01
   59.3000      0.103943112850E+01
   59.4000      0.106652091887E+01
   59.5000      0.107532094993E+01
   59.6000      0.105692548224E+01
   59.7000      0.104735922411E+01
   59.8000      0.100796133166E+01
   59.9000      0.965079082088E+00
   60.0000      0.948699450118E+00
   60.1000      0.919109781819E+00
   60.2000      0.914584737643E+00
   60.3000      0.928547666436E+00
   60.4000      0.945365586769E+00
   60.5000      0.968153077795E+00
   60.6000      0.982837867207E+00
   60.7000      0.100367303482E+01
   60.8000      0.988912676772E+00
   60.9000      0.969572548189E+00
   61.0000      0.959373366551E+00
   61.1000      0.908529155564E+00
   61.2000      0.887536695154E+00
   61.3000      0.877681020762E+00
   61.4000      0.857299522572E+00
   61.5000      0.874427286579E+00
   61.6000      0.894560088243E+00
   61.7000      0.921391375980E+00
   61.8000      0.946773343938E+00
   61.9000      0.971006129324E+00
   62.0000      0.991496575259E+00
   62.1000      0.978384836664E+00
   62.2000      0.981394694088E+00
   62.3000      0.969635272188E+00
   62.4000      0.938749498729E+00
   62.5000      0.943289654855E+00
   62.6000      0.936093861491E+00
   62.7000      0.938189391140E+00
   62.8000      0.965473539322E+00
   62.9000      0.986749859593E+00
   63.0000      0.101530043954E+01
   63.1000      0.103972910710E+01
   63.2000      0.106095103799E+01
   63.3000      0.106820168215E+01
   63.4000      0.106149925707E+01
   63.5000      0.105805803825E+01
   63.6000      0.103570573947E+01
   63.7000      0.101562851454E+01
   63.8000      0.100646007891E+01
   63.9000      0.990066317764E+00
   64.0000      0.988580952112E+00
   64.1000      0.995872067579E+00
   64.2000      0.100003770403E+01
   64.3000      0.101362102553E+01
   64.4000      0.102440338301E+01
   64.5000      0.102568141334E+01
   64.6000      0.102932494076E+01
   64.7000      0.102114882174E+01
   64.8000      0.100442681697E+01
   64.9000      0.992670206238E+00
   65.0000      0.970099593562E+00
   65.1000      0.950182078810E+00
   65.2000      0.936580428771E+00
   65.3000      0.921418958874E+00
   65.4000      0.912202728821E+00
   65.5000      0.903373152176E+00
   65.6000      0.904857486100E+00
   65.7000      0.897643858538E+00
   65.8000      0.890863080501E+00
   65.9000      0.900459396472E+00
   66.0000      0.883124916902E+00
   66.1000      0.879770974680E+00
   66.2000      0.886013445277E+00
   66.3000      0.864227994156E+00
   66.4000      0.867157036201E+00
   66.5000      0.866594808272E+00
   66.6000      0.855680586965E+00
   66.7000      0.859163356570E+00
   66.8000      0.858386651209E+00
   66.9000      0.863810537790E+00
   67.0000      0.859522356455E+00
   67.1000      0.869387336332E+00
   67.2000      0.881668844678E+00
   67.3000      0.870845758952E+00
   67.4000      0.893565048241E+00
   67.5000      0.899231862869E+00
   67.6000      0.890843747077E+00
   67.7000      0.915071347902E+00
   67.8000      0.912248933816E+00
   67.9000      0.913389225108E+00
   68.0000      0.928700802563E+00
   68.1000      0.931472638835E+00
   68.2000      0.942379974433E+00
   68.3000      0.951833798381E+00
   68.4000      0.972243550023E+00
   68.5000      0.983684946407E+00
   68.6000      0.992731456653E+00
   68.7000      0.101974279614E+01
   68.8000      0.101674175031E+01
   68.9000      0.102077505682E+01
   69.0000      0.103199054918E+01
   69.1000      0.101209865862E+01
   69.2000      0.100901492003E+01
   69.3000      0.100422092357E+01
   69.4000      0.987958504825E+00
   69.5000      0.989311612475E+00
   69.6000      0.990272214747E+00
   69.7000      0.995500048074E+00
   69.8000      0.100572084879E+01
   69.9000      0.101729995078E+01
   70.0000      0.102849866676E+01
   70.1000      0.102784743213E+01
   70.2000      0.102783466223E+01
   70.3000      0.101582568174E+01
   70.4000      0.989216219774E+00
   70.5000      0.969681550224E+00
   70.6000      0.938160100056E+00
   70.7000      0.907006146063E+00
   70.8000      0.894164957389E+00
   70.9000      0.874698658896E+00
   71.0000      0.869350184842E+00
   71.1000      0.880181235006E+00
   71.2000      0.879828461425E+00
   71.3000      0.891137370508E+00
   71.4000      0.900419159605E+00
   71.5000      0.891768830752E+00
   71.6000      0.885364938089E+00
   71.7000      0.866620400986E+00
   71.8000      0.839488565471E+00
   71.9000      0.812391583366E+00
   72.0000      0.786687714151E+00
   72.1000      0.770298610610E+00
   72.2000      0.754272333705E+00
   72.3000      0.760483312062E+00
   72.4000      0.773660791975E+00
   72.5000      0.780501792979E+00
   72.6000      0.813371840006E+00
   72.7000      0.828580762625E+00
   72.8000      0.832931476282E+00
   72.9000      0.852579849094E+00
   73.0000      0.840392237583E+00
   73.1000      0.828565127817E+00
   73.2000      0.824979729942E+00
   73.3000      0.806003836183E+00
   73.4000      0.802032151370E+00
   73.5000      0.806020680648E+00
   73.6000      0.819385408542E+00
   73.7000      0.839633791718E+00
   73.8000      0.865500394451E+00
   73.9000      0.903756202161E+00
   74.0000      0.920921687883E+00
   74.1000      0.943081643040E+00
   74.2000      0.963583912011E+00
   74.3000      0.949802976575E+00
   74.4000      0.952782422977E+00
   74.5000      0.947233110936E+00
   74.6000      0.925536816652E+00
   74.7000      0.934184286113E+00
   74.8000      0.937623342024E+00
   74.9000      0.947057430538E+00
   75.0000      0.977737247553E+00
   75.1000      0.100248163262E+01
   75.2000      0.102968298006E+01
   75.3000      0.104986525670E+01
   75.4000      0.106251932825E+01
   75.5000      0.105958814449E+01
   75.6000      0.103826927095E+01
   75.7000      0.102305639181E+01
   75.8000      0.987813942806E+00
   75.9000      0.955978449785E+00
   76.0000      0.949677589968E+00
   76.1000      0.930419700866E+00
   76.2000      0.937863982538E+00
   76.3000      0.965442504150E+00
   76.4000      0.977389361397E+00
   76.5000      0.100832716543E+01
   76.6000      0.102968652994E+01
   76.7000      0.102773412106E+01
   76.8000      0.102167131011E+01
   76.9000      0.993633824305E+00
   77.0000      0.953320930707E+00
   77.1000      0.904926883615E+00
   77.2000      0.860601270612E+00
   77.3000      0.826756943503E+00
   77.4000      0.796785598285E+00
   77.5000      0.799763485265E+00
   77.6000      0.811692980798E+00
   77.7000      0.826369102533E+00
   77.8000      0.866870931981E+00
   77.9000      0.886038600957E+00
   78.0000      0.894517357463E+00
   78.1000      0.902524118472E+00
   78.2000      0.873017901682E+00
   78.3000      0.836192952414E+00
   78.4000      0.794737624743E+00
   78.5000      0.739390115742E+00
   78.6000      0.698317536786E+00
   78.7000      0.669531075965E+00
   78.8000      0.657046180979E+00
   78.9000      0.663463460641E+00
   79.0000      0.685163633453E+00
   79.1000      0.719343711978E+00
   79.2000      0.746894880473E+00
   79.3000      0.773689374134E+00
   79.4000      0.788501666453E+00
   79.5000      0.776121042846E+00
   79.6000      0.760270066782E+00
   79.7000      0.727435469614E+00
   79.8000      0.681478776910E+00
   79.9000      0.653236664247E+00
   80.0000      0.623359193010E+00
   80.1000      0.607117162420E+00
   80.2000      0.620681958685E+00
   80.3000      0.635001583219E+00
   80.4000      0.665153230756E+00
   80.5000      0.705569385337E+00
   80.6000      0.730213467244E+00
   80.7000      0.752515956737E+00
   80.8000      0.760620404084E+00
   80.9000      0.749383125034E+00
   81.0000      0.728897828958E+00
   81.1000      0.699829200104E+00
   81.2000      0.673485355708E+00
   81.3000      0.646733019574E+00
   81.4000      0.637293155611E+00
   81.5000      0.646035111742E+00
   81.6000      0.654273698037E+00
   81.7000      0.690093944111E+00
   81.8000      0.726390200542E+00
   81.9000      0.747901788011E+00
   82.0000      0.784692273726E+00
   82.1000      0.794252079778E+00
   82.2000      0.786342448793E+00
   82.3000      0.783780855845E+00
   82.4000      0.754780431965E+00
   82.5000      0.727939759377E+00
   82.6000      0.710249012642E+00
   82.7000      0.692057280414E+00
   82.8000      0.689892945975E+00
   82.9000      0.698156712631E+00
   83.0000      0.720867798945E+00
   83.1000      0.743138974094E+00
   83.2000      0.766494769344E+00
   83.3000      0.795027065248E+00
   83.4000      0.796106198814E+00
   83.5000      0.796337187002E+00
   83.6000      0.790978711087E+00
   83.7000      0.756735041387E+00
   83.8000      0.738395096115E+00
   83.9000      0.717998053046E+00
   84.0000      0.691761813999E+00
   84.1000      0.695531565745E+00
   84.2000      0.700847420193E+00
   84.3000      0.713947669875E+00
   84.4000      0.744430052639E+00
   84.5000      0.767491173730E+00
   84.6000      0.788315781931E+00
   84.7000      0.800398759185E+00
   84.8000      0.799390658093E+00
   84.9000      0.784618845716E+00
   85.0000      0.755739179440E+00
   85.1000      0.729152595468E+00
   85.2000      0.693370201612E+00
   85.3000      0.664240948254E+00
   85.4000      0.658146430252E+00
   85.5000      0.648827270772E+00
   85.6000      0.663098670535E+00
   85.7000      0.696145573891E+00
   85.8000      0.715951247457E+00
   85.9000      0.752770344005E+00
   86.0000      0.781263196231E+00
   86.1000      0.784440412555E+00
   86.2000      0.790711530200E+00
   86.3000      0.773890947867E+00
   86.4000      0.741755852525E+00
   86.5000      0.712657345698E+00
   86.6000      0.676725884741E+00
   86.7000      0.649071633308E+00
   86.8000      0.631118223567E+00
   86.9000      0.630854135856E+00
   87.0000      0.642371831270E+00
   87.1000      0.658592311395E+00
   87.2000      0.696107764493E+00
   87.3000      0.719961825686E+00
   87.4000      0.737300948421E+00
   87.5000      0.762220307080E+00
   87.6000      0.750708123672E+00
   87.7000      0.736917860654E+00
   87.8000      0.723155181118E+00
   87.9000      0.681156670200E+00
   88.0000      0.656214241987E+00
   88.1000      0.635687158994E+00
   88.2000      0.612913376744E+00
   88.3000      0.614418783026E+00
   88.4000      0.622227294703E+00
   88.5000      0.638605054273E+00
   88.6000      0.660013120930E+00
   88.7000      0.682208516905E+00
   88.8000      0.701225173358E+00
   88.9000      0.701551513715E+00
   89.0000      0.703318049864E+00
   89.1000      0.689214599865E+00
   89.2000      0.656986958499E+00
   89.3000      0.639515795166E+00
   89.4000      0.607445178633E+00
   89.5000      0.578572981554E+00
   89.6000      0.574588101157E+00
   89.7000      0.562032565494E+00
   89.8000      0.566520721566E+00
   89.9000      0.586811321859E+00
   90.0000      0.597460518500E+00
   90.1000      0.618091899767E+00
   90.2000      0.635261819850E+00
   90.3000      0.640121793130E+00
   90.4000      0.641771037582E+00
   90.5000      0.633244754217E+00
   90.6000      0.618704498792E+00
   90.7000      0.598380167263E+00
   90.8000      0.579322553258E+00
   90.9000      0.564724250933E+00
   91.0000      0.549089717278E+00
   91.1000      0.547783981094E+00
   91.2000      0.551323398818E+00
   91.3000      0.554221391868E+00
   91.4000      0.572211791387E+00
   91.5000      0.583369486338E+00
   91.6000      0.590605488530E+00
   91.7000      0.606054325284E+00
   91.8000      0.604403545210E+00
   91.9000      0.601623474359E+00
   92.0000      0.603254561057E+00
   92.1000      0.589127526168E+00
   92.2000      0.583307973384E+00
   92.3000      0.581403643637E+00
   92.4000      0.572104853564E+00
   92.5000      0.576140446525E+00
   92.6000      0.580997631390E+00
   92.7000      0.584232698169E+00
   92.8000      0.594775399336E+00
   92.9000      0.602037031160E+00
   93.0000      0.608600318832E+00
   93.1000      0.612151122040E+00
   93.2000      0.615016305175E+00
   93.3000      0.615944410466E+00
   93.4000      0.609567637151E+00
   93.5000      0.612216774310E+00
   93.6000      0.609235979127E+00
   93.7000      0.602625693054E+00
   93.8000      0.612120015615E+00
   93.9000      0.608627839517E+00
   94.0000      0.608275773110E+00
   94.1000      0.621015125602E+00
   94.2000      0.614449354045E+00
   94.3000      0.616956273169E+00
   94.4000      0.623236794321E+00
   94.5000      0.612359517751E+00
   94.6000      0.613624175261E+00
   94.7000      0.611939449441E+00
   94.8000      0.603317229160E+00
   94.9000      0.604185205773E+00
   95.0000      0.602064630666E+00
   95.1000      0.601669440923E+00
   95.2000      0.601767230217E+00
   95.3000      0.604155665119E+00
   95.4000      0.607435360380E+00
   95.5000      0.602298562044E+00
   95.6000      0.607531283097E+00
   95.7000      0.605204181954E+00
   95.8000      0.594631621384E+00
   95.9000      0.601569494829E+00
   96.0000      0.592336351583E+00
   96.1000      0.584865487226E+00
   96.2000      0.595172516089E+00
   96.3000      0.585633739069E+00
   96.4000      0.588158163183E+00
   96.5000      0.599323996085E+00
   96.6000      0.593227953187E+00
   96.7000      0.600445089758E+00
   96.8000      0.604888648055E+00
   96.9000      0.600245726796E+00
   97.0000      0.601327446184E+00
   97.1000      0.597541277557E+00
   97.2000      0.594311167618E+00
   97.3000      0.587506756862E+00
   97.4000      0.585836939918E+00
   97.5000      0.587872167515E+00
   97.6000      0.581050505665E+00
   97.7000      0.591404286280E+00
   97.8000      0.597502166777E+00
   97.9000      0.595034356061E+00
   98.0000      0.612588825904E+00
   98.1000      0.613316756125E+00
   98.2000      0.610997068371E+00
   98.3000      0.622166365859E+00
   98.4000      0.612209695396E+00
   98.5000      0.607573962954E+00
   98.6000      0.608767785764E+00
   98.7000      0.597400944247E+00
   98.8000      0.596410659990E+00
   98.9000      0.597596443892E+00
   99.0000      0.598115420243E+00
   99.1000      0.604768851165E+00
   99.2000      0.612420011024E+00
   99.3000      0.622846147669E+00
   99.4000      0.628155635682E+00
   99.5000      0.634496377457E+00
   99.6000      0.638601212201E+00
   99.7000      0.630081873017E+00
   99.8000      0.626365036569E+00
   99.9000      0.616019836970E+00
  100.0000      0.596963447508E+00
  100.1000      0.590151047755E+00
  100.2000      0.576896765113E+00
  100.3000      0.565489907726E+00
  100.4000      0.570253383494E+00
  100.5000      0.568014055252E+00
  100.6000      0.573745681384E+00
  100.7000      0.589472321517E+00
  100.8000      0.593462528661E+00
  100.9000      0.603637211256E+00
  101.0000      0.611883323232E+00
  101.1000      0.605870045290E+00
  101.2000      0.603032170300E+00
  101.3000      0.592496642341E+00
  101.4000      0.574522810621E+00
  101.5000      0.560725506541E+00
  101.6000      0.544619254147E+00
  101.7000      0.532183256456E+00
  101.8000      0.524794540060E+00
  101.9000      0.523919274554E+00
  102.0000      0.528826107163E+00
  102.1000      0.533876792852E+00
  102.2000      0.548267093106E+00
  102.3000      0.557441886447E+00
  102.4000      0.560425488456E+00
  102.5000      0.570409747735E+00
  102.6000      0.562654363030E+00
  102.7000      0.551581928936E+00
  102.8000      0.546992533699E+00
  102.9000      0.523461092181E+00
  103.0000      0.510068685611E+00
  103.1000      0.504675548399E+00
  103.2000      0.488818370078E+00
  103.3000      0.494216098185E+00
  103.4000      0.503724567871E+00
  103.5000      0.509215341841E+00
  103.6000      0.532345046370E+00
  103.7000      0.548806697294E+00
  103.8000      0.560810897138E+00
  103.9000      0.576081985029E+00
  104.0000      0.578331181927E+00
  104.1000      0.575156295649E+00
  104.2000      0.565808538603E+00
  104.3000      0.552356796403E+00
  104.4000      0.536262021433E+00
  104.5000      0.517908929505E+00
  104.6000      0.513293021620E+00
  104.7000      0.505854459963E+00
  104.8000      0.506430271869E+00
  104.9000      0.528455029538E+00
  105.0000      0.537477756698E+00
  105.1000      0.560414380657E+00
  105.2000      0.593077630588E+00
  105.3000      0.599705628924E+00
  105.4000      0.620661396462E+00
  105.5000      0.632337211225E+00
  105.6000      0.618021133166E+00
  105.7000      0.618585768727E+00
  105.8000      0.602700316799E+00
  105.9000      0.577716260085E+00
  106.0000      0.568741176741E+00
  106.1000      0.552155061494E+00
  106.2000      0.543852008224E+00
  106.3000      0.547162475595E+00
  106.4000      0.554979466120E+00
  106.5000      0.570389981996E+00
  106.6000      0.586423264451E+00
  106.7000      0.610685222118E+00
  106.8000      0.625041242875E+00
  106.9000      0.632624316298E+00
  107.0000      0.645780271134E+00
  107.1000      0.633875290664E+00
  107.2000      0.622025659361E+00
  107.3000      0.614669029484E+00
  107.4000      0.583557522509E+00
  107.5000      0.569661702641E+00
  107.6000      0.560611511595E+00
  107.7000      0.540052109344E+00
  107.8000      0.547511254707E+00
  107.9000      0.554366113179E+00
  108.0000      0.558186139341E+00
  108.1000      0.583376644236E+00
  108.2000      0.596356573610E+00
  108.3000      0.606250457664E+00
  108.4000      0.620773256418E+00
  108.5000      0.616862392876E+00
  108.6000      0.608913838975E+00
  108.7000      0.595832206603E+00
  108.8000      0.573202143304E+00
  108.9000      0.550002610270E+00
  109.0000      0.526256050838E+00
  109.1000      0.510078086792E+00
  109.2000      0.495306942220E+00
  109.3000      0.490264002641E+00
  109.4000      0.500229883853E+00
  109.5000      0.504661655307E+00
  109.6000      0.523093968067E+00
  109.7000      0.546157971227E+00
  109.8000      0.552475840205E+00
  109.9000      0.570424710315E+00
  110.0000      0.576175254085E+00
  110.1000      0.563175845309E+00
  110.2000      0.560733364340E+00
  110.3000      0.539745780595E+00
  110.4000      0.512522775462E+00
  110.5000      0.499168777056E+00
  110.6000      0.474291467448E+00
  110.7000      0.459315335387E+00
  110.8000      0.459241816663E+00
  110.9000      0.456061035747E+00
  111.0000      0.467524353924E+00
  111.1000      0.486243372200E+00
  111.2000      0.501936512689E+00
  111.3000      0.523492251038E+00
  111.4000      0.540511885924E+00
  111.5000      0.550320918839E+00
  111.6000      0.555419047117E+00
  111.7000      0.551846555960E+00
  111.8000      0.542295645729E+00
  111.9000      0.526377779739E+00
  112.0000      0.510362178769E+00
  112.1000      0.495084948447E+00
  112.2000      0.479084575870E+00
  112.3000      0.475824998661E+00
  112.4000      0.474972561728E+00
  112.5000      0.477622669524E+00
  112.6000      0.497416571821E+00
  112.7000      0.509810467294E+00
  112.8000      0.525527656249E+00
  112.9000      0.551308877301E+00
  113.0000      0.556486287077E+00
  113.1000      0.566106272183E+00
  113.2000      0.575626466612E+00
  113.3000      0.561991537474E+00
  113.4000      0.559671211412E+00
  113.5000      0.552559672208E+00
  113.6000      0.533463128286E+00
  113.7000      0.533103952290E+00
  113.8000      0.528258984767E+00
  113.9000      0.524829785824E+00
  114.0000      0.538560475775E+00
  114.1000      0.547402970056E+00
  114.2000      0.561094969063E+00
  114.3000      0.580162881297E+00
  114.4000      0.592245456715E+00
  114.5000      0.602877807608E+00
  114.6000      0.607509573154E+00
  114.7000      0.606813051952E+00
  114.8000      0.598187493060E+00
  114.9000      0.584068136417E+00
  115.0000      0.572823560291E+00
  115.1000      0.552738103479E+00
  115.2000      0.539356406407E+00
  115.3000      0.536561289994E+00
  115.4000      0.526024895645E+00
  115.5000      0.534777833265E+00
  115.6000      0.550577255491E+00
  115.7000      0.556747587560E+00
  115.8000      0.585140428957E+00
  115.9000      0.604815694628E+00
  116.0000      0.612522563694E+00
  116.1000      0.636362055520E+00
  116.2000      0.636091808360E+00
  116.3000      0.628293250776E+00
  116.4000      0.629429609380E+00
  116.5000      0.605124800336E+00
  116.6000      0.585300047944E+00
  116.7000      0.571282793381E+00
  116.8000      0.544648272974E+00
  116.9000      0.532303476928E+00
  117.0000      0.525055072727E+00
  117.1000      0.519222060706E+00
  117.2000      0.524898335973E+00
  117.3000      0.534011391516E+00
  117.4000      0.548055444058E+00
  117.5000      0.559802962946E+00
  117.6000      0.573566654958E+00
  117.7000      0.585527320569E+00
  117.8000      0.583278732164E+00
  117.9000      0.586356373359E+00
  118.0000      0.579499736051E+00
  118.1000      0.559375961719E+00
  118.2000      0.552973127885E+00
  118.3000      0.533259479084E+00
  118.4000      0.512605475446E+00
  118.5000      0.511972286115E+00
  118.6000      0.497469743345E+00
  118.7000      0.494816105019E+00
  118.8000      0.508309573910E+00
  118.9000      0.506032122798E+00
  119.0000      0.519975783467E+00
  119.1000      0.536647742743E+00
  119.2000      0.535881500469E+00
  119.3000      0.547829526787E+00
  119.4000      0.549716003069E+00
  119.5000      0.538338982539E+00
  119.6000      0.534855920065E+00
  119.7000      0.519188398007E+00
  119.8000      0.500629465281E+00
  119.9000      0.487788883199E+00
  120.0000      0.471450882117E+00
  120.1000      0.460639618736E+00
  120.2000      0.454316600914E+00
  120.3000      0.454768066369E+00
  120.4000      0.458850770244E+00
  120.5000      0.465018953530E+00
  120.6000      0.481067875724E+00
  120.7000      0.489577008255E+00
  120.8000      0.498799643475E+00
  120.9000      0.513599840309E+00
  121.0000      0.510388835650E+00
  121.1000      0.511415110642E+00
  121.2000      0.512148804351E+00
  121.3000      0.494144865568E+00
  121.4000      0.488538995892E+00
  121.5000      0.479017221115E+00
  121.6000      0.459345256750E+00
  121.7000      0.459013839925E+00
  121.8000      0.452116375161E+00
  121.9000      0.445025084736E+00
  122.0000      0.456469517617E+00
  122.1000      0.457511943392E+00
  122.2000      0.463348904896E+00
  122.3000      0.478852556003E+00
  122.4000      0.480658984060E+00
  122.5000      0.487521720784E+00
  122.6000      0.494087590482E+00
  122.7000      0.488674723942E+00
  122.8000      0.487346949286E+00
  122.9000      0.482067664468E+00
  123.0000      0.472424720947E+00
  123.1000      0.466070649702E+00
  123.2000      0.459392451796E+00
  123.3000      0.455887392238E+00
  123.4000      0.453542488745E+00
  123.5000      0.456852533211E+00
  123.6000      0.463580046741E+00
  123.7000      0.467424949300E+00
  123.8000      0.480129563014E+00
  123.9000      0.488634018780E+00
  124.0000      0.491531984627E+00
  124.1000      0.502886604077E+00
  124.2000      0.501122434951E+00
  124.3000      0.496436533835E+00
  124.4000      0.498655349193E+00
  124.5000      0.484608706268E+00
  124.6000      0.475682069665E+00
  124.7000      0.472198332869E+00
  124.8000      0.456116594546E+00
  124.9000      0.453574908569E+00
  125.0000      0.453636446421E+00
  125.1000      0.446923422830E+00
  125.2000      0.456578834330E+00
  125.3000      0.463316481761E+00
  125.4000      0.467097538402E+00
  125.5000      0.482882331499E+00
  125.6000      0.489453932254E+00
  125.7000      0.494862932628E+00
  125.8000      0.504925727765E+00
  125.9000      0.503414127042E+00
  126.0000      0.502428575140E+00
  126.1000      0.501211978408E+00
  126.2000      0.492645313325E+00
  126.3000      0.486471260436E+00
  126.4000      0.479761601649E+00
  126.5000      0.473117995614E+00
  126.6000      0.468626798913E+00
  126.7000      0.466334183013E+00
  126.8000      0.468365455654E+00
  126.9000      0.468715415907E+00
  127.0000      0.474216606928E+00
  127.1000      0.481768706136E+00
  127.2000      0.482797296196E+00
  127.3000      0.490978614518E+00
  127.4000      0.494585537131E+00
  127.5000      0.490413945507E+00
  127.6000      0.494876656215E+00
  127.7000      0.488931948909E+00
  127.8000      0.479811270210E+00
  127.9000      0.480258755843E+00
  128.0000      0.468317062073E+00
  128.1000      0.461252674663E+00
  128.2000      0.462786476870E+00
  128.3000      0.453216557595E+00
  128.4000      0.455063151828E+00
  128.5000      0.461042472993E+00
  128.6000      0.458247474746E+00
  128.7000      0.468627802911E+00
  128.8000      0.476160534996E+00
  128.9000      0.477303337991E+00
  129.0000      0.488644630620E+00
  129.1000      0.491344163246E+00
  129.2000      0.490893629128E+00
  129.3000      0.495793287771E+00
  129.4000      0.490985711596E+00
  129.5000      0.486732817166E+00
  129.6000      0.484174257720E+00
  129.7000      0.476278897431E+00
  129.8000      0.470930759214E+00
  129.9000      0.465976092222E+00
  130.0000      0.461923755758E+00
  130.1000      0.458795931892E+00
  130.2000      0.457144434649E+00
  130.3000      0.459720275327E+00
  130.4000      0.458530355968E+00
  130.5000      0.461516859800E+00
  130.6000      0.467116356613E+00
  130.7000      0.464784521745E+00
  130.8000      0.469891885230E+00
  130.9000      0.472594822969E+00
  131.0000      0.467209023203E+00
  131.1000      0.471913182714E+00
  131.2000      0.469115773494E+00
  131.3000      0.462583427952E+00
  131.4000      0.466890766762E+00
  131.5000      0.460738642803E+00
  131.6000      0.457163965827E+00
  131.7000      0.462451724181E+00
  131.8000      0.456748663543E+00
  131.9000      0.458749673997E+00
  132.0000      0.465002557342E+00
  132.1000      0.461303581805E+00
  132.2000      0.467479573200E+00
  132.3000      0.472105428132E+00
  132.4000      0.469098352932E+00
  132.5000      0.475168492237E+00
  132.6000      0.474741624507E+00
  132.7000      0.470270632074E+00
  132.8000      0.472454585891E+00
  132.9000      0.466442491283E+00
  133.0000      0.460552518488E+00
  133.1000      0.458475546228E+00
  133.2000      0.450522238555E+00
  133.3000      0.445832943321E+00
  133.4000      0.442970967065E+00
  133.5000      0.438878092394E+00
  133.6000      0.438004353033E+00
  133.7000      0.438395301661E+00
  133.8000      0.441393348923E+00
  133.9000      0.444218066104E+00
  134.0000      0.449186608012E+00
  134.1000      0.456951935250E+00
  134.2000      0.459853836604E+00
  134.3000      0.466890085554E+00
  134.4000      0.473240101217E+00
  134.5000      0.472024593328E+00
  134.6000      0.477262281303E+00
  134.7000      0.476888805987E+00
  134.8000      0.470516912919E+00
  134.9000      0.472541457983E+00
  135.0000      0.465335188675E+00
  135.1000      0.457556126950E+00
  135.2000      0.458655601764E+00
  135.3000      0.449362493903E+00
  135.4000      0.446015514278E+00
  135.5000      0.449387135474E+00
  135.6000      0.443053474024E+00
  135.7000      0.447032756072E+00
  135.8000      0.452689105059E+00
  135.9000      0.450228971951E+00
  136.0000      0.458629786713E+00
  136.1000      0.462548903656E+00
  136.2000      0.460926872445E+00
  136.3000      0.467780877232E+00
  136.4000      0.465910295107E+00
  136.5000      0.462162108011E+00
  136.6000      0.463702099093E+00
  136.7000      0.456512241068E+00
  136.8000      0.451593245990E+00
  136.9000      0.449618249382E+00
  137.0000      0.442373793308E+00
  137.1000      0.440052622033E+00
  137.2000      0.439372697654E+00
  137.3000      0.437526237917E+00
  137.4000      0.440186587742E+00
  137.5000      0.443332607180E+00
  137.6000      0.447019153526E+00
  137.7000      0.451878130824E+00
  137.8000      0.456216075025E+00
  137.9000      0.460155955043E+00
  138.0000      0.461455059674E+00
  138.1000      0.462465711006E+00
  138.2000      0.461142444614E+00
  138.3000      0.455946305324E+00
  138.4000      0.453110672378E+00
  138.5000      0.446590404506E+00
  138.6000      0.438743316530E+00
  138.7000      0.436900070754E+00
  138.8000      0.430205364424E+00
  138.9000      0.427079648294E+00
  139.0000      0.431311598839E+00
  139.1000      0.428805861841E+00
  139.2000      0.434292137372E+00
  139.3000      0.443686487139E+00
  139.4000      0.444304894302E+00
  139.5000      0.454959466342E+00
  139.6000      0.462425031112E+00
  139.7000      0.461122268093E+00
  139.8000      0.469550101305E+00
  139.9000      0.468237299141E+00
  140.0000      0.461877165627E+00
  140.1000      0.463852523799E+00
  140.2000      0.453806970399E+00
  140.3000      0.445302458500E+00
  140.4000      0.443599334895E+00
  140.5000      0.432157546628E+00
  140.6000      0.428430413188E+00
  140.7000      0.429213880741E+00
  140.8000      0.424010094190E+00
  140.9000      0.428982629032E+00
  141.0000      0.434576045880E+00
  141.1000      0.436616117734E+00
  141.2000      0.446841412486E+00
  141.3000      0.452827579992E+00
  141.4000      0.456173697996E+00
  141.5000      0.463496301123E+00
  141.6000      0.463558138259E+00
  141.7000      0.462245735870E+00
  141.8000      0.461659199901E+00
  141.9000      0.454838454758E+00
  142.0000      0.448795796406E+00
  142.1000      0.442793045461E+00
  142.2000      0.435078196668E+00
  142.3000      0.429747067998E+00
  142.4000      0.425793790381E+00
  142.5000      0.424502957822E+00
  142.6000      0.424531931592E+00
  142.7000      0.427542845857E+00
  142.8000      0.433901647064E+00
  142.9000      0.438005604076E+00
  143.0000      0.445968879951E+00
  143.1000      0.453660481756E+00
  143.2000      0.455620517947E+00
  143.3000      0.461987594191E+00
  143.4000      0.462881932979E+00
  143.5000      0.458061209460E+00
  143.6000      0.458927769137E+00
  143.7000      0.450828818297E+00
  143.8000      0.441640228899E+00
  143.9000      0.439682052160E+00
  144.0000      0.427936710195E+00
  144.1000      0.422183602573E+00
  144.2000      0.423241240762E+00
  144.3000      0.415205797600E+00
  144.4000      0.418916098036E+00
  144.5000      0.425106183166E+00
  144.6000      0.423299076412E+00
  144.7000      0.434962042467E+00
  144.8000      0.441717168678E+00
  144.9000      0.442378240139E+00
  145.0000      0.454312953862E+00
  145.1000      0.454729897214E+00
  145.2000      0.452828651086E+00
  145.3000      0.458339906296E+00
  145.4000      0.450242374968E+00
  145.5000      0.445282233211E+00
  145.6000      0.444490816658E+00
  145.7000      0.433198258786E+00
  145.8000      0.430244622175E+00
  145.9000      0.429227497458E+00
  146.0000      0.422975667458E+00
  146.1000      0.427240131905E+00
  146.2000      0.430819691567E+00
  146.3000      0.432877959223E+00
  146.4000      0.443403415627E+00
  146.5000      0.449697620750E+00
  146.6000      0.455551610652E+00
  146.7000      0.465099803797E+00
  146.8000      0.467689438322E+00
  146.9000      0.469846466107E+00
  147.0000      0.471461799177E+00
  147.1000      0.466864815780E+00
  147.2000      0.462360827975E+00
  147.3000      0.456244498452E+00
  147.4000      0.448250709465E+00
  147.5000      0.440874994928E+00
  147.6000      0.434100853155E+00
  147.7000      0.430022196214E+00
  147.8000      0.425670476755E+00
  147.9000      0.425462548824E+00
  148.0000      0.428743401964E+00
  148.1000      0.429412946164E+00
  148.2000      0.436729943777E+00
  148.3000      0.443477526183E+00
  148.4000      0.445680219323E+00
  148.5000      0.454954630750E+00
  148.6000      0.457458002224E+00
  148.7000      0.456122367317E+00
  148.8000      0.460961442719E+00
  148.9000      0.454733992288E+00
  149.0000      0.448898984618E+00
  149.1000      0.448198137886E+00
  149.2000      0.436010528165E+00
  149.3000      0.430681082802E+00
  149.4000      0.429063402661E+00
  149.5000      0.418462315230E+00
  149.6000      0.420641204179E+00
  149.7000      0.423090289567E+00
  149.8000      0.419858510710E+00
  149.9000      0.431773030869E+00
  150.0000      0.437579367051E+00
  150.1000      0.440748012159E+00
  150.2000      0.456651123406E+00
  150.3000      0.459380459008E+00
  150.4000      0.462959171990E+00
  150.5000      0.473668669486E+00
  150.6000      0.467687305816E+00
  150.7000      0.466981730017E+00
  150.8000      0.467614832052E+00
  150.9000      0.453964717592E+00
  151.0000      0.449990494655E+00
  151.1000      0.443627429654E+00
  151.2000      0.429731124870E+00
  151.3000      0.427937107550E+00
  151.4000      0.422015930340E+00
  151.5000      0.415429920908E+00
  151.6000      0.419993440086E+00
  151.7000      0.419182010220E+00
  151.8000      0.421604245576E+00
  151.9000      0.431108239896E+00
  152.0000      0.433737417982E+00
  152.1000      0.440337874339E+00
  152.2000      0.448576395208E+00
  152.3000      0.449263946086E+00
  152.4000      0.453288673277E+00
  152.5000      0.454767860482E+00
  152.6000      0.450572715760E+00
  152.7000      0.449238551980E+00
  152.8000      0.444471567714E+00
  152.9000      0.438154367669E+00
  153.0000      0.434385450424E+00
  153.1000      0.429561267678E+00
  153.2000      0.426673966380E+00
  153.3000      0.425549780744E+00
  153.4000      0.426828304326E+00
  153.5000      0.429889356392E+00
  153.6000      0.433451379328E+00
  153.7000      0.441266499938E+00
  153.8000      0.446905759841E+00
  153.9000      0.452313242907E+00
  154.0000      0.461184878630E+00
  154.1000      0.463048322148E+00
  154.2000      0.465568183231E+00
  154.3000      0.469117563094E+00
  154.4000      0.463306289442E+00
  154.5000      0.460922496023E+00
  154.6000      0.457192992847E+00
  154.7000      0.445678566131E+00
  154.8000      0.441489918848E+00
  154.9000      0.434260596546E+00
  155.0000      0.423643462123E+00
  155.1000      0.423400761172E+00
  155.2000      0.418080328072E+00
  155.3000      0.414216480089E+00
  155.4000      0.420696320841E+00
  155.5000      0.419044958044E+00
  155.6000      0.422669451660E+00
  155.7000      0.432895118807E+00
  155.8000      0.432210054708E+00
  155.9000      0.439541622933E+00
  156.0000      0.447460374698E+00
  156.1000      0.444206376499E+00
  156.2000      0.450972055097E+00
  156.3000      0.452401431411E+00
  156.4000      0.445988330640E+00
  156.5000      0.450738360321E+00
  156.6000      0.446008158125E+00
  156.7000      0.439425159376E+00
  156.8000      0.443673209125E+00
  156.9000      0.436440732644E+00
  157.0000      0.433943498339E+00
  157.1000      0.439698070544E+00
  157.2000      0.433663172918E+00
  157.3000      0.437429828256E+00
  157.4000      0.444248694721E+00
  157.5000      0.440294630204E+00
  157.6000      0.448325190132E+00
  157.7000      0.452624959202E+00
  157.8000      0.448844514492E+00
  157.9000      0.456377890442E+00
  158.0000      0.454508515109E+00
  158.1000      0.449217418622E+00
  158.2000      0.452765131105E+00
  158.3000      0.444782920085E+00
  158.4000      0.438877271303E+00
  158.5000      0.438659776268E+00
  158.6000      0.428530448825E+00
  158.7000      0.424831684125E+00
  158.8000      0.423778398122E+00
  158.9000      0.416440231167E+00
  159.0000      0.417528534403E+00
  159.1000      0.418559807328E+00
  159.2000      0.416829143584E+00
  159.3000      0.423108699365E+00
  159.4000      0.426676389128E+00
  159.5000      0.429736649747E+00
  159.6000      0.438522577228E+00
  159.7000      0.442092409574E+00
  159.8000      0.446343563307E+00
  159.9000      0.453141432015E+00
  160.0000      0.453568321085E+00
  160.1000      0.455532175380E+00
  160.2000      0.457322434019E+00
  160.3000      0.454056067640E+00
  160.4000      0.452881826537E+00
  160.5000      0.450374817413E+00
  160.6000      0.445902704911E+00
  160.7000      0.443184173738E+00
  160.8000      0.439779118069E+00
  160.9000      0.437067570179E+00
  161.0000      0.434910493381E+00
  161.1000      0.433866833547E+00
  161.2000      0.434000833613E+00
  161.3000      0.433572487809E+00
  161.4000      0.435953612384E+00
  161.5000      0.437727209414E+00
  161.6000      0.438644501495E+00
  161.7000      0.442807095049E+00
  161.8000      0.443572877641E+00
  161.9000      0.444108480168E+00
  162.0000      0.447028766351E+00
  162.1000      0.444563595794E+00
  162.2000      0.443442285297E+00
  162.3000      0.443499576112E+00
  162.4000      0.438126265385E+00
  162.5000      0.436440846877E+00
  162.6000      0.434753542445E+00
  162.7000      0.429185050350E+00
  162.8000      0.429458850890E+00
  162.9000      0.427907814999E+00
  163.0000      0.424606361171E+00
  163.1000      0.427970391850E+00
  163.2000      0.426852878880E+00
  163.3000      0.426330593372E+00
  163.4000      0.431619426372E+00
  163.5000      0.429929219664E+00
  163.6000      0.431472403612E+00
  163.7000      0.436527768751E+00
  163.8000      0.433339389992E+00
  163.9000      0.436061968785E+00
  164.0000      0.438842125412E+00
  164.1000      0.433868029375E+00
  164.2000      0.437140815488E+00
  164.3000      0.436364042592E+00
  164.4000      0.430411999531E+00
  164.5000      0.434341262225E+00
  164.6000      0.430199112034E+00
  164.7000      0.425497731236E+00
  164.8000      0.430695269795E+00
  164.9000      0.424647624029E+00
  165.0000      0.423690638848E+00
  165.1000      0.429913625760E+00
  165.2000      0.423580257589E+00
  165.3000      0.427368240728E+00
  165.4000      0.433046915187E+00
  165.5000      0.427744828523E+00
  165.6000      0.435452406349E+00
  165.7000      0.438945702974E+00
  165.8000      0.435721462338E+00
  165.9000      0.445414174386E+00
  166.0000      0.445900413490E+00
  166.1000      0.444953777216E+00
  166.2000      0.454157781547E+00
  166.3000      0.451295031731E+00
  166.4000      0.451793065931E+00
  166.5000      0.458296080234E+00
  166.6000      0.452204579700E+00
  166.7000      0.453509437466E+00
  166.8000      0.456322498024E+00
  166.9000      0.448140021435E+00
  167.0000      0.450683105528E+00
  167.1000      0.449873144392E+00
  167.2000      0.441525543518E+00
  167.3000      0.445798669951E+00
  167.4000      0.441542531845E+00
  167.5000      0.434841139839E+00
  167.6000      0.440146334002E+00
  167.7000      0.432779033569E+00
  167.8000      0.428971477728E+00
  167.9000      0.433732885669E+00
  168.0000      0.424532611520E+00
  168.1000      0.424187588503E+00
  168.2000      0.427063081454E+00
  168.3000      0.418101108004E+00
  168.4000      0.420988233424E+00
  168.5000      0.421543347528E+00
  168.6000      0.414766692656E+00
  168.7000      0.420229270447E+00
  168.8000      0.419038286321E+00
  168.9000      0.415798095200E+00
  169.0000      0.423287705489E+00
  169.1000      0.421368877820E+00
  169.2000      0.422226095500E+00
  169.3000      0.430852416644E+00
  169.4000      0.428549914642E+00
  169.5000      0.432810827174E+00
  169.6000      0.440392100876E+00
  169.7000      0.436908923027E+00
  169.8000      0.442606071460E+00
  169.9000      0.446106961904E+00
  170.0000      0.440587886507E+00
  170.1000      0.445624241821E+00
  170.2000      0.443244390021E+00
  170.3000      0.436394215391E+00
  170.4000      0.440033868160E+00
  170.5000      0.432911043673E+00
  170.6000      0.427371270595E+00
  170.7000      0.430611160605E+00
  170.8000      0.422352234457E+00
  170.9000      0.421351847949E+00
  171.0000      0.425746073618E+00
  171.1000      0.420150057885E+00
  171.2000      0.425441462691E+00
  171.3000      0.431334033985E+00
  171.4000      0.430095331023E+00
  171.5000      0.440525127909E+00
  171.6000      0.446121787440E+00
  171.7000      0.448010723376E+00
  171.8000      0.459645557919E+00
  171.9000      0.461804385096E+00
  172.0000      0.463764736911E+00
  172.1000      0.471837333169E+00
  172.2000      0.468282293140E+00
  172.3000      0.467793187810E+00
  172.4000      0.469541351231E+00
  172.5000      0.460866577901E+00
  172.6000      0.457887493149E+00
  172.7000      0.454141415025E+00
  172.8000      0.443744538732E+00
  172.9000      0.440627904269E+00
  173.0000      0.434737542431E+00
  173.1000      0.426680621848E+00
  173.2000      0.426234589552E+00
  173.3000      0.421439410289E+00
  173.4000      0.418162299343E+00
  173.5000      0.421493189924E+00
  173.6000      0.418879454844E+00
  173.7000      0.420153242473E+00
  173.8000      0.425525993911E+00
  173.9000      0.423618438542E+00
  174.0000      0.426874070220E+00
  174.1000      0.430405008706E+00
  174.2000      0.426705028866E+00
  174.3000      0.428954494696E+00
  174.4000      0.427535430315E+00
  174.5000      0.421412440246E+00
  174.6000      0.421952064652E+00
  174.7000      0.416263399931E+00
  174.8000      0.410419131918E+00
  174.9000      0.411437803329E+00
  175.0000      0.405545717186E+00
  175.1000      0.404002695121E+00
  175.2000      0.408179978173E+00
  175.3000      0.406233157249E+00
  175.4000      0.411332795187E+00
  175.5000      0.419573502640E+00
  175.6000      0.423442563698E+00
  175.7000      0.434848993909E+00
  175.8000      0.445816339906E+00
  175.9000      0.454295315141E+00
  176.0000      0.468725201325E+00
  176.1000      0.478423569799E+00
  176.2000      0.486645232195E+00
  176.3000      0.497740625265E+00
  176.4000      0.500173614598E+00
  176.5000      0.501648913620E+00
  176.6000      0.503237816065E+00
  176.7000      0.494874712329E+00
  176.8000      0.487218931004E+00
  176.9000      0.478769616299E+00
  177.0000      0.462827845667E+00
  177.1000      0.450771620641E+00
  177.2000      0.437927995341E+00
  177.3000      0.422242039872E+00
  177.4000      0.413638833673E+00
  177.5000      0.403185803253E+00
  177.6000      0.394673174766E+00
  177.7000      0.395075550194E+00
  177.8000      0.391267911711E+00
  177.9000      0.393207681731E+00
  178.0000      0.403494100148E+00
  178.1000      0.406960096810E+00
  178.2000      0.417541218642E+00
  178.3000      0.432348634771E+00
  178.4000      0.438704810674E+00
  178.5000      0.450196572955E+00
  178.6000      0.459624379588E+00
  178.7000      0.462236418145E+00
  178.8000      0.467007510477E+00
  178.9000      0.466061417268E+00
  179.0000      0.464390196624E+00
  179.1000      0.464099775629E+00
  179.2000      0.459477341554E+00
  179.3000      0.459857673262E+00
  179.4000      0.462608948402E+00
  179.5000      0.463956189210E+00
  179.6000      0.467230344690E+00
  179.7000      0.475171988178E+00
  179.8000      0.485422467635E+00
  179.9000      0.478504231747E+00
  180.0000      0.542446614433E+00
