    0.1000      0.485510750791E+07
    0.2000      0.891685955647E+06
    0.3000      0.255324231494E+06
    0.4000      0.147402528702E+06
    0.5000      0.101545810328E+06
    0.6000      0.639125418635E+05
    0.7000      0.473696105430E+05
    0.8000      0.352493789941E+05
    0.9000      0.312244518080E+05
    1.0000      0.249846416845E+05
    1.1000      0.219440049365E+05
    1.2000      0.159288332363E+05
    1.3000      0.110504016525E+05
    1.4000      0.103793791484E+05
    1.5000      0.794528910125E+04
    1.6000      0.513772561076E+04
    1.7000      0.401475425501E+04
    1.8000      0.340116962423E+04
    1.9000      0.291471991061E+04
    2.0000      0.216240225585E+04
    2.1000      0.168686605028E+04
    2.2000      0.160358640399E+04
    2.3000      0.123409889525E+04
    2.4000      0.972709588967E+03
    2.5000      0.910403429944E+03
    2.6000      0.749740989723E+03
    2.7000      0.686674395560E+03
    2.8000      0.611645481431E+03
    2.9000      0.492619070691E+03
    3.0000      0.502830879676E+03
    3.1000      0.503510093403E+03
    3.2000      0.487395411069E+03
    3.3000      0.419370663080E+03
    3.4000      0.337832174700E+03
    3.5000      0.337352128683E+03
    3.6000      0.338066474118E+03
    3.7000      0.411378217328E+03
    3.8000      0.449289835310E+03
    3.9000      0.383741755358E+03
    4.0000      0.308768275644E+03
    4.1000      0.242783941438E+03
    4.2000      0.262148941972E+03
    4.3000      0.306768181017E+03
    4.4000      0.330732910912E+03
    4.5000      0.318747076780E+03
    4.6000      0.250823553713E+03
    4.7000      0.200657742509E+03
    4.8000      0.192228999920E+03
    4.9000      0.225443163634E+03
    5.0000      0.256461024346E+03
    5.1000      0.249464286746E+03
    5.2000      0.216310549409E+03
    5.3000      0.178516929410E+03
    5.4000      0.163734545927E+03
    5.5000      0.168094828465E+03
    5.6000      0.175178107652E+03
    5.7000      0.173164381011E+03
    5.8000      0.164212074825E+03
    5.9000      0.147960957129E+03
    6.0000      0.128470405254E+03
    6.1000      0.108143162876E+03
    6.2000      0.977908282850E+02
    6.3000      0.103664090800E+03
    6.4000      0.109276111327E+03
    6.5000      0.108693544845E+03
    6.6000      0.889130171209E+02
    6.7000      0.653854880042E+02
    6.8000      0.552299683565E+02
    6.9000      0.604871754017E+02
    7.0000      0.779960813826E+02
    7.1000      0.809533507030E+02
    7.2000      0.692740764998E+02
    7.3000      0.505292582660E+02
    7.4000      0.398303431740E+02
    7.5000      0.455930580828E+02
    7.6000      0.541452883471E+02
    7.7000      0.578722134037E+02
    7.8000      0.500450224277E+02
    7.9000      0.388661986963E+02
    8.0000      0.315132120668E+02
    8.1000      0.296086700222E+02
    8.2000      0.307095535531E+02
    8.3000      0.303272135312E+02
    8.4000      0.298942519487E+02
    8.5000      0.281220941596E+02
    8.6000      0.260659283545E+02
    8.7000      0.219911060142E+02
    8.8000      0.175260600991E+02
    8.9000      0.170721837725E+02
    9.0000      0.207078341463E+02
    9.1000      0.266059684131E+02
    9.2000      0.286133023103E+02
    9.3000      0.241189624701E+02
    9.4000      0.179594167794E+02
    9.5000      0.150685534291E+02
    9.6000      0.186873207441E+02
    9.7000      0.250133656759E+02
    9.8000      0.266695008453E+02
    9.9000      0.231185368054E+02
   10.0000      0.161643835609E+02
   10.1000      0.124831763717E+02
   10.2000      0.139446398789E+02
   10.3000      0.167187620613E+02
   10.4000      0.181336950390E+02
   10.5000      0.152961097242E+02
   10.6000      0.118731326665E+02
   10.7000      0.100349046886E+02
   10.8000      0.103416267165E+02
   10.9000      0.113682360279E+02
   11.0000      0.111654321466E+02
   11.1000      0.105770815935E+02
   11.2000      0.103977619370E+02
   11.3000      0.113529920402E+02
   11.4000      0.116531417947E+02
   11.5000      0.109729794006E+02
   11.6000      0.925081053254E+01
   11.7000      0.868032063511E+01
   11.8000      0.100785097577E+02
   11.9000      0.118574117599E+02
   12.0000      0.127286064952E+02
   12.1000      0.108639127151E+02
   12.2000      0.854474501023E+01
   12.3000      0.740226184008E+01
   12.4000      0.844576101260E+01
   12.5000      0.106288776149E+02
   12.6000      0.114829470036E+02
   12.7000      0.107558327249E+02
   12.8000      0.907706809168E+01
   12.9000      0.828476824097E+01
   13.0000      0.890117216726E+01
   13.1000      0.101709338247E+02
   13.2000      0.109962745564E+02
   13.3000      0.110485427386E+02
   13.4000      0.107184071830E+02
   13.5000      0.106319886352E+02
   13.6000      0.107450744059E+02
   13.7000      0.106525715724E+02
   13.8000      0.103546514980E+02
   13.9000      0.100228205163E+02
   14.0000      0.101647047767E+02
   14.1000      0.104912193576E+02
   14.2000      0.104784441732E+02
   14.3000      0.974805860998E+01
   14.4000      0.854765745241E+01
   14.5000      0.764403082007E+01
   14.6000      0.747781667287E+01
   14.7000      0.779999894934E+01
   14.8000      0.806145158351E+01
   14.9000      0.769644251091E+01
   15.0000      0.698587455078E+01
   15.1000      0.626934482189E+01
   15.2000      0.586706714987E+01
   15.3000      0.587897815654E+01
   15.4000      0.578771992606E+01
   15.5000      0.598698407556E+01
   15.6000      0.597523142512E+01
   15.7000      0.617265382608E+01
   15.8000      0.609875942136E+01
   15.9000      0.554657447695E+01
   16.0000      0.511236189990E+01
   16.1000      0.456681643104E+01
   16.2000      0.508075943888E+01
   16.3000      0.565590596849E+01
   16.4000      0.619299517890E+01
   16.5000      0.601635711745E+01
   16.6000      0.503043651558E+01
   16.7000      0.446208635106E+01
   16.8000      0.423988574611E+01
   16.9000      0.504534491863E+01
   17.0000      0.574323356245E+01
   17.1000      0.598516406485E+01
   17.2000      0.559212083336E+01
   17.3000      0.495883853503E+01
   17.4000      0.478813568932E+01
   17.5000      0.505460590011E+01
   17.6000      0.556049112932E+01
   17.7000      0.572530510735E+01
   17.8000      0.568200226601E+01
   17.9000      0.536959813495E+01
   18.0000      0.543375114101E+01
   18.1000      0.545829959809E+01
   18.2000      0.551107912498E+01
   18.3000      0.531798086296E+01
   18.4000      0.488836965247E+01
   18.5000      0.487316684340E+01
   18.6000      0.484640267842E+01
   18.7000      0.516537428135E+01
   18.8000      0.500041312091E+01
   18.9000      0.452542527599E+01
   19.0000      0.397338148070E+01
   19.1000      0.357742107714E+01
   19.2000      0.383616245292E+01
   19.3000      0.413000683240E+01
   19.4000      0.432438195195E+01
   19.5000      0.400259373764E+01
   19.6000      0.343660427347E+01
   19.7000      0.312297598057E+01
   19.8000      0.326619261201E+01
   19.9000      0.382600218937E+01
   20.0000      0.432317233770E+01
   20.1000      0.442036417215E+01
   20.2000      0.416025191009E+01
   20.3000      0.387368076120E+01
   20.4000      0.394411877020E+01
   20.5000      0.445343647670E+01
   20.6000      0.512780339421E+01
   20.7000      0.559892322807E+01
   20.8000      0.568064448764E+01
   20.9000      0.546177647827E+01
   21.0000      0.525557566163E+01
   21.1000      0.533664865509E+01
   21.2000      0.564942929231E+01
   21.3000      0.616020683214E+01
   21.4000      0.638542250113E+01
   21.5000      0.639289296347E+01
   21.6000      0.602785770905E+01
   21.7000      0.556745004427E+01
   21.8000      0.531359886873E+01
   21.9000      0.514633676032E+01
   22.0000      0.538400925843E+01
   22.1000      0.537079650346E+01
   22.2000      0.535341125638E+01
   22.3000      0.491202816595E+01
   22.4000      0.433841624737E+01
   22.5000      0.388175664943E+01
   22.6000      0.349143470926E+01
   22.7000      0.359649345864E+01
   22.8000      0.358388476814E+01
   22.9000      0.376530946745E+01
   23.0000      0.358623807500E+01
   23.1000      0.336238500993E+01
   23.2000      0.305035923250E+01
   23.3000      0.279561389548E+01
   23.4000      0.283379798986E+01
   23.5000      0.292874379357E+01
   23.6000      0.333609076635E+01
   23.7000      0.354535546462E+01
   23.8000      0.381916094869E+01
   23.9000      0.369276808699E+01
   24.0000      0.356642273646E+01
   24.1000      0.333864058717E+01
   24.2000      0.334678182775E+01
   24.3000      0.368634054533E+01
   24.4000      0.403761752309E+01
   24.5000      0.451976139254E+01
   24.6000      0.437403094965E+01
   24.7000      0.418004347997E+01
   24.8000      0.357227761411E+01
   24.9000      0.333898823762E+01
   25.0000      0.339008821223E+01
   25.1000      0.364710754411E+01
   25.2000      0.405311601396E+01
   25.3000      0.386259940993E+01
   25.4000      0.362059491288E+01
   25.5000      0.290835792797E+01
   25.6000      0.258577101656E+01
   25.7000      0.244954760810E+01
   25.8000      0.261424390663E+01
   25.9000      0.289095738013E+01
   26.0000      0.283047806190E+01
   26.1000      0.272826586746E+01
   26.2000      0.230172268035E+01
   26.3000      0.211949345971E+01
   26.4000      0.197893030722E+01
   26.5000      0.208753925333E+01
   26.6000      0.223703714636E+01
   26.7000      0.234943701433E+01
   26.8000      0.243458607152E+01
   26.9000      0.238170959772E+01
   27.0000      0.235620823326E+01
   27.1000      0.223274503001E+01
   27.2000      0.220749079421E+01
   27.3000      0.218862459294E+01
   27.4000      0.230972542892E+01
   27.5000      0.245969468047E+01
   27.6000      0.258588615916E+01
   27.7000      0.259745399646E+01
   27.8000      0.244721475153E+01
   27.9000      0.225438372321E+01
   28.0000      0.210580775352E+01
   28.1000      0.211443030136E+01
   28.2000      0.224156191748E+01
   28.3000      0.236731932877E+01
   28.4000      0.237732195932E+01
   28.5000      0.224590776166E+01
   28.6000      0.202872589857E+01
   28.7000      0.190177301355E+01
   28.8000      0.186127798118E+01
   28.9000      0.197323220720E+01
   29.0000      0.205398211949E+01
   29.1000      0.210445404958E+01
   29.2000      0.206467612533E+01
   29.3000      0.201055356574E+01
   29.4000      0.200641214382E+01
   29.5000      0.203343638019E+01
   29.6000      0.211247822252E+01
   29.7000      0.214012823938E+01
   29.8000      0.221081154096E+01
   29.9000      0.223422014191E+01
   30.0000      0.237822702872E+01
   30.1000      0.244007308637E+01
   30.2000      0.254998267653E+01
   30.3000      0.250791078374E+01
   30.4000      0.245129129753E+01
   30.5000      0.244295616517E+01
   30.6000      0.243579478856E+01
   30.7000      0.265837921794E+01
   30.8000      0.267203461121E+01
   30.9000      0.279567548949E+01
   31.0000      0.258723398595E+01
   31.1000      0.245400859107E+01
   31.2000      0.231932893169E+01
   31.3000      0.226127825968E+01
   31.4000      0.243870930199E+01
   31.5000      0.238429486437E+01
   31.6000      0.246624030129E+01
   31.7000      0.217785261836E+01
   31.8000      0.204924274944E+01
   31.9000      0.186993216611E+01
   32.0000      0.184555922869E+01
   32.1000      0.194686954909E+01
   32.2000      0.189964005363E+01
   32.3000      0.192453064815E+01
   32.4000      0.169938458658E+01
   32.5000      0.165184486733E+01
   32.6000      0.155723285850E+01
   32.7000      0.164321931516E+01
   32.8000      0.169848213246E+01
   32.9000      0.170827623001E+01
   33.0000      0.166341687730E+01
   33.1000      0.155919836666E+01
   33.2000      0.157907661792E+01
   33.3000      0.161816133795E+01
   33.4000      0.178778276608E+01
   33.5000      0.182249148563E+01
   33.6000      0.184994926952E+01
   33.7000      0.172244256807E+01
   33.8000      0.167786652277E+01
   33.9000      0.168959416864E+01
   34.0000      0.180470563706E+01
   34.1000      0.196617347581E+01
   34.2000      0.198752968114E+01
   34.3000      0.196811741189E+01
   34.4000      0.178605819811E+01
   34.5000      0.171820296907E+01
   34.6000      0.168339180120E+01
   34.7000      0.178703363300E+01
   34.8000      0.188529922086E+01
   34.9000      0.189767890533E+01
   35.0000      0.182802143352E+01
   35.1000      0.166360103189E+01
   35.2000      0.156336735368E+01
   35.3000      0.151767501623E+01
   35.4000      0.156728666958E+01
   35.5000      0.161648371802E+01
   35.6000      0.161794168124E+01
   35.7000      0.155153701634E+01
   35.8000      0.145905438802E+01
   35.9000      0.138440734296E+01
   36.0000      0.137712919628E+01
   36.1000      0.138511806022E+01
   36.2000      0.141452732759E+01
   36.3000      0.138863325999E+01
   36.4000      0.136365679994E+01
   36.5000      0.133104073235E+01
   36.6000      0.133413906208E+01
   36.7000      0.136546480095E+01
   36.8000      0.136983491770E+01
   36.9000      0.137591086337E+01
   37.0000      0.131256611046E+01
   37.1000      0.131132521860E+01
   37.2000      0.129093539752E+01
   37.3000      0.137019973507E+01
   37.4000      0.140552134763E+01
   37.5000      0.144053802704E+01
   37.6000      0.140386118072E+01
   37.7000      0.132630833515E+01
   37.8000      0.130459421890E+01
   37.9000      0.127888434791E+01
   38.0000      0.138885907905E+01
   38.1000      0.141479825671E+01
   38.2000      0.148913070851E+01
   38.3000      0.141672667919E+01
   38.4000      0.136583608428E+01
   38.5000      0.130233122218E+01
   38.6000      0.129603447069E+01
   38.7000      0.138422280918E+01
   38.8000      0.142378314875E+01
   38.9000      0.150955518008E+01
   39.0000      0.143937579849E+01
   39.1000      0.142515943309E+01
   39.2000      0.133602584528E+01
   39.3000      0.136652205456E+01
   39.4000      0.140378401644E+01
   39.5000      0.147686753888E+01
   39.6000      0.152723504064E+01
   39.7000      0.149244260885E+01
   39.8000      0.147797894627E+01
   39.9000      0.139536135706E+01
   40.0000      0.143682077053E+01
   40.1000      0.143021578150E+01
   40.2000      0.152008776321E+01
   40.3000      0.151185178482E+01
   40.4000      0.151177197538E+01
   40.5000      0.145678296107E+01
   40.6000      0.140180396053E+01
   40.7000      0.141275006738E+01
   40.8000      0.139645731900E+01
   40.9000      0.146715542672E+01
   41.0000      0.142605243121E+01
   41.1000      0.143467596062E+01
   41.2000      0.134479391609E+01
   41.3000      0.131590551139E+01
   41.4000      0.128961637955E+01
   41.5000      0.129582165372E+01
   41.6000      0.133485524937E+01
   41.7000      0.131048050716E+01
   41.8000      0.130798643025E+01
   41.9000      0.122651663449E+01
   42.0000      0.120614669997E+01
   42.1000      0.117449372318E+01
   42.2000      0.120610963080E+01
   42.3000      0.123613686947E+01
   42.4000      0.125241473150E+01
   42.5000      0.124461846986E+01
   42.6000      0.119958812796E+01
   42.7000      0.117235271082E+01
   42.8000      0.115904141202E+01
   42.9000      0.119205652082E+01
   43.0000      0.123667069207E+01
   43.1000      0.127498030455E+01
   43.2000      0.128190444427E+01
   43.3000      0.125816967120E+01
   43.4000      0.122572418074E+01
   43.5000      0.121275944820E+01
   43.6000      0.122603826830E+01
   43.7000      0.127274085533E+01
   43.8000      0.130343153024E+01
   43.9000      0.133027690823E+01
   44.0000      0.129965657161E+01
   44.1000      0.127622550978E+01
   44.2000      0.122950263691E+01
   44.3000      0.122674672426E+01
   44.4000      0.123554021681E+01
   44.5000      0.125361906208E+01
   44.6000      0.127686691410E+01
   44.7000      0.124134412919E+01
   44.8000      0.123278161027E+01
   44.9000      0.115435568736E+01
   45.0000      0.115313737938E+01
   45.1000      0.110543551195E+01
   45.2000      0.112672010218E+01
   45.3000      0.111537046871E+01
   45.4000      0.110391166417E+01
   45.5000      0.109599247248E+01
   45.6000      0.103316833930E+01
   45.7000      0.103869388205E+01
   45.8000      0.969316571314E+00
   45.9000      0.999567932972E+00
   46.0000      0.952463264024E+00
   46.1000      0.977312853095E+00
   46.2000      0.951641620322E+00
   46.3000      0.946037253692E+00
   46.4000      0.945648119495E+00
   46.5000      0.914393139611E+00
   46.6000      0.937705885913E+00
   46.7000      0.892771339612E+00
   46.8000      0.926501835971E+00
   46.9000      0.886309159916E+00
   47.0000      0.923990665299E+00
   47.1000      0.907669694134E+00
   47.2000      0.937199756945E+00
   47.3000      0.938153371030E+00
   47.4000      0.935828049032E+00
   47.5000      0.941726686592E+00
   47.6000      0.912361096335E+00
   47.7000      0.938690959763E+00
   47.8000      0.914867614325E+00
   47.9000      0.966972573934E+00
   48.0000      0.952192954834E+00
   48.1000      0.991386247713E+00
   48.2000      0.966650848377E+00
   48.3000      0.966465071739E+00
   48.4000      0.948867382973E+00
   48.5000      0.933573627956E+00
   48.6000      0.954291023434E+00
   48.7000      0.942300045334E+00
   48.8000      0.982546476249E+00
   48.9000      0.956436457743E+00
   49.0000      0.974942108543E+00
   49.1000      0.935177950032E+00
   49.2000      0.932039944186E+00
   49.3000      0.911833711230E+00
   49.4000      0.908161863430E+00
   49.5000      0.917276990761E+00
   49.6000      0.909025086709E+00
   49.7000      0.921469114661E+00
   49.8000      0.898814298298E+00
   49.9000      0.899160595780E+00
   50.0000      0.874539942655E+00
   50.1000      0.870245837686E+00
   50.2000      0.857965989002E+00
   50.3000      0.854949632227E+00
   50.4000      0.852817262583E+00
   50.5000      0.850965850332E+00
   50.6000      0.850814891766E+00
   50.7000      0.849651851772E+00
   50.8000      0.843835091135E+00
   50.9000      0.839939216929E+00
   51.0000      0.825832348781E+00
   51.1000      0.821155226446E+00
   51.2000      0.811283142977E+00
   51.3000      0.815705942329E+00
   51.4000      0.822160405095E+00
   51.5000      0.829555485115E+00
   51.6000      0.839967245607E+00
   51.7000      0.828010982975E+00
   51.8000      0.828792407622E+00
   51.9000      0.800306863920E+00
   52.0000      0.807656694563E+00
   52.1000      0.792510587421E+00
   52.2000      0.819007056272E+00
   52.3000      0.821775612349E+00
   52.4000      0.839141215012E+00
   52.5000      0.835955474467E+00
   52.6000      0.817989777903E+00
   52.7000      0.812812174411E+00
   52.8000      0.781549213200E+00
   52.9000      0.804281568972E+00
   53.0000      0.787451660328E+00
   53.1000      0.830401576852E+00
   53.2000      0.814889119438E+00
   53.3000      0.835007271580E+00
   53.4000      0.808024553379E+00
   53.5000      0.795247651392E+00
   53.6000      0.784841187039E+00
   53.7000      0.767094840305E+00
   53.8000      0.795577183232E+00
   53.9000      0.779462763722E+00
   54.0000      0.820047551420E+00
   54.1000      0.787667886924E+00
   54.2000      0.807099083725E+00
   54.3000      0.767413962158E+00
   54.4000      0.770790005821E+00
   54.5000      0.757086667955E+00
   54.6000      0.758432027034E+00
   54.7000      0.776619326881E+00
   54.8000      0.765516333794E+00
   54.9000      0.790419989779E+00
   55.0000      0.757831546688E+00
   55.1000      0.775654244804E+00
   55.2000      0.740048201627E+00
   55.3000      0.756665043278E+00
   55.4000      0.739992539615E+00
   55.5000      0.753744139557E+00
   55.6000      0.755181056749E+00
   55.7000      0.753786454129E+00
   55.8000      0.762232874692E+00
   55.9000      0.744122997544E+00
   56.0000      0.756501503535E+00
   56.1000      0.733959360370E+00
   56.2000      0.750333730653E+00
   56.3000      0.734016617055E+00
   56.4000      0.749096040489E+00
   56.5000      0.741364380460E+00
   56.6000      0.748448532670E+00
   56.7000      0.747496948626E+00
   56.8000      0.744310654141E+00
   56.9000      0.747527315621E+00
   57.0000      0.737283556661E+00
   57.1000      0.743231384678E+00
   57.2000      0.733072601021E+00
   57.3000      0.741395012296E+00
   57.4000      0.736516927914E+00
   57.5000      0.743924985757E+00
   57.6000      0.742111817554E+00
   57.7000      0.743130367396E+00
   57.8000      0.739883066142E+00
   57.9000      0.735303801691E+00
   58.0000      0.732143643792E+00
   58.1000      0.729856295181E+00
   58.2000      0.730102764983E+00
   58.3000      0.733377879423E+00
   58.4000      0.733482633268E+00
   58.5000      0.736422572646E+00
   58.6000      0.731225676578E+00
   58.7000      0.729550264482E+00
   58.8000      0.722877595691E+00
   58.9000      0.719852634278E+00
   59.0000      0.719912769273E+00
   59.1000      0.717370900098E+00
   59.2000      0.724347862475E+00
   59.3000      0.717575666412E+00
   59.4000      0.724935951698E+00
   59.5000      0.711843201152E+00
   59.6000      0.716997719927E+00
   59.7000      0.704221568247E+00
   59.8000      0.708826010881E+00
   59.9000      0.703519813874E+00
   60.0000      0.705483018592E+00
   60.1000      0.707421783072E+00
   60.2000      0.701486933880E+00
   60.3000      0.707257085729E+00
   60.4000      0.693231138628E+00
   60.5000      0.702099361338E+00
   60.6000      0.686023304202E+00
   60.7000      0.697303623724E+00
   60.8000      0.684590235105E+00
   60.9000      0.693780784045E+00
   61.0000      0.685990332565E+00
   61.1000      0.687902440132E+00
   61.2000      0.685664630466E+00
   61.3000      0.679304963787E+00
   61.4000      0.683656822410E+00
   61.5000      0.671750907085E+00
   61.6000      0.681743396458E+00
   61.7000      0.667491645240E+00
   61.8000      0.679270340532E+00
   61.9000      0.665407378347E+00
   62.0000      0.674555132966E+00
   62.1000      0.663932529839E+00
   62.2000      0.667696540162E+00
   62.3000      0.662733922440E+00
   62.4000      0.660337467124E+00
   62.5000      0.661822426832E+00
   62.6000      0.654021094854E+00
   62.7000      0.660713729973E+00
   62.8000      0.649355320902E+00
   62.9000      0.658466401705E+00
   63.0000      0.646007356479E+00
   63.1000      0.654289397424E+00
   63.2000      0.643456886201E+00
   63.3000      0.648534596978E+00
   63.4000      0.641828526768E+00
   63.5000      0.642705770563E+00
   63.6000      0.641252013717E+00
   63.7000      0.637797037383E+00
   63.8000      0.640596973034E+00
   63.9000      0.633425190828E+00
   64.0000      0.638337120077E+00
   64.1000      0.629418416084E+00
   64.2000      0.634697692162E+00
   64.3000      0.626867853550E+00
   64.4000      0.631204698676E+00
   64.5000      0.626189472243E+00
   64.6000      0.628082172402E+00
   64.7000      0.625620847781E+00
   64.8000      0.624278209802E+00
   64.9000      0.623566710601E+00
   65.0000      0.620291168149E+00
   65.1000      0.621088489426E+00
   65.2000      0.618235391754E+00
   65.3000      0.619803054295E+00
   65.4000      0.618205590696E+00
   65.5000      0.618691125217E+00
   65.6000      0.617449888731E+00
   65.7000      0.615964301454E+00
   65.8000      0.614687119840E+00
   65.9000      0.613063732154E+00
   66.0000      0.612318599761E+00
   66.1000      0.613048921601E+00
   66.2000      0.612125624625E+00
   66.3000      0.615207040181E+00
   66.4000      0.611778828828E+00
   66.5000      0.615440425845E+00
   66.6000      0.608974486874E+00
   66.7000      0.612751004778E+00
   66.8000      0.606462773615E+00
   66.9000      0.610867219444E+00
   67.0000      0.608406362289E+00
   67.1000      0.611578968250E+00
   67.2000      0.613234814578E+00
   67.3000      0.611153620268E+00
   67.4000      0.615432055201E+00
   67.5000      0.606885836121E+00
   67.6000      0.614165367042E+00
   67.7000      0.603052115303E+00
   67.8000      0.614228620243E+00
   67.9000      0.605180780609E+00
   68.0000      0.617114387563E+00
   68.1000      0.611205322513E+00
   68.2000      0.617458936968E+00
   68.3000      0.614543058232E+00
   68.4000      0.611930504515E+00
   68.5000      0.614636118856E+00
   68.6000      0.606082249364E+00
   68.7000      0.617232864318E+00
   68.8000      0.606786772720E+00
   68.9000      0.623448163711E+00
   69.0000      0.611868012999E+00
   69.1000      0.626221605048E+00
   69.2000      0.614184262051E+00
   69.3000      0.621221771469E+00
   69.4000      0.613712007768E+00
   69.5000      0.614604060700E+00
   69.6000      0.617300726177E+00
   69.7000      0.614128293032E+00
   69.8000      0.626057035764E+00
   69.9000      0.617576048186E+00
   70.0000      0.631628157300E+00
   70.1000      0.617492730525E+00
   70.2000      0.628573406281E+00
   70.3000      0.614440190488E+00
   70.4000      0.622989280690E+00
   70.5000      0.616472334753E+00
   70.6000      0.622920115301E+00
   70.7000      0.625256177638E+00
   70.8000      0.625928993085E+00
   70.9000      0.631926325895E+00
   71.0000      0.624150228010E+00
   71.1000      0.630243690057E+00
   71.2000      0.618372746838E+00
   71.3000      0.625969204949E+00
   71.4000      0.617583614255E+00
   71.5000      0.627121854436E+00
   71.6000      0.624320195844E+00
   71.7000      0.631008002426E+00
   71.8000      0.629898109293E+00
   71.9000      0.629221010946E+00
   72.0000      0.627725066863E+00
   72.1000      0.622244667048E+00
   72.2000      0.623273750338E+00
   72.3000      0.619419244111E+00
   72.4000      0.624613450944E+00
   72.5000      0.624040040447E+00
   72.6000      0.629090226504E+00
   72.7000      0.627878544032E+00
   72.8000      0.627900327589E+00
   72.9000      0.624185527322E+00
   73.0000      0.620911175047E+00
   73.1000      0.618158963621E+00
   73.2000      0.617320864551E+00
   73.3000      0.618071660164E+00
   73.4000      0.620936184062E+00
   73.5000      0.621723415468E+00
   73.6000      0.623974092966E+00
   73.7000      0.620256674193E+00
   73.8000      0.619435393319E+00
   73.9000      0.612917074190E+00
   74.0000      0.612026484207E+00
   74.1000      0.608590061633E+00
   74.2000      0.610170777524E+00
   74.3000      0.611569345485E+00
   74.4000      0.612340681374E+00
   74.5000      0.614589508289E+00
   74.6000      0.609852211037E+00
   74.7000      0.610296225015E+00
   74.8000      0.601350950989E+00
   74.9000      0.602609679468E+00
   75.0000      0.595390822944E+00
   75.1000      0.599908751292E+00
   75.2000      0.596945598681E+00
   75.3000      0.601370190719E+00
   75.4000      0.599566561434E+00
   75.5000      0.598502003173E+00
   75.6000      0.595618437520E+00
   75.7000      0.589157944793E+00
   75.8000      0.588052775901E+00
   75.9000      0.581372875329E+00
   76.0000      0.585094892428E+00
   76.1000      0.580935397384E+00
   76.2000      0.586748545254E+00
   76.3000      0.582565578508E+00
   76.4000      0.584772129120E+00
   76.5000      0.578502828699E+00
   76.6000      0.575931747963E+00
   76.7000      0.570597648298E+00
   76.8000      0.567320038636E+00
   76.9000      0.566893762604E+00
   77.0000      0.565453197473E+00
   77.1000      0.568553597247E+00
   77.2000      0.566471346144E+00
   77.3000      0.567931453473E+00
   77.4000      0.562599198021E+00
   77.5000      0.560583129352E+00
   77.6000      0.554336675608E+00
   77.7000      0.552184435888E+00
   77.8000      0.549354227289E+00
   77.9000      0.549741323813E+00
   78.0000      0.550285287189E+00
   78.1000      0.551025827464E+00
   78.2000      0.550648749321E+00
   78.3000      0.548427420896E+00
   78.4000      0.544951042556E+00
   78.5000      0.540791332279E+00
   78.6000      0.537062336381E+00
   78.7000      0.534928585670E+00
   78.8000      0.534150045483E+00
   78.9000      0.534946320449E+00
   79.0000      0.535850139033E+00
   79.1000      0.536077929113E+00
   79.2000      0.535157514841E+00
   79.3000      0.532168567704E+00
   79.4000      0.529184822186E+00
   79.5000      0.525001047658E+00
   79.6000      0.523257899103E+00
   79.7000      0.521402057210E+00
   79.8000      0.522578510127E+00
   79.9000      0.522957973851E+00
   80.0000      0.524481608259E+00
   80.1000      0.523923528693E+00
   80.2000      0.522752167596E+00
   80.3000      0.519996234980E+00
   80.4000      0.517009521930E+00
   80.5000      0.514485603057E+00
   80.6000      0.513061601836E+00
   80.7000      0.513004760329E+00
   80.8000      0.514167176054E+00
   80.9000      0.515134186658E+00
   81.0000      0.516441345364E+00
   81.1000      0.515399884099E+00
   81.2000      0.514817190665E+00
   81.3000      0.511575849960E+00
   81.4000      0.510293878753E+00
   81.5000      0.507823234561E+00
   81.6000      0.507990375899E+00
   81.7000      0.508439443423E+00
   81.8000      0.509478840577E+00
   81.9000      0.511748622243E+00
   82.0000      0.510798869791E+00
   82.1000      0.512787473882E+00
   82.2000      0.508585145530E+00
   82.3000      0.510336108968E+00
   82.4000      0.505009263479E+00
   82.5000      0.508098551563E+00
   82.6000      0.504593884998E+00
   82.7000      0.508913778855E+00
   82.8000      0.507892775098E+00
   82.9000      0.510725737125E+00
   83.0000      0.511011686672E+00
   83.1000      0.509846265292E+00
   83.2000      0.511147753807E+00
   83.3000      0.506425568977E+00
   83.4000      0.510054759788E+00
   83.5000      0.504342255819E+00
   83.6000      0.510903009413E+00
   83.7000      0.505966142513E+00
   83.8000      0.513450191123E+00
   83.9000      0.509236586559E+00
   84.0000      0.514377646652E+00
   84.1000      0.510828267768E+00
   84.2000      0.512055990650E+00
   84.3000      0.510655015901E+00
   84.4000      0.508926376271E+00
   84.5000      0.511484344073E+00
   84.6000      0.508286225890E+00
   84.7000      0.514531437599E+00
   84.8000      0.510081036499E+00
   84.9000      0.517411926313E+00
   85.0000      0.511457207809E+00
   85.1000      0.517298745607E+00
   85.2000      0.511037091605E+00
   85.3000      0.514774151663E+00
   85.4000      0.510781212229E+00
   85.5000      0.512993655955E+00
   85.6000      0.512908463416E+00
   85.7000      0.513437081334E+00
   85.8000      0.516397529808E+00
   85.9000      0.514241355029E+00
   86.0000      0.518112696164E+00
   86.1000      0.513301148532E+00
   86.2000      0.516958991594E+00
   86.3000      0.511527400412E+00
   86.4000      0.515190059429E+00
   86.5000      0.511560982125E+00
   86.6000      0.515114270982E+00
   86.7000      0.513860225733E+00
   86.8000      0.515973379399E+00
   86.9000      0.515845273578E+00
   87.0000      0.515370973092E+00
   87.1000      0.515347734545E+00
   87.2000      0.513018465589E+00
   87.3000      0.513449857194E+00
   87.4000      0.511308066300E+00
   87.5000      0.512736304928E+00
   87.6000      0.511898376926E+00
   87.7000      0.513561964743E+00
   87.8000      0.513268695662E+00
   87.9000      0.513685322185E+00
   88.0000      0.512784507628E+00
   88.1000      0.511690875091E+00
   88.2000      0.510333143285E+00
   88.3000      0.509179917199E+00
   88.4000      0.508356912554E+00
   88.5000      0.508530992343E+00
   88.6000      0.508288187790E+00
   88.7000      0.509446737999E+00
   88.8000      0.508533215471E+00
   88.9000      0.509285904362E+00
   89.0000      0.506892173847E+00
   89.1000      0.506755627573E+00
   89.2000      0.503885927463E+00
   89.3000      0.503688302855E+00
   89.4000      0.502122039519E+00
   89.5000      0.502357857379E+00
   89.6000      0.502549059445E+00
   89.7000      0.502219176330E+00
   89.8000      0.502997987258E+00
   89.9000      0.500797297273E+00
   90.0000      0.501166803823E+00
   90.1000      0.497434632924E+00
   90.2000      0.497794996962E+00
   90.3000      0.494424104269E+00
   90.4000      0.495487734296E+00
   90.5000      0.493818833416E+00
   90.6000      0.494931641210E+00
   90.7000      0.494482696275E+00
   90.8000      0.493986063240E+00
   90.9000      0.493622975823E+00
   91.0000      0.490926657873E+00
   91.1000      0.490611441598E+00
   91.2000      0.487110732145E+00
   91.3000      0.487674955505E+00
   91.4000      0.485206429957E+00
   91.5000      0.486590041758E+00
   91.6000      0.485513868240E+00
   91.7000      0.486179237281E+00
   91.8000      0.485576212180E+00
   91.9000      0.484117449588E+00
   92.0000      0.483550309857E+00
   92.1000      0.480372899818E+00
   92.2000      0.480572632291E+00
   92.3000      0.477394915075E+00
   92.4000      0.478937238854E+00
   92.5000      0.476841938807E+00
   92.6000      0.478802562414E+00
   92.7000      0.477428925500E+00
   92.8000      0.478030046542E+00
   92.9000      0.476772762997E+00
   93.0000      0.475250846184E+00
   93.1000      0.474566331015E+00
   93.2000      0.471835143664E+00
   93.3000      0.472753363892E+00
   93.4000      0.470108061692E+00
   93.5000      0.472649605703E+00
   93.6000      0.470345318009E+00
   93.7000      0.473077869204E+00
   93.8000      0.470605752408E+00
   93.9000      0.472006593190E+00
   94.0000      0.469453437435E+00
   94.1000      0.469328369448E+00
   94.2000      0.467767070368E+00
   94.3000      0.466994521574E+00
   94.4000      0.467299636411E+00
   94.5000      0.466458047688E+00
   94.6000      0.468154605187E+00
   94.7000      0.466952386572E+00
   94.8000      0.468646379739E+00
   94.9000      0.466769728477E+00
   95.0000      0.467582733987E+00
   95.1000      0.465580297715E+00
   95.2000      0.465786713407E+00
   95.3000      0.464665178792E+00
   95.4000      0.464938343123E+00
   95.5000      0.464996311849E+00
   95.6000      0.465477398317E+00
   95.7000      0.465916118834E+00
   95.8000      0.466311313102E+00
   95.9000      0.466074647462E+00
   96.0000      0.466427058894E+00
   96.1000      0.465179742907E+00
   96.2000      0.466102385105E+00
   96.3000      0.464271164680E+00
   96.4000      0.466277609477E+00
   96.5000      0.464385299569E+00
   96.6000      0.467172625882E+00
   96.7000      0.465454395936E+00
   96.8000      0.467990166845E+00
   96.9000      0.466677304310E+00
   97.0000      0.467920186185E+00
   97.1000      0.467622125211E+00
   97.2000      0.467063951576E+00
   97.3000      0.468608151874E+00
   97.4000      0.466229633618E+00
   97.5000      0.470056601055E+00
   97.6000      0.466040338959E+00
   97.7000      0.471780144109E+00
   97.8000      0.466475613414E+00
   97.9000      0.473078284173E+00
   98.0000      0.467223823880E+00
   98.1000      0.473418052000E+00
   98.2000      0.468216995807E+00
   98.3000      0.472864480659E+00
   98.4000      0.469670315181E+00
   98.5000      0.471886031919E+00
   98.6000      0.471693586342E+00
   98.7000      0.470916039544E+00
   98.8000      0.474020504652E+00
   98.9000      0.470164988301E+00
   99.0000      0.476129209531E+00
   99.1000      0.469723860377E+00
   99.2000      0.477548421151E+00
   99.3000      0.469697696487E+00
   99.4000      0.478066300302E+00
   99.5000      0.470225596485E+00
   99.6000      0.477771631578E+00
   99.7000      0.471417061918E+00
   99.8000      0.476961609891E+00
   99.9000      0.473237828283E+00
  100.0000      0.475950924948E+00
  100.1000      0.475396924294E+00
  100.2000      0.474907189148E+00
  100.3000      0.477385232778E+00
  100.4000      0.473886560584E+00
  100.5000      0.478739192016E+00
  100.6000      0.473031149333E+00
  100.7000      0.479318462659E+00
  100.8000      0.472640734233E+00
  100.9000      0.479296514017E+00
  101.0000      0.472954454006E+00
  101.1000      0.478880462927E+00
  101.2000      0.473869177313E+00
  101.3000      0.478104521800E+00
  101.4000      0.474944539461E+00
  101.5000      0.476929862232E+00
  101.6000      0.475719048754E+00
  101.7000      0.475487802582E+00
  101.8000      0.476011309188E+00
  101.9000      0.474134811379E+00
  102.0000      0.475920991874E+00
  102.1000      0.473220056691E+00
  102.2000      0.475582528147E+00
  102.3000      0.472795271010E+00
  102.4000      0.474968512410E+00
  102.5000      0.472568615198E+00
  102.6000      0.473957276219E+00
  102.7000      0.472161103208E+00
  102.8000      0.472572918506E+00
  102.9000      0.471412036846E+00
  103.0000      0.471097206845E+00
  103.1000      0.470428151437E+00
  103.2000      0.469884980739E+00
  103.3000      0.469358149944E+00
  103.4000      0.469059776076E+00
  103.5000      0.468180417868E+00
  103.6000      0.468414453099E+00
  103.7000      0.466749225651E+00
  103.8000      0.467609580367E+00
  103.9000      0.465021880347E+00
  104.0000      0.466447365475E+00
  104.1000      0.463194933005E+00
  104.2000      0.464964644820E+00
  104.3000      0.461602086107E+00
  104.4000      0.463304066876E+00
  104.5000      0.460463821799E+00
  104.6000      0.461515589788E+00
  104.7000      0.459696798576E+00
  104.8000      0.459482077210E+00
  104.9000      0.458955290009E+00
  105.0000      0.457067337868E+00
  105.1000      0.457906235281E+00
  105.2000      0.454371276281E+00
  105.3000      0.456497876919E+00
  105.4000      0.451796217497E+00
  105.5000      0.454922824078E+00
  105.6000      0.449761926632E+00
  105.7000      0.453290297668E+00
  105.8000      0.448322450659E+00
  105.9000      0.451404695486E+00
  106.0000      0.447127492005E+00
  106.1000      0.448964772671E+00
  106.2000      0.445803787219E+00
  106.3000      0.445978307908E+00
  106.4000      0.444324809542E+00
  106.5000      0.442888847559E+00
  106.6000      0.442945225334E+00
  106.7000      0.440231577252E+00
  106.8000      0.441792704328E+00
  106.9000      0.438175285305E+00
  107.0000      0.440600708729E+00
  107.1000      0.436433730923E+00
  107.2000      0.438905384627E+00
  107.3000      0.434636802565E+00
  107.4000      0.436526397127E+00
  107.5000      0.432768556870E+00
  107.6000      0.433821746508E+00
  107.7000      0.431183756538E+00
  107.8000      0.431392134748E+00
  107.9000      0.430142649873E+00
  108.0000      0.429493780497E+00
  108.1000      0.429376766228E+00
  108.2000      0.427809228716E+00
  108.3000      0.428250525851E+00
  108.4000      0.425883137932E+00
  108.5000      0.426416829908E+00
  108.6000      0.423734373712E+00
  108.7000      0.424214471803E+00
  108.8000      0.421885542434E+00
  108.9000      0.422299139414E+00
  109.0000      0.420739138731E+00
  109.1000      0.420918661113E+00
  109.2000      0.420049127367E+00
  109.3000      0.419683854556E+00
  109.4000      0.419136500139E+00
  109.5000      0.418087298015E+00
  109.6000      0.417610511611E+00
  109.7000      0.416146892867E+00
  109.8000      0.415781620126E+00
  109.9000      0.414435865316E+00
  110.0000      0.414316721603E+00
  110.1000      0.413463341234E+00
  110.2000      0.413513574398E+00
  110.3000      0.413078529333E+00
  110.4000      0.412977560897E+00
  110.5000      0.412570008775E+00
  110.6000      0.412076563432E+00
  110.7000      0.411412755278E+00
  110.8000      0.410704945252E+00
  110.9000      0.409868206228E+00
  111.0000      0.409471648635E+00
  111.1000      0.408713644498E+00
  111.2000      0.409014041042E+00
  111.3000      0.408346134808E+00
  111.4000      0.409194441699E+00
  111.5000      0.408309786216E+00
  111.6000      0.409172462073E+00
  111.7000      0.407854112117E+00
  111.8000      0.408329734874E+00
  111.9000      0.406872588224E+00
  112.0000      0.406959826612E+00
  112.1000      0.406073241304E+00
  112.2000      0.405900584845E+00
  112.3000      0.406161471075E+00
  112.4000      0.405562299607E+00
  112.5000      0.407001335405E+00
  112.6000      0.405498607153E+00
  112.7000      0.407722359758E+00
  112.8000      0.404991108245E+00
  112.9000      0.407635632152E+00
  113.0000      0.403954758909E+00
  113.1000      0.406934546473E+00
  113.2000      0.403132929840E+00
  113.3000      0.406413038610E+00
  113.4000      0.403336430537E+00
  113.5000      0.406510106924E+00
  113.6000      0.404539619933E+00
  113.7000      0.406758231499E+00
  113.8000      0.405863034061E+00
  113.9000      0.406316369915E+00
  114.0000      0.406523023248E+00
  114.1000      0.405023513324E+00
  114.2000      0.406676853627E+00
  114.3000      0.403711886919E+00
  114.4000      0.407136703321E+00
  114.5000      0.403335431409E+00
  114.6000      0.408270735120E+00
  114.7000      0.403926429513E+00
  114.8000      0.409442564185E+00
  114.9000      0.404644872326E+00
  115.0000      0.409696648841E+00
  115.1000      0.404841486283E+00
  115.2000      0.408856437500E+00
  115.3000      0.404819750581E+00
  115.4000      0.407721344847E+00
  115.5000      0.405404368619E+00
  115.6000      0.407172107624E+00
  115.7000      0.406887685707E+00
  115.8000      0.407258519872E+00
  115.9000      0.408606053874E+00
  116.0000      0.407283202870E+00
  116.1000      0.409605224129E+00
  116.2000      0.406725178997E+00
  116.3000      0.409625940066E+00
  116.4000      0.405929558759E+00
  116.5000      0.409319277399E+00
  116.6000      0.405766565559E+00
  116.7000      0.409458476126E+00
  116.8000      0.406622432930E+00
  116.9000      0.410036677130E+00
  117.0000      0.407891067052E+00
  117.1000      0.410307082816E+00
  117.2000      0.408614054453E+00
  117.3000      0.409746149736E+00
  117.4000      0.408546220305E+00
  117.5000      0.408779272874E+00
  117.6000      0.408353758628E+00
  117.7000      0.408346588950E+00
  117.8000      0.408703959437E+00
  117.9000      0.408815988630E+00
  118.0000      0.409398971240E+00
  118.1000      0.409579304311E+00
  118.2000      0.409625235847E+00
  118.3000      0.409807558896E+00
  118.4000      0.408964820805E+00
  118.5000      0.409405958521E+00
  118.6000      0.407916795091E+00
  118.7000      0.409024748982E+00
  118.8000      0.407349596589E+00
  118.9000      0.409186212344E+00
  119.0000      0.407568528381E+00
  119.1000      0.409610094837E+00
  119.2000      0.408049820293E+00
  119.3000      0.409505625536E+00
  119.4000      0.408101337921E+00
  119.5000      0.408466575794E+00
  119.6000      0.407691234262E+00
  119.7000      0.406954654305E+00
  119.8000      0.407488447028E+00
  119.9000      0.405817907135E+00
  120.0000      0.408027198295E+00
  120.1000      0.405360574031E+00
  120.2000      0.408963404513E+00
  120.3000      0.405034851331E+00
  120.4000      0.409361793190E+00
  120.5000      0.404166249337E+00
  120.6000      0.408722396293E+00
  120.7000      0.402872982796E+00
  120.8000      0.407509039433E+00
  120.9000      0.402014351982E+00
  121.0000      0.406536383570E+00
  121.1000      0.402175490559E+00
  121.2000      0.405972243010E+00
  121.3000      0.402941111719E+00
  121.4000      0.405161200986E+00
  121.5000      0.403352043562E+00
  121.6000      0.403467438539E+00
  121.7000      0.402960293003E+00
  121.8000      0.401122220081E+00
  121.9000      0.402243435806E+00
  122.0000      0.399072210858E+00
  122.1000      0.401969808557E+00
  122.2000      0.398003382764E+00
  122.3000      0.402261421240E+00
  122.4000      0.397648750649E+00
  122.5000      0.402377871833E+00
  122.6000      0.397136998405E+00
  122.7000      0.401489183636E+00
  122.8000      0.395988548477E+00
  122.9000      0.399626918356E+00
  123.0000      0.394677302217E+00
  123.1000      0.397710891616E+00
  123.2000      0.394106225430E+00
  123.3000      0.396552429495E+00
  123.4000      0.394507919408E+00
  123.5000      0.395960748124E+00
  123.6000      0.395038062173E+00
  123.7000      0.394995603568E+00
  123.8000      0.394634517295E+00
  123.9000      0.393099311156E+00
  124.0000      0.393173092798E+00
  124.1000      0.390816731152E+00
  124.2000      0.391560879279E+00
  124.3000      0.389242061433E+00
  124.4000      0.390696301465E+00
  124.5000      0.388812285230E+00
  124.6000      0.390491452115E+00
  124.7000      0.388838775030E+00
  124.8000      0.390006699848E+00
  124.9000      0.388264288840E+00
  125.0000      0.388525369687E+00
  125.1000      0.386769090023E+00
  125.2000      0.386390203316E+00
  125.3000      0.385080278132E+00
  125.4000      0.384687382794E+00
  125.5000      0.384178526685E+00
  125.6000      0.384123309950E+00
  125.7000      0.384193985349E+00
  125.8000      0.384273403077E+00
  125.9000      0.384194683212E+00
  126.0000      0.383997097241E+00
  126.1000      0.383161697067E+00
  126.2000      0.382648432294E+00
  126.3000      0.381101482760E+00
  126.4000      0.380781152145E+00
  126.5000      0.379077511705E+00
  126.6000      0.379518614326E+00
  126.7000      0.378096116641E+00
  126.8000      0.379304366158E+00
  126.9000      0.378052738709E+00
  127.0000      0.379419178979E+00
  127.1000      0.377910528872E+00
  127.2000      0.378754328438E+00
  127.3000      0.376858630518E+00
  127.4000      0.376995297627E+00
  127.5000      0.375164640743E+00
  127.6000      0.374946231902E+00
  127.7000      0.373884578454E+00
  127.8000      0.373687744274E+00
  127.9000      0.373757441607E+00
  128.0000      0.373491998775E+00
  128.1000      0.374411084677E+00
  128.2000      0.373564703344E+00
  128.3000      0.374703836770E+00
  128.4000      0.372867959172E+00
  128.5000      0.373843095124E+00
  128.6000      0.371219920707E+00
  128.7000      0.372164450315E+00
  128.8000      0.369501337654E+00
  128.9000      0.370757635590E+00
  129.0000      0.368750456580E+00
  129.1000      0.370298222243E+00
  129.2000      0.369088769344E+00
  129.3000      0.370373514250E+00
  129.4000      0.369606292454E+00
  129.5000      0.369974214859E+00
  129.6000      0.369332481494E+00
  129.7000      0.368579704128E+00
  129.8000      0.368199709254E+00
  129.9000      0.366722030995E+00
  130.0000      0.367045257634E+00
  130.1000      0.365445167511E+00
  130.2000      0.366734714960E+00
  130.3000      0.365286815881E+00
  130.4000      0.367273368728E+00
  130.5000      0.365793469287E+00
  130.6000      0.367805899599E+00
  130.7000      0.365973566697E+00
  130.8000      0.367446632305E+00
  130.9000      0.365282293883E+00
  131.0000      0.366126736165E+00
  131.1000      0.364126917428E+00
  131.2000      0.364665104631E+00
  131.3000      0.363419643238E+00
  131.4000      0.363926100117E+00
  131.5000      0.363642267063E+00
  131.6000      0.363999847817E+00
  131.7000      0.364344448862E+00
  131.8000      0.364191321104E+00
  131.9000      0.364640997806E+00
  132.0000      0.363769872157E+00
  132.1000      0.364074269387E+00
  132.2000      0.362733844363E+00
  132.3000      0.363017008574E+00
  132.4000      0.361757231328E+00
  132.5000      0.362280900196E+00
  132.6000      0.361532428901E+00
  132.7000      0.362309305861E+00
  132.8000      0.362113753097E+00
  132.9000      0.362816658078E+00
  133.0000      0.362852943443E+00
  133.1000      0.363069568540E+00
  133.2000      0.363021569410E+00
  133.3000      0.362605510701E+00
  133.4000      0.362432401636E+00
  133.5000      0.361682128834E+00
  133.6000      0.361589592019E+00
  133.7000      0.360997857265E+00
  133.8000      0.361136516132E+00
  133.9000      0.361053409858E+00
  134.0000      0.361238273892E+00
  134.1000      0.361683617318E+00
  134.2000      0.361485513691E+00
  134.3000      0.362310742435E+00
  134.4000      0.361317877875E+00
  134.5000      0.362481253156E+00
  134.6000      0.360594810478E+00
  134.7000      0.362247045659E+00
  134.8000      0.359658141285E+00
  134.9000      0.362056845918E+00
  135.0000      0.359059688885E+00
  135.1000      0.362280248904E+00
  135.2000      0.359063447707E+00
  135.3000      0.362898548907E+00
  135.4000      0.359455889777E+00
  135.5000      0.363446246397E+00
  135.6000      0.359777327025E+00
  135.7000      0.363461689040E+00
  135.8000      0.359731503962E+00
  135.9000      0.362846672912E+00
  136.0000      0.359489001271E+00
  136.1000      0.361944165216E+00
  136.2000      0.359456909579E+00
  136.3000      0.361199739413E+00
  136.4000      0.359935930022E+00
  136.5000      0.360793650495E+00
  136.6000      0.360838620863E+00
  136.7000      0.360578704381E+00
  136.8000      0.361822854548E+00
  136.9000      0.360245911901E+00
  137.0000      0.362514112633E+00
  137.1000      0.359625845524E+00
  137.2000      0.362793990158E+00
  137.3000      0.358803111715E+00
  137.4000      0.362821381454E+00
  137.5000      0.358124604730E+00
  137.6000      0.362901788151E+00
  137.7000      0.357865890643E+00
  137.8000      0.363178588029E+00
  137.9000      0.358065891438E+00
  138.0000      0.363482494495E+00
  138.1000      0.358434672982E+00
  138.2000      0.363516390712E+00
  138.3000      0.358692952179E+00
  138.4000      0.363084211670E+00
  138.5000      0.358740951972E+00
  138.6000      0.362313517304E+00
  138.7000      0.358740729708E+00
  138.8000      0.361484682334E+00
  138.9000      0.358936519384E+00
  139.0000      0.360923890792E+00
  139.1000      0.359468460790E+00
  139.2000      0.360722635057E+00
  139.3000      0.360224440899E+00
  139.4000      0.360717782721E+00
  139.5000      0.360853153486E+00
  139.6000      0.360568992287E+00
  139.7000      0.361016669215E+00
  139.8000      0.360112350805E+00
  139.9000      0.360691441462E+00
  140.0000      0.359514094764E+00
  140.1000      0.360176376706E+00
  140.2000      0.359158166582E+00
  140.3000      0.359842279831E+00
  140.4000      0.359264661153E+00
  140.5000      0.359784227225E+00
  140.6000      0.359756873132E+00
  140.7000      0.359835433633E+00
  140.8000      0.360281961500E+00
  140.9000      0.359681860483E+00
  141.0000      0.360534684373E+00
  141.1000      0.359175645637E+00
  141.2000      0.360384333218E+00
  141.3000      0.358431827405E+00
  141.4000      0.360074268771E+00
  141.5000      0.357845727295E+00
  141.6000      0.359917179713E+00
  141.7000      0.357732751851E+00
  141.8000      0.360074408986E+00
  141.9000      0.358062382364E+00
  142.0000      0.360247270982E+00
  142.1000      0.358444463123E+00
  142.2000      0.360043753612E+00
  142.3000      0.358542435048E+00
  142.4000      0.359263704394E+00
  142.5000      0.358362104185E+00
  142.6000      0.358156247490E+00
  142.7000      0.358229606516E+00
  142.8000      0.357121828600E+00
  142.9000      0.358478311989E+00
  143.0000      0.356473896962E+00
  143.1000      0.359196631586E+00
  143.2000      0.356195825186E+00
  143.3000      0.360130181958E+00
  143.4000      0.355974010695E+00
  143.5000      0.360810652958E+00
  143.6000      0.355436548866E+00
  143.7000      0.360910553094E+00
  143.8000      0.354489588491E+00
  143.9000      0.360507446197E+00
  144.0000      0.353487284214E+00
  144.1000      0.360047028992E+00
  144.2000      0.352879958283E+00
  144.3000      0.359846271517E+00
  144.4000      0.352853792444E+00
  144.5000      0.359884577322E+00
  144.6000      0.353163426264E+00
  144.7000      0.359795412429E+00
  144.8000      0.353461269407E+00
  144.9000      0.359337697641E+00
  145.0000      0.353541049845E+00
  145.1000      0.358435656087E+00
  145.2000      0.353461536679E+00
  145.3000      0.357359839431E+00
  145.4000      0.353478422617E+00
  145.5000      0.356409800737E+00
  145.6000      0.353817273004E+00
  145.7000      0.355834452851E+00
  145.8000      0.354482450981E+00
  145.9000      0.355473182978E+00
  146.0000      0.355101442534E+00
  146.1000      0.354985353434E+00
  146.2000      0.355312858829E+00
  146.3000      0.354136109927E+00
  146.4000      0.355016877803E+00
  146.5000      0.353089291960E+00
  146.6000      0.354520974644E+00
  146.7000      0.352217847135E+00
  146.8000      0.354146564085E+00
  146.9000      0.351790279342E+00
  147.0000      0.354055976871E+00
  147.1000      0.351828714914E+00
  147.2000      0.354147288348E+00
  147.3000      0.352137317790E+00
  147.4000      0.354185263875E+00
  147.5000      0.352396890609E+00
  147.6000      0.353873438398E+00
  147.7000      0.352350985709E+00
  147.8000      0.353135572049E+00
  147.9000      0.352008982278E+00
  148.0000      0.352157289438E+00
  148.1000      0.351632310579E+00
  148.2000      0.351318997030E+00
  148.3000      0.351494173506E+00
  148.4000      0.350780472752E+00
  148.5000      0.351564159037E+00
  148.6000      0.350479298119E+00
  148.7000      0.351700026887E+00
  148.8000      0.350258174712E+00
  148.9000      0.351692717541E+00
  149.0000      0.350000096790E+00
  149.1000      0.351490672231E+00
  149.2000      0.349711555780E+00
  149.3000      0.351068273242E+00
  149.4000      0.349400218514E+00
  149.5000      0.350525409644E+00
  149.6000      0.349252217145E+00
  149.7000      0.350057187581E+00
  149.8000      0.349361364826E+00
  149.9000      0.349691437522E+00
  150.0000      0.349660035130E+00
  150.1000      0.349310265336E+00
  150.2000      0.349911163594E+00
  150.3000      0.348683764570E+00
  150.4000      0.349937684831E+00
  150.5000      0.347803274653E+00
  150.6000      0.349807480447E+00
  150.7000      0.346815292058E+00
  150.8000      0.349657084162E+00
  150.9000      0.345916184012E+00
  151.0000      0.349659618939E+00
  151.1000      0.345293752351E+00
  151.2000      0.349912936760E+00
  151.3000      0.345039451945E+00
  151.4000      0.350404630709E+00
  151.5000      0.345059321078E+00
  151.6000      0.350861308034E+00
  151.7000      0.345003561739E+00
  151.8000      0.350914978952E+00
  151.9000      0.344606246852E+00
  152.0000      0.350437799673E+00
  152.1000      0.343889328203E+00
  152.2000      0.349617988626E+00
  152.3000      0.343172823723E+00
  152.4000      0.348853420372E+00
  152.5000      0.342795474766E+00
  152.6000      0.348377682387E+00
  152.7000      0.342869440015E+00
  152.8000      0.348232814170E+00
  152.9000      0.343346508780E+00
  153.0000      0.348269140814E+00
  153.1000      0.343922937083E+00
  153.2000      0.348118204728E+00
  153.3000      0.344220208021E+00
  153.4000      0.347532478149E+00
  153.5000      0.344098022339E+00
  153.6000      0.346572066133E+00
  153.7000      0.343750178136E+00
  153.8000      0.345612073266E+00
  153.9000      0.343581984311E+00
  154.0000      0.345023195778E+00
  154.1000      0.343765439197E+00
  154.2000      0.344799594535E+00
  154.3000      0.344126411606E+00
  154.4000      0.344697004296E+00
  154.5000      0.344379832788E+00
  154.6000      0.344450926393E+00
  154.7000      0.344298932980E+00
  154.8000      0.343938876408E+00
  154.9000      0.343878242766E+00
  155.0000      0.343293491784E+00
  155.1000      0.343354271617E+00
  155.2000      0.342839590265E+00
  155.3000      0.343086925775E+00
  155.4000      0.342893983869E+00
  155.5000      0.343257141232E+00
  155.6000      0.343400683187E+00
  155.7000      0.343577950220E+00
  155.8000      0.343885343644E+00
  155.9000      0.343543691076E+00
  156.0000      0.343904495866E+00
  156.1000      0.342893541529E+00
  156.2000      0.343393037864E+00
  156.3000      0.341797581605E+00
  156.4000      0.342699384665E+00
  156.5000      0.340751401940E+00
  156.6000      0.342339047923E+00
  156.7000      0.340227711747E+00
  156.8000      0.342625526248E+00
  156.9000      0.340378969217E+00
  157.0000      0.343482176855E+00
  157.1000      0.340936380225E+00
  157.2000      0.344419634693E+00
  157.3000      0.341287163376E+00
  157.4000      0.344784225999E+00
  157.5000      0.340913923715E+00
  157.6000      0.344308993331E+00
  157.7000      0.339882004397E+00
  157.8000      0.343361068069E+00
  157.9000      0.338769994488E+00
  158.0000      0.342594072470E+00
  158.1000      0.338185734128E+00
  158.2000      0.342456922176E+00
  158.3000      0.338365147327E+00
  158.4000      0.342930348011E+00
  158.5000      0.339062988504E+00
  158.6000      0.343580751151E+00
  158.7000      0.339741871526E+00
  158.8000      0.343854204767E+00
  158.9000      0.339912323731E+00
  159.0000      0.343426569663E+00
  159.1000      0.339461476451E+00
  159.2000      0.342462799058E+00
  159.3000      0.338784212389E+00
  159.4000      0.341541390905E+00
  159.5000      0.338474776767E+00
  159.6000      0.341153794181E+00
  159.7000      0.338784735792E+00
  159.8000      0.341284773679E+00
  159.9000      0.339456204389E+00
  160.0000      0.341526578794E+00
  160.1000      0.340020837152E+00
  160.2000      0.341451079354E+00
  160.3000      0.340137362709E+00
  160.4000      0.340876234945E+00
  160.5000      0.339791110759E+00
  160.6000      0.339997802556E+00
  160.7000      0.339332723374E+00
  160.8000      0.339294367204E+00
  160.9000      0.339236237967E+00
  161.0000      0.339157863282E+00
  161.1000      0.339694238372E+00
  161.2000      0.339543026619E+00
  161.3000      0.340416572307E+00
  161.4000      0.339973777212E+00
  161.5000      0.340840989853E+00
  161.6000      0.339925903366E+00
  161.7000      0.340594633053E+00
  161.8000      0.339262307830E+00
  161.9000      0.339796760007E+00
  162.0000      0.338334820838E+00
  162.1000      0.338949840816E+00
  162.2000      0.337710923337E+00
  162.3000      0.338583498142E+00
  162.4000      0.337804511104E+00
  162.5000      0.338927220362E+00
  162.6000      0.338607898171E+00
  162.7000      0.339724207778E+00
  162.8000      0.339622851921E+00
  162.9000      0.340321527582E+00
  163.0000      0.340147088925E+00
  163.1000      0.340126836152E+00
  163.2000      0.339817884486E+00
  163.3000      0.339099487180E+00
  163.4000      0.338912940167E+00
  163.5000      0.337779955524E+00
  163.6000      0.338108857731E+00
  163.7000      0.336864221602E+00
  163.8000      0.337989695292E+00
  163.9000      0.336759325155E+00
  164.0000      0.338714458073E+00
  164.1000      0.337379386653E+00
  164.2000      0.339938560566E+00
  164.3000      0.338182334600E+00
  164.4000      0.340980216644E+00
  164.5000      0.338471331768E+00
  164.6000      0.341245740039E+00
  164.7000      0.337883680772E+00
  164.8000      0.340675486263E+00
  164.9000      0.336681761481E+00
  165.0000      0.339785611960E+00
  165.1000      0.335535183313E+00
  165.2000      0.339246447389E+00
  165.3000      0.335014708909E+00
  165.4000      0.339421208695E+00
  165.5000      0.335262155732E+00
  165.6000      0.340209382109E+00
  165.7000      0.335980804240E+00
  165.8000      0.341152914823E+00
  165.9000      0.336618978975E+00
  166.0000      0.341687624902E+00
  166.1000      0.336686256344E+00
  166.2000      0.341500438934E+00
  166.3000      0.336104749700E+00
  166.4000      0.340780839713E+00
  166.5000      0.335285261001E+00
  166.6000      0.340067423187E+00
  166.7000      0.334776264557E+00
  166.8000      0.339791616074E+00
  166.9000      0.334831472960E+00
  167.0000      0.339991626374E+00
  167.1000      0.335314569575E+00
  167.2000      0.340402429283E+00
  167.3000      0.335890475060E+00
  167.4000      0.340677135534E+00
  167.5000      0.336222121123E+00
  167.6000      0.340552385089E+00
  167.7000      0.336133814356E+00
  167.8000      0.340012409182E+00
  167.9000      0.335767719841E+00
  168.0000      0.339364418324E+00
  168.1000      0.335522280748E+00
  168.2000      0.339004295031E+00
  168.3000      0.335687002859E+00
  168.4000      0.339032532287E+00
  168.5000      0.336162857564E+00
  168.6000      0.339189356086E+00
  168.7000      0.336615200356E+00
  168.8000      0.339163910595E+00
  168.9000      0.336806721666E+00
  169.0000      0.338838402972E+00
  169.1000      0.336703041605E+00
  169.2000      0.338272207543E+00
  169.3000      0.336418899171E+00
  169.4000      0.337663633845E+00
  169.5000      0.336219125520E+00
  169.6000      0.337333693620E+00
  169.7000      0.336414881639E+00
  169.8000      0.337494753745E+00
  169.9000      0.337035260185E+00
  170.0000      0.337946916984E+00
  170.1000      0.337680373592E+00
  170.2000      0.338192142974E+00
  170.3000      0.337881872878E+00
  170.4000      0.337924818046E+00
  170.5000      0.337546708438E+00
  170.6000      0.337270232653E+00
  170.7000      0.336940849047E+00
  170.8000      0.336564694666E+00
  170.9000      0.336406817990E+00
  171.0000      0.336134004124E+00
  171.1000      0.336255917157E+00
  171.2000      0.336257106372E+00
  171.3000      0.336696560116E+00
  171.4000      0.336990060291E+00
  171.5000      0.337558505730E+00
  171.6000      0.337912271310E+00
  171.7000      0.338219750528E+00
  171.8000      0.338348038057E+00
  171.9000      0.338117135945E+00
  172.0000      0.338004591548E+00
  172.1000      0.337290733919E+00
  172.2000      0.337211213061E+00
  172.3000      0.336254218072E+00
  172.4000      0.336508221075E+00
  172.5000      0.335500833302E+00
  172.6000      0.336277335300E+00
  172.7000      0.335340636530E+00
  172.8000      0.336749888945E+00
  172.9000      0.335917018134E+00
  173.0000      0.337905688784E+00
  173.1000      0.336955699847E+00
  173.2000      0.339192967268E+00
  173.3000      0.337669654744E+00
  173.4000      0.339774453981E+00
  173.5000      0.337379984141E+00
  173.6000      0.339327824143E+00
  173.7000      0.336213110973E+00
  173.8000      0.338348409832E+00
  173.9000      0.334897704405E+00
  174.0000      0.337553583079E+00
  174.1000      0.334040792392E+00
  174.2000      0.337346869659E+00
  174.3000      0.333919603911E+00
  174.4000      0.337910993555E+00
  174.5000      0.334644433972E+00
  174.6000      0.339219800099E+00
  174.7000      0.335922973609E+00
  174.8000      0.340665711625E+00
  174.9000      0.336841510095E+00
  175.0000      0.341240253016E+00
  175.1000      0.336555834621E+00
  175.2000      0.340530173123E+00
  175.3000      0.335225234064E+00
  175.4000      0.339177552002E+00
  175.5000      0.333790396751E+00
  175.6000      0.338090407559E+00
  175.7000      0.332965311411E+00
  175.8000      0.337679421431E+00
  175.9000      0.332969537351E+00
  176.0000      0.338080273956E+00
  176.1000      0.333922384569E+00
  176.2000      0.339343675030E+00
  176.3000      0.335612695008E+00
  176.4000      0.340868789257E+00
  176.5000      0.336995321557E+00
  176.6000      0.341384558551E+00
  176.7000      0.336918747354E+00
  176.8000      0.340250769912E+00
  176.9000      0.335502945844E+00
  177.0000      0.338285232295E+00
  177.1000      0.334000969904E+00
  177.2000      0.336716062972E+00
  177.3000      0.333312134356E+00
  177.4000      0.335969663290E+00
  177.5000      0.333546140226E+00
  177.6000      0.336091160472E+00
  177.7000      0.334866560294E+00
  177.8000      0.337336677939E+00
  177.9000      0.337333356099E+00
  178.0000      0.339228357796E+00
  178.1000      0.339728806788E+00
  178.2000      0.339947828992E+00
  178.3000      0.340171744158E+00
  178.4000      0.338194408521E+00
  178.5000      0.338544363525E+00
  178.6000      0.335079734517E+00
  178.7000      0.336863686200E+00
  178.8000      0.332691621004E+00
  178.9000      0.336628186322E+00
  179.0000      0.331495407766E+00
  179.1000      0.337586452420E+00
  179.2000      0.331074813720E+00
  179.3000      0.340099617572E+00
  179.4000      0.332659257585E+00
  179.5000      0.346439065241E+00
  179.6000      0.337856912625E+00
  179.7000      0.357899376059E+00
  179.8000      0.344486027538E+00
  179.9000      0.377647964257E+00
  180.0000      0.405889139859E+00
