    0.1000      0.506770025979E+07
    0.2000      0.112797578094E+07
    0.3000      0.410567271816E+06
    0.4000      0.158952602879E+06
    0.5000      0.118244449904E+06
    0.6000      0.823311953322E+05
    0.7000      0.381728737752E+05
    0.8000      0.334004674688E+05
    0.9000      0.258186675264E+05
    1.0000      0.168960832811E+05
    1.1000      0.128841240526E+05
    1.2000      0.129643921992E+05
    1.3000      0.124567555399E+05
    1.4000      0.119745775072E+05
    1.5000      0.105387459756E+05
    1.6000      0.964315983609E+04
    1.7000      0.914109830278E+04
    1.8000      0.842174455922E+04
    1.9000      0.700954085359E+04
    2.0000      0.650194122790E+04
    2.1000      0.640750033959E+04
    2.2000      0.584574386175E+04
    2.3000      0.446550303958E+04
    2.4000      0.337012893114E+04
    2.5000      0.312488642011E+04
    2.6000      0.328854672897E+04
    2.7000      0.313361888161E+04
    2.8000      0.244406125648E+04
    2.9000      0.180015468328E+04
    3.0000      0.153714302984E+04
    3.1000      0.162611698716E+04
    3.2000      0.165856521603E+04
    3.3000      0.152306375509E+04
    3.4000      0.129665504847E+04
    3.5000      0.111086288394E+04
    3.6000      0.107691608835E+04
    3.7000      0.107273354462E+04
    3.8000      0.104684404442E+04
    3.9000      0.883976051152E+03
    4.0000      0.786003318295E+03
    4.1000      0.727351331009E+03
    4.2000      0.708097718724E+03
    4.3000      0.650428432488E+03
    4.4000      0.598532487282E+03
    4.5000      0.542202599718E+03
    4.6000      0.440184623134E+03
    4.7000      0.359096229415E+03
    4.8000      0.299612977446E+03
    4.9000      0.293160645855E+03
    5.0000      0.290680670355E+03
    5.1000      0.290247885718E+03
    5.2000      0.253637855171E+03
    5.3000      0.193180287327E+03
    5.4000      0.151193203018E+03
    5.5000      0.136435670310E+03
    5.6000      0.144375674857E+03
    5.7000      0.152949728051E+03
    5.8000      0.155122124827E+03
    5.9000      0.145439997413E+03
    6.0000      0.126081855198E+03
    6.1000      0.107964335186E+03
    6.2000      0.843885678431E+02
    6.3000      0.694063586044E+02
    6.4000      0.666269090896E+02
    6.5000      0.799487765677E+02
    6.6000      0.939852072110E+02
    6.7000      0.100191480109E+03
    6.8000      0.958210388285E+02
    6.9000      0.776367855550E+02
    7.0000      0.592158600461E+02
    7.1000      0.460218792516E+02
    7.2000      0.476653927384E+02
    7.3000      0.517255667571E+02
    7.4000      0.605607086819E+02
    7.5000      0.674785912091E+02
    7.6000      0.662165709340E+02
    7.7000      0.598621928849E+02
    7.8000      0.516714951631E+02
    7.9000      0.507726944133E+02
    8.0000      0.477908767432E+02
    8.1000      0.521366233576E+02
    8.2000      0.559534018591E+02
    8.3000      0.554839202051E+02
    8.4000      0.544566855973E+02
    8.5000      0.547472386941E+02
    8.6000      0.605516471450E+02
    8.7000      0.627413131393E+02
    8.8000      0.703088789906E+02
    8.9000      0.725075254205E+02
    9.0000      0.684188779198E+02
    9.1000      0.630085378498E+02
    9.2000      0.578034260073E+02
    9.3000      0.579169907964E+02
    9.4000      0.604851109384E+02
    9.5000      0.715706930711E+02
    9.6000      0.783699529704E+02
    9.7000      0.787115376739E+02
    9.8000      0.738647458762E+02
    9.9000      0.629234855517E+02
   10.0000      0.537315996512E+02
   10.1000      0.493157445647E+02
   10.2000      0.545680253982E+02
   10.3000      0.612805210420E+02
   10.4000      0.674767532030E+02
   10.5000      0.701566919715E+02
   10.6000      0.638018527889E+02
   10.7000      0.547111559377E+02
   10.8000      0.454167898545E+02
   10.9000      0.408861363769E+02
   11.0000      0.409074590537E+02
   11.1000      0.462340663185E+02
   11.2000      0.535882510704E+02
   11.3000      0.558848929506E+02
   11.4000      0.558416168588E+02
   11.5000      0.508115087927E+02
   11.6000      0.437869688263E+02
   11.7000      0.382276610871E+02
   11.8000      0.364141163071E+02
   11.9000      0.386088166711E+02
   12.0000      0.413671289544E+02
   12.1000      0.464231450043E+02
   12.2000      0.478676316693E+02
   12.3000      0.463258000810E+02
   12.4000      0.433218742166E+02
   12.5000      0.390976715390E+02
   12.6000      0.358961770283E+02
   12.7000      0.337129394673E+02
   12.8000      0.350641839741E+02
   12.9000      0.355164785069E+02
   13.0000      0.362173165237E+02
   13.1000      0.366895958983E+02
   13.2000      0.351628522605E+02
   13.3000      0.332971928300E+02
   13.4000      0.309765085948E+02
   13.5000      0.298582291603E+02
   13.6000      0.275783096556E+02
   13.7000      0.262654405867E+02
   13.8000      0.253210211145E+02
   13.9000      0.236591656355E+02
   14.0000      0.230893493032E+02
   14.1000      0.229252384143E+02
   14.2000      0.236087643802E+02
   14.3000      0.234798697863E+02
   14.4000      0.233688201948E+02
   14.5000      0.220837279881E+02
   14.6000      0.192975252036E+02
   14.7000      0.171080527645E+02
   14.8000      0.154326708330E+02
   14.9000      0.154816152412E+02
   15.0000      0.169697739587E+02
   15.1000      0.194366182097E+02
   15.2000      0.212024806535E+02
   15.3000      0.211236056955E+02
   15.4000      0.196023506007E+02
   15.5000      0.163765416153E+02
   15.6000      0.133493682014E+02
   15.7000      0.118276419840E+02
   15.8000      0.121534226333E+02
   15.9000      0.142012152290E+02
   16.0000      0.166819141825E+02
   16.1000      0.184123121810E+02
   16.2000      0.179927896797E+02
   16.3000      0.158559205357E+02
   16.4000      0.127876187406E+02
   16.5000      0.972271290098E+01
   16.6000      0.828285189928E+01
   16.7000      0.854060472651E+01
   16.8000      0.101856412245E+02
   16.9000      0.120521418309E+02
   17.0000      0.133190161176E+02
   17.1000      0.132229224624E+02
   17.2000      0.116267349802E+02
   17.3000      0.960009579860E+01
   17.4000      0.761871794334E+01
   17.5000      0.657377135355E+01
   17.6000      0.660282622271E+01
   17.7000      0.762900548024E+01
   17.8000      0.891673430776E+01
   17.9000      0.988058132374E+01
   18.0000      0.104212265013E+02
   18.1000      0.101605215096E+02
   18.2000      0.952068836582E+01
   18.3000      0.868937353449E+01
   18.4000      0.815185868369E+01
   18.5000      0.776682308146E+01
   18.6000      0.771283996238E+01
   18.7000      0.806018244538E+01
   18.8000      0.845688545248E+01
   18.9000      0.901690925026E+01
   19.0000      0.951766946414E+01
   19.1000      0.100458455596E+02
   19.2000      0.100708553469E+02
   19.3000      0.980707408458E+01
   19.4000      0.924940655700E+01
   19.5000      0.830495540583E+01
   19.6000      0.746976949062E+01
   19.7000      0.690564206460E+01
   19.8000      0.694664278724E+01
   19.9000      0.722419180887E+01
   20.0000      0.790296677139E+01
   20.1000      0.849010901937E+01
   20.2000      0.850019652442E+01
   20.3000      0.806469019113E+01
   20.4000      0.708141067191E+01
   20.5000      0.593847853965E+01
   20.6000      0.481480941816E+01
   20.7000      0.425637386765E+01
   20.8000      0.417935926798E+01
   20.9000      0.444307361209E+01
   21.0000      0.498348614582E+01
   21.1000      0.533504532452E+01
   21.2000      0.540592089291E+01
   21.3000      0.509648812000E+01
   21.4000      0.458955829449E+01
   21.5000      0.398043782273E+01
   21.6000      0.348641103774E+01
   21.7000      0.323594619125E+01
   21.8000      0.323604562512E+01
   21.9000      0.344957940815E+01
   22.0000      0.377207294199E+01
   22.1000      0.417392131156E+01
   22.2000      0.449401796753E+01
   22.3000      0.471748371826E+01
   22.4000      0.474974181275E+01
   22.5000      0.466207221024E+01
   22.6000      0.437719587862E+01
   22.7000      0.402979552710E+01
   22.8000      0.382929869638E+01
   22.9000      0.371293536714E+01
   23.0000      0.387328967209E+01
   23.1000      0.421276697663E+01
   23.2000      0.462747950976E+01
   23.3000      0.487275941138E+01
   23.4000      0.487359230668E+01
   23.5000      0.463361550972E+01
   23.6000      0.407376822345E+01
   23.7000      0.357004958395E+01
   23.8000      0.322555686375E+01
   23.9000      0.314395022171E+01
   24.0000      0.335719036179E+01
   24.1000      0.369178323993E+01
   24.2000      0.396424224035E+01
   24.3000      0.394321832595E+01
   24.4000      0.369146678423E+01
   24.5000      0.323619394740E+01
   24.6000      0.278917201971E+01
   24.7000      0.263799872814E+01
   24.8000      0.278736234068E+01
   24.9000      0.324923631544E+01
   25.0000      0.382223865310E+01
   25.1000      0.425295184616E+01
   25.2000      0.436186142458E+01
   25.3000      0.412267442905E+01
   25.4000      0.372252427999E+01
   25.5000      0.330895256842E+01
   25.6000      0.320909527455E+01
   25.7000      0.351555582647E+01
   25.8000      0.410605122458E+01
   25.9000      0.482608566465E+01
   26.0000      0.536025492611E+01
   26.1000      0.552802726094E+01
   26.2000      0.521645445671E+01
   26.3000      0.464442675687E+01
   26.4000      0.402073725613E+01
   26.5000      0.356886532851E+01
   26.6000      0.352751402421E+01
   26.7000      0.380784539410E+01
   26.8000      0.427656626610E+01
   26.9000      0.463671939562E+01
   27.0000      0.476063120057E+01
   27.1000      0.449055277627E+01
   27.2000      0.390318831688E+01
   27.3000      0.327216976941E+01
   27.4000      0.271733610770E+01
   27.5000      0.245511444446E+01
   27.6000      0.246401748201E+01
   27.7000      0.273682803806E+01
   27.8000      0.298411315958E+01
   27.9000      0.310794778139E+01
   28.0000      0.310920236023E+01
   28.1000      0.285244969377E+01
   28.2000      0.257834696909E+01
   28.3000      0.235455195000E+01
   28.4000      0.232451942584E+01
   28.5000      0.238635836143E+01
   28.6000      0.257391121408E+01
   28.7000      0.282290447577E+01
   28.8000      0.285653381324E+01
   28.9000      0.287757351835E+01
   29.0000      0.280209682572E+01
   29.1000      0.273116202321E+01
   29.2000      0.273101590619E+01
   29.3000      0.287458959303E+01
   29.4000      0.312779402121E+01
   29.5000      0.328147243463E+01
   29.6000      0.345750405138E+01
   29.7000      0.341915888409E+01
   29.8000      0.321267927495E+01
   29.9000      0.294934388012E+01
   30.0000      0.268388787435E+01
   30.1000      0.253381535164E+01
   30.2000      0.250152108031E+01
   30.3000      0.268882593318E+01
   30.4000      0.288934782635E+01
   30.5000      0.307363915348E+01
   30.6000      0.316564075106E+01
   30.7000      0.307489543099E+01
   30.8000      0.283585705031E+01
   30.9000      0.249320754667E+01
   31.0000      0.220075407134E+01
   31.1000      0.194359603074E+01
   31.2000      0.185787492754E+01
   31.3000      0.193617204215E+01
   31.4000      0.212675055387E+01
   31.5000      0.236347449062E+01
   31.6000      0.257232799072E+01
   31.7000      0.273089523984E+01
   31.8000      0.268995629875E+01
   31.9000      0.256693456614E+01
   32.0000      0.235180898480E+01
   32.1000      0.208693798140E+01
   32.2000      0.188545057079E+01
   32.3000      0.179353695505E+01
   32.4000      0.186644292554E+01
   32.5000      0.202022614923E+01
   32.6000      0.230799982922E+01
   32.7000      0.257804764556E+01
   32.8000      0.274152978299E+01
   32.9000      0.279984265459E+01
   33.0000      0.267641288242E+01
   33.1000      0.243592502114E+01
   33.2000      0.212550628888E+01
   33.3000      0.187250718545E+01
   33.4000      0.170877309370E+01
   33.5000      0.168738045773E+01
   33.6000      0.182578863441E+01
   33.7000      0.202725377635E+01
   33.8000      0.224456088457E+01
   33.9000      0.238870920520E+01
   34.0000      0.241703043141E+01
   34.1000      0.230020585433E+01
   34.2000      0.207987660056E+01
   34.3000      0.181200675769E+01
   34.4000      0.156578065745E+01
   34.5000      0.139786966277E+01
   34.6000      0.134641366815E+01
   34.7000      0.143421393237E+01
   34.8000      0.159211528043E+01
   34.9000      0.180110245434E+01
   35.0000      0.198544947047E+01
   35.1000      0.209621943469E+01
   35.2000      0.208262039131E+01
   35.3000      0.196347406213E+01
   35.4000      0.179243983868E+01
   35.5000      0.155737284302E+01
   35.6000      0.141181401988E+01
   35.7000      0.136819816478E+01
   35.8000      0.144283386822E+01
   35.9000      0.164678935886E+01
   36.0000      0.191149676881E+01
   36.1000      0.217556965723E+01
   36.2000      0.230722162761E+01
   36.3000      0.235686302593E+01
   36.4000      0.224266323946E+01
   36.5000      0.201361309743E+01
   36.6000      0.182565988272E+01
   36.7000      0.166449228443E+01
   36.8000      0.164637789749E+01
   36.9000      0.175998829939E+01
   37.0000      0.199201037250E+01
   37.1000      0.222147724449E+01
   37.2000      0.238098547466E+01
   37.3000      0.247338440088E+01
   37.4000      0.234959073284E+01
   37.5000      0.216052723840E+01
   37.6000      0.194419765115E+01
   37.7000      0.172831414715E+01
   37.8000      0.163888275443E+01
   37.9000      0.165658429583E+01
   38.0000      0.178378251408E+01
   38.1000      0.190924777953E+01
   38.2000      0.204368950511E+01
   38.3000      0.209764975743E+01
   38.4000      0.201304408439E+01
   38.5000      0.191660251624E+01
   38.6000      0.175123087261E+01
   38.7000      0.160842898585E+01
   38.8000      0.154450934957E+01
   38.9000      0.153702905720E+01
   39.0000      0.159192498215E+01
   39.1000      0.166218027321E+01
   39.2000      0.174875942245E+01
   39.3000      0.177423267688E+01
   39.4000      0.176910772767E+01
   39.5000      0.175343405119E+01
   39.6000      0.170099642315E+01
   39.7000      0.167934149236E+01
   39.8000      0.168005768853E+01
   39.9000      0.170339025496E+01
   40.0000      0.174777921003E+01
   40.1000      0.180085950304E+01
   40.2000      0.185455144434E+01
   40.3000      0.190472068294E+01
   40.4000      0.194847147977E+01
   40.5000      0.199363179867E+01
   40.6000      0.204811254641E+01
   40.7000      0.208595653313E+01
   40.8000      0.213437064897E+01
   40.9000      0.217361089110E+01
   41.0000      0.220347053237E+01
   41.1000      0.223323696924E+01
   41.2000      0.227282291732E+01
   41.3000      0.233415123085E+01
   41.4000      0.237823575468E+01
   41.5000      0.247018487205E+01
   41.6000      0.253195960185E+01
   41.7000      0.255266356988E+01
   41.8000      0.258441691173E+01
   41.9000      0.254100146799E+01
   42.0000      0.248927016940E+01
   42.1000      0.243409163887E+01
   42.2000      0.240839543140E+01
   42.3000      0.240073184040E+01
   42.4000      0.242342337792E+01
   42.5000      0.251721195035E+01
   42.6000      0.253544030457E+01
   42.7000      0.256646815352E+01
   42.8000      0.255760589881E+01
   42.9000      0.244570472116E+01
   43.0000      0.233412724891E+01
   43.1000      0.219304936019E+01
   43.2000      0.208250122785E+01
   43.3000      0.198926770423E+01
   43.4000      0.198425781280E+01
   43.5000      0.202080540916E+01
   43.6000      0.203119484092E+01
   43.7000      0.210049093362E+01
   43.8000      0.207991081361E+01
   43.9000      0.200608554402E+01
   44.0000      0.190881302269E+01
   44.1000      0.175466607757E+01
   44.2000      0.160827204306E+01
   44.3000      0.147828391779E+01
   44.4000      0.142585913307E+01
   44.5000      0.139111855543E+01
   44.6000      0.141229853282E+01
   44.7000      0.148100508750E+01
   44.8000      0.150025104635E+01
   44.9000      0.152670101383E+01
   45.0000      0.151015257905E+01
   45.1000      0.144799577338E+01
   45.2000      0.137041374766E+01
   45.3000      0.128776523778E+01
   45.4000      0.122754170568E+01
   45.5000      0.118786862641E+01
   45.6000      0.120312442499E+01
   45.7000      0.124848338798E+01
   45.8000      0.131388296051E+01
   45.9000      0.139548635195E+01
   46.0000      0.145775168019E+01
   46.1000      0.149666254485E+01
   46.2000      0.150574096540E+01
   46.3000      0.148097608252E+01
   46.4000      0.144075556605E+01
   46.5000      0.140000922753E+01
   46.6000      0.136508302749E+01
   46.7000      0.136843471075E+01
   46.8000      0.139670408507E+01
   46.9000      0.144830743599E+01
   47.0000      0.152413803758E+01
   47.1000      0.158487610104E+01
   47.2000      0.162679027257E+01
   47.3000      0.163099441450E+01
   47.4000      0.160391642206E+01
   47.5000      0.153852148736E+01
   47.6000      0.146046772521E+01
   47.7000      0.140668554607E+01
   47.8000      0.135553297569E+01
   47.9000      0.135669152687E+01
   48.0000      0.139573836144E+01
   48.1000      0.144405887460E+01
   48.2000      0.150762687934E+01
   48.3000      0.154787182841E+01
   48.4000      0.155594697813E+01
   48.5000      0.151933079997E+01
   48.6000      0.145524891347E+01
   48.7000      0.137368242659E+01
   48.8000      0.129090935353E+01
   48.9000      0.124567772949E+01
   49.0000      0.123192879208E+01
   49.1000      0.126068320410E+01
   49.2000      0.132693392389E+01
   49.3000      0.139940902543E+01
   49.4000      0.146796465205E+01
   49.5000      0.151326652485E+01
   49.6000      0.151379280451E+01
   49.7000      0.148825045473E+01
   49.8000      0.143423543318E+01
   49.9000      0.136504448663E+01
   50.0000      0.132040036016E+01
   50.1000      0.128917499499E+01
   50.2000      0.129393617694E+01
   50.3000      0.133192386157E+01
   50.4000      0.139051764902E+01
   50.5000      0.145235671421E+01
   50.6000      0.149819682597E+01
   50.7000      0.154133365864E+01
   50.8000      0.152425969146E+01
   50.9000      0.149158743925E+01
   51.0000      0.144905819367E+01
   51.1000      0.136255490720E+01
   51.2000      0.130653933086E+01
   51.3000      0.125529984277E+01
   51.4000      0.122218637422E+01
   51.5000      0.121107682019E+01
   51.6000      0.122239618407E+01
   51.7000      0.124754969849E+01
   51.8000      0.124438121828E+01
   51.9000      0.126861490960E+01
   52.0000      0.125225365591E+01
   52.1000      0.121009189326E+01
   52.2000      0.118469866488E+01
   52.3000      0.112366910903E+01
   52.4000      0.107639556161E+01
   52.5000      0.103673680219E+01
   52.6000      0.102026251503E+01
   52.7000      0.100780800768E+01
   52.8000      0.101096184609E+01
   52.9000      0.104873466089E+01
   53.0000      0.105303705298E+01
   53.1000      0.108250089928E+01
   53.2000      0.110822857735E+01
   53.3000      0.111073288982E+01
   53.4000      0.112286038555E+01
   53.5000      0.112585153570E+01
   53.6000      0.113518859531E+01
   53.7000      0.112755081306E+01
   53.8000      0.114304793694E+01
   53.9000      0.115442989265E+01
   54.0000      0.115104238682E+01
   54.1000      0.117746153592E+01
   54.2000      0.118410075200E+01
   54.3000      0.119571596016E+01
   54.4000      0.121033437019E+01
   54.5000      0.122374683853E+01
   54.6000      0.123157598069E+01
   54.7000      0.122860206177E+01
   54.8000      0.123840594581E+01
   54.9000      0.121682121969E+01
   55.0000      0.119747126844E+01
   55.1000      0.117925388619E+01
   55.2000      0.114204134933E+01
   55.3000      0.111497471264E+01
   55.4000      0.108808995287E+01
   55.5000      0.107173933213E+01
   55.6000      0.105159444763E+01
   55.7000      0.104473993856E+01
   55.8000      0.104123559632E+01
   55.9000      0.102267951655E+01
   56.0000      0.101237914275E+01
   56.1000      0.987969983055E+00
   56.2000      0.957958344628E+00
   56.3000      0.922919873667E+00
   56.4000      0.892364463700E+00
   56.5000      0.865989555933E+00
   56.6000      0.841275951545E+00
   56.7000      0.840356363798E+00
   56.8000      0.838615805703E+00
   56.9000      0.846443399146E+00
   57.0000      0.858804685125E+00
   57.1000      0.869938776740E+00
   57.2000      0.874294590396E+00
   57.3000      0.868427636706E+00
   57.4000      0.874418890774E+00
   57.5000      0.858814091793E+00
   57.6000      0.856014855600E+00
   57.7000      0.868362393409E+00
   57.8000      0.873120762314E+00
   57.9000      0.900154695419E+00
   58.0000      0.930176724937E+00
   58.1000      0.967502495165E+00
   58.2000      0.991359235205E+00
   58.3000      0.101905755467E+01
   58.4000      0.104064800657E+01
   58.5000      0.102767821440E+01
   58.6000      0.103845890879E+01
   58.7000      0.102839227344E+01
   58.8000      0.101447166375E+01
   58.9000      0.102788949847E+01
   59.0000      0.103357694440E+01
   59.1000      0.105508799338E+01
   59.2000      0.107841565901E+01
   59.3000      0.111161751650E+01
   59.4000      0.112588554208E+01
   59.5000      0.112802513638E+01
   59.6000      0.113640545062E+01
   59.7000      0.109836989561E+01
   59.8000      0.107041302083E+01
   59.9000      0.104101108361E+01
   60.0000      0.993803405404E+00
   60.1000      0.974450252833E+00
   60.2000      0.958076777897E+00
   60.3000      0.953784615724E+00
   60.4000      0.955114429348E+00
   60.5000      0.962904490762E+00
   60.6000      0.965273938998E+00
   60.7000      0.947169822302E+00
   60.8000      0.934049567762E+00
   60.9000      0.895145607230E+00
   61.0000      0.849083638668E+00
   61.1000      0.813555786006E+00
   61.2000      0.769142668402E+00
   61.3000      0.743178155882E+00
   61.4000      0.732007402829E+00
   61.5000      0.728701693817E+00
   61.6000      0.738336146623E+00
   61.7000      0.750111556944E+00
   61.8000      0.758642943273E+00
   61.9000      0.761289270567E+00
   62.0000      0.753336029270E+00
   62.1000      0.737957221301E+00
   62.2000      0.720513622565E+00
   62.3000      0.702897948440E+00
   62.4000      0.694523008658E+00
   62.5000      0.697699747335E+00
   62.6000      0.716716469710E+00
   62.7000      0.742956205898E+00
   62.8000      0.779288595742E+00
   62.9000      0.823020343143E+00
   63.0000      0.847938088489E+00
   63.1000      0.880046944254E+00
   63.2000      0.898296901606E+00
   63.3000      0.896080341542E+00
   63.4000      0.910072740201E+00
   63.5000      0.909011758602E+00
   63.6000      0.915580390040E+00
   63.7000      0.937990231840E+00
   63.8000      0.963578978914E+00
   63.9000      0.999219798126E+00
   64.0000      0.103404965191E+01
   64.1000      0.108174017701E+01
   64.2000      0.110411115156E+01
   64.3000      0.112495353204E+01
   64.4000      0.114988943080E+01
   64.5000      0.113380779407E+01
   64.6000      0.113908484535E+01
   64.7000      0.113705656516E+01
   64.8000      0.112181196599E+01
   64.9000      0.113281844190E+01
   65.0000      0.113754571241E+01
   65.1000      0.115028710279E+01
   65.2000      0.116130863803E+01
   65.3000      0.117908662319E+01
   65.4000      0.118594162292E+01
   65.5000      0.117545130078E+01
   65.6000      0.118362571936E+01
   65.7000      0.115682740457E+01
   65.8000      0.113483839615E+01
   65.9000      0.112831164696E+01
   66.0000      0.109445383413E+01
   66.1000      0.108527511539E+01
   66.2000      0.107698281911E+01
   66.3000      0.106379634994E+01
   66.4000      0.105950207156E+01
   66.5000      0.105141420622E+01
   66.6000      0.104416645166E+01
   66.7000      0.102268016972E+01
   66.8000      0.101076564310E+01
   66.9000      0.990035755658E+00
   67.0000      0.959500252217E+00
   67.1000      0.950134544267E+00
   67.2000      0.925661944911E+00
   67.3000      0.909243309656E+00
   67.4000      0.906724471285E+00
   67.5000      0.891628155973E+00
   67.6000      0.887512859406E+00
   67.7000      0.882675130588E+00
   67.8000      0.871302794847E+00
   67.9000      0.862614924819E+00
   68.0000      0.850075148363E+00
   68.1000      0.837224526061E+00
   68.2000      0.824212646716E+00
   68.3000      0.814204076436E+00
   68.4000      0.806919515198E+00
   68.5000      0.800856334445E+00
   68.6000      0.802180326352E+00
   68.7000      0.801320082059E+00
   68.8000      0.801219208235E+00
   68.9000      0.806801738061E+00
   69.0000      0.800435884355E+00
   69.1000      0.798348168114E+00
   69.2000      0.796750002497E+00
   69.3000      0.780557689874E+00
   69.4000      0.777821650327E+00
   69.5000      0.768459457379E+00
   69.6000      0.754124788469E+00
   69.7000      0.755163120202E+00
   69.8000      0.745940970604E+00
   69.9000      0.741944880178E+00
   70.0000      0.742685600487E+00
   70.1000      0.739851415987E+00
   70.2000      0.738413181044E+00
   70.3000      0.734579925422E+00
   70.4000      0.738055400327E+00
   70.5000      0.728037090360E+00
   70.6000      0.725252539545E+00
   70.7000      0.728777684440E+00
   70.8000      0.711208804967E+00
   70.9000      0.715458147866E+00
   71.0000      0.711679817380E+00
   71.1000      0.696799036496E+00
   71.2000      0.703834100894E+00
   71.3000      0.694561717316E+00
   71.4000      0.689871467556E+00
   71.5000      0.693749259168E+00
   71.6000      0.691545560816E+00
   71.7000      0.695071015997E+00
   71.8000      0.698151884514E+00
   71.9000      0.709666880007E+00
   72.0000      0.710619101250E+00
   72.1000      0.716674155622E+00
   72.2000      0.729705907785E+00
   72.3000      0.718531359567E+00
   72.4000      0.725763003826E+00
   72.5000      0.725071043924E+00
   72.6000      0.707874244520E+00
   72.7000      0.715760190942E+00
   72.8000      0.706477302745E+00
   72.9000      0.701094166806E+00
   73.0000      0.712227818354E+00
   73.1000      0.711318807252E+00
   73.2000      0.720716959561E+00
   73.3000      0.730505008316E+00
   73.4000      0.739326488044E+00
   73.5000      0.742422888527E+00
   73.6000      0.742952809040E+00
   73.7000      0.747875654383E+00
   73.8000      0.730737173586E+00
   73.9000      0.729377543074E+00
   74.0000      0.726263856523E+00
   74.1000      0.705886191419E+00
   74.2000      0.718529807540E+00
   74.3000      0.714827553731E+00
   74.4000      0.711941486285E+00
   74.5000      0.732687019598E+00
   74.6000      0.728849370572E+00
   74.7000      0.734447270552E+00
   74.8000      0.739600839959E+00
   74.9000      0.732041412566E+00
   75.0000      0.725684387584E+00
   75.1000      0.715350711952E+00
   75.2000      0.712466112654E+00
   75.3000      0.697080336053E+00
   75.4000      0.699695403471E+00
   75.5000      0.708548180816E+00
   75.6000      0.699423746999E+00
   75.7000      0.723311619208E+00
   75.8000      0.727922685584E+00
   75.9000      0.722981918568E+00
   76.0000      0.739909112744E+00
   76.1000      0.723251392084E+00
   76.2000      0.712884423321E+00
   76.3000      0.706401399330E+00
   76.4000      0.685275363919E+00
   76.5000      0.676170400616E+00
   76.6000      0.668988572007E+00
   76.7000      0.671648156039E+00
   76.8000      0.671975016271E+00
   76.9000      0.684071868939E+00
   77.0000      0.700940406737E+00
   77.1000      0.697940805279E+00
   77.2000      0.713438307384E+00
   77.3000      0.710174676410E+00
   77.4000      0.692128364190E+00
   77.5000      0.692637730849E+00
   77.6000      0.667958609015E+00
   77.7000      0.651863928257E+00
   77.8000      0.649519678734E+00
   77.9000      0.636869744294E+00
   78.0000      0.642840496403E+00
   78.1000      0.652956524252E+00
   78.2000      0.663576787479E+00
   78.3000      0.677557192346E+00
   78.4000      0.688350794710E+00
   78.5000      0.696355536384E+00
   78.6000      0.691990235889E+00
   78.7000      0.690161962176E+00
   78.8000      0.680904402450E+00
   78.9000      0.664821433985E+00
   79.0000      0.664336227241E+00
   79.1000      0.655338877160E+00
   79.2000      0.654787742678E+00
   79.3000      0.670082623938E+00
   79.4000      0.672263340809E+00
   79.5000      0.687684254902E+00
   79.6000      0.702228541442E+00
   79.7000      0.700199945817E+00
   79.8000      0.707267102645E+00
   79.9000      0.700849011079E+00
   80.0000      0.687486709939E+00
   80.1000      0.680887720225E+00
   80.2000      0.667678517088E+00
   80.3000      0.660928955721E+00
   80.4000      0.658953272529E+00
   80.5000      0.664261478403E+00
   80.6000      0.670288441180E+00
   80.7000      0.677115044512E+00
   80.8000      0.692574172911E+00
   80.9000      0.687539524881E+00
   81.0000      0.687632974754E+00
   81.1000      0.685696328525E+00
   81.2000      0.657811099761E+00
   81.3000      0.650562366792E+00
   81.4000      0.632672069110E+00
   81.5000      0.609555702202E+00
   81.6000      0.613530377436E+00
   81.7000      0.606762496612E+00
   81.8000      0.612209176022E+00
   81.9000      0.628205915109E+00
   82.0000      0.638740646425E+00
   82.1000      0.650800600272E+00
   82.2000      0.655670885221E+00
   82.3000      0.661748137972E+00
   82.4000      0.647443860320E+00
   82.5000      0.635590680298E+00
   82.6000      0.627720846266E+00
   82.7000      0.597184209462E+00
   82.8000      0.594578765025E+00
   82.9000      0.588969511257E+00
   83.0000      0.577891736555E+00
   83.1000      0.599017516948E+00
   83.2000      0.605185139504E+00
   83.3000      0.617668387259E+00
   83.4000      0.639464480904E+00
   83.5000      0.644897874327E+00
   83.6000      0.651753714194E+00
   83.7000      0.651052136750E+00
   83.8000      0.647489595130E+00
   83.9000      0.635427054683E+00
   84.0000      0.625742373808E+00
   84.1000      0.623978295681E+00
   84.2000      0.610507495233E+00
   84.3000      0.617024136869E+00
   84.4000      0.623767538106E+00
   84.5000      0.622165929076E+00
   84.6000      0.641097310374E+00
   84.7000      0.644515570628E+00
   84.8000      0.646157383609E+00
   84.9000      0.655959932094E+00
   85.0000      0.648022155130E+00
   85.1000      0.645599431481E+00
   85.2000      0.643849744955E+00
   85.3000      0.636720042910E+00
   85.4000      0.637203364864E+00
   85.5000      0.638684594558E+00
   85.6000      0.643279646192E+00
   85.7000      0.648442204506E+00
   85.8000      0.655369990815E+00
   85.9000      0.660821628432E+00
   86.0000      0.658734120517E+00
   86.1000      0.659853222195E+00
   86.2000      0.651715119916E+00
   86.3000      0.639378626497E+00
   86.4000      0.635141680426E+00
   86.5000      0.620349402017E+00
   86.6000      0.614442103059E+00
   86.7000      0.617538089210E+00
   86.8000      0.612322878974E+00
   86.9000      0.623367216142E+00
   87.0000      0.632954030952E+00
   87.1000      0.635489473043E+00
   87.2000      0.648033146599E+00
   87.3000      0.647090893883E+00
   87.4000      0.641969561486E+00
   87.5000      0.636840221490E+00
   87.6000      0.621107116890E+00
   87.7000      0.606107483138E+00
   87.8000      0.590192450160E+00
   87.9000      0.578804033350E+00
   88.0000      0.567557292322E+00
   88.1000      0.563441484222E+00
   88.2000      0.570182759388E+00
   88.3000      0.568279517900E+00
   88.4000      0.580982670974E+00
   88.5000      0.591822868397E+00
   88.6000      0.588554847696E+00
   88.7000      0.600738199146E+00
   88.8000      0.594711138241E+00
   88.9000      0.583293894898E+00
   89.0000      0.582747123222E+00
   89.1000      0.564112132629E+00
   89.2000      0.554503519547E+00
   89.3000      0.550008214081E+00
   89.4000      0.542196282520E+00
   89.5000      0.544622019832E+00
   89.6000      0.549676980490E+00
   89.7000      0.560870474901E+00
   89.8000      0.567844301232E+00
   89.9000      0.581062498047E+00
   90.0000      0.593081493943E+00
   90.1000      0.590180034304E+00
   90.2000      0.600713661946E+00
   90.3000      0.596180499208E+00
   90.4000      0.585188612442E+00
   90.5000      0.590587523343E+00
   90.6000      0.577325291761E+00
   90.7000      0.575202805090E+00
   90.8000      0.583287943166E+00
   90.9000      0.581572982822E+00
   91.0000      0.595652002871E+00
   91.1000      0.609925002349E+00
   91.2000      0.623146184121E+00
   91.3000      0.639233301386E+00
   91.4000      0.652219351719E+00
   91.5000      0.663230127927E+00
   91.6000      0.664476922813E+00
   91.7000      0.669157994265E+00
   91.8000      0.665222877424E+00
   91.9000      0.654918594411E+00
   92.0000      0.655932035810E+00
   92.1000      0.645217255752E+00
   92.2000      0.641765018610E+00
   92.3000      0.648896880419E+00
   92.4000      0.647011048693E+00
   92.5000      0.659265736109E+00
   92.6000      0.672883449185E+00
   92.7000      0.681364506378E+00
   92.8000      0.698154340651E+00
   92.9000      0.707806040169E+00
   93.0000      0.714048153007E+00
   93.1000      0.719385088847E+00
   93.2000      0.717142539571E+00
   93.3000      0.712180988452E+00
   93.4000      0.703856104622E+00
   93.5000      0.694054468797E+00
   93.6000      0.682680704659E+00
   93.7000      0.672374338015E+00
   93.8000      0.666113433434E+00
   93.9000      0.658893296963E+00
   94.0000      0.657793480094E+00
   94.1000      0.660120133784E+00
   94.2000      0.660406188375E+00
   94.3000      0.668053715377E+00
   94.4000      0.672328866724E+00
   94.5000      0.673532071345E+00
   94.6000      0.679568130358E+00
   94.7000      0.674594761818E+00
   94.8000      0.669062190336E+00
   94.9000      0.664488967948E+00
   95.0000      0.647488827268E+00
   95.1000      0.636327123867E+00
   95.2000      0.623241226319E+00
   95.3000      0.604663691822E+00
   95.4000      0.596747155977E+00
   95.5000      0.586024533021E+00
   95.6000      0.578435191806E+00
   95.7000      0.578763948501E+00
   95.8000      0.577324482176E+00
   95.9000      0.579746088375E+00
   96.0000      0.582255648434E+00
   96.1000      0.585342076456E+00
   96.2000      0.583815675572E+00
   96.3000      0.580093063713E+00
   96.4000      0.578663784421E+00
   96.5000      0.564453055621E+00
   96.6000      0.556950226281E+00
   96.7000      0.549503653574E+00
   96.8000      0.531039389771E+00
   96.9000      0.530508736412E+00
   97.0000      0.523104827430E+00
   97.1000      0.514999255955E+00
   97.2000      0.524658194619E+00
   97.3000      0.521350509986E+00
   97.4000      0.525684204564E+00
   97.5000      0.535705534812E+00
   97.6000      0.534518740665E+00
   97.7000      0.539573491527E+00
   97.8000      0.540699405254E+00
   97.9000      0.538964281504E+00
   98.0000      0.535222631543E+00
   98.1000      0.531737645683E+00
   98.2000      0.530171638107E+00
   98.3000      0.521160014619E+00
   98.4000      0.524785837636E+00
   98.5000      0.524449386953E+00
   98.6000      0.520210108877E+00
   98.7000      0.534129298986E+00
   98.8000      0.532981460132E+00
   98.9000      0.537436688309E+00
   99.0000      0.552160198832E+00
   99.1000      0.547566220176E+00
   99.2000      0.555535276696E+00
   99.3000      0.560741384102E+00
   99.4000      0.553947311297E+00
   99.5000      0.558540127984E+00
   99.6000      0.554836417729E+00
   99.7000      0.550179524740E+00
   99.8000      0.549843260724E+00
   99.9000      0.546895913067E+00
  100.0000      0.546241668456E+00
  100.1000      0.544633322856E+00
  100.2000      0.549626818331E+00
  100.3000      0.549467672773E+00
  100.4000      0.550851645059E+00
  100.5000      0.561020905557E+00
  100.6000      0.556466592950E+00
  100.7000      0.562161135454E+00
  100.8000      0.568570520554E+00
  100.9000      0.559431887061E+00
  101.0000      0.567259807959E+00
  101.1000      0.564342895197E+00
  101.2000      0.555489031898E+00
  101.3000      0.561443840350E+00
  101.4000      0.551961789318E+00
  101.5000      0.547482885716E+00
  101.6000      0.548805129710E+00
  101.7000      0.540261073290E+00
  101.8000      0.539164308481E+00
  101.9000      0.537274873138E+00
  102.0000      0.534847726571E+00
  102.1000      0.533559070060E+00
  102.2000      0.533618007856E+00
  102.3000      0.536405977231E+00
  102.4000      0.533572379127E+00
  102.5000      0.539324005354E+00
  102.6000      0.541581949132E+00
  102.7000      0.538234971379E+00
  102.8000      0.546896399057E+00
  102.9000      0.542338992649E+00
  103.0000      0.538993931954E+00
  103.1000      0.543339769759E+00
  103.2000      0.530664925617E+00
  103.3000      0.527805695070E+00
  103.4000      0.524775973723E+00
  103.5000      0.510824839311E+00
  103.6000      0.511516534762E+00
  103.7000      0.506681114119E+00
  103.8000      0.501646065779E+00
  103.9000      0.508770356135E+00
  104.0000      0.509414961772E+00
  104.1000      0.515502885507E+00
  104.2000      0.525205891447E+00
  104.3000      0.530398372786E+00
  104.4000      0.536985935685E+00
  104.5000      0.540268554328E+00
  104.6000      0.542025528195E+00
  104.7000      0.536785951695E+00
  104.8000      0.531379056574E+00
  104.9000      0.525900566057E+00
  105.0000      0.510506042495E+00
  105.1000      0.506757739692E+00
  105.2000      0.499532399880E+00
  105.3000      0.488909131779E+00
  105.4000      0.497792845077E+00
  105.5000      0.494957639725E+00
  105.6000      0.499129539847E+00
  105.7000      0.516345159850E+00
  105.8000      0.515341176716E+00
  105.9000      0.527126264887E+00
  106.0000      0.536305859212E+00
  106.1000      0.530167551915E+00
  106.2000      0.534961664872E+00
  106.3000      0.528113546877E+00
  106.4000      0.517005343527E+00
  106.5000      0.511192451191E+00
  106.6000      0.499569548558E+00
  106.7000      0.491713246856E+00
  106.8000      0.485485843277E+00
  106.9000      0.485591622387E+00
  107.0000      0.485313029655E+00
  107.1000      0.487994581147E+00
  107.2000      0.500642755888E+00
  107.3000      0.501019917161E+00
  107.4000      0.509924258321E+00
  107.5000      0.519570057957E+00
  107.6000      0.511453518944E+00
  107.7000      0.517941708281E+00
  107.8000      0.512500140059E+00
  107.9000      0.498027605004E+00
  108.0000      0.499811988461E+00
  108.1000      0.484853236656E+00
  108.2000      0.476142056478E+00
  108.3000      0.478303437946E+00
  108.4000      0.468512079594E+00
  108.5000      0.472368381485E+00
  108.6000      0.477827698151E+00
  108.7000      0.478829697480E+00
  108.8000      0.487846721201E+00
  108.9000      0.492769831703E+00
  109.0000      0.496708500576E+00
  109.1000      0.498556138886E+00
  109.2000      0.498975925013E+00
  109.3000      0.496564401580E+00
  109.4000      0.489053171937E+00
  109.5000      0.487714184055E+00
  109.6000      0.478958221319E+00
  109.7000      0.471985589616E+00
  109.8000      0.474804049923E+00
  109.9000      0.466310910249E+00
  110.0000      0.469716482580E+00
  110.1000      0.476959079847E+00
  110.2000      0.472836609854E+00
  110.3000      0.485682689396E+00
  110.4000      0.490393796055E+00
  110.5000      0.489158469902E+00
  110.6000      0.501784577573E+00
  110.7000      0.497966508402E+00
  110.8000      0.496939278878E+00
  110.9000      0.501675737881E+00
  111.0000      0.492074357489E+00
  111.1000      0.491477458844E+00
  111.2000      0.489893822641E+00
  111.3000      0.483618655113E+00
  111.4000      0.485196148944E+00
  111.5000      0.485003115177E+00
  111.6000      0.487201297819E+00
  111.7000      0.490346801200E+00
  111.8000      0.496346008018E+00
  111.9000      0.501894945150E+00
  112.0000      0.503518338738E+00
  112.1000      0.512975397338E+00
  112.2000      0.512178917541E+00
  112.3000      0.511288424873E+00
  112.4000      0.518223629106E+00
  112.5000      0.508202392408E+00
  112.6000      0.508779673342E+00
  112.7000      0.510633128184E+00
  112.8000      0.498621781876E+00
  112.9000      0.505336291312E+00
  113.0000      0.503689699176E+00
  113.1000      0.498354648466E+00
  113.2000      0.509591518411E+00
  113.3000      0.506113759110E+00
  113.4000      0.508024833140E+00
  113.5000      0.516100372372E+00
  113.6000      0.511040454508E+00
  113.7000      0.513652189014E+00
  113.8000      0.513521396148E+00
  113.9000      0.508151943646E+00
  114.0000      0.506500821814E+00
  114.1000      0.502266644600E+00
  114.2000      0.499316257297E+00
  114.3000      0.494780085069E+00
  114.4000      0.495059446760E+00
  114.5000      0.494679495748E+00
  114.6000      0.491307640889E+00
  114.7000      0.498796407135E+00
  114.8000      0.496266111991E+00
  114.9000      0.495685172594E+00
  115.0000      0.504043224395E+00
  115.1000      0.494698744313E+00
  115.2000      0.496494144104E+00
  115.3000      0.498165342603E+00
  115.4000      0.484468289155E+00
  115.5000      0.489176106908E+00
  115.6000      0.483730989707E+00
  115.7000      0.474356869382E+00
  115.8000      0.482453180993E+00
  115.9000      0.475400856498E+00
  116.0000      0.475704579665E+00
  116.1000      0.483933981920E+00
  116.2000      0.479283569153E+00
  116.3000      0.484602036980E+00
  116.4000      0.487350028200E+00
  116.5000      0.484314676405E+00
  116.6000      0.485115977632E+00
  116.7000      0.481598940045E+00
  116.8000      0.478038189226E+00
  116.9000      0.471138938974E+00
  117.0000      0.468597041744E+00
  117.1000      0.464341910138E+00
  117.2000      0.456645702129E+00
  117.3000      0.462910078553E+00
  117.4000      0.458418445973E+00
  117.5000      0.458888339397E+00
  117.6000      0.472209639594E+00
  117.7000      0.466299712680E+00
  117.8000      0.475996629016E+00
  117.9000      0.485422006463E+00
  118.0000      0.476829882495E+00
  118.1000      0.488479184737E+00
  118.2000      0.485600991614E+00
  118.3000      0.476395940391E+00
  118.4000      0.483065631575E+00
  118.5000      0.471534723546E+00
  118.6000      0.466734261150E+00
  118.7000      0.468735010445E+00
  118.8000      0.460226458375E+00
  118.9000      0.462610224099E+00
  119.0000      0.464994324865E+00
  119.1000      0.466378178276E+00
  119.2000      0.472330328884E+00
  119.3000      0.477639663202E+00
  119.4000      0.484167805288E+00
  119.5000      0.486508690737E+00
  119.6000      0.492687568503E+00
  119.7000      0.494353005598E+00
  119.8000      0.490337352225E+00
  119.9000      0.495313605015E+00
  120.0000      0.488045432604E+00
  120.1000      0.483466431200E+00
  120.2000      0.488181995557E+00
  120.3000      0.476996494000E+00
  120.4000      0.480432207651E+00
  120.5000      0.485456062477E+00
  120.6000      0.477630977977E+00
  120.7000      0.490571483504E+00
  120.8000      0.492520680939E+00
  120.9000      0.490433341604E+00
  121.0000      0.504981929212E+00
  121.1000      0.499982230733E+00
  121.2000      0.501262123663E+00
  121.3000      0.508426263180E+00
  121.4000      0.498500268526E+00
  121.5000      0.500571098754E+00
  121.6000      0.499459000012E+00
  121.7000      0.492010886824E+00
  121.8000      0.494202404312E+00
  121.9000      0.491966721906E+00
  122.0000      0.491891227034E+00
  122.1000      0.494172898179E+00
  122.2000      0.497771541667E+00
  122.3000      0.501869123413E+00
  122.4000      0.503862670230E+00
  122.5000      0.513014819228E+00
  122.6000      0.513146961760E+00
  122.7000      0.514752373858E+00
  122.8000      0.522696899019E+00
  122.9000      0.513928253464E+00
  123.0000      0.516046091732E+00
  123.1000      0.516360888031E+00
  123.2000      0.502071182424E+00
  123.3000      0.506418393948E+00
  123.4000      0.498897762309E+00
  123.5000      0.488284569579E+00
  123.6000      0.495924385209E+00
  123.7000      0.485975345193E+00
  123.8000      0.485908317671E+00
  123.9000      0.494937412964E+00
  124.0000      0.487718508234E+00
  124.1000      0.496376427237E+00
  124.2000      0.501818056465E+00
  124.3000      0.497910947671E+00
  124.4000      0.506721339493E+00
  124.5000      0.504867301753E+00
  124.6000      0.501695235952E+00
  124.7000      0.503595584991E+00
  124.8000      0.496585633907E+00
  124.9000      0.492255220733E+00
  125.0000      0.487625857323E+00
  125.1000      0.481808697689E+00
  125.2000      0.476235762285E+00
  125.3000      0.471410022322E+00
  125.4000      0.470781371554E+00
  125.5000      0.464525365240E+00
  125.6000      0.465796663848E+00
  125.7000      0.468235802305E+00
  125.8000      0.462395759545E+00
  125.9000      0.471177387643E+00
  126.0000      0.470949444554E+00
  126.1000      0.467608459474E+00
  126.2000      0.479622831376E+00
  126.3000      0.472692719997E+00
  126.4000      0.473589587236E+00
  126.5000      0.481841704352E+00
  126.6000      0.469320267596E+00
  126.7000      0.474205733550E+00
  126.8000      0.474029317700E+00
  126.9000      0.461469301824E+00
  127.0000      0.468421527906E+00
  127.1000      0.461201924276E+00
  127.2000      0.454537599835E+00
  127.3000      0.461264619020E+00
  127.4000      0.453006854662E+00
  127.5000      0.454115291346E+00
  127.6000      0.458813252030E+00
  127.7000      0.454496123702E+00
  127.8000      0.459597545953E+00
  127.9000      0.461465749647E+00
  128.0000      0.461075202637E+00
  128.1000      0.463773990273E+00
  128.2000      0.463475659971E+00
  128.3000      0.463214577880E+00
  128.4000      0.460328485587E+00
  128.5000      0.460176195442E+00
  128.6000      0.456670087295E+00
  128.7000      0.451416400948E+00
  128.8000      0.454139078890E+00
  128.9000      0.447386457141E+00
  129.0000      0.446490638801E+00
  129.1000      0.452135112777E+00
  129.2000      0.444567072416E+00
  129.3000      0.451806940789E+00
  129.4000      0.455982792732E+00
  129.5000      0.449569731247E+00
  129.6000      0.461819379207E+00
  129.7000      0.458671414147E+00
  129.8000      0.454417167530E+00
  129.9000      0.464608240381E+00
  130.0000      0.452745070152E+00
  130.1000      0.452151920440E+00
  130.2000      0.455907466817E+00
  130.3000      0.441303898426E+00
  130.4000      0.446170668362E+00
  130.5000      0.444529853618E+00
  130.6000      0.435882636406E+00
  130.7000      0.445682884347E+00
  130.8000      0.442493787020E+00
  130.9000      0.443229062779E+00
  131.0000      0.453412790829E+00
  131.1000      0.451383201160E+00
  131.2000      0.457008385244E+00
  131.3000      0.462128950586E+00
  131.4000      0.461119195014E+00
  131.5000      0.463689798378E+00
  131.6000      0.462672837469E+00
  131.7000      0.461028685933E+00
  131.8000      0.456333317392E+00
  131.9000      0.453673014798E+00
  132.0000      0.450061075072E+00
  132.1000      0.441467815064E+00
  132.2000      0.443361676930E+00
  132.3000      0.437667818584E+00
  132.4000      0.433030789482E+00
  132.5000      0.441529494176E+00
  132.6000      0.434691522326E+00
  132.7000      0.439563898251E+00
  132.8000      0.449957417118E+00
  132.9000      0.442916160801E+00
  133.0000      0.455938152244E+00
  133.1000      0.460309133329E+00
  133.2000      0.454078793004E+00
  133.3000      0.468529817378E+00
  133.4000      0.462234892957E+00
  133.5000      0.458456432706E+00
  133.6000      0.467746823347E+00
  133.7000      0.453402743825E+00
  133.8000      0.453835919665E+00
  133.9000      0.455256533977E+00
  134.0000      0.440386213446E+00
  134.1000      0.445244340444E+00
  134.2000      0.440666818322E+00
  134.3000      0.431993339722E+00
  134.4000      0.438768526817E+00
  134.5000      0.432585907094E+00
  134.6000      0.431862469906E+00
  134.7000      0.437239484332E+00
  134.8000      0.433590423536E+00
  134.9000      0.437087650752E+00
  135.0000      0.439712404040E+00
  135.1000      0.440338048169E+00
  135.2000      0.442811770596E+00
  135.3000      0.444662441627E+00
  135.4000      0.447855468005E+00
  135.5000      0.446787715042E+00
  135.6000      0.451288072940E+00
  135.7000      0.453021228062E+00
  135.8000      0.449740287757E+00
  135.9000      0.457453128839E+00
  136.0000      0.453395634590E+00
  136.1000      0.450946988438E+00
  136.2000      0.458149996349E+00
  136.3000      0.446877560016E+00
  136.4000      0.447973881367E+00
  136.5000      0.449995758981E+00
  136.6000      0.435540878838E+00
  136.7000      0.442264810069E+00
  136.8000      0.438130466916E+00
  136.9000      0.428531979273E+00
  137.0000      0.440979285532E+00
  137.1000      0.433409004616E+00
  137.2000      0.434753094667E+00
  137.3000      0.449066174612E+00
  137.4000      0.441217823988E+00
  137.5000      0.452453522522E+00
  137.6000      0.461520862039E+00
  137.7000      0.454791849467E+00
  137.8000      0.468721994223E+00
  137.9000      0.467564667632E+00
  138.0000      0.462331906633E+00
  138.1000      0.471058226249E+00
  138.2000      0.460962245365E+00
  138.3000      0.457473395233E+00
  138.4000      0.458108755461E+00
  138.5000      0.445962767819E+00
  138.6000      0.444159456417E+00
  138.7000      0.439986535391E+00
  138.8000      0.432905755793E+00
  138.9000      0.432595933832E+00
  139.0000      0.430257895841E+00
  139.1000      0.430309295648E+00
  139.2000      0.430937407068E+00
  139.3000      0.434662387844E+00
  139.4000      0.437608953619E+00
  139.5000      0.438637179401E+00
  139.6000      0.446907414452E+00
  139.7000      0.445886840260E+00
  139.8000      0.447338869281E+00
  139.9000      0.454575890264E+00
  140.0000      0.446421048662E+00
  140.1000      0.449862542595E+00
  140.2000      0.451157325784E+00
  140.3000      0.439246035571E+00
  140.4000      0.446457341332E+00
  140.5000      0.440525071294E+00
  140.6000      0.432037023697E+00
  140.7000      0.442348961879E+00
  140.8000      0.431245276563E+00
  140.9000      0.431426358050E+00
  141.0000      0.440625597823E+00
  141.1000      0.428021656688E+00
  141.2000      0.436727133217E+00
  141.3000      0.439741519431E+00
  141.4000      0.429522023600E+00
  141.5000      0.442012365447E+00
  141.6000      0.436775707254E+00
  141.7000      0.431765202396E+00
  141.8000      0.442342478111E+00
  141.9000      0.431715886159E+00
  142.0000      0.433053397527E+00
  142.1000      0.438521425369E+00
  142.2000      0.428189691158E+00
  142.3000      0.434662397903E+00
  142.4000      0.435096513102E+00
  142.5000      0.429583513838E+00
  142.6000      0.437795754771E+00
  142.7000      0.435006289330E+00
  142.8000      0.434496874032E+00
  142.9000      0.440041852113E+00
  143.0000      0.436133181392E+00
  143.1000      0.437437385144E+00
  143.2000      0.438252051038E+00
  143.3000      0.435313451681E+00
  143.4000      0.434998437080E+00
  143.5000      0.433287244675E+00
  143.6000      0.432575726864E+00
  143.7000      0.429764852552E+00
  143.8000      0.430441277016E+00
  143.9000      0.430898894005E+00
  144.0000      0.427246192230E+00
  144.1000      0.433091578735E+00
  144.2000      0.431450277162E+00
  144.3000      0.429961465256E+00
  144.4000      0.439056484658E+00
  144.5000      0.432855162670E+00
  144.6000      0.436011066510E+00
  144.7000      0.442959346467E+00
  144.8000      0.433112193038E+00
  144.9000      0.441301996532E+00
  145.0000      0.441399562386E+00
  145.1000      0.432098859914E+00
  145.2000      0.443136432422E+00
  145.3000      0.435389422984E+00
  145.4000      0.431347490608E+00
  145.5000      0.441540990371E+00
  145.6000      0.429130030999E+00
  145.7000      0.432926132328E+00
  145.8000      0.438581070708E+00
  145.9000      0.426325809394E+00
  146.0000      0.436415206290E+00
  146.1000      0.434764903282E+00
  146.2000      0.426361038130E+00
  146.3000      0.437738713782E+00
  146.4000      0.428649041976E+00
  146.5000      0.425836569241E+00
  146.6000      0.433310262625E+00
  146.7000      0.420612227818E+00
  146.8000      0.423620311743E+00
  146.9000      0.425407288361E+00
  147.0000      0.415448599801E+00
  147.1000      0.422968166660E+00
  147.2000      0.421041974271E+00
  147.3000      0.418028664879E+00
  147.4000      0.426845524890E+00
  147.5000      0.424250450963E+00
  147.6000      0.427213733965E+00
  147.7000      0.433646697646E+00
  147.8000      0.432089794396E+00
  147.9000      0.436472031595E+00
  148.0000      0.438677754720E+00
  148.1000      0.437941330077E+00
  148.2000      0.439490781828E+00
  148.3000      0.438416091855E+00
  148.4000      0.437258796902E+00
  148.5000      0.434897574001E+00
  148.6000      0.433568097649E+00
  148.7000      0.431159725153E+00
  148.8000      0.427417560654E+00
  148.9000      0.428878296354E+00
  149.0000      0.425197777628E+00
  149.1000      0.424279291485E+00
  149.2000      0.428999915685E+00
  149.3000      0.424365110111E+00
  149.4000      0.429007013565E+00
  149.5000      0.433426851212E+00
  149.6000      0.428108886249E+00
  149.7000      0.437385373777E+00
  149.8000      0.436311293834E+00
  149.9000      0.431946363826E+00
  150.0000      0.442447896061E+00
  150.1000      0.434048033795E+00
  150.2000      0.433965003510E+00
  150.3000      0.441714662903E+00
  150.4000      0.429097175831E+00
  150.5000      0.435493262538E+00
  150.6000      0.437184880772E+00
  150.7000      0.425726619277E+00
  150.8000      0.436840815181E+00
  150.9000      0.430839307490E+00
  151.0000      0.424522209622E+00
  151.1000      0.435293105869E+00
  151.2000      0.423055833983E+00
  151.3000      0.423535578515E+00
  151.4000      0.429465183816E+00
  151.5000      0.415753546864E+00
  151.6000      0.422558637935E+00
  151.7000      0.422019433959E+00
  151.8000      0.412252449146E+00
  151.9000      0.422819863038E+00
  152.0000      0.417120097125E+00
  152.1000      0.414682129459E+00
  152.2000      0.425291322874E+00
  152.3000      0.417657199661E+00
  152.4000      0.422723869734E+00
  152.5000      0.430032280835E+00
  152.6000      0.423900767270E+00
  152.7000      0.433548173702E+00
  152.8000      0.435488736973E+00
  152.9000      0.432281252668E+00
  153.0000      0.441294890727E+00
  153.1000      0.437341194223E+00
  153.2000      0.436007183563E+00
  153.3000      0.439864164267E+00
  153.4000      0.432070406703E+00
  153.5000      0.431275484751E+00
  153.6000      0.429587840176E+00
  153.7000      0.422379633001E+00
  153.8000      0.422151756676E+00
  153.9000      0.418925977894E+00
  154.0000      0.416305539481E+00
  154.1000      0.417387810923E+00
  154.2000      0.417329655339E+00
  154.3000      0.419228680130E+00
  154.4000      0.421297365120E+00
  154.5000      0.425459135529E+00
  154.6000      0.427517126728E+00
  154.7000      0.429526562164E+00
  154.8000      0.434921324790E+00
  154.9000      0.432742380825E+00
  155.0000      0.434659246099E+00
  155.1000      0.437043874352E+00
  155.2000      0.430224700523E+00
  155.3000      0.433296310687E+00
  155.4000      0.430441184887E+00
  155.5000      0.423132258434E+00
  155.6000      0.428538865582E+00
  155.7000      0.421455798279E+00
  155.8000      0.418960922849E+00
  155.9000      0.425694315579E+00
  156.0000      0.416961586983E+00
  156.1000      0.421504748737E+00
  156.2000      0.425955207261E+00
  156.3000      0.417772655143E+00
  156.4000      0.427264600085E+00
  156.5000      0.425409040344E+00
  156.6000      0.419391071936E+00
  156.7000      0.429427561335E+00
  156.8000      0.420035933082E+00
  156.9000      0.418183278177E+00
  157.0000      0.424813255187E+00
  157.1000      0.410948612964E+00
  157.2000      0.415254665761E+00
  157.3000      0.416233661506E+00
  157.4000      0.403811272368E+00
  157.5000      0.414460086579E+00
  157.6000      0.409880734378E+00
  157.7000      0.404996970452E+00
  157.8000      0.419475369752E+00
  157.9000      0.411942014298E+00
  158.0000      0.417617171100E+00
  158.1000      0.430930309097E+00
  158.2000      0.423536106956E+00
  158.3000      0.437073380308E+00
  158.4000      0.443216747146E+00
  158.5000      0.437236950091E+00
  158.6000      0.451437030284E+00
  158.7000      0.446663850658E+00
  158.8000      0.442050100763E+00
  158.9000      0.450267748216E+00
  159.0000      0.436287348076E+00
  159.1000      0.434116156391E+00
  159.2000      0.434586724077E+00
  159.3000      0.418403193898E+00
  159.4000      0.420994263459E+00
  159.5000      0.416234025549E+00
  159.6000      0.405555857106E+00
  159.7000      0.413174611667E+00
  159.8000      0.406417308208E+00
  159.9000      0.404700563737E+00
  160.0000      0.413795055921E+00
  160.1000      0.407312982794E+00
  160.2000      0.412787947410E+00
  160.3000      0.418773731705E+00
  160.4000      0.414302993755E+00
  160.5000      0.422558437397E+00
  160.6000      0.423737393035E+00
  160.7000      0.422305381842E+00
  160.8000      0.429328312686E+00
  160.9000      0.427330745210E+00
  161.0000      0.428166581044E+00
  161.1000      0.431679790103E+00
  161.2000      0.428607031631E+00
  161.3000      0.429398203246E+00
  161.4000      0.429001647042E+00
  161.5000      0.425788238764E+00
  161.6000      0.425173535411E+00
  161.7000      0.422565436436E+00
  161.8000      0.420129867455E+00
  161.9000      0.419146949316E+00
  162.0000      0.417314993610E+00
  162.1000      0.416691289401E+00
  162.2000      0.416716139247E+00
  162.3000      0.417388145254E+00
  162.4000      0.417770168290E+00
  162.5000      0.418482647454E+00
  162.6000      0.420644310767E+00
  162.7000      0.419528724518E+00
  162.8000      0.420592997543E+00
  162.9000      0.422035981597E+00
  163.0000      0.418671524299E+00
  163.1000      0.421818049122E+00
  163.2000      0.421076817049E+00
  163.3000      0.418071008820E+00
  163.4000      0.424569863819E+00
  163.5000      0.420600737424E+00
  163.6000      0.420843558669E+00
  163.7000      0.427638911758E+00
  163.8000      0.419733735843E+00
  163.9000      0.423717493565E+00
  164.0000      0.425612637439E+00
  164.1000      0.415991837040E+00
  164.2000      0.423328983646E+00
  164.3000      0.419199438900E+00
  164.4000      0.413840126501E+00
  164.5000      0.424307196131E+00
  164.6000      0.417715273586E+00
  164.7000      0.421121032372E+00
  164.8000      0.431795605116E+00
  164.9000      0.425262938078E+00
  165.0000      0.435129298357E+00
  165.1000      0.439561974971E+00
  165.2000      0.432426748007E+00
  165.3000      0.442384279614E+00
  165.4000      0.436176076617E+00
  165.5000      0.429165593075E+00
  165.6000      0.435591778986E+00
  165.7000      0.421305350575E+00
  165.8000      0.418910693015E+00
  165.9000      0.421724726510E+00
  166.0000      0.406088680745E+00
  166.1000      0.411986223704E+00
  166.2000      0.410315476661E+00
  166.3000      0.398873115860E+00
  166.4000      0.411599543693E+00
  166.5000      0.403656207930E+00
  166.6000      0.400288552078E+00
  166.7000      0.414962487784E+00
  166.8000      0.402651970071E+00
  166.9000      0.410619495313E+00
  167.0000      0.422344696184E+00
  167.1000      0.411733272744E+00
  167.2000      0.430398848662E+00
  167.3000      0.434916549092E+00
  167.4000      0.430577866046E+00
  167.5000      0.452290735774E+00
  167.6000      0.446607359528E+00
  167.7000      0.447975554813E+00
  167.8000      0.462184193390E+00
  167.9000      0.447135063476E+00
  168.0000      0.451270890054E+00
  168.1000      0.452329032639E+00
  168.2000      0.433671046296E+00
  168.3000      0.439486005256E+00
  168.4000      0.429491820074E+00
  168.5000      0.415484512592E+00
  168.6000      0.423822058565E+00
  168.7000      0.409064756794E+00
  168.8000      0.406381968261E+00
  168.9000      0.416220677361E+00
  169.0000      0.402160225933E+00
  169.1000      0.411851344645E+00
  169.2000      0.417652272991E+00
  169.3000      0.406703298998E+00
  169.4000      0.422823011271E+00
  169.5000      0.418335992887E+00
  169.6000      0.411816159899E+00
  169.7000      0.426205429265E+00
  169.8000      0.412523462897E+00
  169.9000      0.413552950995E+00
  170.0000      0.422801015654E+00
  170.1000      0.409387243510E+00
  170.2000      0.420593445303E+00
  170.3000      0.425443471842E+00
  170.4000      0.419802419150E+00
  170.5000      0.437224427662E+00
  170.6000      0.436033569822E+00
  170.7000      0.436154547471E+00
  170.8000      0.449988115763E+00
  170.9000      0.439410933692E+00
  171.0000      0.441019834960E+00
  171.1000      0.445108320669E+00
  171.2000      0.428579454887E+00
  171.3000      0.434380960095E+00
  171.4000      0.430787398299E+00
  171.5000      0.418899780960E+00
  171.6000      0.432550844629E+00
  171.7000      0.424840345295E+00
  171.8000      0.423994333440E+00
  171.9000      0.439252395853E+00
  172.0000      0.427672918354E+00
  172.1000      0.434275680420E+00
  172.2000      0.440304554044E+00
  172.3000      0.426978821725E+00
  172.4000      0.435137320218E+00
  172.5000      0.430630709666E+00
  172.6000      0.422102978856E+00
  172.7000      0.430136287558E+00
  172.8000      0.422567667285E+00
  172.9000      0.421897373238E+00
  173.0000      0.428429026895E+00
  173.1000      0.421173262972E+00
  173.2000      0.424038010105E+00
  173.3000      0.425032246909E+00
  173.4000      0.415947309234E+00
  173.5000      0.419637366359E+00
  173.6000      0.413689492395E+00
  173.7000      0.405971826357E+00
  173.8000      0.414598653340E+00
  173.9000      0.405784218733E+00
  174.0000      0.408628521294E+00
  174.1000      0.422948914670E+00
  174.2000      0.415312117678E+00
  174.3000      0.431012065671E+00
  174.4000      0.441220670188E+00
  174.5000      0.435519988057E+00
  174.6000      0.454832819194E+00
  174.7000      0.452401781744E+00
  174.8000      0.449776075562E+00
  174.9000      0.462920952622E+00
  175.0000      0.453083550306E+00
  175.1000      0.454967779454E+00
  175.2000      0.459805663485E+00
  175.3000      0.452540672818E+00
  175.4000      0.454835040850E+00
  175.5000      0.452410231503E+00
  175.6000      0.446920732669E+00
  175.7000      0.442389411272E+00
  175.8000      0.433027679988E+00
  175.9000      0.423062758582E+00
  176.0000      0.413182718638E+00
  176.1000      0.400955429105E+00
  176.2000      0.391843717204E+00
  176.3000      0.387762028687E+00
  176.4000      0.381449766392E+00
  176.5000      0.387384320107E+00
  176.6000      0.393403551423E+00
  176.7000      0.397482763900E+00
  176.8000      0.419898085249E+00
  176.9000      0.424449759931E+00
  177.0000      0.433997147477E+00
  177.1000      0.455762820477E+00
  177.2000      0.447979871147E+00
  177.3000      0.457509192159E+00
  177.4000      0.465034244869E+00
  177.5000      0.453553194977E+00
  177.6000      0.465292634528E+00
  177.7000      0.465131254005E+00
  177.8000      0.466017938556E+00
  177.9000      0.480993964053E+00
  178.0000      0.483621840511E+00
  178.1000      0.491042547476E+00
  178.2000      0.496946612616E+00
  178.3000      0.494766815487E+00
  178.4000      0.484609062863E+00
  178.5000      0.469258338998E+00
  178.6000      0.452234668382E+00
  178.7000      0.427111717639E+00
  178.8000      0.408079181802E+00
  178.9000      0.399675465501E+00
  179.0000      0.409201064471E+00
  179.1000      0.428558348350E+00
  179.2000      0.476227913975E+00
  179.3000      0.559671578055E+00
  179.4000      0.629283920019E+00
  179.5000      0.742656442168E+00
  179.6000      0.852766926688E+00
  179.7000      0.919241671013E+00
  179.8000      0.104943303044E+01
  179.9000      0.105822473351E+01
  180.0000      0.108449496991E+01
