    0.1000      0.430973404684E+07
    0.2000      0.150810839545E+07
    0.3000      0.487966212353E+06
    0.4000      0.281526502957E+06
    0.5000      0.125001316526E+06
    0.6000      0.463755763686E+05
    0.7000      0.450701427670E+05
    0.8000      0.557910546192E+05
    0.9000      0.367206361080E+05
    1.0000      0.146174382004E+05
    1.1000      0.136165664378E+05
    1.2000      0.207782057832E+05
    1.3000      0.193825353413E+05
    1.4000      0.110119949026E+05
    1.5000      0.658125147417E+04
    1.6000      0.837296446535E+04
    1.7000      0.106166883364E+05
    1.8000      0.883004290565E+04
    1.9000      0.528921066358E+04
    2.0000      0.391596529513E+04
    2.1000      0.450695887678E+04
    2.2000      0.504124783335E+04
    2.3000      0.418231787571E+04
    2.4000      0.279812462571E+04
    2.5000      0.231780599036E+04
    2.6000      0.254885292099E+04
    2.7000      0.294251952752E+04
    2.8000      0.296636490380E+04
    2.9000      0.255085869996E+04
    3.0000      0.213308047396E+04
    3.1000      0.168529548870E+04
    3.2000      0.134144258359E+04
    3.3000      0.135162607086E+04
    3.4000      0.155629973159E+04
    3.5000      0.181555545390E+04
    3.6000      0.182402883079E+04
    3.7000      0.140213840260E+04
    3.8000      0.935275017130E+03
    3.9000      0.715428903779E+03
    4.0000      0.819798983343E+03
    4.1000      0.116040769524E+04
    4.2000      0.137725211093E+04
    4.3000      0.133011435409E+04
    4.4000      0.113402499607E+04
    4.5000      0.882082278734E+03
    4.6000      0.740973174216E+03
    4.7000      0.784250443730E+03
    4.8000      0.912782981080E+03
    4.9000      0.107064389566E+04
    5.0000      0.116027896375E+04
    5.1000      0.108895901205E+04
    5.2000      0.926128158906E+03
    5.3000      0.757490349966E+03
    5.4000      0.654374107601E+03
    5.5000      0.679490343400E+03
    5.6000      0.771840156787E+03
    5.7000      0.840383599365E+03
    5.8000      0.852202213682E+03
    5.9000      0.780869056068E+03
    6.0000      0.662133631086E+03
    6.1000      0.569994392804E+03
    6.2000      0.529587768054E+03
    6.3000      0.551417414942E+03
    6.4000      0.614688848959E+03
    6.5000      0.656623545588E+03
    6.6000      0.648368250504E+03
    6.7000      0.598021740882E+03
    6.8000      0.526264309945E+03
    6.9000      0.473269074765E+03
    7.0000      0.458657521965E+03
    7.1000      0.470055776998E+03
    7.2000      0.490975977895E+03
    7.3000      0.500565162980E+03
    7.4000      0.485348190920E+03
    7.5000      0.451573441983E+03
    7.6000      0.416179312810E+03
    7.7000      0.394422091070E+03
    7.8000      0.389035070208E+03
    7.9000      0.392028389094E+03
    8.0000      0.394033996003E+03
    8.1000      0.384744429967E+03
    8.2000      0.363169043741E+03
    8.3000      0.338098337215E+03
    8.4000      0.314071389706E+03
    8.5000      0.298431291970E+03
    8.6000      0.293366315777E+03
    8.7000      0.285085273103E+03
    8.8000      0.267152114759E+03
    8.9000      0.244098964523E+03
    9.0000      0.216671320586E+03
    9.1000      0.192626997268E+03
    9.2000      0.179946519644E+03
    9.3000      0.173610388731E+03
    9.4000      0.171993498217E+03
    9.5000      0.171550516983E+03
    9.6000      0.160124505373E+03
    9.7000      0.138145305363E+03
    9.8000      0.115209097554E+03
    9.9000      0.956327091643E+02
   10.0000      0.855880288605E+02
   10.1000      0.860452927631E+02
   10.2000      0.880529257009E+02
   10.3000      0.882403970322E+02
   10.4000      0.848966367275E+02
   10.5000      0.738575827272E+02
   10.6000      0.592892716047E+02
   10.7000      0.483764413484E+02
   10.8000      0.430594767594E+02
   10.9000      0.446619656684E+02
   11.0000      0.505881562298E+02
   11.1000      0.541325722344E+02
   11.2000      0.540192857810E+02
   11.3000      0.515833962779E+02
   11.4000      0.466910095799E+02
   11.5000      0.418139234406E+02
   11.6000      0.401268512689E+02
   11.7000      0.408173024642E+02
   11.8000      0.421427557201E+02
   11.9000      0.427669246163E+02
   12.0000      0.408469217273E+02
   12.1000      0.373665422954E+02
   12.2000      0.353512869348E+02
   12.3000      0.352279681767E+02
   12.4000      0.362955637352E+02
   12.5000      0.392940204080E+02
   12.6000      0.424701951133E+02
   12.7000      0.427759421537E+02
   12.8000      0.403654865249E+02
   12.9000      0.362799684915E+02
   13.0000      0.315755873262E+02
   13.1000      0.287605774391E+02
   13.2000      0.282237062505E+02
   13.3000      0.282631328148E+02
   13.4000      0.293956388057E+02
   13.5000      0.310337908010E+02
   13.6000      0.306679141116E+02
   13.7000      0.287034344259E+02
   13.8000      0.265962619153E+02
   13.9000      0.241939712470E+02
   14.0000      0.221224304396E+02
   14.1000      0.206643088485E+02
   14.2000      0.187289863463E+02
   14.3000      0.170743009818E+02
   14.4000      0.164898066192E+02
   14.5000      0.159473809183E+02
   14.6000      0.156826593011E+02
   14.7000      0.167042929719E+02
   14.8000      0.181616293561E+02
   14.9000      0.191891428401E+02
   15.0000      0.197042944020E+02
   15.1000      0.191004258463E+02
   15.2000      0.176717693546E+02
   15.3000      0.163105379826E+02
   15.4000      0.149256371981E+02
   15.5000      0.136856637783E+02
   15.6000      0.134479396636E+02
   15.7000      0.139045114159E+02
   15.8000      0.143911152258E+02
   15.9000      0.150750330241E+02
   16.0000      0.158061649796E+02
   16.1000      0.164544818081E+02
   16.2000      0.172779979643E+02
   16.3000      0.179300080612E+02
   16.4000      0.179847785437E+02
   16.5000      0.178559675205E+02
   16.6000      0.175028257888E+02
   16.7000      0.166023188504E+02
   16.8000      0.157009271123E+02
   16.9000      0.152037807349E+02
   17.0000      0.150944213133E+02
   17.1000      0.155425039104E+02
   17.2000      0.162707443364E+02
   17.3000      0.166745439722E+02
   17.4000      0.169584646778E+02
   17.5000      0.171377588321E+02
   17.6000      0.167272990310E+02
   17.7000      0.160768159523E+02
   17.8000      0.157391976575E+02
   17.9000      0.155288783237E+02
   18.0000      0.153487346503E+02
   18.1000      0.152782775068E+02
   18.2000      0.149933977059E+02
   18.3000      0.145694872127E+02
   18.4000      0.142241544310E+02
   18.5000      0.136501464065E+02
   18.6000      0.129465704005E+02
   18.7000      0.126636850213E+02
   18.8000      0.125962308569E+02
   18.9000      0.123293598434E+02
   19.0000      0.121249780620E+02
   19.1000      0.119912664426E+02
   19.2000      0.116790700870E+02
   19.3000      0.113031650439E+02
   19.4000      0.109017059835E+02
   19.5000      0.103898440497E+02
   19.6000      0.100554410899E+02
   19.7000      0.991598963593E+01
   19.8000      0.962970418534E+01
   19.9000      0.944373273141E+01
   20.0000      0.961217351156E+01
   20.1000      0.981642258543E+01
   20.2000      0.995345122116E+01
   20.3000      0.102150911849E+02
   20.4000      0.104291987145E+02
   20.5000      0.105001941271E+02
   20.6000      0.105072184494E+02
   20.7000      0.102947771767E+02
   20.8000      0.997132742441E+01
   20.9000      0.984074329667E+01
   21.0000      0.978113858649E+01
   21.1000      0.967888064917E+01
   21.2000      0.980449780492E+01
   21.3000      0.101036777761E+02
   21.4000      0.103577641099E+02
   21.5000      0.106143307808E+02
   21.6000      0.107976982012E+02
   21.7000      0.108337302222E+02
   21.8000      0.108822742719E+02
   21.9000      0.108714097359E+02
   22.0000      0.106311861753E+02
   22.1000      0.104287225185E+02
   22.2000      0.103557611472E+02
   22.3000      0.101956004406E+02
   22.4000      0.100205927361E+02
   22.5000      0.992480022940E+01
   22.6000      0.978405873982E+01
   22.7000      0.965066488350E+01
   22.8000      0.952139752147E+01
   22.9000      0.918366682074E+01
   23.0000      0.883288382150E+01
   23.1000      0.865949683858E+01
   23.2000      0.839879378893E+01
   23.3000      0.805159628530E+01
   23.4000      0.790828916155E+01
   23.5000      0.783904402909E+01
   23.6000      0.768558455247E+01
   23.7000      0.755147077903E+01
   23.8000      0.732160826543E+01
   23.9000      0.698924613000E+01
   24.0000      0.673401289133E+01
   24.1000      0.638519403190E+01
   24.2000      0.584957479523E+01
   24.3000      0.550224348307E+01
   24.4000      0.534738080305E+01
   24.5000      0.509630270756E+01
   24.6000      0.493586105363E+01
   24.7000      0.500918515683E+01
   24.8000      0.512996857812E+01
   24.9000      0.529809415576E+01
   25.0000      0.552533744424E+01
   25.1000      0.564229628517E+01
   25.2000      0.575811496474E+01
   25.3000      0.591245605387E+01
   25.4000      0.582328666543E+01
   25.5000      0.557182768836E+01
   25.6000      0.542958861986E+01
   25.7000      0.526275852962E+01
   25.8000      0.499935389819E+01
   25.9000      0.487461627618E+01
   26.0000      0.489533224368E+01
   26.1000      0.502478804073E+01
   26.2000      0.534330154811E+01
   26.3000      0.572938616860E+01
   26.4000      0.611105009330E+01
   26.5000      0.660923523775E+01
   26.6000      0.708161590138E+01
   26.7000      0.731478110272E+01
   26.8000      0.743811500988E+01
   26.9000      0.748286159557E+01
   27.0000      0.734181330442E+01
   27.1000      0.710658286267E+01
   27.2000      0.684460230415E+01
   27.3000      0.655501150270E+01
   27.4000      0.641194335688E+01
   27.5000      0.644219971150E+01
   27.6000      0.648634040513E+01
   27.7000      0.666413164609E+01
   27.8000      0.705358396727E+01
   27.9000      0.743896761214E+01
   28.0000      0.775810771214E+01
   28.1000      0.806905805659E+01
   28.2000      0.825559521516E+01
   28.3000      0.832206454374E+01
   28.4000      0.831514429182E+01
   28.5000      0.808400318761E+01
   28.6000      0.773170142202E+01
   28.7000      0.749669035024E+01
   28.8000      0.723526661551E+01
   28.9000      0.687513098232E+01
   29.0000      0.671417422884E+01
   29.1000      0.676402602656E+01
   29.2000      0.685040502076E+01
   29.3000      0.706317156988E+01
   29.4000      0.738563252905E+01
   29.5000      0.770125044874E+01
   29.6000      0.808862941597E+01
   29.7000      0.843035014060E+01
   29.8000      0.849143688709E+01
   29.9000      0.849275733830E+01
   30.0000      0.854279919668E+01
   30.1000      0.832946218166E+01
   30.2000      0.793774860319E+01
   30.3000      0.770932067736E+01
   30.4000      0.754276364231E+01
   30.5000      0.735934221806E+01
   30.6000      0.735581803493E+01
   30.7000      0.748860679800E+01
   30.8000      0.773109838921E+01
   30.9000      0.818822253558E+01
   31.0000      0.863302994991E+01
   31.1000      0.892649416033E+01
   31.2000      0.933943150505E+01
   31.3000      0.975975580957E+01
   31.4000      0.983175487910E+01
   31.5000      0.977628830099E+01
   31.6000      0.980018563796E+01
   31.7000      0.967179152759E+01
   31.8000      0.941021221552E+01
   31.9000      0.921747245755E+01
   32.0000      0.903461769848E+01
   32.1000      0.893103539661E+01
   32.2000      0.900481437392E+01
   32.3000      0.904966787123E+01
   32.4000      0.912287809028E+01
   32.5000      0.946691572091E+01
   32.6000      0.982740281773E+01
   32.7000      0.998134427991E+01
   32.8000      0.102004557739E+02
   32.9000      0.104760787245E+02
   33.0000      0.105320616494E+02
   33.1000      0.104499849174E+02
   33.2000      0.103178345564E+02
   33.3000      0.100496473558E+02
   33.4000      0.975183597432E+01
   33.5000      0.945440622417E+01
   33.6000      0.902872463690E+01
   33.7000      0.868060955828E+01
   33.8000      0.856248620351E+01
   33.9000      0.842410562744E+01
   34.0000      0.826533502036E+01
   34.1000      0.832681922154E+01
   34.2000      0.847283330702E+01
   34.3000      0.852870250477E+01
   34.4000      0.859101032688E+01
   34.5000      0.861378088426E+01
   34.6000      0.852636129519E+01
   34.7000      0.840800766554E+01
   34.8000      0.817144369255E+01
   34.9000      0.775711122799E+01
   35.0000      0.739052502057E+01
   35.1000      0.708527658448E+01
   35.2000      0.666250782247E+01
   35.3000      0.627331449422E+01
   35.4000      0.606699549050E+01
   35.5000      0.590542651868E+01
   35.6000      0.576718757540E+01
   35.7000      0.572682812774E+01
   35.8000      0.570221360989E+01
   35.9000      0.569801940077E+01
   36.0000      0.573842152466E+01
   36.1000      0.566943999192E+01
   36.2000      0.550703126759E+01
   36.3000      0.540317036977E+01
   36.4000      0.524669454033E+01
   36.5000      0.494165158412E+01
   36.6000      0.466369820286E+01
   36.7000      0.445029572484E+01
   36.8000      0.421039414879E+01
   36.9000      0.400896799938E+01
   37.0000      0.387706892607E+01
   37.1000      0.377468685460E+01
   37.2000      0.376508760254E+01
   37.3000      0.381940165584E+01
   37.4000      0.381303788167E+01
   37.5000      0.382557685196E+01
   37.6000      0.390898247336E+01
   37.7000      0.390846253862E+01
   37.8000      0.380868930025E+01
   37.9000      0.372751724817E+01
   38.0000      0.362317154683E+01
   38.1000      0.345723962038E+01
   38.2000      0.330142037690E+01
   38.3000      0.315005530480E+01
   38.4000      0.301940871959E+01
   38.5000      0.298099563920E+01
   38.6000      0.297984529552E+01
   38.7000      0.297155722143E+01
   38.8000      0.305573493475E+01
   38.9000      0.321046273311E+01
   39.0000      0.331274975441E+01
   39.1000      0.339510294111E+01
   39.2000      0.349318515670E+01
   39.3000      0.353424637915E+01
   39.4000      0.350854170422E+01
   39.5000      0.344248194031E+01
   39.6000      0.331002522335E+01
   39.7000      0.315637986674E+01
   39.8000      0.302558887948E+01
   39.9000      0.286773398862E+01
   40.0000      0.271782656205E+01
   40.1000      0.266955945159E+01
   40.2000      0.268435590765E+01
   40.3000      0.271366948030E+01
   40.4000      0.281443128791E+01
   40.5000      0.297616731194E+01
   40.6000      0.313680437965E+01
   40.7000      0.328985162887E+01
   40.8000      0.340657848546E+01
   40.9000      0.344733426969E+01
   41.0000      0.343621623416E+01
   41.1000      0.335930143704E+01
   41.2000      0.316908314122E+01
   41.3000      0.292791678555E+01
   41.4000      0.269650735290E+01
   41.5000      0.244765110028E+01
   41.6000      0.220658256005E+01
   41.7000      0.204950700985E+01
   41.8000      0.197799799377E+01
   41.9000      0.198224812230E+01
   42.0000      0.207784507015E+01
   42.1000      0.223111117397E+01
   42.2000      0.241777307009E+01
   42.3000      0.263419868488E+01
   42.4000      0.281686141452E+01
   42.5000      0.291041756732E+01
   42.6000      0.294315250391E+01
   42.7000      0.290594479341E+01
   42.8000      0.275320498032E+01
   42.9000      0.252135075369E+01
   43.0000      0.226394637577E+01
   43.1000      0.199096670981E+01
   43.2000      0.173584731508E+01
   43.3000      0.154458954445E+01
   43.4000      0.142573978512E+01
   43.5000      0.140768354620E+01
   43.6000      0.150564635622E+01
   43.7000      0.167233923643E+01
   43.8000      0.188534133949E+01
   43.9000      0.215228451555E+01
   44.0000      0.241705772367E+01
   44.1000      0.261369998020E+01
   44.2000      0.274560374793E+01
   44.3000      0.280245218818E+01
   44.4000      0.275544769999E+01
   44.5000      0.261922851549E+01
   44.6000      0.241891254867E+01
   44.7000      0.217303188070E+01
   44.8000      0.193193061683E+01
   44.9000      0.173115322667E+01
   45.0000      0.157184433081E+01
   45.1000      0.149373158399E+01
   45.2000      0.152841593316E+01
   45.3000      0.164215714955E+01
   45.4000      0.180785203729E+01
   45.5000      0.202947135233E+01
   45.6000      0.226818092260E+01
   45.7000      0.247295323254E+01
   45.8000      0.262613702590E+01
   45.9000      0.270275403267E+01
   46.0000      0.268767380571E+01
   46.1000      0.259601781287E+01
   46.2000      0.243138296386E+01
   46.3000      0.219935796882E+01
   46.4000      0.195478637629E+01
   46.5000      0.173432741557E+01
   46.6000      0.153686058565E+01
   46.7000      0.139199403629E+01
   46.8000      0.133268310834E+01
   46.9000      0.134651516357E+01
   47.0000      0.141781581834E+01
   47.1000      0.154068734141E+01
   47.2000      0.168295323851E+01
   47.3000      0.182328200617E+01
   47.4000      0.194831827485E+01
   47.5000      0.202040261861E+01
   47.6000      0.202454757725E+01
   47.7000      0.198400086184E+01
   47.8000      0.189519375006E+01
   47.9000      0.174726306097E+01
   48.0000      0.157797386697E+01
   48.1000      0.141604627982E+01
   48.2000      0.126451466223E+01
   48.3000      0.114260492779E+01
   48.4000      0.106700465653E+01
   48.5000      0.103362211219E+01
   48.6000      0.105192586889E+01
   48.7000      0.111779501818E+01
   48.8000      0.119677580933E+01
   48.9000      0.128674551133E+01
   49.0000      0.139430545516E+01
   49.1000      0.148501903650E+01
   49.2000      0.153723455936E+01
   49.3000      0.157095912667E+01
   49.4000      0.158238485021E+01
   49.5000      0.155925235062E+01
   49.6000      0.151793321875E+01
   49.7000      0.146556430022E+01
   49.8000      0.140709238322E+01
   49.9000      0.136571076163E+01
   50.0000      0.134180898013E+01
   50.1000      0.132117764277E+01
   50.2000      0.133044716361E+01
   50.3000      0.137926970763E+01
   50.4000      0.143357678581E+01
   50.5000      0.149162975876E+01
   50.6000      0.157343883590E+01
   50.7000      0.165897161224E+01
   50.8000      0.172893643213E+01
   50.9000      0.179366555714E+01
   51.0000      0.184575687108E+01
   51.1000      0.188160674117E+01
   51.2000      0.191273615047E+01
   51.3000      0.192777174625E+01
   51.4000      0.192130809181E+01
   51.5000      0.192382312589E+01
   51.6000      0.193494356274E+01
   51.7000      0.192691560372E+01
   51.8000      0.192078767072E+01
   51.9000      0.193836387227E+01
   52.0000      0.195532443381E+01
   52.1000      0.196276397106E+01
   52.2000      0.198085247333E+01
   52.3000      0.200281503575E+01
   52.4000      0.201838376138E+01
   52.5000      0.203415129098E+01
   52.6000      0.204271127858E+01
   52.7000      0.204261017571E+01
   52.8000      0.204746170957E+01
   52.9000      0.204850512944E+01
   53.0000      0.203139643284E+01
   53.1000      0.201651139948E+01
   53.2000      0.200997946274E+01
   53.3000      0.199049317207E+01
   53.4000      0.196133554377E+01
   53.5000      0.193854827110E+01
   53.6000      0.191371040931E+01
   53.7000      0.187872907192E+01
   53.8000      0.184289858709E+01
   53.9000      0.180623172155E+01
   54.0000      0.176779270411E+01
   54.1000      0.173151252047E+01
   54.2000      0.169736231556E+01
   54.3000      0.166603154145E+01
   54.4000      0.164283076792E+01
   54.5000      0.162720649789E+01
   54.6000      0.161747338122E+01
   54.7000      0.161590427958E+01
   54.8000      0.161734873995E+01
   54.9000      0.162167273809E+01
   55.0000      0.163087922123E+01
   55.1000      0.163634798387E+01
   55.2000      0.163263901424E+01
   55.3000      0.162847482762E+01
   55.4000      0.162176473741E+01
   55.5000      0.160421115709E+01
   55.6000      0.158380757212E+01
   55.7000      0.156443646469E+01
   55.8000      0.154511174319E+01
   55.9000      0.153345649340E+01
   56.0000      0.152950965682E+01
   56.1000      0.152591018532E+01
   56.2000      0.153831544894E+01
   56.3000      0.157111174367E+01
   56.4000      0.159788416349E+01
   56.5000      0.162256769139E+01
   56.6000      0.166857402544E+01
   56.7000      0.171419547374E+01
   56.8000      0.173464791591E+01
   56.9000      0.175481369962E+01
   57.0000      0.178041691205E+01
   57.1000      0.178563403690E+01
   57.2000      0.177556867986E+01
   57.3000      0.176623153325E+01
   57.4000      0.175038416112E+01
   57.5000      0.173199956737E+01
   57.6000      0.171955942327E+01
   57.7000      0.170058492712E+01
   57.8000      0.168712598272E+01
   57.9000      0.169814021007E+01
   58.0000      0.170803276743E+01
   58.1000      0.170436261335E+01
   58.2000      0.172243963854E+01
   58.3000      0.175590099031E+01
   58.4000      0.176343520377E+01
   58.5000      0.176150686938E+01
   58.6000      0.177453429547E+01
   58.7000      0.177445667112E+01
   58.8000      0.174849698287E+01
   58.9000      0.172135686959E+01
   59.0000      0.169140677065E+01
   59.1000      0.165032265823E+01
   59.2000      0.161010108396E+01
   59.3000      0.156881844429E+01
   59.4000      0.152635319871E+01
   59.5000      0.150260831785E+01
   59.6000      0.149129023881E+01
   59.7000      0.147144913332E+01
   59.8000      0.146533744479E+01
   59.9000      0.148452530317E+01
   60.0000      0.149490038924E+01
   60.1000      0.149057102932E+01
   60.2000      0.149757985671E+01
   60.3000      0.150229104016E+01
   60.4000      0.148034492316E+01
   60.5000      0.144670621143E+01
   60.6000      0.140941279310E+01
   60.7000      0.135841411173E+01
   60.8000      0.129947601751E+01
   60.9000      0.124121845860E+01
   61.0000      0.118244757755E+01
   61.1000      0.113639986931E+01
   61.2000      0.111040801332E+01
   61.3000      0.109131721116E+01
   61.4000      0.108564942478E+01
   61.5000      0.110773881799E+01
   61.6000      0.114075930235E+01
   61.7000      0.116766326785E+01
   61.8000      0.120010396008E+01
   61.9000      0.123420260234E+01
   62.0000      0.124913746786E+01
   62.1000      0.124474691614E+01
   62.2000      0.122750183573E+01
   62.3000      0.119262424401E+01
   62.4000      0.114245638523E+01
   62.5000      0.108576528800E+01
   62.6000      0.102408530741E+01
   62.7000      0.968581232334E+00
   62.8000      0.931151956471E+00
   62.9000      0.908581418949E+00
   63.0000      0.902063433747E+00
   63.1000      0.923311467622E+00
   63.2000      0.967392318377E+00
   63.3000      0.101997216529E+01
   63.4000      0.108141250249E+01
   63.5000      0.114838100011E+01
   63.6000      0.120764683490E+01
   63.7000      0.125239984411E+01
   63.8000      0.128135938920E+01
   63.9000      0.128972025672E+01
   64.0000      0.127967261046E+01
   64.1000      0.125582445560E+01
   64.2000      0.121770773324E+01
   64.3000      0.117358485117E+01
   64.4000      0.113546043093E+01
   64.5000      0.110518487184E+01
   64.6000      0.108334829926E+01
   64.7000      0.107926275206E+01
   64.8000      0.109375748854E+01
   64.9000      0.112078178628E+01
   65.0000      0.115855892060E+01
   65.1000      0.120318182117E+01
   65.2000      0.124748456394E+01
   65.3000      0.128747085092E+01
   65.4000      0.131841594200E+01
   65.5000      0.133289261822E+01
   65.6000      0.133307388538E+01
   65.7000      0.132146458471E+01
   65.8000      0.129484375184E+01
   65.9000      0.125607454630E+01
   66.0000      0.121435751424E+01
   66.1000      0.117232380231E+01
   66.2000      0.113069825399E+01
   66.3000      0.109572425976E+01
   66.4000      0.106915032970E+01
   66.5000      0.105093637855E+01
   66.6000      0.104172552025E+01
   66.7000      0.103868835080E+01
   66.8000      0.103740621505E+01
   66.9000      0.103854045005E+01
   67.0000      0.103926074721E+01
   67.1000      0.103259837435E+01
   67.2000      0.101925160943E+01
   67.3000      0.100120408240E+01
   67.4000      0.976298200614E+00
   67.5000      0.944457808342E+00
   67.6000      0.910537178508E+00
   67.7000      0.876261771997E+00
   67.8000      0.843958952805E+00
   67.9000      0.816981772240E+00
   68.0000      0.795921593294E+00
   68.1000      0.782205170953E+00
   68.2000      0.777075024373E+00
   68.3000      0.778893503904E+00
   68.4000      0.785053818795E+00
   68.5000      0.794719731839E+00
   68.6000      0.803849830779E+00
   68.7000      0.811070410340E+00
   68.8000      0.816084852967E+00
   68.9000      0.813865341947E+00
   69.0000      0.804118516801E+00
   69.1000      0.793548969512E+00
   69.2000      0.781544259343E+00
   69.3000      0.764128497423E+00
   69.4000      0.750791729148E+00
   69.5000      0.747641483533E+00
   69.6000      0.750345432277E+00
   69.7000      0.760726483301E+00
   69.8000      0.783762832104E+00
   69.9000      0.815487241637E+00
   70.0000      0.854383517931E+00
   70.1000      0.899524799093E+00
   70.2000      0.939548411642E+00
   70.3000      0.974155609198E+00
   70.4000      0.100943528697E+01
   70.5000      0.103130916552E+01
   70.6000      0.102983902161E+01
   70.7000      0.102445533400E+01
   70.8000      0.101845319892E+01
   70.9000      0.993054014199E+00
   71.0000      0.960411885925E+00
   71.1000      0.943473745626E+00
   71.2000      0.933033340713E+00
   71.3000      0.922543760131E+00
   71.4000      0.929492288661E+00
   71.5000      0.954290417514E+00
   71.6000      0.987497498784E+00
   71.7000      0.103161928739E+01
   71.8000      0.107923560041E+01
   71.9000      0.112075435760E+01
   72.0000      0.116411842371E+01
   72.1000      0.120073314602E+01
   72.2000      0.120746641951E+01
   72.3000      0.119909653134E+01
   72.4000      0.119197392815E+01
   72.5000      0.116196155452E+01
   72.6000      0.110571181956E+01
   72.7000      0.105850124887E+01
   72.8000      0.102101426534E+01
   72.9000      0.973006640314E+00
   73.0000      0.933287201155E+00
   73.1000      0.919376905569E+00
   73.2000      0.917515375244E+00
   73.3000      0.924113421174E+00
   73.4000      0.946648564221E+00
   73.5000      0.976098916057E+00
   73.6000      0.100911592745E+01
   73.7000      0.104601759461E+01
   73.8000      0.107026693098E+01
   73.9000      0.107883570009E+01
   74.0000      0.108536313371E+01
   74.1000      0.107913371057E+01
   74.2000      0.104543489687E+01
   74.3000      0.100393577035E+01
   74.4000      0.965600913920E+00
   74.5000      0.915912459645E+00
   74.6000      0.860014161533E+00
   74.7000      0.817412301164E+00
   74.8000      0.786173564582E+00
   74.9000      0.761376211331E+00
   75.0000      0.751349208370E+00
   75.1000      0.756297305919E+00
   75.2000      0.772387542702E+00
   75.3000      0.799504232792E+00
   75.4000      0.831910356450E+00
   75.5000      0.862811118574E+00
   75.6000      0.892976996242E+00
   75.7000      0.917690899231E+00
   75.8000      0.929063081312E+00
   75.9000      0.928198102655E+00
   76.0000      0.914930007908E+00
   76.1000      0.888599870382E+00
   76.2000      0.854433330458E+00
   76.3000      0.814116175935E+00
   76.4000      0.767530926510E+00
   76.5000      0.727456553061E+00
   76.6000      0.700392305635E+00
   76.7000      0.678685825761E+00
   76.8000      0.668387048967E+00
   76.9000      0.680996469900E+00
   77.0000      0.708127044852E+00
   77.1000      0.740758458474E+00
   77.2000      0.784076906395E+00
   77.3000      0.832714034830E+00
   77.4000      0.876842495172E+00
   77.5000      0.915480270179E+00
   77.6000      0.941071727555E+00
   77.7000      0.947798227492E+00
   77.8000      0.945954735720E+00
   77.9000      0.933375220591E+00
   78.0000      0.896639641200E+00
   78.1000      0.853371209154E+00
   78.2000      0.822384930071E+00
   78.3000      0.787845039716E+00
   78.4000      0.748268889974E+00
   78.5000      0.732671522455E+00
   78.6000      0.740180478419E+00
   78.7000      0.749847937494E+00
   78.8000      0.771910469954E+00
   78.9000      0.816132064161E+00
   79.0000      0.865634074969E+00
   79.1000      0.912269663985E+00
   79.2000      0.959676972071E+00
   79.3000      0.998917606388E+00
   79.4000      0.102678777729E+01
   79.5000      0.104590827006E+01
   79.6000      0.104581054574E+01
   79.7000      0.102727149263E+01
   79.8000      0.100712017000E+01
   79.9000      0.980922652493E+00
   80.0000      0.937831592172E+00
   80.1000      0.897913016163E+00
   80.2000      0.874009745533E+00
   80.3000      0.850593988354E+00
   80.4000      0.828770456755E+00
   80.5000      0.827604412158E+00
   80.6000      0.842171698417E+00
   80.7000      0.858994371942E+00
   80.8000      0.884613151125E+00
   80.9000      0.921670422399E+00
   81.0000      0.959805375749E+00
   81.1000      0.994572828029E+00
   81.2000      0.102651613505E+01
   81.3000      0.105077502767E+01
   81.4000      0.106500260279E+01
   81.5000      0.106881572769E+01
   81.6000      0.105912387900E+01
   81.7000      0.103752070470E+01
   81.8000      0.100830106878E+01
   81.9000      0.972075964590E+00
   82.0000      0.930219588520E+00
   82.1000      0.889748894680E+00
   82.2000      0.854828244042E+00
   82.3000      0.826666406251E+00
   82.4000      0.808431628701E+00
   82.5000      0.803539378232E+00
   82.6000      0.811978125153E+00
   82.7000      0.830916818701E+00
   82.8000      0.859203722107E+00
   82.9000      0.895176371111E+00
   83.0000      0.933067300744E+00
   83.1000      0.965909458307E+00
   83.2000      0.993583975384E+00
   83.3000      0.101425388288E+01
   83.4000      0.101938913801E+01
   83.5000      0.100869127361E+01
   83.6000      0.990183120772E+00
   83.7000      0.962333314882E+00
   83.8000      0.920794670343E+00
   83.9000      0.876936666959E+00
   84.0000      0.839703117447E+00
   84.1000      0.804538077688E+00
   84.2000      0.773539366328E+00
   84.3000      0.757697723073E+00
   84.4000      0.756289670242E+00
   84.5000      0.763200267437E+00
   84.6000      0.780861234747E+00
   84.7000      0.808732789161E+00
   84.8000      0.840949978689E+00
   84.9000      0.874469068624E+00
   85.0000      0.906212400807E+00
   85.1000      0.930551884290E+00
   85.2000      0.948016621078E+00
   85.3000      0.958302511532E+00
   85.4000      0.955134997266E+00
   85.5000      0.940041986502E+00
   85.6000      0.920563671550E+00
   85.7000      0.895182410794E+00
   85.8000      0.860639360446E+00
   85.9000      0.826393140613E+00
   86.0000      0.798860468429E+00
   86.1000      0.773576846021E+00
   86.2000      0.751770491026E+00
   86.3000      0.742868690131E+00
   86.4000      0.746481186788E+00
   86.5000      0.755200558057E+00
   86.6000      0.771912298619E+00
   86.7000      0.800609406281E+00
   86.8000      0.833167644805E+00
   86.9000      0.861665202339E+00
   87.0000      0.890357082891E+00
   87.1000      0.917907552644E+00
   87.2000      0.933162302192E+00
   87.3000      0.935085541437E+00
   87.4000      0.930460385860E+00
   87.5000      0.916014467139E+00
   87.6000      0.887540037588E+00
   87.7000      0.853201709530E+00
   87.8000      0.818155720255E+00
   87.9000      0.782299742562E+00
   88.0000      0.750912443760E+00
   88.1000      0.728073971634E+00
   88.2000      0.713434150723E+00
   88.3000      0.713201751686E+00
   88.4000      0.728299953179E+00
   88.5000      0.746988288396E+00
   88.6000      0.771570826581E+00
   88.7000      0.810458402112E+00
   88.8000      0.847570679876E+00
   88.9000      0.868550789423E+00
   89.0000      0.888951730418E+00
   89.1000      0.909949591787E+00
   89.2000      0.908415160817E+00
   89.3000      0.888919464557E+00
   89.4000      0.872060592669E+00
   89.5000      0.849167447619E+00
   89.6000      0.810617537730E+00
   89.7000      0.774082661014E+00
   89.8000      0.746813538585E+00
   89.9000      0.721391620841E+00
   90.0000      0.702784206975E+00
   90.1000      0.695610236871E+00
   90.2000      0.695547185569E+00
   90.3000      0.707263689995E+00
   90.4000      0.730260783700E+00
   90.5000      0.750415191217E+00
   90.6000      0.772106306162E+00
   90.7000      0.804998071655E+00
   90.8000      0.831701621109E+00
   90.9000      0.841565321737E+00
   91.0000      0.853118943275E+00
   91.1000      0.865757889617E+00
   91.2000      0.858884688673E+00
   91.3000      0.840202225379E+00
   91.4000      0.825824246333E+00
   91.5000      0.805970342052E+00
   91.6000      0.774643901808E+00
   91.7000      0.745823963176E+00
   91.8000      0.722786899025E+00
   91.9000      0.700948606627E+00
   92.0000      0.685024943811E+00
   92.1000      0.677839023775E+00
   92.2000      0.677821425939E+00
   92.3000      0.688189313923E+00
   92.4000      0.707757674293E+00
   92.5000      0.729382680212E+00
   92.6000      0.754997533149E+00
   92.7000      0.785482942959E+00
   92.8000      0.811740169779E+00
   92.9000      0.829530324390E+00
   93.0000      0.842578127045E+00
   93.1000      0.848081998865E+00
   93.2000      0.841336995798E+00
   93.3000      0.825371789393E+00
   93.4000      0.803318605688E+00
   93.5000      0.776054597185E+00
   93.6000      0.746028046407E+00
   93.7000      0.717595011348E+00
   93.8000      0.693960539420E+00
   93.9000      0.676917217577E+00
   94.0000      0.667353620066E+00
   94.1000      0.667966275999E+00
   94.2000      0.678764899626E+00
   94.3000      0.693663550493E+00
   94.4000      0.712529949134E+00
   94.5000      0.738557612250E+00
   94.6000      0.763302161699E+00
   94.7000      0.778132108112E+00
   94.8000      0.791249156721E+00
   94.9000      0.804034761764E+00
   95.0000      0.803104151082E+00
   95.1000      0.790933056690E+00
   95.2000      0.780899530059E+00
   95.3000      0.768002440848E+00
   95.4000      0.745136389577E+00
   95.5000      0.723710336326E+00
   95.6000      0.708673175324E+00
   95.7000      0.693922293711E+00
   95.8000      0.681938077936E+00
   95.9000      0.676360762695E+00
   96.0000      0.673951274349E+00
   96.1000      0.677505316469E+00
   96.2000      0.687494256938E+00
   96.3000      0.694346108970E+00
   96.4000      0.701763366197E+00
   96.5000      0.718246641084E+00
   96.6000      0.731253162655E+00
   96.7000      0.732257710942E+00
   96.8000      0.737318315502E+00
   96.9000      0.747110881839E+00
   97.0000      0.742710035046E+00
   97.1000      0.729908122624E+00
   97.2000      0.724982819261E+00
   97.3000      0.717940467416E+00
   97.4000      0.699136179156E+00
   97.5000      0.683094319783E+00
   97.6000      0.675070634677E+00
   97.7000      0.665224788501E+00
   97.8000      0.655656508307E+00
   97.9000      0.654243538054E+00
   98.0000      0.658055220272E+00
   98.1000      0.664570910572E+00
   98.2000      0.675766211496E+00
   98.3000      0.688454595033E+00
   98.4000      0.701556347527E+00
   98.5000      0.716568175777E+00
   98.6000      0.728195862580E+00
   98.7000      0.732228509461E+00
   98.8000      0.734646892305E+00
   98.9000      0.735629537897E+00
   99.0000      0.727098207638E+00
   99.1000      0.712992221160E+00
   99.2000      0.702798537216E+00
   99.3000      0.692385771510E+00
   99.4000      0.676500374845E+00
   99.5000      0.665562289249E+00
   99.6000      0.664697819229E+00
   99.7000      0.664355433288E+00
   99.8000      0.663849140237E+00
   99.9000      0.673364818829E+00
  100.0000      0.689225954393E+00
  100.1000      0.700359908899E+00
  100.2000      0.711653881314E+00
  100.3000      0.728697137062E+00
  100.4000      0.742175273351E+00
  100.5000      0.747192747052E+00
  100.6000      0.752140933541E+00
  100.7000      0.756966501765E+00
  100.8000      0.754322219267E+00
  100.9000      0.747247466224E+00
  101.0000      0.740903458643E+00
  101.1000      0.732722623888E+00
  101.2000      0.721983125164E+00
  101.3000      0.712133638257E+00
  101.4000      0.702356290580E+00
  101.5000      0.693775815896E+00
  101.6000      0.689126254526E+00
  101.7000      0.685305499392E+00
  101.8000      0.681496313628E+00
  101.9000      0.683967209578E+00
  102.0000      0.691215310269E+00
  102.1000      0.695700719935E+00
  102.2000      0.702134378828E+00
  102.3000      0.715617516078E+00
  102.4000      0.727710545290E+00
  102.5000      0.733895922631E+00
  102.6000      0.742329305119E+00
  102.7000      0.752180365882E+00
  102.8000      0.753855085563E+00
  102.9000      0.749818542060E+00
  103.0000      0.747094096291E+00
  103.1000      0.741399070266E+00
  103.2000      0.728070294809E+00
  103.3000      0.714105549744E+00
  103.4000      0.703386101539E+00
  103.5000      0.691095343557E+00
  103.6000      0.677357610590E+00
  103.7000      0.669058353645E+00
  103.8000      0.665800331734E+00
  103.9000      0.662038139717E+00
  104.0000      0.660632737567E+00
  104.1000      0.665643379348E+00
  104.2000      0.672178443436E+00
  104.3000      0.676113747943E+00
  104.4000      0.682304484304E+00
  104.5000      0.691095407960E+00
  104.6000      0.696813376020E+00
  104.7000      0.700157526371E+00
  104.8000      0.704536080795E+00
  104.9000      0.707822577217E+00
  105.0000      0.708818952733E+00
  105.1000      0.709515791463E+00
  105.2000      0.708025547766E+00
  105.3000      0.705137096335E+00
  105.4000      0.703775752402E+00
  105.5000      0.699397830393E+00
  105.6000      0.689561956010E+00
  105.7000      0.682909132746E+00
  105.8000      0.678930961499E+00
  105.9000      0.666651296385E+00
  106.0000      0.652766898600E+00
  106.1000      0.648945552245E+00
  106.2000      0.644836660127E+00
  106.3000      0.632687203871E+00
  106.4000      0.628212338244E+00
  106.5000      0.634530492940E+00
  106.6000      0.635390017246E+00
  106.7000      0.633481510432E+00
  106.8000      0.642338686007E+00
  106.9000      0.653641602234E+00
  107.0000      0.656487744949E+00
  107.1000      0.660333908617E+00
  107.2000      0.668933438815E+00
  107.3000      0.672528311415E+00
  107.4000      0.670651262150E+00
  107.5000      0.669771071277E+00
  107.6000      0.667715499104E+00
  107.7000      0.662535823665E+00
  107.8000      0.657215066002E+00
  107.9000      0.650371752896E+00
  108.0000      0.642563653227E+00
  108.1000      0.638077149231E+00
  108.2000      0.633730530787E+00
  108.3000      0.625285496147E+00
  108.4000      0.620765033289E+00
  108.5000      0.622506667840E+00
  108.6000      0.619499709631E+00
  108.7000      0.613773831902E+00
  108.8000      0.617953272374E+00
  108.9000      0.625323898367E+00
  109.0000      0.623643364255E+00
  109.1000      0.624996471830E+00
  109.2000      0.637610798295E+00
  109.3000      0.645112777521E+00
  109.4000      0.643388932627E+00
  109.5000      0.649527974160E+00
  109.6000      0.660157064409E+00
  109.7000      0.658158938309E+00
  109.8000      0.652026117892E+00
  109.9000      0.654109912198E+00
  110.0000      0.652703609857E+00
  110.1000      0.641415800234E+00
  110.2000      0.633753880234E+00
  110.3000      0.631398796867E+00
  110.4000      0.625770878120E+00
  110.5000      0.620685530262E+00
  110.6000      0.620540316601E+00
  110.7000      0.621846702561E+00
  110.8000      0.626099936198E+00
  110.9000      0.633580167469E+00
  111.0000      0.637226308715E+00
  111.1000      0.641482321889E+00
  111.2000      0.651972405176E+00
  111.3000      0.656180940609E+00
  111.4000      0.650121227342E+00
  111.5000      0.650222032450E+00
  111.6000      0.653790344649E+00
  111.7000      0.643042565623E+00
  111.8000      0.629033827453E+00
  111.9000      0.627684014026E+00
  112.0000      0.623888181594E+00
  112.1000      0.608900726141E+00
  112.2000      0.602339696815E+00
  112.3000      0.606596273817E+00
  112.4000      0.603955930111E+00
  112.5000      0.598700501725E+00
  112.6000      0.604236823790E+00
  112.7000      0.612369197097E+00
  112.8000      0.614406892333E+00
  112.9000      0.618785381243E+00
  113.0000      0.627725753525E+00
  113.1000      0.634424143062E+00
  113.2000      0.639139723279E+00
  113.3000      0.644639471833E+00
  113.4000      0.648629609748E+00
  113.5000      0.651159916160E+00
  113.6000      0.653088066323E+00
  113.7000      0.650972726213E+00
  113.8000      0.646235916638E+00
  113.9000      0.642853855567E+00
  114.0000      0.637143651081E+00
  114.1000      0.626013229476E+00
  114.2000      0.617224400887E+00
  114.3000      0.613168811118E+00
  114.4000      0.605863061431E+00
  114.5000      0.597810465419E+00
  114.6000      0.599255739601E+00
  114.7000      0.605445226130E+00
  114.8000      0.607054621014E+00
  114.9000      0.612963482153E+00
  115.0000      0.628975542333E+00
  115.1000      0.641869814361E+00
  115.2000      0.647389362218E+00
  115.3000      0.658169804011E+00
  115.4000      0.671341971603E+00
  115.5000      0.672720071324E+00
  115.6000      0.668593544510E+00
  115.7000      0.669339132187E+00
  115.8000      0.665813707845E+00
  115.9000      0.652475849407E+00
  116.0000      0.641242547289E+00
  116.1000      0.634565552030E+00
  116.2000      0.624435357096E+00
  116.3000      0.613780706990E+00
  116.4000      0.608631266171E+00
  116.5000      0.606024942069E+00
  116.6000      0.604456963793E+00
  116.7000      0.606163595441E+00
  116.8000      0.608800447014E+00
  116.9000      0.612793987664E+00
  117.0000      0.620396363091E+00
  117.1000      0.627135662040E+00
  117.2000      0.630901553496E+00
  117.3000      0.637907596288E+00
  117.4000      0.646871939787E+00
  117.5000      0.650119889106E+00
  117.6000      0.651634019239E+00
  117.7000      0.656852281708E+00
  117.8000      0.659361086944E+00
  117.9000      0.655347806226E+00
  118.0000      0.651882613502E+00
  118.1000      0.649682258308E+00
  118.2000      0.642697778198E+00
  118.3000      0.632957126516E+00
  118.4000      0.626058793887E+00
  118.5000      0.620404674638E+00
  118.6000      0.613248428061E+00
  118.7000      0.608842065266E+00
  118.8000      0.609953884427E+00
  118.9000      0.613331034318E+00
  119.0000      0.617324644217E+00
  119.1000      0.625860910283E+00
  119.2000      0.638388130837E+00
  119.3000      0.648431562138E+00
  119.4000      0.656210723151E+00
  119.5000      0.666065468353E+00
  119.6000      0.673522545839E+00
  119.7000      0.672507753932E+00
  119.8000      0.669080001391E+00
  119.9000      0.666782319053E+00
  120.0000      0.658435000945E+00
  120.1000      0.644245114345E+00
  120.2000      0.633625635725E+00
  120.3000      0.625577385375E+00
  120.4000      0.613910467005E+00
  120.5000      0.604073252929E+00
  120.6000      0.600933335901E+00
  120.7000      0.599501833562E+00
  120.8000      0.597692149219E+00
  120.9000      0.599860635781E+00
  121.0000      0.604983659008E+00
  121.1000      0.609671346673E+00
  121.2000      0.614744231629E+00
  121.3000      0.620302547175E+00
  121.4000      0.625140039186E+00
  121.5000      0.629661910717E+00
  121.6000      0.633584431598E+00
  121.7000      0.635002455042E+00
  121.8000      0.635567569642E+00
  121.9000      0.636219802249E+00
  122.0000      0.634089391366E+00
  122.1000      0.628867006981E+00
  122.2000      0.623975446137E+00
  122.3000      0.618815546065E+00
  122.4000      0.610038812640E+00
  122.5000      0.600752327025E+00
  122.6000      0.594946782248E+00
  122.7000      0.589822259474E+00
  122.8000      0.583270997702E+00
  122.9000      0.581677623889E+00
  123.0000      0.586871558603E+00
  123.1000      0.591381139657E+00
  123.2000      0.595787897564E+00
  123.3000      0.608010827767E+00
  123.4000      0.622818904250E+00
  123.5000      0.629793234049E+00
  123.6000      0.636264326159E+00
  123.7000      0.648092812336E+00
  123.8000      0.652236952445E+00
  123.9000      0.644673941085E+00
  124.0000      0.640161423007E+00
  124.1000      0.637765665257E+00
  124.2000      0.623681676579E+00
  124.3000      0.605985446196E+00
  124.4000      0.597785305705E+00
  124.5000      0.589835570599E+00
  124.6000      0.575481889278E+00
  124.7000      0.567807478758E+00
  124.8000      0.569374599761E+00
  124.9000      0.569039112954E+00
  125.0000      0.568213209348E+00
  125.1000      0.574111690826E+00
  125.2000      0.582100944422E+00
  125.3000      0.587431425213E+00
  125.4000      0.593587231219E+00
  125.5000      0.600247206606E+00
  125.6000      0.605346538520E+00
  125.7000      0.610105962152E+00
  125.8000      0.613462775778E+00
  125.9000      0.613636668683E+00
  126.0000      0.614354150390E+00
  126.1000      0.615740277782E+00
  126.2000      0.612004169489E+00
  126.3000      0.605857101943E+00
  126.4000      0.603243570811E+00
  126.5000      0.599107631322E+00
  126.6000      0.588667421096E+00
  126.7000      0.581065175022E+00
  126.8000      0.579861434326E+00
  126.9000      0.575357829444E+00
  127.0000      0.568862116816E+00
  127.1000      0.572643926816E+00
  127.2000      0.582471571251E+00
  127.3000      0.586390169855E+00
  127.4000      0.593298450800E+00
  127.5000      0.611717165370E+00
  127.6000      0.626985510483E+00
  127.7000      0.631772874674E+00
  127.8000      0.641356739847E+00
  127.9000      0.654861473270E+00
  128.0000      0.653888796972E+00
  128.1000      0.644115085932E+00
  128.2000      0.641447910264E+00
  128.3000      0.635700667214E+00
  128.4000      0.616376826362E+00
  128.5000      0.599654508571E+00
  128.6000      0.592560884757E+00
  128.7000      0.581456365220E+00
  128.8000      0.567463017677E+00
  128.9000      0.564006037992E+00
  129.0000      0.566978066523E+00
  129.1000      0.567360432454E+00
  129.2000      0.570867106346E+00
  129.3000      0.580376986527E+00
  129.4000      0.589802072675E+00
  129.5000      0.597890751788E+00
  129.6000      0.606801271511E+00
  129.7000      0.614314494537E+00
  129.8000      0.620546957030E+00
  129.9000      0.626567310386E+00
  130.0000      0.628959335054E+00
  130.1000      0.628394602194E+00
  130.2000      0.629125744186E+00
  130.3000      0.628128974364E+00
  130.4000      0.620873446306E+00
  130.5000      0.613202390707E+00
  130.6000      0.607991150397E+00
  130.7000      0.598248196927E+00
  130.8000      0.584166048525E+00
  130.9000      0.575023473228E+00
  131.0000      0.569674219329E+00
  131.1000      0.560615751654E+00
  131.2000      0.554587607217E+00
  131.3000      0.559736439610E+00
  131.4000      0.568053309096E+00
  131.5000      0.573841198890E+00
  131.6000      0.587946975831E+00
  131.7000      0.611183925262E+00
  131.8000      0.628610842233E+00
  131.9000      0.640811909616E+00
  132.0000      0.659265694538E+00
  132.1000      0.675210487549E+00
  132.2000      0.675475447060E+00
  132.3000      0.671172208262E+00
  132.4000      0.669979420470E+00
  132.5000      0.658392540158E+00
  132.6000      0.634767745138E+00
  132.7000      0.615387607335E+00
  132.8000      0.599708020688E+00
  132.9000      0.576758426661E+00
  133.0000      0.554541945142E+00
  133.1000      0.542886078079E+00
  133.2000      0.534533704777E+00
  133.3000      0.525082181043E+00
  133.4000      0.522656266587E+00
  133.5000      0.527724839177E+00
  133.6000      0.533689254227E+00
  133.7000      0.541246638431E+00
  133.8000      0.553466225688E+00
  133.9000      0.567886129662E+00
  134.0000      0.582070916842E+00
  134.1000      0.597221980126E+00
  134.2000      0.612809464770E+00
  134.3000      0.627328106460E+00
  134.4000      0.639794770227E+00
  134.5000      0.649657899641E+00
  134.6000      0.655801722438E+00
  134.7000      0.657411292115E+00
  134.8000      0.654222076635E+00
  134.9000      0.645949371574E+00
  135.0000      0.633236428990E+00
  135.1000      0.617273366179E+00
  135.2000      0.599492364839E+00
  135.3000      0.580633159752E+00
  135.4000      0.563659847026E+00
  135.5000      0.551290352014E+00
  135.6000      0.542707993097E+00
  135.7000      0.538277941822E+00
  135.8000      0.541988414891E+00
  135.9000      0.552583619432E+00
  136.0000      0.563726346958E+00
  136.1000      0.577544796171E+00
  136.2000      0.597043981224E+00
  136.3000      0.614080074159E+00
  136.4000      0.623328097877E+00
  136.5000      0.632449253098E+00
  136.6000      0.641259994946E+00
  136.7000      0.639624001411E+00
  136.8000      0.631000809707E+00
  136.9000      0.624953404604E+00
  137.0000      0.616394577075E+00
  137.1000      0.599510641335E+00
  137.2000      0.583742047095E+00
  137.3000      0.573246725992E+00
  137.4000      0.560280475436E+00
  137.5000      0.545074487813E+00
  137.6000      0.535705108746E+00
  137.7000      0.530523914454E+00
  137.8000      0.523689182101E+00
  137.9000      0.519415607560E+00
  138.0000      0.522327100266E+00
  138.1000      0.528495407783E+00
  138.2000      0.534990144979E+00
  138.3000      0.547232686804E+00
  138.4000      0.566286852730E+00
  138.5000      0.585183868670E+00
  138.6000      0.602861587144E+00
  138.7000      0.624438024089E+00
  138.8000      0.645721049396E+00
  138.9000      0.657764121181E+00
  139.0000      0.664503426428E+00
  139.1000      0.670363664274E+00
  139.2000      0.667177283851E+00
  139.3000      0.651737495666E+00
  139.4000      0.634458536264E+00
  139.5000      0.616918790643E+00
  139.6000      0.591898375937E+00
  139.7000      0.565070201013E+00
  139.8000      0.545767373043E+00
  139.9000      0.530620288771E+00
  140.0000      0.516378180162E+00
  140.1000      0.509822111356E+00
  140.2000      0.512060049275E+00
  140.3000      0.517858298907E+00
  140.4000      0.526886691294E+00
  140.5000      0.540377152612E+00
  140.6000      0.555581124169E+00
  140.7000      0.570659506523E+00
  140.8000      0.585586319015E+00
  140.9000      0.598407278686E+00
  141.0000      0.609313323389E+00
  141.1000      0.619042350344E+00
  141.2000      0.625949215998E+00
  141.3000      0.629111498476E+00
  141.4000      0.630593617594E+00
  141.5000      0.630051890111E+00
  141.6000      0.625036077224E+00
  141.7000      0.616570191071E+00
  141.8000      0.606377151905E+00
  141.9000      0.593674735330E+00
  142.0000      0.577526843625E+00
  142.1000      0.561267285229E+00
  142.2000      0.547481912777E+00
  142.3000      0.534995092807E+00
  142.4000      0.524623874440E+00
  142.5000      0.521894596260E+00
  142.6000      0.527272393343E+00
  142.7000      0.535091823858E+00
  142.8000      0.548058564065E+00
  142.9000      0.571066164775E+00
  143.0000      0.596065878512E+00
  143.1000      0.615201876504E+00
  143.2000      0.636382800315E+00
  143.3000      0.660020760712E+00
  143.4000      0.671589352612E+00
  143.5000      0.671909352468E+00
  143.6000      0.673880484646E+00
  143.7000      0.671160831798E+00
  143.8000      0.652846210934E+00
  143.9000      0.631821735932E+00
  144.0000      0.617282486398E+00
  144.1000      0.597350140639E+00
  144.2000      0.570557641838E+00
  144.3000      0.552011468954E+00
  144.4000      0.540655599215E+00
  144.5000      0.524778154071E+00
  144.6000      0.510462019559E+00
  144.7000      0.506824336610E+00
  144.8000      0.506395199267E+00
  144.9000      0.503177490666E+00
  145.0000      0.506461200399E+00
  145.1000      0.519141210155E+00
  145.2000      0.532174030458E+00
  145.3000      0.545280335968E+00
  145.4000      0.566943501361E+00
  145.5000      0.593700905376E+00
  145.6000      0.615447935977E+00
  145.7000      0.636126391620E+00
  145.8000      0.660661869556E+00
  145.9000      0.679283897767E+00
  146.0000      0.685488244696E+00
  146.1000      0.688161913841E+00
  146.2000      0.688014389680E+00
  146.3000      0.675155564065E+00
  146.4000      0.653202980187E+00
  146.5000      0.632406290734E+00
  146.6000      0.610046916289E+00
  146.7000      0.582807450712E+00
  146.8000      0.559375960828E+00
  146.9000      0.543232417226E+00
  147.0000      0.530919042360E+00
  147.1000      0.523823679270E+00
  147.2000      0.523694598180E+00
  147.3000      0.527887780829E+00
  147.4000      0.536709051370E+00
  147.5000      0.549540758382E+00
  147.6000      0.560517134347E+00
  147.7000      0.571185055926E+00
  147.8000      0.585514982220E+00
  147.9000      0.597377956801E+00
  148.0000      0.602775284795E+00
  148.1000      0.610322389334E+00
  148.2000      0.620743773271E+00
  148.3000      0.624413839059E+00
  148.4000      0.624019164443E+00
  148.5000      0.627661042878E+00
  148.6000      0.629354775542E+00
  148.7000      0.621721172376E+00
  148.8000      0.612467806988E+00
  148.9000      0.605429930053E+00
  149.0000      0.592416718717E+00
  149.1000      0.573034296815E+00
  149.2000      0.557987937508E+00
  149.3000      0.547627067646E+00
  149.4000      0.534119743475E+00
  149.5000      0.523792279134E+00
  149.6000      0.526578532574E+00
  149.7000      0.535228893894E+00
  149.8000      0.541617401900E+00
  149.9000      0.556716572947E+00
  150.0000      0.583283298040E+00
  150.1000      0.604178350325E+00
  150.2000      0.617370256000E+00
  150.3000      0.637243915008E+00
  150.4000      0.656108894961E+00
  150.5000      0.656935353063E+00
  150.6000      0.651770465205E+00
  150.7000      0.652721380534E+00
  150.8000      0.644469686270E+00
  150.9000      0.621904492924E+00
  151.0000      0.604874811151E+00
  151.1000      0.594569298455E+00
  151.2000      0.574991943307E+00
  151.3000      0.552939988327E+00
  151.4000      0.542173840296E+00
  151.5000      0.533583916427E+00
  151.6000      0.518049278196E+00
  151.7000      0.506887869509E+00
  151.8000      0.504264533598E+00
  151.9000      0.499982365936E+00
  152.0000      0.494031311282E+00
  152.1000      0.496563364557E+00
  152.2000      0.506144620995E+00
  152.3000      0.515143258600E+00
  152.4000      0.528140369482E+00
  152.5000      0.550665908948E+00
  152.6000      0.575878714561E+00
  152.7000      0.597332663743E+00
  152.8000      0.620680286775E+00
  152.9000      0.645697827380E+00
  153.0000      0.661881820883E+00
  153.1000      0.668212790639E+00
  153.2000      0.671687372811E+00
  153.3000      0.668801494989E+00
  153.4000      0.653403555359E+00
  153.5000      0.632713358737E+00
  153.6000      0.612110045686E+00
  153.7000      0.588215474004E+00
  153.8000      0.562394100411E+00
  153.9000      0.541032253285E+00
  154.0000      0.524007688670E+00
  154.1000      0.510509566303E+00
  154.2000      0.502543874613E+00
  154.3000      0.497752975518E+00
  154.4000      0.495675768629E+00
  154.5000      0.498886548675E+00
  154.6000      0.503824736866E+00
  154.7000      0.505848347213E+00
  154.8000      0.511246431450E+00
  154.9000      0.522017357729E+00
  155.0000      0.530013582481E+00
  155.1000      0.536722209138E+00
  155.2000      0.550634390819E+00
  155.3000      0.567341386036E+00
  155.4000      0.578683068753E+00
  155.5000      0.590692858371E+00
  155.6000      0.606276521067E+00
  155.7000      0.616260552036E+00
  155.8000      0.617408066970E+00
  155.9000      0.616951323156E+00
  156.0000      0.613966271482E+00
  156.1000      0.601144656894E+00
  156.2000      0.582753119644E+00
  156.3000      0.567206567034E+00
  156.4000      0.551743339290E+00
  156.5000      0.531932080612E+00
  156.6000      0.517620344663E+00
  156.7000      0.514428903894E+00
  156.8000      0.512374888307E+00
  156.9000      0.509503238051E+00
  157.0000      0.517845902104E+00
  157.1000      0.533378619357E+00
  157.2000      0.540191821249E+00
  157.3000      0.545187762680E+00
  157.4000      0.559214548400E+00
  157.5000      0.568387575762E+00
  157.6000      0.563715889525E+00
  157.7000      0.562756378201E+00
  157.8000      0.568822444758E+00
  157.9000      0.564835614397E+00
  158.0000      0.555281896633E+00
  158.1000      0.556567758184E+00
  158.2000      0.560467289948E+00
  158.3000      0.554367994636E+00
  158.4000      0.549857798857E+00
  158.5000      0.552875424646E+00
  158.6000      0.550222448829E+00
  158.7000      0.538938483819E+00
  158.8000      0.531159966673E+00
  158.9000      0.526089083821E+00
  159.0000      0.514159077351E+00
  159.1000      0.501444202236E+00
  159.2000      0.498049718155E+00
  159.3000      0.499073265117E+00
  159.4000      0.498228877193E+00
  159.5000      0.505315032311E+00
  159.6000      0.524185547892E+00
  159.7000      0.542431741024E+00
  159.8000      0.556926967071E+00
  159.9000      0.578069738754E+00
  160.0000      0.600674124562E+00
  160.1000      0.609882506303E+00
  160.2000      0.612389759177E+00
  160.3000      0.617554652750E+00
  160.4000      0.614579648434E+00
  160.5000      0.597965651747E+00
  160.6000      0.582764314429E+00
  160.7000      0.571954109165E+00
  160.8000      0.554787673705E+00
  160.9000      0.535940231160E+00
  161.0000      0.525658194308E+00
  161.1000      0.518745516992E+00
  161.2000      0.508791052691E+00
  161.3000      0.501830534171E+00
  161.4000      0.498882848208E+00
  161.5000      0.494630327700E+00
  161.6000      0.488775008677E+00
  161.7000      0.484797628940E+00
  161.8000      0.482581116076E+00
  161.9000      0.481499322180E+00
  162.0000      0.483957786052E+00
  162.1000      0.491628176423E+00
  162.2000      0.504833493850E+00
  162.3000      0.522003635640E+00
  162.4000      0.543795073088E+00
  162.5000      0.569407522372E+00
  162.6000      0.594489892258E+00
  162.7000      0.615730257688E+00
  162.8000      0.633822791581E+00
  162.9000      0.646334781684E+00
  163.0000      0.648057621251E+00
  163.1000      0.641342180564E+00
  163.2000      0.629200692197E+00
  163.3000      0.610474345252E+00
  163.4000      0.586032111165E+00
  163.5000      0.561484985575E+00
  163.6000      0.538302156393E+00
  163.7000      0.517311561160E+00
  163.8000      0.501186793096E+00
  163.9000      0.488510011731E+00
  164.0000      0.479112871029E+00
  164.1000      0.475338209454E+00
  164.2000      0.474223205670E+00
  164.3000      0.470161978483E+00
  164.4000      0.468466294810E+00
  164.5000      0.471651470576E+00
  164.6000      0.472443882346E+00
  164.7000      0.471877695199E+00
  164.8000      0.479331139616E+00
  164.9000      0.492861594640E+00
  165.0000      0.505413534905E+00
  165.1000      0.523016169828E+00
  165.2000      0.548807709832E+00
  165.3000      0.574917632748E+00
  165.4000      0.596834902676E+00
  165.5000      0.618346606986E+00
  165.6000      0.636663843855E+00
  165.7000      0.644654732803E+00
  165.8000      0.643137520107E+00
  165.9000      0.635989877674E+00
  166.0000      0.622262756131E+00
  166.1000      0.599508782072E+00
  166.2000      0.574702038879E+00
  166.3000      0.553703091499E+00
  166.4000      0.533227566978E+00
  166.5000      0.512427600183E+00
  166.6000      0.500990210053E+00
  166.7000      0.498931111812E+00
  166.8000      0.494242033533E+00
  166.9000      0.490468262329E+00
  167.0000      0.496708286420E+00
  167.1000      0.502743886103E+00
  167.2000      0.498133480665E+00
  167.3000      0.496812018882E+00
  167.4000      0.503566548915E+00
  167.5000      0.503901303434E+00
  167.6000      0.500307409399E+00
  167.7000      0.508819597814E+00
  167.8000      0.524558081169E+00
  167.9000      0.535300631965E+00
  168.0000      0.550337502891E+00
  168.1000      0.574774886351E+00
  168.2000      0.596296853189E+00
  168.3000      0.608775162962E+00
  168.4000      0.620095708821E+00
  168.5000      0.628227840565E+00
  168.6000      0.623345317023E+00
  168.7000      0.608530211492E+00
  168.8000      0.592577717945E+00
  168.9000      0.573871837943E+00
  169.0000      0.547372573530E+00
  169.1000      0.523893473659E+00
  169.2000      0.511495409588E+00
  169.3000      0.501518967354E+00
  169.4000      0.490614660456E+00
  169.5000      0.492411336489E+00
  169.6000      0.504778935337E+00
  169.7000      0.509009131306E+00
  169.8000      0.510566900866E+00
  169.9000      0.522477131094E+00
  170.0000      0.530977847757E+00
  170.1000      0.523583504308E+00
  170.2000      0.519769355249E+00
  170.3000      0.525993903150E+00
  170.4000      0.524744467420E+00
  170.5000      0.519671209699E+00
  170.6000      0.529469544295E+00
  170.7000      0.547587104872E+00
  170.8000      0.559394084454E+00
  170.9000      0.574742318915E+00
  171.0000      0.598300535375E+00
  171.1000      0.616434103946E+00
  171.2000      0.622551197401E+00
  171.3000      0.625909666419E+00
  171.4000      0.625690490935E+00
  171.5000      0.612374928510E+00
  171.6000      0.590602063725E+00
  171.7000      0.571982679041E+00
  171.8000      0.555416377065E+00
  171.9000      0.533832407769E+00
  172.0000      0.519657421462E+00
  172.1000      0.521587449751E+00
  172.2000      0.526250425341E+00
  172.3000      0.527162703028E+00
  172.4000      0.540095177471E+00
  172.5000      0.560964387704E+00
  172.6000      0.565975174463E+00
  172.7000      0.562686120946E+00
  172.8000      0.567502646368E+00
  172.9000      0.565510996963E+00
  173.0000      0.544450362137E+00
  173.1000      0.528481407471E+00
  173.2000      0.525365398987E+00
  173.3000      0.517478235853E+00
  173.4000      0.509639133102E+00
  173.5000      0.519676299009E+00
  173.6000      0.539838902444E+00
  173.7000      0.555124719348E+00
  173.8000      0.573321151950E+00
  173.9000      0.595898361741E+00
  174.0000      0.610753300192E+00
  174.1000      0.611739601058E+00
  174.2000      0.607203163969E+00
  174.3000      0.598448045599E+00
  174.4000      0.578828004832E+00
  174.5000      0.554167447406E+00
  174.6000      0.538472064434E+00
  174.7000      0.532212820240E+00
  174.8000      0.524867968157E+00
  174.9000      0.530194985153E+00
  175.0000      0.557737168172E+00
  175.1000      0.586718286022E+00
  175.2000      0.605267797831E+00
  175.3000      0.633696908830E+00
  175.4000      0.665627784516E+00
  175.5000      0.668459281017E+00
  175.6000      0.654444224842E+00
  175.7000      0.647154990684E+00
  175.8000      0.629366615075E+00
  175.9000      0.588357336116E+00
  176.0000      0.557429251053E+00
  176.1000      0.546142410098E+00
  176.2000      0.535102472492E+00
  176.3000      0.530848440857E+00
  176.4000      0.549336015737E+00
  176.5000      0.579784523364E+00
  176.6000      0.606010830728E+00
  176.7000      0.632308719295E+00
  176.8000      0.653305124194E+00
  176.9000      0.660487134658E+00
  177.0000      0.648948765673E+00
  177.1000      0.625017487557E+00
  177.2000      0.594270570781E+00
  177.3000      0.556329363967E+00
  177.4000      0.519421382724E+00
  177.5000      0.502566539024E+00
  177.6000      0.510482967545E+00
  177.7000      0.523437401709E+00
  177.8000      0.559854888903E+00
  177.9000      0.633339815963E+00
  178.0000      0.704434591234E+00
  178.1000      0.746746080473E+00
  178.2000      0.796949815904E+00
  178.3000      0.844387147451E+00
  178.4000      0.827401413359E+00
  178.5000      0.774164759745E+00
  178.6000      0.733390891181E+00
  178.7000      0.679358085038E+00
  178.8000      0.594507896133E+00
  178.9000      0.549736757349E+00
  179.0000      0.562561026665E+00
  179.1000      0.609612567879E+00
  179.2000      0.712701407826E+00
  179.3000      0.879121264976E+00
  179.4000      0.108863663389E+01
  179.5000      0.133377833164E+01
  179.6000      0.160396674693E+01
  179.7000      0.180786405114E+01
  179.8000      0.198101490978E+01
  179.9000      0.215887052884E+01
  180.0000      0.229559224671E+01
