    0.1000      0.493296723162E+07
    0.2000      0.896226935017E+06
    0.3000      0.276774243962E+06
    0.4000      0.144493768739E+06
    0.5000      0.104880186516E+06
    0.6000      0.630850987576E+05
    0.7000      0.468865188237E+05
    0.8000      0.331739669885E+05
    0.9000      0.285380000921E+05
    1.0000      0.237049896062E+05
    1.1000      0.221208103813E+05
    1.2000      0.184233202624E+05
    1.3000      0.123450698039E+05
    1.4000      0.104876002792E+05
    1.5000      0.948225681793E+04
    1.6000      0.697740537775E+04
    1.7000      0.468242860621E+04
    1.8000      0.371527928097E+04
    1.9000      0.331590112356E+04
    2.0000      0.254444837116E+04
    2.1000      0.195284546064E+04
    2.2000      0.177914778228E+04
    2.3000      0.157801246492E+04
    2.4000      0.114790231341E+04
    2.5000      0.847096749256E+03
    2.6000      0.822410370393E+03
    2.7000      0.767366859212E+03
    2.8000      0.688896076959E+03
    2.9000      0.552218945347E+03
    3.0000      0.399896178940E+03
    3.1000      0.441352122388E+03
    3.2000      0.490668173069E+03
    3.3000      0.487037361180E+03
    3.4000      0.410835108702E+03
    3.5000      0.312679934692E+03
    3.6000      0.311810199366E+03
    3.7000      0.297456694160E+03
    3.8000      0.360351693437E+03
    3.9000      0.415769184645E+03
    4.0000      0.384377620080E+03
    4.1000      0.325296326881E+03
    4.2000      0.237408736841E+03
    4.3000      0.224384611872E+03
    4.4000      0.251012447095E+03
    4.5000      0.288498133447E+03
    4.6000      0.309750732216E+03
    4.7000      0.279567511933E+03
    4.8000      0.220004310954E+03
    4.9000      0.175252672051E+03
    5.0000      0.176072737199E+03
    5.1000      0.209006344021E+03
    5.2000      0.245426398248E+03
    5.3000      0.239466550208E+03
    5.4000      0.212747949796E+03
    5.5000      0.170679616846E+03
    5.6000      0.154231796703E+03
    5.7000      0.162041204119E+03
    5.8000      0.169696745581E+03
    5.9000      0.180867979839E+03
    6.0000      0.165837217420E+03
    6.1000      0.155081721213E+03
    6.2000      0.130881745566E+03
    6.3000      0.110245986473E+03
    6.4000      0.103944713863E+03
    6.5000      0.100121296497E+03
    6.6000      0.112497956173E+03
    6.7000      0.109147028403E+03
    6.8000      0.979505233296E+02
    6.9000      0.769912410833E+02
    7.0000      0.571076345333E+02
    7.1000      0.559129646812E+02
    7.2000      0.647669964712E+02
    7.3000      0.766100909262E+02
    7.4000      0.756597148808E+02
    7.5000      0.617707792919E+02
    7.6000      0.452431003712E+02
    7.7000      0.386379298296E+02
    7.8000      0.428419490851E+02
    7.9000      0.519944513504E+02
    8.0000      0.552447146321E+02
    8.1000      0.490620063095E+02
    8.2000      0.395513676882E+02
    8.3000      0.310213226756E+02
    8.4000      0.290065591985E+02
    8.5000      0.299128613675E+02
    8.6000      0.314872037988E+02
    8.7000      0.317542521375E+02
    8.8000      0.297482820458E+02
    8.9000      0.270287994181E+02
    9.0000      0.224389734614E+02
    9.1000      0.190024498980E+02
    9.2000      0.173391801284E+02
    9.3000      0.195018851153E+02
    9.4000      0.241250238625E+02
    9.5000      0.264189769910E+02
    9.6000      0.252236928602E+02
    9.7000      0.196128901371E+02
    9.8000      0.153332754690E+02
    9.9000      0.155700675912E+02
   10.0000      0.200093967763E+02
   10.1000      0.247929360456E+02
   10.2000      0.250038988993E+02
   10.3000      0.204517298076E+02
   10.4000      0.149359326823E+02
   10.5000      0.127344530257E+02
   10.6000      0.144944635563E+02
   10.7000      0.179497443241E+02
   10.8000      0.182161716415E+02
   10.9000      0.158202125286E+02
   11.0000      0.118399984188E+02
   11.1000      0.996429289988E+01
   11.2000      0.106658037551E+02
   11.3000      0.118035037466E+02
   11.4000      0.121365967654E+02
   11.5000      0.105090774519E+02
   11.6000      0.957532843115E+01
   11.7000      0.936332904322E+01
   11.8000      0.107376539036E+02
   11.9000      0.109850193579E+02
   12.0000      0.102218422862E+02
   12.1000      0.890286103048E+01
   12.2000      0.832661960017E+01
   12.3000      0.992351226551E+01
   12.4000      0.112263822496E+02
   12.5000      0.119234210492E+02
   12.6000      0.104607630233E+02
   12.7000      0.867827777948E+01
   12.8000      0.808752535409E+01
   12.9000      0.905707665636E+01
   13.0000      0.106042043164E+02
   13.1000      0.112487579296E+02
   13.2000      0.103735287700E+02
   13.3000      0.915649190049E+01
   13.4000      0.876418362209E+01
   13.5000      0.926970404276E+01
   13.6000      0.104376370085E+02
   13.7000      0.105883804194E+02
   13.8000      0.103649816289E+02
   13.9000      0.999160637998E+01
   14.0000      0.102667241949E+02
   14.1000      0.111146441869E+02
   14.2000      0.114306961758E+02
   14.3000      0.109841131753E+02
   14.4000      0.101029585478E+02
   14.5000      0.958590547891E+01
   14.6000      0.101459947607E+02
   14.7000      0.109374497910E+02
   14.8000      0.110828808178E+02
   14.9000      0.101080460682E+02
   15.0000      0.832082101193E+01
   15.1000      0.725307582828E+01
   15.2000      0.707139629665E+01
   15.3000      0.777085503930E+01
   15.4000      0.802378105057E+01
   15.5000      0.731745989346E+01
   15.6000      0.593687935501E+01
   15.7000      0.478305649536E+01
   15.8000      0.450753735754E+01
   15.9000      0.505147721711E+01
   16.0000      0.545915896380E+01
   16.1000      0.547853663510E+01
   16.2000      0.497417827796E+01
   16.3000      0.458259328979E+01
   16.4000      0.494195655063E+01
   16.5000      0.524687666019E+01
   16.6000      0.596290330185E+01
   16.7000      0.564473468270E+01
   16.8000      0.561687716979E+01
   16.9000      0.556017051507E+01
   17.0000      0.595219348515E+01
   17.1000      0.673833239406E+01
   17.2000      0.659051949742E+01
   17.3000      0.637786753470E+01
   17.4000      0.534077180908E+01
   17.5000      0.508793027213E+01
   17.6000      0.527054584272E+01
   17.7000      0.584309609937E+01
   17.8000      0.611088119094E+01
   17.9000      0.545062698274E+01
   18.0000      0.440787929021E+01
   18.1000      0.344490272870E+01
   18.2000      0.338664485955E+01
   18.3000      0.401484015705E+01
   18.4000      0.476025322733E+01
   18.5000      0.489057882868E+01
   18.6000      0.423679171702E+01
   18.7000      0.332082366153E+01
   18.8000      0.288895407270E+01
   18.9000      0.318809425953E+01
   19.0000      0.421421962471E+01
   19.1000      0.486180629374E+01
   19.2000      0.517793974392E+01
   19.3000      0.456982344224E+01
   19.4000      0.397931093807E+01
   19.5000      0.371551707698E+01
   19.6000      0.385417495546E+01
   19.7000      0.460457365527E+01
   19.8000      0.482593177826E+01
   19.9000      0.501479553968E+01
   20.0000      0.451056279126E+01
   20.1000      0.409232681642E+01
   20.2000      0.381411967516E+01
   20.3000      0.373068555950E+01
   20.4000      0.390559604437E+01
   20.5000      0.393347936157E+01
   20.6000      0.396184063142E+01
   20.7000      0.390835018272E+01
   20.8000      0.393098439186E+01
   20.9000      0.400427304400E+01
   21.0000      0.407660845812E+01
   21.1000      0.405804151131E+01
   21.2000      0.400261302124E+01
   21.3000      0.406337117029E+01
   21.4000      0.431518377652E+01
   21.5000      0.479516652357E+01
   21.6000      0.529657229164E+01
   21.7000      0.547337691678E+01
   21.8000      0.550103395441E+01
   21.9000      0.503213582176E+01
   22.0000      0.496220612861E+01
   22.1000      0.489047565617E+01
   22.2000      0.533743408967E+01
   22.3000      0.582419212881E+01
   22.4000      0.590494446930E+01
   22.5000      0.590000845876E+01
   22.6000      0.509565731211E+01
   22.7000      0.473707594266E+01
   22.8000      0.419351026095E+01
   22.9000      0.430796654682E+01
   23.0000      0.451334295829E+01
   23.1000      0.464073730877E+01
   23.2000      0.467010754373E+01
   23.3000      0.417161037537E+01
   23.4000      0.376493094736E+01
   23.5000      0.323160966474E+01
   23.6000      0.307976749120E+01
   23.7000      0.312494460113E+01
   23.8000      0.336213545502E+01
   23.9000      0.358903552934E+01
   24.0000      0.367901378809E+01
   24.1000      0.353664654376E+01
   24.2000      0.332957235866E+01
   24.3000      0.303348474050E+01
   24.4000      0.301343873453E+01
   24.5000      0.308861548470E+01
   24.6000      0.344788968330E+01
   24.7000      0.373139299466E+01
   24.8000      0.390908229167E+01
   24.9000      0.387970677368E+01
   25.0000      0.359583799256E+01
   25.1000      0.346847141367E+01
   25.2000      0.325081984624E+01
   25.3000      0.349963610790E+01
   25.4000      0.358013560385E+01
   25.5000      0.388602650237E+01
   25.6000      0.386452377206E+01
   25.7000      0.376109715414E+01
   25.8000      0.357873070002E+01
   25.9000      0.329304197645E+01
   26.0000      0.326965220811E+01
   26.1000      0.315803793324E+01
   26.2000      0.329627941540E+01
   26.3000      0.331467270738E+01
   26.4000      0.336398805558E+01
   26.5000      0.329771714863E+01
   26.6000      0.314471414555E+01
   26.7000      0.292460916973E+01
   26.8000      0.274688658658E+01
   26.9000      0.259259911186E+01
   27.0000      0.265787193594E+01
   27.1000      0.270589200644E+01
   27.2000      0.284165165533E+01
   27.3000      0.279410203991E+01
   27.4000      0.262572707425E+01
   27.5000      0.239711428804E+01
   27.6000      0.215045749449E+01
   27.7000      0.215535702939E+01
   27.8000      0.218188370951E+01
   27.9000      0.241125902416E+01
   28.0000      0.240780612236E+01
   28.1000      0.242339847554E+01
   28.2000      0.219257387293E+01
   28.3000      0.209037480610E+01
   28.4000      0.201300260444E+01
   28.5000      0.207669464792E+01
   28.6000      0.221688386709E+01
   28.7000      0.223645589379E+01
   28.8000      0.228631705187E+01
   28.9000      0.216673383169E+01
   29.0000      0.217034260058E+01
   29.1000      0.214677740326E+01
   29.2000      0.219618630484E+01
   29.3000      0.220234093360E+01
   29.4000      0.215437176655E+01
   29.5000      0.205829790288E+01
   29.6000      0.202836216809E+01
   29.7000      0.200513220244E+01
   29.8000      0.213462179983E+01
   29.9000      0.213418870359E+01
   30.0000      0.214120273466E+01
   30.1000      0.195838098509E+01
   30.2000      0.178089875451E+01
   30.3000      0.168569054899E+01
   30.4000      0.168370537840E+01
   30.5000      0.189797338255E+01
   30.6000      0.199146318358E+01
   30.7000      0.212834893137E+01
   30.8000      0.194856644589E+01
   30.9000      0.184705153181E+01
   31.0000      0.164933865552E+01
   31.1000      0.172960649492E+01
   31.2000      0.191186757585E+01
   31.3000      0.219121222012E+01
   31.4000      0.243761834615E+01
   31.5000      0.244684328485E+01
   31.6000      0.241160773263E+01
   31.7000      0.223123954701E+01
   31.8000      0.223837430691E+01
   31.9000      0.234569012631E+01
   32.0000      0.260577790604E+01
   32.1000      0.285595308349E+01
   32.2000      0.298808511191E+01
   32.3000      0.292479228567E+01
   32.4000      0.280269943556E+01
   32.5000      0.258527384868E+01
   32.6000      0.259531886660E+01
   32.7000      0.259251027723E+01
   32.8000      0.275879480220E+01
   32.9000      0.279857926011E+01
   33.0000      0.271759548681E+01
   33.1000      0.257027931334E+01
   33.2000      0.226073623570E+01
   33.3000      0.214989457329E+01
   33.4000      0.197109323751E+01
   33.5000      0.201866785465E+01
   33.6000      0.194877514183E+01
   33.7000      0.190875976778E+01
   33.8000      0.174736343013E+01
   33.9000      0.157689213919E+01
   34.0000      0.143606510424E+01
   34.1000      0.134689566821E+01
   34.2000      0.133898339721E+01
   34.3000      0.131869144804E+01
   34.4000      0.131737382077E+01
   34.5000      0.126096552254E+01
   34.6000      0.124564708791E+01
   34.7000      0.124652423713E+01
   34.8000      0.130269089027E+01
   34.9000      0.138124102991E+01
   35.0000      0.143448218480E+01
   35.1000      0.146012525561E+01
   35.2000      0.148724176085E+01
   35.3000      0.149227073497E+01
   35.4000      0.163538158681E+01
   35.5000      0.169661984882E+01
   35.6000      0.189998459899E+01
   35.7000      0.190495298510E+01
   35.8000      0.196049981963E+01
   35.9000      0.190485135250E+01
   36.0000      0.186277454670E+01
   36.1000      0.194226629982E+01
   36.2000      0.194117451649E+01
   36.3000      0.211977966528E+01
   36.4000      0.206232821590E+01
   36.5000      0.209974943199E+01
   36.6000      0.193700450704E+01
   36.7000      0.185083867714E+01
   36.8000      0.176581006179E+01
   36.9000      0.172940453713E+01
   37.0000      0.176526958854E+01
   37.1000      0.173594390315E+01
   37.2000      0.171465185896E+01
   37.3000      0.159830716318E+01
   37.4000      0.148758694564E+01
   37.5000      0.137813830090E+01
   37.6000      0.130981396947E+01
   37.7000      0.128658869786E+01
   37.8000      0.128025588382E+01
   37.9000      0.126730751661E+01
   38.0000      0.125534461257E+01
   38.1000      0.119437462685E+01
   38.2000      0.118296099116E+01
   38.3000      0.110914054978E+01
   38.4000      0.113529126938E+01
   38.5000      0.108874623838E+01
   38.6000      0.114480894053E+01
   38.7000      0.114108233466E+01
   38.8000      0.118894663298E+01
   38.9000      0.121995848498E+01
   39.0000      0.121520167484E+01
   39.1000      0.125501091410E+01
   39.2000      0.120022285698E+01
   39.3000      0.125262212017E+01
   39.4000      0.121511964723E+01
   39.5000      0.128978779595E+01
   39.6000      0.129795953557E+01
   39.7000      0.134607754470E+01
   39.8000      0.135197400945E+01
   39.9000      0.133733310241E+01
   40.0000      0.132459362206E+01
   40.1000      0.129855035326E+01
   40.2000      0.129706578621E+01
   40.3000      0.130379972353E+01
   40.4000      0.130329500179E+01
   40.5000      0.131590557399E+01
   40.6000      0.129537613875E+01
   40.7000      0.129289894954E+01
   40.8000      0.127777164818E+01
   40.9000      0.126172660274E+01
   41.0000      0.126832554918E+01
   41.1000      0.122371306506E+01
   41.2000      0.124562170687E+01
   41.3000      0.118821044401E+01
   41.4000      0.124226823471E+01
   41.5000      0.121729243169E+01
   41.6000      0.128539652480E+01
   41.7000      0.127618005715E+01
   41.8000      0.128307095816E+01
   41.9000      0.126140873350E+01
   42.0000      0.121417121096E+01
   42.1000      0.123998601813E+01
   42.2000      0.123159199561E+01
   42.3000      0.132801124583E+01
   42.4000      0.134863945602E+01
   42.5000      0.140344315808E+01
   42.6000      0.137013179552E+01
   42.7000      0.133617023447E+01
   42.8000      0.129498333656E+01
   42.9000      0.128929110824E+01
   43.0000      0.132577965811E+01
   43.1000      0.138954391464E+01
   43.2000      0.142360946120E+01
   43.3000      0.144499817880E+01
   43.4000      0.138240655255E+01
   43.5000      0.134469460011E+01
   43.6000      0.127989157630E+01
   43.7000      0.128672366946E+01
   43.8000      0.131393058625E+01
   43.9000      0.134396144153E+01
   44.0000      0.137874907475E+01
   44.1000      0.132354372276E+01
   44.2000      0.130498000374E+01
   44.3000      0.120857605769E+01
   44.4000      0.122139455918E+01
   44.5000      0.119341289789E+01
   44.6000      0.125493889252E+01
   44.7000      0.125492682869E+01
   44.8000      0.126019559079E+01
   44.9000      0.121945717551E+01
   45.0000      0.116671988240E+01
   45.1000      0.115360732787E+01
   45.2000      0.114523085051E+01
   45.3000      0.120179610063E+01
   45.4000      0.122491753133E+01
   45.5000      0.125241899742E+01
   45.6000      0.122646912581E+01
   45.7000      0.118842250822E+01
   45.8000      0.115911600410E+01
   45.9000      0.116011298529E+01
   46.0000      0.119606047949E+01
   46.1000      0.126236016568E+01
   46.2000      0.128279605880E+01
   46.3000      0.131708579015E+01
   46.4000      0.124621402923E+01
   46.5000      0.124109848720E+01
   46.6000      0.117343451998E+01
   46.7000      0.121195717530E+01
   46.8000      0.123579250575E+01
   46.9000      0.128456903924E+01
   47.0000      0.132628518283E+01
   47.1000      0.128044042971E+01
   47.2000      0.127368689854E+01
   47.3000      0.117045715581E+01
   47.4000      0.117808065995E+01
   47.5000      0.113530710540E+01
   47.6000      0.118694475782E+01
   47.7000      0.119438750307E+01
   47.8000      0.120629489236E+01
   47.9000      0.117981916018E+01
   48.0000      0.112191584720E+01
   48.1000      0.107629519653E+01
   48.2000      0.103053853780E+01
   48.3000      0.102390709154E+01
   48.4000      0.102690667156E+01
   48.5000      0.103164184773E+01
   48.6000      0.102900089550E+01
   48.7000      0.998510321341E+00
   48.8000      0.970573674892E+00
   48.9000      0.935482439711E+00
   49.0000      0.917586509179E+00
   49.1000      0.916498346723E+00
   49.2000      0.905546210186E+00
   49.3000      0.920300129275E+00
   49.4000      0.887012420806E+00
   49.5000      0.904125301605E+00
   49.6000      0.864843730578E+00
   49.7000      0.898420187515E+00
   49.8000      0.879805088706E+00
   49.9000      0.910513762570E+00
   50.0000      0.899742956137E+00
   50.1000      0.892671275649E+00
   50.2000      0.888493578728E+00
   50.3000      0.865389328544E+00
   50.4000      0.897551126596E+00
   50.5000      0.896663023332E+00
   50.6000      0.949491404282E+00
   50.7000      0.949579818363E+00
   50.8000      0.963989294966E+00
   50.9000      0.938549973349E+00
   51.0000      0.918140726417E+00
   51.1000      0.904298523011E+00
   51.2000      0.912311644411E+00
   51.3000      0.936107039884E+00
   51.4000      0.975556919471E+00
   51.5000      0.984251467717E+00
   51.6000      0.996508847640E+00
   51.7000      0.952338485285E+00
   51.8000      0.934877599280E+00
   51.9000      0.893209452845E+00
   52.0000      0.898199011243E+00
   52.1000      0.910816202398E+00
   52.2000      0.931334680848E+00
   52.3000      0.958640950323E+00
   52.4000      0.935786179403E+00
   52.5000      0.930822921657E+00
   52.6000      0.868687039835E+00
   52.7000      0.861012271656E+00
   52.8000      0.823523261664E+00
   52.9000      0.847585906249E+00
   53.0000      0.847949864647E+00
   53.1000      0.869756627951E+00
   53.2000      0.863044457665E+00
   53.3000      0.845209731526E+00
   53.4000      0.821102576748E+00
   53.5000      0.790724962934E+00
   53.6000      0.782951577762E+00
   53.7000      0.778182726687E+00
   53.8000      0.790311097541E+00
   53.9000      0.799443999667E+00
   54.0000      0.799732379414E+00
   54.1000      0.797866477330E+00
   54.2000      0.781565360796E+00
   54.3000      0.774783954903E+00
   54.4000      0.769087042193E+00
   54.5000      0.767125555245E+00
   54.6000      0.782134529532E+00
   54.7000      0.772608276063E+00
   54.8000      0.795188090743E+00
   54.9000      0.771548133536E+00
   55.0000      0.795239357564E+00
   55.1000      0.773451564441E+00
   55.2000      0.796459234873E+00
   55.3000      0.788099174152E+00
   55.4000      0.797616257437E+00
   55.5000      0.798090320588E+00
   55.6000      0.787489240063E+00
   55.7000      0.796216284994E+00
   55.8000      0.780710775052E+00
   55.9000      0.801189337954E+00
   56.0000      0.793760623373E+00
   56.1000      0.813312752323E+00
   56.2000      0.805958353261E+00
   56.3000      0.807024388670E+00
   56.4000      0.793808548694E+00
   56.5000      0.783854368803E+00
   56.6000      0.776997633293E+00
   56.7000      0.777788914952E+00
   56.8000      0.781997929632E+00
   56.9000      0.793463323266E+00
   57.0000      0.790056390255E+00
   57.1000      0.794371774273E+00
   57.2000      0.771381349595E+00
   57.3000      0.767866407317E+00
   57.4000      0.743071845284E+00
   57.5000      0.747535696967E+00
   57.6000      0.741334106232E+00
   57.7000      0.752087802855E+00
   57.8000      0.757815819221E+00
   57.9000      0.753182505007E+00
   58.0000      0.754862968818E+00
   58.1000      0.728624416697E+00
   58.2000      0.730166599889E+00
   58.3000      0.703049885899E+00
   58.4000      0.716918170275E+00
   58.5000      0.705604048466E+00
   58.6000      0.724830573124E+00
   58.7000      0.721599776157E+00
   58.8000      0.726716128082E+00
   58.9000      0.719150346716E+00
   59.0000      0.708242714349E+00
   59.1000      0.700351970788E+00
   59.2000      0.691946701217E+00
   59.3000      0.692785986274E+00
   59.4000      0.698517498904E+00
   59.5000      0.702860130889E+00
   59.6000      0.713639099771E+00
   59.7000      0.709136069385E+00
   59.8000      0.712038589575E+00
   59.9000      0.700126253508E+00
   60.0000      0.695671614113E+00
   60.1000      0.691842081851E+00
   60.2000      0.687188814609E+00
   60.3000      0.700210211862E+00
   60.4000      0.694211823374E+00
   60.5000      0.715125765329E+00
   60.6000      0.700592006643E+00
   60.7000      0.715580025306E+00
   60.8000      0.694054126189E+00
   60.9000      0.700715106961E+00
   61.0000      0.685221885314E+00
   61.1000      0.690000687107E+00
   61.2000      0.689780751285E+00
   61.3000      0.693806214864E+00
   61.4000      0.702513779171E+00
   61.5000      0.699190014565E+00
   61.6000      0.703739121979E+00
   61.7000      0.691635005558E+00
   61.8000      0.689038008024E+00
   61.9000      0.678549734723E+00
   62.0000      0.676658436603E+00
   62.1000      0.677408628075E+00
   62.2000      0.680133586494E+00
   62.3000      0.686588313465E+00
   62.4000      0.687948931067E+00
   62.5000      0.685864441322E+00
   62.6000      0.682524297017E+00
   62.7000      0.667996730399E+00
   62.8000      0.668836636696E+00
   62.9000      0.651843665974E+00
   63.0000      0.666191089843E+00
   63.1000      0.654310783351E+00
   63.2000      0.675327227143E+00
   63.3000      0.664354783721E+00
   63.4000      0.674836677501E+00
   63.5000      0.661020817662E+00
   63.6000      0.655185034234E+00
   63.7000      0.647229322784E+00
   63.8000      0.636175650559E+00
   63.9000      0.644335517319E+00
   64.0000      0.637657062387E+00
   64.1000      0.655575710010E+00
   64.2000      0.648749854638E+00
   64.3000      0.658581425400E+00
   64.4000      0.645335351402E+00
   64.5000      0.641191382495E+00
   64.6000      0.628504050390E+00
   64.7000      0.623121894403E+00
   64.8000      0.621956961835E+00
   64.9000      0.626589058100E+00
   65.0000      0.632272814258E+00
   65.1000      0.641365123625E+00
   65.2000      0.636915190688E+00
   65.3000      0.640533553037E+00
   65.4000      0.620709647342E+00
   65.5000      0.622578239317E+00
   65.6000      0.602242428116E+00
   65.7000      0.612671137285E+00
   65.8000      0.606233665985E+00
   65.9000      0.621203706623E+00
   66.0000      0.624625604723E+00
   66.1000      0.626553149205E+00
   66.2000      0.628461566199E+00
   66.3000      0.610375534715E+00
   66.4000      0.612346236251E+00
   66.5000      0.588933698922E+00
   66.6000      0.601381893586E+00
   66.7000      0.589359334374E+00
   66.8000      0.610151728152E+00
   66.9000      0.607397074524E+00
   67.0000      0.619439452101E+00
   67.1000      0.613328748392E+00
   67.2000      0.607711985389E+00
   67.3000      0.597170620242E+00
   67.4000      0.586947592609E+00
   67.5000      0.582678560755E+00
   67.6000      0.585269929438E+00
   67.7000      0.589154314933E+00
   67.8000      0.603060704003E+00
   67.9000      0.601736467015E+00
   68.0000      0.611385199941E+00
   68.1000      0.596342558303E+00
   68.2000      0.595520941931E+00
   68.3000      0.578937269713E+00
   68.4000      0.576336492555E+00
   68.5000      0.576821621566E+00
   68.6000      0.577387695683E+00
   68.7000      0.595552886482E+00
   68.8000      0.589671230264E+00
   68.9000      0.608970084054E+00
   69.0000      0.587981390266E+00
   69.1000      0.598039447268E+00
   69.2000      0.571680818321E+00
   69.3000      0.578737160914E+00
   69.4000      0.565782651259E+00
   69.5000      0.576945051104E+00
   69.6000      0.581314733561E+00
   69.7000      0.589991622141E+00
   69.8000      0.597126349392E+00
   69.9000      0.593292502349E+00
   70.0000      0.591254810053E+00
   70.1000      0.579759267340E+00
   70.2000      0.573453022860E+00
   70.3000      0.570314386511E+00
   70.4000      0.569757395103E+00
   70.5000      0.580393523211E+00
   70.6000      0.583860606366E+00
   70.7000      0.595260017593E+00
   70.8000      0.593853575767E+00
   70.9000      0.592005884699E+00
   71.0000      0.587076896165E+00
   71.1000      0.573972427007E+00
   71.2000      0.578504532272E+00
   71.3000      0.565487201102E+00
   71.4000      0.585775903790E+00
   71.5000      0.576133324690E+00
   71.6000      0.600915373365E+00
   71.7000      0.588667340491E+00
   71.8000      0.602146074921E+00
   71.9000      0.586722186748E+00
   72.0000      0.586876347578E+00
   72.1000      0.578597604708E+00
   72.2000      0.575664576171E+00
   72.3000      0.582156523444E+00
   72.4000      0.582197333986E+00
   72.5000      0.596116192224E+00
   72.6000      0.594820706181E+00
   72.7000      0.601943495430E+00
   72.8000      0.595651900194E+00
   72.9000      0.592292876005E+00
   73.0000      0.586669531406E+00
   73.1000      0.582243482940E+00
   73.2000      0.584279891801E+00
   73.3000      0.587120006070E+00
   73.4000      0.593067110144E+00
   73.5000      0.600842614778E+00
   73.6000      0.599328156476E+00
   73.7000      0.606128252719E+00
   73.8000      0.592829931178E+00
   73.9000      0.599562609581E+00
   74.0000      0.582707036305E+00
   74.1000      0.594348792082E+00
   74.2000      0.583990725055E+00
   74.3000      0.598924809941E+00
   74.4000      0.595881513411E+00
   74.5000      0.604831575048E+00
   74.6000      0.603755652062E+00
   74.7000      0.600887111045E+00
   74.8000      0.600402736255E+00
   74.9000      0.590750422108E+00
   75.0000      0.594689456202E+00
   75.1000      0.587577036112E+00
   75.2000      0.596630598472E+00
   75.3000      0.594817181579E+00
   75.4000      0.602701553155E+00
   75.5000      0.601815437606E+00
   75.6000      0.602570486979E+00
   75.7000      0.599489115589E+00
   75.8000      0.595420478274E+00
   75.9000      0.592265121573E+00
   76.0000      0.591101674790E+00
   76.1000      0.589975203161E+00
   76.2000      0.595414390258E+00
   76.3000      0.593403106908E+00
   76.4000      0.601870777639E+00
   76.5000      0.594624458746E+00
   76.6000      0.601256556220E+00
   76.7000      0.589883411294E+00
   76.8000      0.594124361330E+00
   76.9000      0.585088029483E+00
   77.0000      0.588684089715E+00
   77.1000      0.586617989497E+00
   77.2000      0.588741090749E+00
   77.3000      0.591871899564E+00
   77.4000      0.589499960299E+00
   77.5000      0.593061942707E+00
   77.6000      0.585886846776E+00
   77.7000      0.587908931808E+00
   77.8000      0.580098697917E+00
   77.9000      0.581951393941E+00
   78.0000      0.577856873549E+00
   78.1000      0.580294400124E+00
   78.2000      0.579844230461E+00
   78.3000      0.581135968444E+00
   78.4000      0.580795848513E+00
   78.5000      0.579424313932E+00
   78.6000      0.576872026595E+00
   78.7000      0.574340779611E+00
   78.8000      0.570591900608E+00
   78.9000      0.570027219867E+00
   79.0000      0.566962293778E+00
   79.1000      0.569349201460E+00
   79.2000      0.566768688789E+00
   79.3000      0.569851804550E+00
   79.4000      0.566102752528E+00
   79.5000      0.567240381863E+00
   79.6000      0.562119888539E+00
   79.7000      0.561233819773E+00
   79.8000      0.556860120271E+00
   79.9000      0.555825050491E+00
   80.0000      0.554165508178E+00
   80.1000      0.553835944427E+00
   80.2000      0.554205511013E+00
   80.3000      0.553244555453E+00
   80.4000      0.553160247494E+00
   80.5000      0.550184505977E+00
   80.6000      0.548476340387E+00
   80.7000      0.544431973819E+00
   80.8000      0.542463020632E+00
   80.9000      0.539786688044E+00
   81.0000      0.539172552446E+00
   81.1000      0.538729408294E+00
   81.2000      0.538763291166E+00
   81.3000      0.538772559076E+00
   81.4000      0.537253208111E+00
   81.5000      0.535793010824E+00
   81.6000      0.532222510535E+00
   81.7000      0.529855065639E+00
   81.8000      0.526498146010E+00
   81.9000      0.525222209138E+00
   82.0000      0.524371587327E+00
   82.1000      0.524287854864E+00
   82.2000      0.525462315008E+00
   82.3000      0.524011888487E+00
   82.4000      0.525016636896E+00
   82.5000      0.520213398816E+00
   82.6000      0.520487489992E+00
   82.7000      0.513820317698E+00
   82.8000      0.515122093932E+00
   82.9000      0.509995742991E+00
   83.0000      0.513295637874E+00
   83.1000      0.510999007241E+00
   83.2000      0.514138498739E+00
   83.3000      0.512783984310E+00
   83.4000      0.512693953708E+00
   83.5000      0.510376832380E+00
   83.6000      0.507195645721E+00
   83.7000      0.504685899561E+00
   83.8000      0.502079283348E+00
   83.9000      0.501161209109E+00
   84.0000      0.502075250942E+00
   84.1000      0.502091374522E+00
   84.2000      0.505398198138E+00
   84.3000      0.503393581901E+00
   84.4000      0.505728606716E+00
   84.5000      0.500565153248E+00
   84.6000      0.500615408923E+00
   84.7000      0.495474035508E+00
   84.8000      0.494791431020E+00
   84.9000      0.494163961195E+00
   85.0000      0.493677471221E+00
   85.1000      0.498330170186E+00
   85.2000      0.495971791531E+00
   85.3000      0.502342160844E+00
   85.4000      0.495702132070E+00
   85.5000      0.500416591069E+00
   85.6000      0.490995292280E+00
   85.7000      0.494389717525E+00
   85.8000      0.487171707619E+00
   85.9000      0.491269730625E+00
   86.0000      0.489427801944E+00
   86.1000      0.493712072048E+00
   86.2000      0.495119126373E+00
   86.3000      0.496583487750E+00
   86.4000      0.496737592422E+00
   86.5000      0.494493170131E+00
   86.6000      0.491937507856E+00
   86.7000      0.489718189203E+00
   86.8000      0.486799158549E+00
   86.9000      0.489141018158E+00
   87.0000      0.487613332522E+00
   87.1000      0.494274201275E+00
   87.2000      0.492496734719E+00
   87.3000      0.498514318019E+00
   87.4000      0.494478544807E+00
   87.5000      0.495859919688E+00
   87.6000      0.491573059730E+00
   87.7000      0.489130562181E+00
   87.8000      0.489508274284E+00
   87.9000      0.486218986574E+00
   88.0000      0.493265075934E+00
   88.1000      0.489583205404E+00
   88.2000      0.499526086996E+00
   88.3000      0.493510297595E+00
   88.4000      0.500857398951E+00
   88.5000      0.492586944341E+00
   88.6000      0.495838835881E+00
   88.7000      0.489186693761E+00
   88.8000      0.491026302467E+00
   88.9000      0.489610274370E+00
   89.0000      0.492158957069E+00
   89.1000      0.494732114360E+00
   89.2000      0.496871650811E+00
   89.3000      0.498495870805E+00
   89.4000      0.498633483618E+00
   89.5000      0.496236713033E+00
   89.6000      0.495884305203E+00
   89.7000      0.491090714994E+00
   89.8000      0.493632080760E+00
   89.9000      0.489749037206E+00
   90.0000      0.495833908993E+00
   90.1000      0.493672361469E+00
   90.2000      0.499612023490E+00
   90.3000      0.497720860190E+00
   90.4000      0.499269763322E+00
   90.5000      0.497517263400E+00
   90.6000      0.494249927005E+00
   90.7000      0.495076039352E+00
   90.8000      0.490005494255E+00
   90.9000      0.495270433674E+00
   91.0000      0.490801483225E+00
   91.1000      0.498583798969E+00
   91.2000      0.494384374395E+00
   91.3000      0.500356839952E+00
   91.4000      0.495492276823E+00
   91.5000      0.497382223110E+00
   91.6000      0.493001607524E+00
   91.7000      0.492550485599E+00
   91.8000      0.490918866522E+00
   91.9000      0.491127161227E+00
   92.0000      0.492262047759E+00
   92.1000      0.493817767368E+00
   92.2000      0.494635445082E+00
   92.3000      0.496071198727E+00
   92.4000      0.493666534638E+00
   92.5000      0.494390025625E+00
   92.6000      0.489377282004E+00
   92.7000      0.490860390790E+00
   92.8000      0.486464738741E+00
   92.9000      0.489794363367E+00
   93.0000      0.487991123726E+00
   93.1000      0.491423121323E+00
   93.2000      0.491216044584E+00
   93.3000      0.491586353016E+00
   93.4000      0.491350500075E+00
   93.5000      0.487809208274E+00
   93.6000      0.487992308493E+00
   93.7000      0.483106449040E+00
   93.8000      0.485337881848E+00
   93.9000      0.482043314354E+00
   94.0000      0.486050707358E+00
   94.1000      0.484493031682E+00
   94.2000      0.487499699120E+00
   94.3000      0.485778532357E+00
   94.4000      0.485595569554E+00
   94.5000      0.482971586361E+00
   94.6000      0.480725137437E+00
   94.7000      0.478649499868E+00
   94.8000      0.477432687073E+00
   94.9000      0.477116581482E+00
   95.0000      0.478301711594E+00
   95.1000      0.478510704752E+00
   95.2000      0.480456018519E+00
   95.3000      0.478837993542E+00
   95.4000      0.479354717909E+00
   95.5000      0.475621069111E+00
   95.6000      0.474666347574E+00
   95.7000      0.471338952780E+00
   95.8000      0.470492290769E+00
   95.9000      0.470126814411E+00
   96.0000      0.469939522032E+00
   96.1000      0.472278507860E+00
   96.2000      0.471293339917E+00
   96.3000      0.473776745418E+00
   96.4000      0.470560005889E+00
   96.5000      0.471348098041E+00
   96.6000      0.466799152920E+00
   96.7000      0.466521485908E+00
   96.8000      0.463326128467E+00
   96.9000      0.463642128162E+00
   97.0000      0.463361828037E+00
   97.1000      0.464472339759E+00
   97.2000      0.465766233687E+00
   97.3000      0.466168915932E+00
   97.4000      0.466318276532E+00
   97.5000      0.465064497119E+00
   97.6000      0.462973514981E+00
   97.7000      0.461364464264E+00
   97.8000      0.458473744419E+00
   97.9000      0.458766127921E+00
   98.0000      0.456984448219E+00
   98.1000      0.459531472722E+00
   98.2000      0.459000322335E+00
   98.3000      0.461415550407E+00
   98.4000      0.460941980930E+00
   98.5000      0.460462441399E+00
   98.6000      0.459807539586E+00
   98.7000      0.456069645537E+00
   98.8000      0.456805139747E+00
   98.9000      0.451824399025E+00
   99.0000      0.455438707106E+00
   99.1000      0.451150447606E+00
   99.2000      0.456810645131E+00
   99.3000      0.453365303429E+00
   99.4000      0.458265454863E+00
   99.5000      0.454885929815E+00
   99.6000      0.456870294232E+00
   99.7000      0.453657968102E+00
   99.8000      0.453110755931E+00
   99.9000      0.451242774769E+00
  100.0000      0.450322448848E+00
  100.1000      0.450445492541E+00
  100.2000      0.450860701685E+00
  100.3000      0.451809945090E+00
  100.4000      0.453630443379E+00
  100.5000      0.453135166613E+00
  100.6000      0.455533389203E+00
  100.7000      0.452248350915E+00
  100.8000      0.454863630307E+00
  100.9000      0.449661466181E+00
  101.0000      0.452866231656E+00
  101.1000      0.448145195755E+00
  101.2000      0.451974783314E+00
  101.3000      0.449723657353E+00
  101.4000      0.452870994521E+00
  101.5000      0.453388827903E+00
  101.6000      0.453727384078E+00
  101.7000      0.456099487296E+00
  101.8000      0.452526297914E+00
  101.9000      0.456018966963E+00
  102.0000      0.449745990783E+00
  102.1000      0.454338929079E+00
  102.2000      0.448112344322E+00
  102.3000      0.453610900399E+00
  102.4000      0.449535409191E+00
  102.5000      0.454647701709E+00
  102.6000      0.452823055454E+00
  102.7000      0.455747464127E+00
  102.8000      0.454918502181E+00
  102.9000      0.455067431629E+00
  103.0000      0.454195991886E+00
  103.1000      0.453114624747E+00
  103.2000      0.451996431603E+00
  103.3000      0.452315761973E+00
  103.4000      0.450840459414E+00
  103.5000      0.454242142043E+00
  103.6000      0.451602124048E+00
  103.7000      0.457736643550E+00
  103.8000      0.452822638575E+00
  103.9000      0.460000033856E+00
  104.0000      0.452699767109E+00
  104.1000      0.459402781927E+00
  104.2000      0.451376869585E+00
  104.3000      0.457048365088E+00
  104.4000      0.450957061930E+00
  104.5000      0.455485950948E+00
  104.6000      0.453142557720E+00
  104.7000      0.455944583660E+00
  104.8000      0.457034220528E+00
  104.9000      0.457097787962E+00
  105.0000      0.459693648495E+00
  105.1000      0.456819942352E+00
  105.2000      0.459152750049E+00
  105.3000      0.454976772954E+00
  105.4000      0.456586219044E+00
  105.5000      0.453833689788E+00
  105.6000      0.455004003433E+00
  105.7000      0.455334156249E+00
  105.8000      0.455840592988E+00
  105.9000      0.458445871116E+00
  106.0000      0.457483662231E+00
  106.1000      0.459978490972E+00
  106.2000      0.457517348632E+00
  106.3000      0.458109787534E+00
  106.4000      0.455864711738E+00
  106.5000      0.454440967232E+00
  106.6000      0.454909098706E+00
  106.7000      0.452134549250E+00
  106.8000      0.456476396390E+00
  106.9000      0.452409263465E+00
  107.0000      0.459419235053E+00
  107.1000      0.453494924706E+00
  107.2000      0.460719772685E+00
  107.3000      0.453049609273E+00
  107.4000      0.458786305582E+00
  107.5000      0.451017347374E+00
  107.6000      0.455162138004E+00
  107.7000      0.449631520619E+00
  107.8000      0.452814556953E+00
  107.9000      0.450683746986E+00
  108.0000      0.452992815684E+00
  108.1000      0.453232586989E+00
  108.2000      0.454101220506E+00
  108.3000      0.454388754219E+00
  108.4000      0.453743729572E+00
  108.5000      0.452402656268E+00
  108.6000      0.451589395770E+00
  108.7000      0.448652773461E+00
  108.8000      0.449752993046E+00
  108.9000      0.446211279686E+00
  109.0000      0.450172418537E+00
  109.1000      0.446492062508E+00
  109.2000      0.452037934625E+00
  109.3000      0.447807331215E+00
  109.4000      0.452450924856E+00
  109.5000      0.447529073432E+00
  109.6000      0.449696715774E+00
  109.7000      0.445254335231E+00
  109.8000      0.445264974142E+00
  109.9000      0.443152374839E+00
  110.0000      0.442181487475E+00
  110.1000      0.443159590069E+00
  110.2000      0.441670112241E+00
  110.3000      0.444536031723E+00
  110.4000      0.442078674945E+00
  110.5000      0.444704415202E+00
  110.6000      0.441101765273E+00
  110.7000      0.442214591154E+00
  110.8000      0.438449751402E+00
  110.9000      0.438309390701E+00
  111.0000      0.435940868185E+00
  111.1000      0.435496319398E+00
  111.2000      0.435237797692E+00
  111.3000      0.434956574993E+00
  111.4000      0.435952739253E+00
  111.5000      0.435575267682E+00
  111.6000      0.436083981003E+00
  111.7000      0.435355477842E+00
  111.8000      0.434144271030E+00
  111.9000      0.433549496694E+00
  112.0000      0.430724701575E+00
  112.1000      0.431310460496E+00
  112.2000      0.427907089465E+00
  112.3000      0.430261886842E+00
  112.4000      0.427113363296E+00
  112.5000      0.430554074945E+00
  112.6000      0.427644260565E+00
  112.7000      0.430591694039E+00
  112.8000      0.427522496942E+00
  112.9000      0.428813314766E+00
  113.0000      0.425709903556E+00
  113.1000      0.425493248436E+00
  113.2000      0.423142765121E+00
  113.3000      0.422442699499E+00
  113.4000      0.421449694825E+00
  113.5000      0.421009782781E+00
  113.6000      0.421024315464E+00
  113.7000      0.420776795364E+00
  113.8000      0.420747771144E+00
  113.9000      0.420312498067E+00
  114.0000      0.419440360856E+00
  114.1000      0.418807977123E+00
  114.2000      0.417138290102E+00
  114.3000      0.416703462755E+00
  114.4000      0.414897786543E+00
  114.5000      0.414968222185E+00
  114.6000      0.413696373033E+00
  114.7000      0.414113095883E+00
  114.8000      0.413649795229E+00
  114.9000      0.413836230133E+00
  115.0000      0.414026064770E+00
  115.1000      0.413370035374E+00
  115.2000      0.413850691898E+00
  115.3000      0.412180087587E+00
  115.4000      0.412692148242E+00
  115.5000      0.410501599117E+00
  115.6000      0.411032501639E+00
  115.7000      0.409165930852E+00
  115.8000      0.409759211665E+00
  115.9000      0.408739815847E+00
  116.0000      0.409205701955E+00
  116.1000      0.408867546759E+00
  116.2000      0.408845488848E+00
  116.3000      0.408623107994E+00
  116.4000      0.408004020213E+00
  116.5000      0.407475889132E+00
  116.6000      0.406650381287E+00
  116.7000      0.405739133278E+00
  116.8000      0.405336252934E+00
  116.9000      0.404125816733E+00
  117.0000      0.404558089274E+00
  117.1000      0.403110947593E+00
  117.2000      0.404374915062E+00
  117.3000      0.402732408067E+00
  117.4000      0.404465524961E+00
  117.5000      0.402719230155E+00
  117.6000      0.404313680389E+00
  117.7000      0.402678830271E+00
  117.8000      0.403497757138E+00
  117.9000      0.402386077907E+00
  118.0000      0.402117291194E+00
  118.1000      0.402070867125E+00
  118.2000      0.400882597412E+00
  118.3000      0.402232460089E+00
  118.4000      0.400492518864E+00
  118.5000      0.402949628109E+00
  118.6000      0.400889590366E+00
  118.7000      0.403546820964E+00
  118.8000      0.401331689743E+00
  118.9000      0.403233365917E+00
  119.0000      0.401232411971E+00
  119.1000      0.401992786583E+00
  119.2000      0.400738778383E+00
  119.3000      0.400597929361E+00
  119.4000      0.400401258736E+00
  119.5000      0.399823721152E+00
  119.6000      0.400458333008E+00
  119.7000      0.399857446916E+00
  119.8000      0.400607233771E+00
  119.9000      0.400371273944E+00
  120.0000      0.400364563000E+00
  120.1000      0.400898932957E+00
  120.2000      0.399485589405E+00
  120.3000      0.401162040179E+00
  120.4000      0.398149018279E+00
  120.5000      0.401247141810E+00
  120.6000      0.396949289155E+00
  120.7000      0.401495000278E+00
  120.8000      0.396580665843E+00
  120.9000      0.402084805717E+00
  121.0000      0.397233025079E+00
  121.1000      0.402692891510E+00
  121.2000      0.398353481335E+00
  121.3000      0.402700319971E+00
  121.4000      0.399212483390E+00
  121.5000      0.401880260991E+00
  121.6000      0.399604343754E+00
  121.7000      0.400770177652E+00
  121.8000      0.399833442177E+00
  121.9000      0.400160747698E+00
  122.0000      0.400144633825E+00
  122.1000      0.400339548858E+00
  122.2000      0.400373145525E+00
  122.3000      0.401030226728E+00
  122.4000      0.400174395449E+00
  122.5000      0.401841319669E+00
  122.6000      0.399440897337E+00
  122.7000      0.402505590437E+00
  122.8000      0.398363593931E+00
  122.9000      0.402870647722E+00
  123.0000      0.397253323328E+00
  123.1000      0.402922390623E+00
  123.2000      0.396523492358E+00
  123.3000      0.402802425749E+00
  123.4000      0.396601219817E+00
  123.5000      0.402672641242E+00
  123.6000      0.397527849157E+00
  123.7000      0.402463753145E+00
  123.8000      0.398804045411E+00
  123.9000      0.401882724705E+00
  124.0000      0.399805314077E+00
  124.1000      0.400880940640E+00
  124.2000      0.400269308909E+00
  124.3000      0.399914198139E+00
  124.4000      0.400364599984E+00
  124.5000      0.399527662571E+00
  124.6000      0.400328605763E+00
  124.7000      0.399902571407E+00
  124.8000      0.400160805585E+00
  124.9000      0.400827001602E+00
  125.0000      0.399749380900E+00
  125.1000      0.401861361010E+00
  125.2000      0.399032065355E+00
  125.3000      0.402532533552E+00
  125.4000      0.397985033969E+00
  125.5000      0.402511526815E+00
  125.6000      0.396808497264E+00
  125.7000      0.401832852480E+00
  125.8000      0.396053461301E+00
  125.9000      0.400980192707E+00
  126.0000      0.396244840869E+00
  126.1000      0.400370912373E+00
  126.2000      0.397318274847E+00
  126.3000      0.399803391713E+00
  126.4000      0.398491125675E+00
  126.5000      0.398798310500E+00
  126.6000      0.398948243554E+00
  126.7000      0.397332450188E+00
  126.8000      0.398639836107E+00
  126.9000      0.396033273080E+00
  127.0000      0.398095366271E+00
  127.1000      0.395613952064E+00
  127.2000      0.397705407526E+00
  127.3000      0.396164846768E+00
  127.4000      0.397408190899E+00
  127.5000      0.397188955058E+00
  127.6000      0.396877636956E+00
  127.7000      0.398045377926E+00
  127.8000      0.395914586250E+00
  127.9000      0.398222098311E+00
  128.0000      0.394591734934E+00
  128.1000      0.397608075404E+00
  128.2000      0.393286162950E+00
  128.3000      0.396551940414E+00
  128.4000      0.392631232793E+00
  128.5000      0.395561376788E+00
  128.6000      0.392936963137E+00
  128.7000      0.394792176865E+00
  128.8000      0.393741996457E+00
  128.9000      0.393807353452E+00
  129.0000      0.394188116603E+00
  129.1000      0.392236956512E+00
  129.2000      0.393829984098E+00
  129.3000      0.390427725594E+00
  129.4000      0.393020169425E+00
  129.5000      0.389139130901E+00
  129.6000      0.392291076412E+00
  129.7000      0.388803160472E+00
  129.8000      0.391729415810E+00
  129.9000      0.389180996455E+00
  130.0000      0.391108839524E+00
  130.1000      0.389793632504E+00
  130.2000      0.390256356519E+00
  130.3000      0.390264146005E+00
  130.4000      0.389203022102E+00
  130.5000      0.390276159327E+00
  130.6000      0.388013673529E+00
  130.7000      0.389687557181E+00
  130.8000      0.386872753614E+00
  130.9000      0.388641975175E+00
  131.0000      0.386157125689E+00
  131.1000      0.387497678896E+00
  131.2000      0.386025229646E+00
  131.3000      0.386388105536E+00
  131.4000      0.386179861382E+00
  131.5000      0.385097699360E+00
  131.6000      0.386109370658E+00
  131.7000      0.383554806679E+00
  131.8000      0.385629607647E+00
  131.9000      0.382033865902E+00
  132.0000      0.384904538285E+00
  132.1000      0.380891787102E+00
  132.2000      0.384043315359E+00
  132.3000      0.380218182528E+00
  132.4000      0.383075773534E+00
  132.5000      0.380010748241E+00
  132.6000      0.382156280204E+00
  132.7000      0.380333266381E+00
  132.8000      0.381532657860E+00
  132.9000      0.381010128803E+00
  133.0000      0.381069602597E+00
  133.1000      0.381436928864E+00
  133.2000      0.380310161440E+00
  133.3000      0.380976266193E+00
  133.4000      0.379077178860E+00
  133.5000      0.379674025338E+00
  133.6000      0.377784795249E+00
  133.7000      0.378136053371E+00
  133.8000      0.377009935628E+00
  133.9000      0.376877749975E+00
  134.0000      0.376842892205E+00
  134.1000      0.375928304073E+00
  134.2000      0.376934461475E+00
  134.3000      0.375037594290E+00
  134.4000      0.376824291528E+00
  134.5000      0.373999442479E+00
  134.6000      0.376209994968E+00
  134.7000      0.372752189035E+00
  134.8000      0.375059331165E+00
  134.9000      0.371562457227E+00
  135.0000      0.373813999913E+00
  135.1000      0.371031834597E+00
  135.2000      0.373168674715E+00
  135.3000      0.371614714967E+00
  135.4000      0.373352774481E+00
  135.5000      0.372865172473E+00
  135.6000      0.373663748212E+00
  135.7000      0.373590881161E+00
  135.8000      0.373091251165E+00
  135.9000      0.372904385761E+00
  136.0000      0.371436965882E+00
  136.1000      0.371112912134E+00
  136.2000      0.369535172700E+00
  136.3000      0.369300447356E+00
  136.4000      0.368417311320E+00
  136.5000      0.368286003098E+00
  136.6000      0.368385095058E+00
  136.7000      0.368044310134E+00
  136.8000      0.368947751132E+00
  136.9000      0.367962169395E+00
  137.0000      0.369270804508E+00
  137.1000      0.367385373038E+00
  137.2000      0.368764352614E+00
  137.3000      0.366129558250E+00
  137.4000      0.367505308899E+00
  137.5000      0.364764752816E+00
  137.6000      0.366337814205E+00
  137.7000      0.364307267100E+00
  137.8000      0.366172438268E+00
  137.9000      0.365228489127E+00
  138.0000      0.367001927990E+00
  138.1000      0.366748042785E+00
  138.2000      0.367686041149E+00
  138.3000      0.367374548974E+00
  138.4000      0.367064847766E+00
  138.5000      0.366322701756E+00
  138.6000      0.365130882849E+00
  138.7000      0.364214688023E+00
  138.8000      0.363038343070E+00
  138.9000      0.362398167600E+00
  139.0000      0.361977799525E+00
  139.1000      0.361739572461E+00
  139.2000      0.362281709615E+00
  139.3000      0.362119056551E+00
  139.4000      0.363340396512E+00
  139.5000      0.362719432612E+00
  139.6000      0.364153592146E+00
  139.7000      0.362679915994E+00
  139.8000      0.363966032197E+00
  139.9000      0.361714295655E+00
  140.0000      0.362858552926E+00
  140.1000      0.360465165915E+00
  140.2000      0.361758189003E+00
  140.3000      0.360026443393E+00
  140.4000      0.361628664564E+00
  140.5000      0.360874914422E+00
  140.6000      0.362409220777E+00
  140.7000      0.362195382397E+00
  140.8000      0.362988635814E+00
  140.9000      0.362621163668E+00
  141.0000      0.362350317697E+00
  141.1000      0.361548910593E+00
  141.2000      0.360620976897E+00
  141.3000      0.359667669391E+00
  141.4000      0.358891012323E+00
  141.5000      0.358169074994E+00
  141.6000      0.358187453524E+00
  141.7000      0.357777287292E+00
  141.8000      0.358793415742E+00
  141.9000      0.358382300263E+00
  142.0000      0.360195873144E+00
  142.1000      0.359273906123E+00
  142.2000      0.361453082059E+00
  142.3000      0.359580156007E+00
  142.4000      0.361693257286E+00
  142.5000      0.358870865923E+00
  142.6000      0.360811487617E+00
  142.7000      0.357652511257E+00
  142.8000      0.359627006078E+00
  142.9000      0.356981894836E+00
  143.0000      0.359126753950E+00
  143.1000      0.357432770435E+00
  143.2000      0.359414848415E+00
  143.3000      0.358414188103E+00
  143.4000      0.359662368215E+00
  143.5000      0.358881379476E+00
  143.6000      0.359142946124E+00
  143.7000      0.358386455585E+00
  143.8000      0.357964536453E+00
  143.9000      0.357384322408E+00
  144.0000      0.356861246161E+00
  144.1000      0.356570068826E+00
  144.2000      0.356443843070E+00
  144.3000      0.356349414929E+00
  144.4000      0.356963102268E+00
  144.5000      0.356746131208E+00
  144.6000      0.358202728920E+00
  144.7000      0.357371054386E+00
  144.8000      0.359493597294E+00
  144.9000      0.357541563492E+00
  145.0000      0.359991134709E+00
  145.1000      0.356788238664E+00
  145.2000      0.359436752671E+00
  145.3000      0.355500307660E+00
  145.4000      0.358493470906E+00
  145.5000      0.354642636930E+00
  145.6000      0.358002023817E+00
  145.7000      0.354735467970E+00
  145.8000      0.358055103242E+00
  145.9000      0.355384790485E+00
  146.0000      0.358069179738E+00
  146.1000      0.355892012164E+00
  146.2000      0.357605365138E+00
  146.3000      0.356042011232E+00
  146.4000      0.356806227532E+00
  146.5000      0.356031035148E+00
  146.6000      0.355982604051E+00
  146.7000      0.356019582849E+00
  146.8000      0.355413237561E+00
  146.9000      0.356139141087E+00
  147.0000      0.355351026409E+00
  147.1000      0.356481809349E+00
  147.2000      0.355898529763E+00
  147.3000      0.356933305274E+00
  147.4000      0.356673970081E+00
  147.5000      0.356933712688E+00
  147.6000      0.356969878982E+00
  147.7000      0.356116730376E+00
  147.8000      0.356643506292E+00
  147.9000      0.354893018762E+00
  148.0000      0.356250085253E+00
  148.1000      0.354044578034E+00
  148.2000      0.356336511313E+00
  148.3000      0.353878772740E+00
  148.4000      0.356724157603E+00
  148.5000      0.353990973288E+00
  148.6000      0.356862332817E+00
  148.7000      0.354039290593E+00
  148.8000      0.356559415064E+00
  148.9000      0.354093541254E+00
  149.0000      0.355959562802E+00
  149.1000      0.354308537689E+00
  149.2000      0.355197035011E+00
  149.3000      0.354677744183E+00
  149.4000      0.354412793137E+00
  149.5000      0.355258618602E+00
  149.6000      0.353924670454E+00
  149.7000      0.356154595528E+00
  149.8000      0.353866589863E+00
  149.9000      0.357097905115E+00
  150.0000      0.353831305689E+00
  150.1000      0.357420887957E+00
  150.2000      0.353242889956E+00
  150.3000      0.356790154474E+00
  150.4000      0.352242434323E+00
  150.5000      0.355768316786E+00
  150.6000      0.351628019594E+00
  150.7000      0.355104017942E+00
  150.8000      0.351869291264E+00
  150.9000      0.354942305077E+00
  151.0000      0.352707701650E+00
  151.1000      0.354901158988E+00
  151.2000      0.353556720772E+00
  151.3000      0.354668836005E+00
  151.4000      0.354101701670E+00
  151.5000      0.354285946382E+00
  151.6000      0.354230862951E+00
  151.7000      0.353777305117E+00
  151.8000      0.353844687505E+00
  151.9000      0.353234434665E+00
  152.0000      0.353185015074E+00
  152.1000      0.353078658815E+00
  152.2000      0.352775794791E+00
  152.3000      0.353680292935E+00
  152.4000      0.352778072089E+00
  152.5000      0.354741591829E+00
  152.6000      0.352612001500E+00
  152.7000      0.355411622919E+00
  152.8000      0.351628430709E+00
  152.9000      0.355274117594E+00
  153.0000      0.350026803760E+00
  153.1000      0.354778405487E+00
  153.2000      0.348673977432E+00
  153.3000      0.354607247250E+00
  153.4000      0.348235303788E+00
  153.5000      0.354954738226E+00
  153.6000      0.348697514001E+00
  153.7000      0.355509354333E+00
  153.8000      0.349693350506E+00
  153.9000      0.355935078605E+00
  154.0000      0.350812203474E+00
  154.1000      0.355843299532E+00
  154.2000      0.351455916893E+00
  154.3000      0.354758239530E+00
  154.4000      0.351215867616E+00
  154.5000      0.352755069919E+00
  154.6000      0.350483609752E+00
  154.7000      0.350717799658E+00
  154.8000      0.350205095567E+00
  154.9000      0.349661930841E+00
  155.0000      0.350928444059E+00
  155.1000      0.349776765698E+00
  155.2000      0.352163478389E+00
  155.3000      0.350319875542E+00
  155.4000      0.352965615416E+00
  155.5000      0.350591426077E+00
  155.6000      0.352942305764E+00
  155.7000      0.350501924241E+00
  155.8000      0.352278950128E+00
  155.9000      0.350225599176E+00
  156.0000      0.351281709860E+00
  156.1000      0.349945790151E+00
  156.2000      0.350296984580E+00
  156.3000      0.349938157022E+00
  156.4000      0.349761004532E+00
  156.5000      0.350483377862E+00
  156.6000      0.349880647517E+00
  156.7000      0.351359279580E+00
  156.8000      0.350166436191E+00
  156.9000      0.351693330137E+00
  157.0000      0.349848011758E+00
  157.1000      0.350908526672E+00
  157.2000      0.348950448876E+00
  157.3000      0.349494362054E+00
  157.4000      0.348335014638E+00
  157.5000      0.348367552077E+00
  157.6000      0.348652446417E+00
  157.7000      0.347890316840E+00
  157.8000      0.349777451472E+00
  157.9000      0.347801127904E+00
  158.0000      0.351190891404E+00
  158.1000      0.347742457158E+00
  158.2000      0.352468600433E+00
  158.3000      0.347476729212E+00
  158.4000      0.353231832813E+00
  158.5000      0.346696590080E+00
  158.6000      0.353060045193E+00
  158.7000      0.345251731774E+00
  158.8000      0.352022438763E+00
  158.9000      0.343743494040E+00
  159.0000      0.350978678032E+00
  159.1000      0.343214994041E+00
  159.2000      0.350705097598E+00
  159.3000      0.343984439968E+00
  159.4000      0.350971057029E+00
  159.5000      0.345329963518E+00
  159.6000      0.350965503849E+00
  159.7000      0.346444858921E+00
  159.8000      0.350320386180E+00
  159.9000      0.347163772089E+00
  160.0000      0.349250900998E+00
  160.1000      0.347624637547E+00
  160.2000      0.347962826129E+00
  160.3000      0.347798603505E+00
  160.4000      0.346530858856E+00
  160.5000      0.347753172462E+00
  160.6000      0.345336675125E+00
  160.7000      0.347938223285E+00
  160.8000      0.344936380378E+00
  160.9000      0.348607914445E+00
  161.0000      0.345249776792E+00
  161.1000      0.349217826930E+00
  161.2000      0.345494209169E+00
  161.3000      0.349040435810E+00
  161.4000      0.345243244383E+00
  161.5000      0.348198287485E+00
  161.6000      0.344959225469E+00
  161.7000      0.347424596772E+00
  161.8000      0.345130608822E+00
  161.9000      0.346980193494E+00
  162.0000      0.345532697940E+00
  162.1000      0.346560055441E+00
  162.2000      0.345795737918E+00
  162.3000      0.346140230888E+00
  162.4000      0.346051305525E+00
  162.5000      0.346056847306E+00
  162.6000      0.346425123442E+00
  162.7000      0.346214096112E+00
  162.8000      0.346455754478E+00
  162.9000      0.346067267682E+00
  163.0000      0.345721096006E+00
  163.1000      0.345581459873E+00
  163.2000      0.344639285962E+00
  163.3000      0.345431754913E+00
  163.4000      0.343927766235E+00
  163.5000      0.345964029478E+00
  163.6000      0.343563888398E+00
  163.7000      0.346676727468E+00
  163.8000      0.343029638413E+00
  163.9000      0.347107778183E+00
  164.0000      0.342360913898E+00
  164.1000      0.347523175592E+00
  164.2000      0.342099721951E+00
  164.3000      0.348197736224E+00
  164.4000      0.342266460847E+00
  164.5000      0.348665106338E+00
  164.6000      0.342270096770E+00
  164.7000      0.348365826766E+00
  164.8000      0.341942939020E+00
  164.9000      0.347526069819E+00
  165.0000      0.341802155488E+00
  165.1000      0.346659328724E+00
  165.2000      0.342079457822E+00
  165.3000      0.345651448247E+00
  165.4000      0.342372176201E+00
  165.5000      0.344187479452E+00
  165.6000      0.342608571054E+00
  165.7000      0.342738658137E+00
  165.8000      0.343474378377E+00
  165.9000      0.342139800368E+00
  166.0000      0.345304143972E+00
  166.1000      0.342288985825E+00
  166.2000      0.347277177730E+00
  166.3000      0.342203235391E+00
  166.4000      0.348376099086E+00
  166.5000      0.341384835996E+00
  166.6000      0.348543088449E+00
  166.7000      0.340243395203E+00
  166.8000      0.348231714355E+00
  166.9000      0.339130552130E+00
  167.0000      0.347472446558E+00
  167.1000      0.337989591276E+00
  167.2000      0.346265939409E+00
  167.3000      0.337213393700E+00
  167.4000      0.345372489576E+00
  167.5000      0.337761794578E+00
  167.6000      0.345600367092E+00
  167.7000      0.339816320405E+00
  167.8000      0.346478410416E+00
  167.9000      0.342136570317E+00
  168.0000      0.346641101970E+00
  168.1000      0.343419444288E+00
  168.2000      0.345505732986E+00
  168.3000      0.343645583629E+00
  168.4000      0.343667251489E+00
  168.5000      0.343486724055E+00
  168.6000      0.341713673910E+00
  168.7000      0.343164768139E+00
  168.8000      0.339757907913E+00
  168.9000      0.342764256295E+00
  169.0000      0.338287159203E+00
  169.1000      0.342985598429E+00
  169.2000      0.338239297420E+00
  169.3000      0.344400573177E+00
  169.4000      0.339637447102E+00
  169.5000      0.346231622451E+00
  169.6000      0.341096020891E+00
  169.7000      0.346995890532E+00
  169.8000      0.341397175020E+00
  169.9000      0.346314534677E+00
  170.0000      0.340827440252E+00
  170.1000      0.345090917477E+00
  170.2000      0.340299829389E+00
  170.3000      0.343966764071E+00
  170.4000      0.339977835198E+00
  170.5000      0.342767709553E+00
  170.6000      0.339673038408E+00
  170.7000      0.341618958611E+00
  170.8000      0.339855699418E+00
  170.9000      0.341303638683E+00
  171.0000      0.341029710807E+00
  171.1000      0.341940215483E+00
  171.2000      0.342482549479E+00
  171.3000      0.342417097601E+00
  171.4000      0.342951178618E+00
  171.5000      0.341937758276E+00
  171.6000      0.342447158048E+00
  171.7000      0.341214482764E+00
  171.8000      0.342175487025E+00
  171.9000      0.341229727498E+00
  172.0000      0.342574022707E+00
  172.1000      0.341653830158E+00
  172.2000      0.342747102516E+00
  172.3000      0.341602354063E+00
  172.4000      0.342150192371E+00
  172.5000      0.341261619363E+00
  172.6000      0.341473141496E+00
  172.7000      0.341407051394E+00
  172.8000      0.341234532270E+00
  172.9000      0.341766137035E+00
  173.0000      0.340838687211E+00
  173.1000      0.341426503295E+00
  173.2000      0.339994984793E+00
  173.3000      0.340745421051E+00
  173.4000      0.339841710848E+00
  173.5000      0.341141679510E+00
  173.6000      0.341290652237E+00
  173.7000      0.342679782032E+00
  173.8000      0.343168200764E+00
  173.9000      0.343533355856E+00
  174.0000      0.343592953859E+00
  174.1000      0.342515180118E+00
  174.2000      0.342601999675E+00
  174.3000      0.340585875543E+00
  174.4000      0.341728449333E+00
  174.5000      0.338999295559E+00
  174.6000      0.341459598373E+00
  174.7000      0.337634374248E+00
  174.8000      0.341153480435E+00
  174.9000      0.336481642271E+00
  175.0000      0.341311438778E+00
  175.1000      0.337044923865E+00
  175.2000      0.343426176522E+00
  175.3000      0.340128631243E+00
  175.4000      0.346919539022E+00
  175.5000      0.343385917905E+00
  175.6000      0.348662641948E+00
  175.7000      0.343585872403E+00
  175.8000      0.346851425150E+00
  175.9000      0.340818579269E+00
  176.0000      0.343294622451E+00
  176.1000      0.338008643058E+00
  176.2000      0.340410528424E+00
  176.3000      0.336719083947E+00
  176.4000      0.338260833523E+00
  176.5000      0.336409693825E+00
  176.6000      0.336646553740E+00
  176.7000      0.337715364104E+00
  176.8000      0.337584502623E+00
  176.9000      0.342504414079E+00
  177.0000      0.342162482122E+00
  177.1000      0.349378885555E+00
  177.2000      0.346554973370E+00
  177.3000      0.353048143314E+00
  177.4000      0.345502389006E+00
  177.5000      0.350791234966E+00
  177.6000      0.339375289636E+00
  177.7000      0.346302121877E+00
  177.8000      0.333519873318E+00
  177.9000      0.344089905316E+00
  178.0000      0.330722778300E+00
  178.1000      0.343552220483E+00
  178.2000      0.329542355282E+00
  178.3000      0.342916793506E+00
  178.4000      0.330794244769E+00
  178.5000      0.345352389906E+00
  178.6000      0.338615770162E+00
  178.7000      0.353963619003E+00
  178.8000      0.351167063172E+00
  178.9000      0.362266386971E+00
  179.0000      0.357214888388E+00
  179.1000      0.358904839793E+00
  179.2000      0.349779228040E+00
  179.3000      0.344202426845E+00
  179.4000      0.339189864617E+00
  179.5000      0.333014335099E+00
  179.6000      0.343045438330E+00
  179.7000      0.335014734904E+00
  179.8000      0.365486548830E+00
  179.9000      0.338622907243E+00
  180.0000      0.543647104041E+00
