    0.1000      0.434265228672E+07
    0.2000      0.261639797104E+07
    0.3000      0.115282377652E+07
    0.4000      0.425160214888E+06
    0.5000      0.194975657075E+06
    0.6000      0.141179449125E+06
    0.7000      0.115754591835E+06
    0.8000      0.803699423937E+05
    0.9000      0.417270254341E+05
    1.0000      0.182296406626E+05
    1.1000      0.140632690502E+05
    1.2000      0.182494796845E+05
    1.3000      0.201956443580E+05
    1.4000      0.167417731084E+05
    1.5000      0.100033591057E+05
    1.6000      0.421440506984E+04
    1.7000      0.237587204089E+04
    1.8000      0.424473492814E+04
    1.9000      0.712699786675E+04
    2.0000      0.834957268533E+04
    2.1000      0.717841157324E+04
    2.2000      0.476214334737E+04
    2.3000      0.270115406251E+04
    2.4000      0.189513742081E+04
    2.5000      0.242492056995E+04
    2.6000      0.368559241466E+04
    2.7000      0.469144450389E+04
    2.8000      0.485426529422E+04
    2.9000      0.433029578948E+04
    3.0000      0.354045348980E+04
    3.1000      0.275697905905E+04
    3.2000      0.219191167577E+04
    3.3000      0.197287967867E+04
    3.4000      0.196313536840E+04
    3.5000      0.194722380873E+04
    3.6000      0.187621111132E+04
    3.7000      0.176681178402E+04
    3.8000      0.157477465977E+04
    3.9000      0.130217179775E+04
    4.0000      0.103968087309E+04
    4.1000      0.831811354030E+03
    4.2000      0.672054991454E+03
    4.3000      0.591881984811E+03
    4.4000      0.616339608305E+03
    4.5000      0.691344694096E+03
    4.6000      0.744346519514E+03
    4.7000      0.758746481192E+03
    4.8000      0.732699815575E+03
    4.9000      0.655341700414E+03
    5.0000      0.553383611625E+03
    5.1000      0.485319253380E+03
    5.2000      0.479710841419E+03
    5.3000      0.523558244796E+03
    5.4000      0.605350204499E+03
    5.5000      0.714229685492E+03
    5.6000      0.811263592532E+03
    5.7000      0.850567087467E+03
    5.8000      0.820427216992E+03
    5.9000      0.742635344459E+03
    6.0000      0.643593121793E+03
    6.1000      0.553405703707E+03
    6.2000      0.512318063639E+03
    6.3000      0.542917239030E+03
    6.4000      0.625636266361E+03
    6.5000      0.718174660306E+03
    6.6000      0.790143398237E+03
    6.7000      0.823362566013E+03
    6.8000      0.802850367654E+03
    6.9000      0.733590554436E+03
    7.0000      0.646397971468E+03
    7.1000      0.570084001518E+03
    7.2000      0.511343584521E+03
    7.3000      0.471875649456E+03
    7.4000      0.458962833079E+03
    7.5000      0.466425830622E+03
    7.6000      0.472817324245E+03
    7.7000      0.466476191079E+03
    7.8000      0.452134279302E+03
    7.9000      0.430672206427E+03
    8.0000      0.397360871511E+03
    8.1000      0.359961540934E+03
    8.2000      0.332020533069E+03
    8.3000      0.312326769834E+03
    8.4000      0.291074453300E+03
    8.5000      0.270065744904E+03
    8.6000      0.257379002614E+03
    8.7000      0.250480126398E+03
    8.8000      0.243198237579E+03
    8.9000      0.237390515471E+03
    9.0000      0.234320664481E+03
    9.1000      0.226367379779E+03
    9.2000      0.209107086543E+03
    9.3000      0.190369963070E+03
    9.4000      0.177763135040E+03
    9.5000      0.170351998837E+03
    9.6000      0.167079960265E+03
    9.7000      0.170533648388E+03
    9.8000      0.178574198283E+03
    9.9000      0.183522803208E+03
   10.0000      0.182889089916E+03
   10.1000      0.180136044012E+03
   10.2000      0.175938409724E+03
   10.3000      0.168318463299E+03
   10.4000      0.159598747130E+03
   10.5000      0.154799801349E+03
   10.6000      0.154234012138E+03
   10.7000      0.155233350076E+03
   10.8000      0.157520475886E+03
   10.9000      0.160984186655E+03
   11.0000      0.162283777131E+03
   11.1000      0.158668122476E+03
   11.2000      0.152505853180E+03
   11.3000      0.147649304187E+03
   11.4000      0.145132795489E+03
   11.5000      0.144991690457E+03
   11.6000      0.148111206476E+03
   11.7000      0.154224429719E+03
   11.8000      0.160722697292E+03
   11.9000      0.165571054073E+03
   12.0000      0.168655648413E+03
   12.1000      0.169858486698E+03
   12.2000      0.168742797660E+03
   12.3000      0.166015654090E+03
   12.4000      0.163509361075E+03
   12.5000      0.162253153639E+03
   12.6000      0.162253154339E+03
   12.7000      0.163548495259E+03
   12.8000      0.165814406019E+03
   12.9000      0.167954780178E+03
   13.0000      0.168854761304E+03
   13.1000      0.168324282590E+03
   13.2000      0.166631741849E+03
   13.3000      0.163950837175E+03
   13.4000      0.160861705695E+03
   13.5000      0.158169373381E+03
   13.6000      0.156212809171E+03
   13.7000      0.154679988046E+03
   13.8000      0.153205103704E+03
   13.9000      0.151599654924E+03
   14.0000      0.149447243370E+03
   14.1000      0.146322632799E+03
   14.2000      0.142069967635E+03
   14.3000      0.136906816323E+03
   14.4000      0.131388725765E+03
   14.5000      0.126207368551E+03
   14.6000      0.121872479875E+03
   14.7000      0.118410592301E+03
   14.8000      0.115833626867E+03
   14.9000      0.114285563434E+03
   15.0000      0.113479002455E+03
   15.1000      0.112644100223E+03
   15.2000      0.111240082718E+03
   15.3000      0.109362835632E+03
   15.4000      0.107046081584E+03
   15.5000      0.104168382373E+03
   15.6000      0.101183839083E+03
   15.7000      0.988592997732E+02
   15.8000      0.972325421676E+02
   15.9000      0.956177952241E+02
   16.0000      0.939183835776E+02
   16.1000      0.926890799527E+02
   16.2000      0.919005044559E+02
   16.3000      0.909183542606E+02
   16.4000      0.895950630347E+02
   16.5000      0.884311937861E+02
   16.6000      0.875208471576E+02
   16.7000      0.865329063542E+02
   16.8000      0.855587141540E+02
   16.9000      0.847920290842E+02
   17.0000      0.837151723896E+02
   17.1000      0.814795406079E+02
   17.2000      0.780149395643E+02
   17.3000      0.738065576917E+02
   17.4000      0.690309399802E+02
   17.5000      0.639002010693E+02
   17.6000      0.592035227246E+02
   17.7000      0.557444654510E+02
   17.8000      0.535670271307E+02
   17.9000      0.524835196673E+02
   18.0000      0.526783076453E+02
   18.1000      0.539767759075E+02
   18.2000      0.553627336916E+02
   18.3000      0.558034982556E+02
   18.4000      0.550390413073E+02
   18.5000      0.530539996886E+02
   18.6000      0.496695657099E+02
   18.7000      0.453058485585E+02
   18.8000      0.411230999189E+02
   18.9000      0.379334392570E+02
   19.0000      0.356571063366E+02
   19.1000      0.342716529061E+02
   19.2000      0.343076342444E+02
   19.3000      0.357950363811E+02
   19.4000      0.377520454282E+02
   19.5000      0.391560377053E+02
   19.6000      0.397455408123E+02
   19.7000      0.394884921933E+02
   19.8000      0.381568645062E+02
   19.9000      0.359819504749E+02
   20.0000      0.338246839423E+02
   20.1000      0.323197464372E+02
   20.2000      0.314135837720E+02
   20.3000      0.310556467654E+02
   20.4000      0.316138983260E+02
   20.5000      0.331342007696E+02
   20.6000      0.349261942792E+02
   20.7000      0.362002787525E+02
   20.8000      0.367141191511E+02
   20.9000      0.365337019587E+02
   21.0000      0.356485079521E+02
   21.1000      0.342047515298E+02
   21.2000      0.326352757973E+02
   21.3000      0.313562348148E+02
   21.4000      0.305080683537E+02
   21.5000      0.300929568563E+02
   21.6000      0.301001301547E+02
   21.7000      0.303126410466E+02
   21.8000      0.303160179745E+02
   21.9000      0.297365416061E+02
   22.0000      0.284046365292E+02
   22.1000      0.263285241151E+02
   22.2000      0.236630759689E+02
   22.3000      0.207631749160E+02
   22.4000      0.180507758320E+02
   22.5000      0.158912094653E+02
   22.6000      0.145723979406E+02
   22.7000      0.142412616876E+02
   22.8000      0.147850245833E+02
   22.9000      0.158281888001E+02
   23.0000      0.170009157995E+02
   23.1000      0.180499775503E+02
   23.2000      0.187174826299E+02
   23.3000      0.187410016187E+02
   23.4000      0.180487742977E+02
   23.5000      0.168742396844E+02
   23.6000      0.155343869781E+02
   23.7000      0.142595750983E+02
   23.8000      0.132293643936E+02
   23.9000      0.125859204802E+02
   24.0000      0.123608250044E+02
   24.1000      0.124244335887E+02
   24.2000      0.126069917960E+02
   24.3000      0.127585044642E+02
   24.4000      0.127363167806E+02
   24.5000      0.124607164019E+02
   24.6000      0.119590953985E+02
   24.7000      0.113520237314E+02
   24.8000      0.107633620175E+02
   24.9000      0.103181011577E+02
   25.0000      0.101335902622E+02
   25.1000      0.102249255919E+02
   25.2000      0.105058416437E+02
   25.3000      0.108560440419E+02
   25.4000      0.111560495987E+02
   25.5000      0.112258201095E+02
   25.6000      0.108952245459E+02
   25.7000      0.101980102531E+02
   25.8000      0.932173429071E+01
   25.9000      0.838932022260E+01
   26.0000      0.741102013871E+01
   26.1000      0.651016038552E+01
   26.2000      0.597037308459E+01
   26.3000      0.594052304178E+01
   26.4000      0.629915893497E+01
   26.5000      0.685083388429E+01
   26.6000      0.752539859367E+01
   26.7000      0.826425247777E+01
   26.8000      0.890019206268E+01
   26.9000      0.930987213385E+01
   27.0000      0.951904401346E+01
   27.1000      0.958764478921E+01
   27.2000      0.948506382582E+01
   27.3000      0.922140236042E+01
   27.4000      0.897093550795E+01
   27.5000      0.889435627948E+01
   27.6000      0.895598154835E+01
   27.7000      0.901162034870E+01
   27.8000      0.904734525952E+01
   27.9000      0.917278470711E+01
   28.0000      0.941177836227E+01
   28.1000      0.966205945270E+01
   28.2000      0.984130504830E+01
   28.3000      0.100012049568E+02
   28.4000      0.102243242316E+02
   28.5000      0.104992640966E+02
   28.6000      0.107526762573E+02
   28.7000      0.109313065346E+02
   28.8000      0.110229860945E+02
   28.9000      0.109867797325E+02
   29.0000      0.107631355715E+02
   29.1000      0.103485198512E+02
   29.2000      0.979733082619E+01
   29.3000      0.916018209437E+01
   29.4000      0.845308027514E+01
   29.5000      0.774812639027E+01
   29.6000      0.719163864511E+01
   29.7000      0.687661138294E+01
   29.8000      0.675598230001E+01
   29.9000      0.672567891555E+01
   30.0000      0.677106535479E+01
   30.1000      0.691443853580E+01
   30.2000      0.708397358354E+01
   30.3000      0.713810113180E+01
   30.4000      0.700887619671E+01
   30.5000      0.675481791675E+01
   30.6000      0.644254599015E+01
   30.7000      0.609469274233E+01
   30.8000      0.574590243910E+01
   30.9000      0.546659766883E+01
   31.0000      0.530601937201E+01
   31.1000      0.524723100157E+01
   31.2000      0.526838689828E+01
   31.3000      0.536388808826E+01
   31.4000      0.549962829444E+01
   31.5000      0.560097140685E+01
   31.6000      0.560928597538E+01
   31.7000      0.553792896077E+01
   31.8000      0.542336311440E+01
   31.9000      0.528220401090E+01
   32.0000      0.512523890469E+01
   32.1000      0.498220052371E+01
   32.2000      0.489284524258E+01
   32.3000      0.486409151008E+01
   32.4000      0.487798817837E+01
   32.5000      0.490567712733E+01
   32.6000      0.491470850889E+01
   32.7000      0.487714262975E+01
   32.8000      0.477211255017E+01
   32.9000      0.459981339451E+01
   33.0000      0.436983587192E+01
   33.1000      0.410763447330E+01
   33.2000      0.385909915226E+01
   33.3000      0.366912548671E+01
   33.4000      0.356293559934E+01
   33.5000      0.353624702983E+01
   33.6000      0.358378805047E+01
   33.7000      0.369927806095E+01
   33.8000      0.385187484072E+01
   33.9000      0.398637079818E+01
   34.0000      0.404855284398E+01
   34.1000      0.402325623195E+01
   34.2000      0.391752962335E+01
   34.3000      0.373793393136E+01
   34.4000      0.349480419935E+01
   34.5000      0.321702083524E+01
   34.6000      0.295515162394E+01
   34.7000      0.274635139753E+01
   34.8000      0.260950763339E+01
   34.9000      0.255680615406E+01
   35.0000      0.259434187265E+01
   35.1000      0.271055771177E+01
   35.2000      0.286996391981E+01
   35.3000      0.304941297360E+01
   35.4000      0.324467813416E+01
   35.5000      0.344457124701E+01
   35.6000      0.361624984969E+01
   35.7000      0.373052309627E+01
   35.8000      0.379963391710E+01
   35.9000      0.384653732236E+01
   36.0000      0.386703364525E+01
   36.1000      0.383664594356E+01
   36.2000      0.374929127066E+01
   36.3000      0.362683841432E+01
   36.4000      0.347888010160E+01
   36.5000      0.330091469383E+01
   36.6000      0.309745396481E+01
   36.7000      0.289036795601E+01
   36.8000      0.269809442984E+01
   36.9000      0.252435608294E+01
   37.0000      0.238740962502E+01
   37.1000      0.231583218799E+01
   37.2000      0.232033239868E+01
   37.3000      0.238314755658E+01
   37.4000      0.248618394643E+01
   37.5000      0.263475951942E+01
   37.6000      0.282595123109E+01
   37.7000      0.303295635379E+01
   37.8000      0.322355399105E+01
   37.9000      0.338435685558E+01
   38.0000      0.351159728670E+01
   38.1000      0.358791516390E+01
   38.2000      0.360244190018E+01
   38.3000      0.356245384807E+01
   38.4000      0.347809850587E+01
   38.5000      0.334273463972E+01
   38.6000      0.314947288119E+01
   38.7000      0.292462280059E+01
   38.8000      0.270502672300E+01
   38.9000      0.250509393459E+01
   39.0000      0.232002493271E+01
   39.1000      0.216220990545E+01
   39.2000      0.206768019277E+01
   39.3000      0.205470411981E+01
   39.4000      0.211578419751E+01
   39.5000      0.223941811747E+01
   39.6000      0.242350929643E+01
   39.7000      0.265445130683E+01
   39.8000      0.289647427355E+01
   39.9000      0.312490744298E+01
   40.0000      0.333286841219E+01
   40.1000      0.350495704057E+01
   40.2000      0.360127104474E+01
   40.3000      0.359485639359E+01
   40.4000      0.350837727330E+01
   40.5000      0.337653031918E+01
   40.6000      0.320228438224E+01
   40.7000      0.296916949979E+01
   40.8000      0.269475916471E+01
   40.9000      0.243232928917E+01
   41.0000      0.221462816649E+01
   41.1000      0.203947659914E+01
   41.2000      0.190264244906E+01
   41.3000      0.182371285644E+01
   41.4000      0.181884374906E+01
   41.5000      0.187799765000E+01
   41.6000      0.199019263177E+01
   41.7000      0.215584346285E+01
   41.8000      0.236796116626E+01
   41.9000      0.259271955145E+01
   42.0000      0.279906244805E+01
   42.1000      0.298860314198E+01
   42.2000      0.316546026123E+01
   42.3000      0.330279682493E+01
   42.4000      0.335818470665E+01
   42.5000      0.332554520403E+01
   42.6000      0.323500923106E+01
   42.7000      0.310292844529E+01
   42.8000      0.291922819510E+01
   42.9000      0.268001974624E+01
   43.0000      0.241594172973E+01
   43.1000      0.216476332080E+01
   43.2000      0.194212965718E+01
   43.3000      0.175417610474E+01
   43.4000      0.161411731414E+01
   43.5000      0.153838619650E+01
   43.6000      0.152649512348E+01
   43.7000      0.157016299502E+01
   43.8000      0.166912448156E+01
   43.9000      0.182057092608E+01
   44.0000      0.200644006102E+01
   44.1000      0.219799027572E+01
   44.2000      0.238128380174E+01
   44.3000      0.255507434282E+01
   44.4000      0.270884548320E+01
   44.5000      0.282090325477E+01
   44.6000      0.287426414406E+01
   44.7000      0.287174393471E+01
   44.8000      0.282090772167E+01
   44.9000      0.272295565299E+01
   45.0000      0.257979774240E+01
   45.1000      0.240120428043E+01
   45.2000      0.220514946989E+01
   45.3000      0.200601867266E+01
   45.4000      0.181700287058E+01
   45.5000      0.165228680133E+01
   45.6000      0.152320914128E+01
   45.7000      0.143708548185E+01
   45.8000      0.139506794734E+01
   45.9000      0.139763489315E+01
   46.0000      0.144033235853E+01
   46.1000      0.151357410086E+01
   46.2000      0.160790089282E+01
   46.3000      0.171343236093E+01
   46.4000      0.182060178359E+01
   46.5000      0.191689393736E+01
   46.6000      0.199479207835E+01
   46.7000      0.205399149193E+01
   46.8000      0.209416265854E+01
   46.9000      0.211360811501E+01
   47.0000      0.211062397519E+01
   47.1000      0.209097084551E+01
   47.2000      0.206158082060E+01
   47.3000      0.202507645851E+01
   47.4000      0.198399850139E+01
   47.5000      0.194219177962E+01
   47.6000      0.190476236359E+01
   47.7000      0.187116288852E+01
   47.8000      0.184116036939E+01
   47.9000      0.182017498570E+01
   48.0000      0.181238514112E+01
   48.1000      0.181577815826E+01
   48.2000      0.182319242625E+01
   48.3000      0.183508350984E+01
   48.4000      0.185672116162E+01
   48.5000      0.188694943463E+01
   48.6000      0.191834879527E+01
   48.7000      0.194465048615E+01
   48.8000      0.196836201713E+01
   48.9000      0.199112827578E+01
   49.0000      0.201041187740E+01
   49.1000      0.202567493069E+01
   49.2000      0.204004711168E+01
   49.3000      0.205736047970E+01
   49.4000      0.207583270764E+01
   49.5000      0.209641872544E+01
   49.6000      0.212523553760E+01
   49.7000      0.216493546321E+01
   49.8000      0.221041813035E+01
   49.9000      0.225322844243E+01
   50.0000      0.229300794710E+01
   50.1000      0.233091882566E+01
   50.2000      0.236160618246E+01
   50.3000      0.237712537889E+01
   50.4000      0.237403058684E+01
   50.5000      0.235524896144E+01
   50.6000      0.232041568856E+01
   50.7000      0.226955863911E+01
   50.8000      0.220957345338E+01
   50.9000      0.214985384281E+01
   51.0000      0.209452336688E+01
   51.1000      0.204192369940E+01
   51.2000      0.199881492483E+01
   51.3000      0.197799781433E+01
   51.4000      0.198384058851E+01
   51.5000      0.200867206286E+01
   51.6000      0.204435405544E+01
   51.7000      0.209380170310E+01
   51.8000      0.215846698406E+01
   51.9000      0.222965549717E+01
   52.0000      0.229572348406E+01
   52.1000      0.235145349171E+01
   52.2000      0.239585306614E+01
   52.3000      0.242166829287E+01
   52.4000      0.242351817820E+01
   52.5000      0.240524852978E+01
   52.6000      0.237260333665E+01
   52.7000      0.232279188605E+01
   52.8000      0.224946937139E+01
   52.9000      0.216138362727E+01
   53.0000      0.207610467176E+01
   53.1000      0.200031862931E+01
   53.2000      0.192643064785E+01
   53.3000      0.185135353342E+01
   53.4000      0.178898293732E+01
   53.5000      0.175131498065E+01
   53.6000      0.173490419087E+01
   53.7000      0.172963803103E+01
   53.8000      0.173445532794E+01
   53.9000      0.175470872865E+01
   54.0000      0.178678793153E+01
   54.1000      0.182267852841E+01
   54.2000      0.185926336912E+01
   54.3000      0.189672555337E+01
   54.4000      0.192849028252E+01
   54.5000      0.194377726367E+01
   54.6000      0.194365852889E+01
   54.7000      0.193656564338E+01
   54.8000      0.192262315830E+01
   54.9000      0.189048216177E+01
   55.0000      0.183559822802E+01
   55.1000      0.177124897123E+01
   55.2000      0.170999445395E+01
   55.3000      0.164999632393E+01
   55.4000      0.158321023238E+01
   55.5000      0.151351768354E+01
   55.6000      0.145421350519E+01
   55.7000      0.140998133717E+01
   55.8000      0.137683590615E+01
   55.9000      0.135228437380E+01
   56.0000      0.134023013535E+01
   56.1000      0.134164959070E+01
   56.2000      0.135126209412E+01
   56.3000      0.136760550290E+01
   56.4000      0.139297363442E+01
   56.5000      0.142589270925E+01
   56.6000      0.145693678634E+01
   56.7000      0.148022368066E+01
   56.8000      0.150113716366E+01
   56.9000      0.152411786737E+01
   57.0000      0.154363020439E+01
   57.1000      0.154944239882E+01
   57.2000      0.154164696072E+01
   57.3000      0.152883860382E+01
   57.4000      0.151340989499E+01
   57.5000      0.148996752323E+01
   57.6000      0.145421342011E+01
   57.7000      0.141087464864E+01
   57.8000      0.136570238914E+01
   57.9000      0.131890840337E+01
   58.0000      0.127037485813E+01
   58.1000      0.122316185646E+01
   58.2000      0.118202689847E+01
   58.3000      0.114724495405E+01
   58.4000      0.111915311176E+01
   58.5000      0.110329204800E+01
   58.6000      0.110483933404E+01
   58.7000      0.112282140278E+01
   58.8000      0.115113631435E+01
   58.9000      0.118974881014E+01
   59.0000      0.124414428941E+01
   59.1000      0.131429149203E+01
   59.2000      0.139132332071E+01
   59.3000      0.146524188803E+01
   59.4000      0.153530327309E+01
   59.5000      0.160312941352E+01
   59.6000      0.166353526354E+01
   59.7000      0.170688624242E+01
   59.8000      0.172762509686E+01
   59.9000      0.172776906319E+01
   60.0000      0.170803168998E+01
   60.1000      0.166677409818E+01
   60.2000      0.160530614799E+01
   60.3000      0.152946360465E+01
   60.4000      0.144517721300E+01
   60.5000      0.135466755216E+01
   60.6000      0.126464228229E+01
   60.7000      0.118764186606E+01
   60.8000      0.113327003783E+01
   60.9000      0.110178504558E+01
   61.0000      0.109066074174E+01
   61.1000      0.110664444216E+01
   61.2000      0.115832130221E+01
   61.3000      0.124297235516E+01
   61.4000      0.134688609208E+01
   61.5000      0.145961034695E+01
   61.6000      0.158068046096E+01
   61.7000      0.170635504675E+01
   61.8000      0.182357488303E+01
   61.9000      0.191818238447E+01
   62.0000      0.198462149762E+01
   62.1000      0.202171354173E+01
   62.2000      0.202410093541E+01
   62.3000      0.198946613467E+01
   62.4000      0.192420876389E+01
   62.5000      0.183724104404E+01
   62.6000      0.173047807328E+01
   62.7000      0.160543256058E+01
   62.8000      0.147766651079E+01
   62.9000      0.136822737822E+01
   63.0000      0.128528285660E+01
   63.1000      0.122298098740E+01
   63.2000      0.118205000703E+01
   63.3000      0.117775098197E+01
   63.4000      0.121893781080E+01
   63.5000      0.129539968641E+01
   63.6000      0.139042745122E+01
   63.7000      0.149901516782E+01
   63.8000      0.162136729166E+01
   63.9000      0.174686524210E+01
   64.0000      0.186019793428E+01
   64.1000      0.195393134204E+01
   64.2000      0.202629128488E+01
   64.3000      0.206832765799E+01
   64.4000      0.207006726487E+01
   64.5000      0.203812241721E+01
   64.6000      0.198826929857E+01
   64.7000      0.192385366016E+01
   64.8000      0.183479622418E+01
   64.9000      0.172487307747E+01
   65.0000      0.162042663240E+01
   65.1000      0.154157315057E+01
   65.2000      0.148342835758E+01
   65.3000      0.143446410838E+01
   65.4000      0.140321749879E+01
   65.5000      0.140736640956E+01
   65.6000      0.144687552124E+01
   65.7000      0.150729581348E+01
   65.8000      0.158085494234E+01
   65.9000      0.166959655933E+01
   66.0000      0.176703530290E+01
   66.1000      0.185879591813E+01
   66.2000      0.194144521486E+01
   66.3000      0.202027887590E+01
   66.4000      0.208874105247E+01
   66.5000      0.212649420558E+01
   66.6000      0.212864696913E+01
   66.7000      0.211499955375E+01
   66.8000      0.209921776570E+01
   66.9000      0.206859457493E+01
   67.0000      0.200732099241E+01
   67.1000      0.192848554918E+01
   67.2000      0.185932242340E+01
   67.3000      0.180659755283E+01
   67.4000      0.175827082631E+01
   67.5000      0.171239670187E+01
   67.6000      0.168480516667E+01
   67.7000      0.168444918969E+01
   67.8000      0.170563111398E+01
   67.9000      0.174602500946E+01
   68.0000      0.181184527474E+01
   68.1000      0.190072344292E+01
   68.2000      0.199558117522E+01
   68.3000      0.208848936249E+01
   68.4000      0.218949632072E+01
   68.5000      0.230100751932E+01
   68.6000      0.240075816291E+01
   68.7000      0.246492640567E+01
   68.8000      0.249817240455E+01
   68.9000      0.251798538901E+01
   69.0000      0.252185814002E+01
   69.1000      0.249069292348E+01
   69.2000      0.242012936901E+01
   69.3000      0.232885244409E+01
   69.4000      0.223198855769E+01
   69.5000      0.213014182092E+01
   69.6000      0.202604178402E+01
   69.7000      0.193391735568E+01
   69.8000      0.186551587810E+01
   69.9000      0.182049306201E+01
   70.0000      0.180214864116E+01
   70.1000      0.182370550132E+01
   70.2000      0.189025224072E+01
   70.3000      0.198679146795E+01
   70.4000      0.209588435765E+01
   70.5000      0.221818345990E+01
   70.6000      0.235792877881E+01
   70.7000      0.250094881563E+01
   70.8000      0.262171381842E+01
   70.9000      0.270769856364E+01
   71.0000      0.276198972356E+01
   71.1000      0.278299364359E+01
   71.2000      0.276201739975E+01
   71.3000      0.269794463652E+01
   71.4000      0.260071111251E+01
   71.5000      0.247810415603E+01
   71.6000      0.233263886298E+01
   71.7000      0.217683272916E+01
   71.8000      0.203286645237E+01
   71.9000      0.191412000546E+01
   72.0000      0.181845598982E+01
   72.1000      0.174603590193E+01
   72.2000      0.171101003175E+01
   72.3000      0.172346336759E+01
   72.4000      0.177500836136E+01
   72.5000      0.185005782291E+01
   72.6000      0.194238671785E+01
   72.7000      0.204903661174E+01
   72.8000      0.215652973653E+01
   72.9000      0.225009366673E+01
   73.0000      0.232599140099E+01
   73.1000      0.238327903994E+01
   73.2000      0.240954639275E+01
   73.3000      0.239208891477E+01
   73.4000      0.234037289752E+01
   73.5000      0.227566334061E+01
   73.6000      0.220287809066E+01
   73.7000      0.211017686770E+01
   73.8000      0.199945383024E+01
   73.9000      0.189612408824E+01
   74.0000      0.181920869767E+01
   74.1000      0.176345147164E+01
   74.2000      0.171838527903E+01
   74.3000      0.168965833584E+01
   74.4000      0.168639505613E+01
   74.5000      0.170190598799E+01
   74.6000      0.172522547632E+01
   74.7000      0.175673928838E+01
   74.8000      0.179776161270E+01
   74.9000      0.183336333206E+01
   75.0000      0.184744057005E+01
   75.1000      0.184844657544E+01
   75.2000      0.185518615641E+01
   75.3000      0.186367471278E+01
   75.4000      0.185073990941E+01
   75.5000      0.181419700390E+01
   75.6000      0.178234743555E+01
   75.7000      0.177406922796E+01
   75.8000      0.177563782510E+01
   75.9000      0.176810330822E+01
   76.0000      0.175927461708E+01
   76.1000      0.176778334061E+01
   76.2000      0.179174278284E+01
   76.3000      0.181547570872E+01
   76.4000      0.183419010445E+01
   76.5000      0.185302111743E+01
   76.6000      0.186637255645E+01
   76.7000      0.186277781083E+01
   76.8000      0.184689049893E+01
   76.9000      0.183289508459E+01
   77.0000      0.181850128047E+01
   77.1000      0.178610717249E+01
   77.2000      0.173650710636E+01
   77.3000      0.169640669701E+01
   77.4000      0.168283868804E+01
   77.5000      0.168261496621E+01
   77.6000      0.167871877876E+01
   77.7000      0.168133263563E+01
   77.8000      0.171144245119E+01
   77.9000      0.176785065693E+01
   78.0000      0.183112161589E+01
   78.1000      0.189126115304E+01
   78.2000      0.195334606489E+01
   78.3000      0.201629573383E+01
   78.4000      0.206839623912E+01
   78.5000      0.210379483973E+01
   78.6000      0.212573157684E+01
   78.7000      0.213235115216E+01
   78.8000      0.211364197633E+01
   78.9000      0.207029698885E+01
   79.0000      0.201820020121E+01
   79.1000      0.196794534845E+01
   79.2000      0.191393150334E+01
   79.3000      0.185093867918E+01
   79.4000      0.179143202643E+01
   79.5000      0.175216321989E+01
   79.6000      0.173479035196E+01
   79.7000      0.173101916039E+01
   79.8000      0.173929173982E+01
   79.9000      0.176528662554E+01
   80.0000      0.180773090474E+01
   80.1000      0.185875976303E+01
   80.2000      0.191444349577E+01
   80.3000      0.197433923585E+01
   80.4000      0.203261450138E+01
   80.5000      0.207908450869E+01
   80.6000      0.211194872448E+01
   80.7000      0.213680485763E+01
   80.8000      0.215397651686E+01
   80.9000      0.215658986984E+01
   81.0000      0.214210552108E+01
   81.1000      0.211759275652E+01
   81.2000      0.208828132245E+01
   81.3000      0.205287623728E+01
   81.4000      0.201193814887E+01
   81.5000      0.197122172637E+01
   81.6000      0.193299706496E+01
   81.7000      0.189189302261E+01
   81.8000      0.184777293905E+01
   81.9000      0.181055347944E+01
   82.0000      0.178580457097E+01
   82.1000      0.176485872113E+01
   82.2000      0.173830034913E+01
   82.3000      0.171333101662E+01
   82.4000      0.170309644044E+01
   82.5000      0.170683012176E+01
   82.6000      0.171292381809E+01
   82.7000      0.171834546393E+01
   82.8000      0.173183806949E+01
   82.9000      0.175634688598E+01
   83.0000      0.178494254032E+01
   83.1000      0.181360402549E+01
   83.2000      0.184506399854E+01
   83.3000      0.187666841993E+01
   83.4000      0.189725819577E+01
   83.5000      0.190416376341E+01
   83.6000      0.190720028715E+01
   83.7000      0.190952004764E+01
   83.8000      0.189704029748E+01
   83.9000      0.185852743504E+01
   84.0000      0.180619956944E+01
   84.1000      0.175916479468E+01
   84.2000      0.171701492537E+01
   84.3000      0.166532229455E+01
   84.4000      0.160382633195E+01
   84.5000      0.155091407219E+01
   84.6000      0.151786653749E+01
   84.7000      0.149824385665E+01
   84.8000      0.148455048929E+01
   84.9000      0.148107413870E+01
   85.0000      0.149232191763E+01
   85.1000      0.151195048789E+01
   85.2000      0.153395976259E+01
   85.3000      0.156097794765E+01
   85.4000      0.159334432428E+01
   85.5000      0.161891170557E+01
   85.6000      0.162685675255E+01
   85.7000      0.162431927387E+01
   85.8000      0.162372852170E+01
   85.9000      0.162167244772E+01
   86.0000      0.160387333185E+01
   86.1000      0.157031035954E+01
   86.2000      0.153864207291E+01
   86.3000      0.151991858678E+01
   86.4000      0.150772877588E+01
   86.5000      0.149413408242E+01
   86.6000      0.148477713196E+01
   86.7000      0.148868587155E+01
   86.8000      0.150383268894E+01
   86.9000      0.152303153956E+01
   87.0000      0.154431579507E+01
   87.1000      0.156798614681E+01
   87.2000      0.158757125997E+01
   87.3000      0.159531258715E+01
   87.4000      0.159266257596E+01
   87.5000      0.158443306072E+01
   87.6000      0.156738859731E+01
   87.7000      0.153307821413E+01
   87.8000      0.148306208369E+01
   87.9000      0.142977197624E+01
   88.0000      0.138103010245E+01
   88.1000      0.133458608687E+01
   88.2000      0.128868991019E+01
   88.3000      0.125095896871E+01
   88.4000      0.123002402874E+01
   88.5000      0.122639813199E+01
   88.6000      0.123701131233E+01
   88.7000      0.126145160445E+01
   88.8000      0.129972334135E+01
   88.9000      0.134634476985E+01
   89.0000      0.139459287266E+01
   89.1000      0.144249298036E+01
   89.2000      0.148856875373E+01
   89.3000      0.152616452603E+01
   89.4000      0.154657309262E+01
   89.5000      0.154833009524E+01
   89.6000      0.153576210789E+01
   89.7000      0.151016532761E+01
   89.8000      0.146921020695E+01
   89.9000      0.141353058098E+01
   90.0000      0.134968619067E+01
   90.1000      0.128351302850E+01
   90.2000      0.121746283370E+01
   90.3000      0.115509795604E+01
   90.4000      0.110191877585E+01
   90.5000      0.106092239575E+01
   90.6000      0.103019158159E+01
   90.7000      0.100938508786E+01
   90.8000      0.100233117075E+01
   90.9000      0.101024689320E+01
   91.0000      0.102758853508E+01
   91.1000      0.104736394308E+01
   91.2000      0.106908667133E+01
   91.3000      0.109493505711E+01
   91.4000      0.112234402314E+01
   91.5000      0.114554443338E+01
   91.6000      0.116194903295E+01
   91.7000      0.117339730668E+01
   91.8000      0.117999366147E+01
   91.9000      0.117984723409E+01
   92.0000      0.117351906320E+01
   92.1000      0.116359214412E+01
   92.2000      0.115015773431E+01
   92.3000      0.113008531111E+01
   92.4000      0.110394988893E+01
   92.5000      0.107676425757E+01
   92.6000      0.105077260750E+01
   92.7000      0.102234790258E+01
   92.8000      0.988122805869E+00
   92.9000      0.951723849001E+00
   93.0000      0.918502606242E+00
   93.1000      0.888716045323E+00
   93.2000      0.859575336384E+00
   93.3000      0.831593109397E+00
   93.4000      0.809152865119E+00
   93.5000      0.794239712727E+00
   93.6000      0.786263300758E+00
   93.7000      0.785868914463E+00
   93.8000      0.795011184786E+00
   93.9000      0.813210680611E+00
   94.0000      0.836926954238E+00
   94.1000      0.865234047208E+00
   94.2000      0.899825220391E+00
   94.3000      0.939469804062E+00
   94.4000      0.978016907885E+00
   94.5000      0.100998982464E+01
   94.6000      0.103589899017E+01
   94.7000      0.105721779946E+01
   94.8000      0.107115555383E+01
   94.9000      0.107282259544E+01
   95.0000      0.106121669069E+01
   95.1000      0.103965618938E+01
   95.2000      0.101003501466E+01
   95.3000      0.972409733431E+00
   95.4000      0.928088147550E+00
   95.5000      0.880717358818E+00
   95.6000      0.833377695566E+00
   95.7000      0.787212204158E+00
   95.8000      0.745038139738E+00
   95.9000      0.711160597517E+00
   96.0000      0.687982857576E+00
   96.1000      0.674296916072E+00
   96.2000      0.668963086695E+00
   96.3000      0.674412309658E+00
   96.4000      0.692634600776E+00
   96.5000      0.721540561040E+00
   96.6000      0.756363551717E+00
   96.7000      0.794703343491E+00
   96.8000      0.837113312526E+00
   96.9000      0.882317109448E+00
   97.0000      0.926343025085E+00
   97.1000      0.965081207454E+00
   97.2000      0.997094010094E+00
   97.3000      0.102197511437E+01
   97.4000      0.103797089549E+01
   97.5000      0.104349328156E+01
   97.6000      0.103810554290E+01
   97.7000      0.102255510790E+01
   97.8000      0.997142666496E+00
   97.9000      0.962375144151E+00
   98.0000      0.920680863809E+00
   98.1000      0.875030166998E+00
   98.2000      0.827680590004E+00
   98.3000      0.779747399545E+00
   98.4000      0.733585638088E+00
   98.5000      0.693294259087E+00
   98.6000      0.661984938779E+00
   98.7000      0.640645601541E+00
   98.8000      0.628906841005E+00
   98.9000      0.627921528168E+00
   99.0000      0.639606697386E+00
   99.1000      0.663861820741E+00
   99.2000      0.698208340290E+00
   99.3000      0.739474594032E+00
   99.4000      0.786386821939E+00
   99.5000      0.837834480355E+00
   99.6000      0.890942502727E+00
   99.7000      0.941693383132E+00
   99.8000      0.986809416670E+00
   99.9000      0.102498320726E+01
  100.0000      0.105461908231E+01
  100.1000      0.107368984309E+01
  100.2000      0.108099629716E+01
  100.3000      0.107668036907E+01
  100.4000      0.106132835343E+01
  100.5000      0.103468279189E+01
  100.6000      0.998055868493E+00
  100.7000      0.954857088708E+00
  100.8000      0.908314950573E+00
  100.9000      0.859447326886E+00
  101.0000      0.808717832597E+00
  101.1000      0.760171965818E+00
  101.2000      0.719369831920E+00
  101.3000      0.688853178757E+00
  101.4000      0.667395194232E+00
  101.5000      0.654721386759E+00
  101.6000      0.654654907832E+00
  101.7000      0.670241584515E+00
  101.8000      0.699913877720E+00
  101.9000      0.739394844797E+00
  102.0000      0.786717308210E+00
  102.1000      0.842235878273E+00
  102.2000      0.903774435984E+00
  102.3000      0.966463199990E+00
  102.4000      0.102565726920E+01
  102.5000      0.107877361541E+01
  102.6000      0.112300721603E+01
  102.7000      0.115421565577E+01
  102.8000      0.117011783304E+01
  102.9000      0.117066984400E+01
  103.0000      0.115581026574E+01
  103.1000      0.112384527768E+01
  103.2000      0.107484137755E+01
  103.3000      0.101361449221E+01
  103.4000      0.945877964444E+00
  103.5000      0.874472069456E+00
  103.6000      0.800383230963E+00
  103.7000      0.727878450982E+00
  103.8000      0.664527748233E+00
  103.9000      0.615551649673E+00
  104.0000      0.581896985767E+00
  104.1000      0.563054200904E+00
  104.2000      0.560938424648E+00
  104.3000      0.577884004761E+00
  104.4000      0.612880482972E+00
  104.5000      0.661928185339E+00
  104.6000      0.720454697964E+00
  104.7000      0.785674886776E+00
  104.8000      0.854966892859E+00
  104.9000      0.924260999163E+00
  105.0000      0.988215584535E+00
  105.1000      0.104185501659E+01
  105.2000      0.108322771467E+01
  105.3000      0.111212840492E+01
  105.4000      0.112755895888E+01
  105.5000      0.112663567112E+01
  105.6000      0.110787192190E+01
  105.7000      0.107479703045E+01
  105.8000      0.103244495417E+01
  105.9000      0.982456338106E+00
  106.0000      0.923306387674E+00
  106.1000      0.856833903757E+00
  106.2000      0.790329538922E+00
  106.3000      0.729645746798E+00
  106.4000      0.675123100452E+00
  106.5000      0.625512790347E+00
  106.6000      0.584319370884E+00
  106.7000      0.557245178907E+00
  106.8000      0.545800045710E+00
  106.9000      0.548666554600E+00
  107.0000      0.566320359369E+00
  107.1000      0.600754412572E+00
  107.2000      0.649912275482E+00
  107.3000      0.709169510851E+00
  107.4000      0.778320821014E+00
  107.5000      0.859553992144E+00
  107.6000      0.948423171081E+00
  107.7000      0.103270036094E+01
  107.8000      0.110560176271E+01
  107.9000      0.117197147335E+01
  108.0000      0.123490222143E+01
  108.1000      0.128378128701E+01
  108.2000      0.130383359309E+01
  108.3000      0.129558519554E+01
  108.4000      0.127218238613E+01
  108.5000      0.123852655369E+01
  108.6000      0.118534155767E+01
  108.7000      0.110676958107E+01
  108.8000      0.101443815499E+01
  108.9000      0.924940522614E+00
  109.0000      0.842744777289E+00
  109.1000      0.764066377754E+00
  109.2000      0.691940885235E+00
  109.3000      0.637783827281E+00
  109.4000      0.608154122702E+00
  109.5000      0.601366279054E+00
  109.6000      0.615999931486E+00
  109.7000      0.653836797580E+00
  109.8000      0.712640776157E+00
  109.9000      0.783541205039E+00
  110.0000      0.860883245755E+00
  110.1000      0.945457006666E+00
  110.2000      0.103444766346E+01
  110.3000      0.111520311319E+01
  110.4000      0.117576600168E+01
  110.5000      0.121756895568E+01
  110.6000      0.124787464027E+01
  110.7000      0.126479076081E+01
  110.8000      0.125834182110E+01
  110.9000      0.122627847952E+01
  111.0000      0.117978716085E+01
  111.1000      0.112954989250E+01
  111.2000      0.107568186053E+01
  111.3000      0.101450521448E+01
  111.4000      0.950101529877E+00
  111.5000      0.892477769186E+00
  111.6000      0.846626710918E+00
  111.7000      0.810653627315E+00
  111.8000      0.782043995593E+00
  111.9000      0.762150456619E+00
  112.0000      0.752964542055E+00
  112.1000      0.753230867044E+00
  112.2000      0.759822770950E+00
  112.3000      0.769762764272E+00
  112.4000      0.781899639493E+00
  112.5000      0.796243451193E+00
  112.6000      0.812556096134E+00
  112.7000      0.829153712884E+00
  112.8000      0.843526214744E+00
  112.9000      0.856447776875E+00
  113.0000      0.871618670164E+00
  113.1000      0.890621450700E+00
  113.2000      0.909895405772E+00
  113.3000      0.925805243301E+00
  113.4000      0.941290859297E+00
  113.5000      0.961210997747E+00
  113.6000      0.983823183306E+00
  113.7000      0.100131253855E+01
  113.8000      0.101002034249E+01
  113.9000      0.101436040114E+01
  114.0000      0.101742587445E+01
  114.1000      0.101508953628E+01
  114.2000      0.100184566785E+01
  114.3000      0.979090455175E+00
  114.4000      0.952058836970E+00
  114.5000      0.921991494471E+00
  114.6000      0.888220144227E+00
  114.7000      0.853727151859E+00
  114.8000      0.823596619865E+00
  114.9000      0.798218770147E+00
  115.0000      0.775571253377E+00
  115.1000      0.760029210855E+00
  115.2000      0.759451993608E+00
  115.3000      0.773523737195E+00
  115.4000      0.792076904621E+00
  115.5000      0.810126396774E+00
  115.6000      0.835710283189E+00
  115.7000      0.875297415109E+00
  115.8000      0.919711571831E+00
  115.9000      0.953122680147E+00
  116.0000      0.973864019901E+00
  116.1000      0.993698143258E+00
  116.2000      0.101670796707E+01
  116.3000      0.103148327872E+01
  116.4000      0.102743215515E+01
  116.5000      0.101046268065E+01
  116.6000      0.993271621614E+00
  116.7000      0.977810052652E+00
  116.8000      0.956555705201E+00
  116.9000      0.927187798476E+00
  117.0000      0.897611409503E+00
  117.1000      0.874528701164E+00
  117.2000      0.856686404547E+00
  117.3000      0.840850301000E+00
  117.4000      0.827921258707E+00
  117.5000      0.820280081934E+00
  117.6000      0.816485365367E+00
  117.7000      0.814292698431E+00
  117.8000      0.814232919661E+00
  117.9000      0.817066250991E+00
  118.0000      0.820243709325E+00
  118.1000      0.820198592593E+00
  118.2000      0.818083077264E+00
  118.3000      0.817602082981E+00
  118.4000      0.819324591407E+00
  118.5000      0.820443621637E+00
  118.6000      0.820048905904E+00
  118.7000      0.821729675766E+00
  118.8000      0.828467812341E+00
  118.9000      0.839662100193E+00
  119.0000      0.853342655205E+00
  119.1000      0.869379776493E+00
  119.2000      0.888845000385E+00
  119.3000      0.910861754592E+00
  119.4000      0.933398935641E+00
  119.5000      0.954541498900E+00
  119.6000      0.972861430305E+00
  119.7000      0.986947891448E+00
  119.8000      0.995353016078E+00
  119.9000      0.997387874451E+00
  120.0000      0.991970494018E+00
  120.1000      0.978600853088E+00
  120.2000      0.958826495617E+00
  120.3000      0.935295058773E+00
  120.4000      0.909018042741E+00
  120.5000      0.878942528204E+00
  120.6000      0.847335200936E+00
  120.7000      0.820796008707E+00
  120.8000      0.803744822419E+00
  120.9000      0.793383533752E+00
  121.0000      0.785313444265E+00
  121.1000      0.783352155111E+00
  121.2000      0.795582282382E+00
  121.3000      0.821937297214E+00
  121.4000      0.852051372415E+00
  121.5000      0.878683576397E+00
  121.6000      0.907024217952E+00
  121.7000      0.943605533077E+00
  121.8000      0.982967625744E+00
  121.9000      0.101221968978E+01
  122.0000      0.102758291723E+01
  122.1000      0.103726109936E+01
  122.2000      0.104636209798E+01
  122.3000      0.104910685413E+01
  122.4000      0.103826622598E+01
  122.5000      0.101670805844E+01
  122.6000      0.992812931171E+00
  122.7000      0.969133901811E+00
  122.8000      0.943088930444E+00
  122.9000      0.914760104901E+00
  123.0000      0.888587407628E+00
  123.1000      0.866629215708E+00
  123.2000      0.847344605820E+00
  123.3000      0.831548404704E+00
  123.4000      0.822463055780E+00
  123.5000      0.819775329471E+00
  123.6000      0.817926529004E+00
  123.7000      0.814423071272E+00
  123.8000      0.813861476359E+00
  123.9000      0.819588118747E+00
  124.0000      0.827076299050E+00
  124.1000      0.829522891723E+00
  124.2000      0.828398226479E+00
  124.3000      0.830899482759E+00
  124.4000      0.839046853249E+00
  124.5000      0.848153980103E+00
  124.6000      0.855249171667E+00
  124.7000      0.864248951286E+00
  124.8000      0.879226468493E+00
  124.9000      0.898933773276E+00
  125.0000      0.920359428558E+00
  125.1000      0.943070209645E+00
  125.2000      0.967659751990E+00
  125.3000      0.991558508036E+00
  125.4000      0.101173453116E+01
  125.5000      0.102805014492E+01
  125.6000      0.104063780397E+01
  125.7000      0.104652262149E+01
  125.8000      0.104173540734E+01
  125.9000      0.102709352480E+01
  126.0000      0.100635582095E+01
  126.1000      0.980670698938E+00
  126.2000      0.948836147066E+00
  126.3000      0.912063529943E+00
  126.4000      0.875272421354E+00
  126.5000      0.841731290331E+00
  126.6000      0.812352099814E+00
  126.7000      0.789839364068E+00
  126.8000      0.778520953612E+00
  126.9000      0.779019431532E+00
  127.0000      0.786979084241E+00
  127.1000      0.801401659464E+00
  127.2000      0.827175564631E+00
  127.3000      0.865757835341E+00
  127.4000      0.908510625310E+00
  127.5000      0.945171504053E+00
  127.6000      0.976771870733E+00
  127.7000      0.101041948964E+01
  127.8000      0.104433349874E+01
  127.9000      0.106672485671E+01
  128.0000      0.107119107940E+01
  128.1000      0.106518631125E+01
  128.2000      0.105734803173E+01
  128.3000      0.104557274978E+01
  128.4000      0.102288987993E+01
  128.5000      0.990574053686E+00
  128.6000      0.957590580095E+00
  128.7000      0.928523141955E+00
  128.8000      0.901248480951E+00
  128.9000      0.874346041915E+00
  129.0000      0.850833822130E+00
  129.1000      0.832742183963E+00
  129.2000      0.817960162753E+00
  129.3000      0.805608847294E+00
  129.4000      0.797665851071E+00
  129.5000      0.794313975784E+00
  129.6000      0.791292096541E+00
  129.7000      0.785764874242E+00
  129.8000      0.781108633269E+00
  129.9000      0.781017961034E+00
  130.0000      0.784036664936E+00
  130.1000      0.786639667563E+00
  130.2000      0.790084893859E+00
  130.3000      0.798949696878E+00
  130.4000      0.814289645013E+00
  130.5000      0.834278678566E+00
  130.6000      0.858616954959E+00
  130.7000      0.888659080691E+00
  130.8000      0.922544903396E+00
  130.9000      0.955850323323E+00
  131.0000      0.987805111528E+00
  131.1000      0.102006314652E+01
  131.2000      0.105003454578E+01
  131.3000      0.106987497637E+01
  131.4000      0.107564047355E+01
  131.5000      0.107171446815E+01
  131.6000      0.106199346595E+01
  131.7000      0.104328627718E+01
  131.8000      0.101084713371E+01
  131.9000      0.967935756693E+00
  132.0000      0.922889484171E+00
  132.1000      0.879465001820E+00
  132.2000      0.837161395616E+00
  132.3000      0.797983049589E+00
  132.4000      0.767541912362E+00
  132.5000      0.748042017843E+00
  132.6000      0.737806899153E+00
  132.7000      0.738354394722E+00
  132.8000      0.753736411974E+00
  132.9000      0.782178073685E+00
  133.0000      0.814200180991E+00
  133.1000      0.844626292959E+00
  133.2000      0.878614161892E+00
  133.3000      0.919621811961E+00
  133.4000      0.958688039586E+00
  133.5000      0.982935888010E+00
  133.6000      0.992787172268E+00
  133.7000      0.999301617179E+00
  133.8000      0.100591738927E+01
  133.9000      0.100361911374E+01
  134.0000      0.985876284717E+00
  134.1000      0.960382220982E+00
  134.2000      0.938424877799E+00
  134.3000      0.920918182436E+00
  134.4000      0.901630908737E+00
  134.5000      0.879464422822E+00
  134.6000      0.860598865205E+00
  134.7000      0.848363279129E+00
  134.8000      0.839888888620E+00
  134.9000      0.831888366256E+00
  135.0000      0.824341074369E+00
  135.1000      0.817580606390E+00
  135.2000      0.809369448578E+00
  135.3000      0.798482195021E+00
  135.4000      0.785986433883E+00
  135.5000      0.772647256290E+00
  135.6000      0.757867124864E+00
  135.7000      0.742094455611E+00
  135.8000      0.728537133866E+00
  135.9000      0.719452281383E+00
  136.0000      0.715462556071E+00
  136.1000      0.718471251201E+00
  136.2000      0.731615799330E+00
  136.3000      0.755057172559E+00
  136.4000      0.784566581575E+00
  136.5000      0.818650405235E+00
  136.6000      0.860789594206E+00
  136.7000      0.911439126180E+00
  136.8000      0.962084178932E+00
  136.9000      0.100277381977E+01
  137.0000      0.103403479486E+01
  137.1000      0.106202211714E+01
  137.2000      0.108483073242E+01
  137.3000      0.109161465803E+01
  137.4000      0.107709178104E+01
  137.5000      0.104929214986E+01
  137.6000      0.101720567077E+01
  137.7000      0.979864303591E+00
  137.8000      0.932364364622E+00
  137.9000      0.878013995699E+00
  138.0000      0.826711915187E+00
  138.1000      0.783280709258E+00
  138.2000      0.746712397917E+00
  138.3000      0.717644984097E+00
  138.4000      0.700013293744E+00
  138.5000      0.694108746015E+00
  138.6000      0.695462933711E+00
  138.7000      0.703309263269E+00
  138.8000      0.721077557674E+00
  138.9000      0.747332805662E+00
  139.0000      0.772237672223E+00
  139.1000      0.788905949125E+00
  139.2000      0.802308783080E+00
  139.3000      0.819005923553E+00
  139.4000      0.834744084083E+00
  139.5000      0.839196105217E+00
  139.6000      0.832087000629E+00
  139.7000      0.824512608465E+00
  139.8000      0.823113802852E+00
  139.9000      0.823085359038E+00
  140.0000      0.818381284491E+00
  140.1000      0.812947423639E+00
  140.2000      0.814839735405E+00
  140.3000      0.824749080147E+00
  140.4000      0.837146261947E+00
  140.5000      0.848569377790E+00
  140.6000      0.860376926817E+00
  140.7000      0.872567500801E+00
  140.8000      0.881697552700E+00
  140.9000      0.884983926211E+00
  141.0000      0.881701612766E+00
  141.1000      0.871453070510E+00
  141.2000      0.852863242682E+00
  141.3000      0.826550779273E+00
  141.4000      0.795334810274E+00
  141.5000      0.761352074038E+00
  141.6000      0.726481474084E+00
  141.7000      0.694014238330E+00
  141.8000      0.668309704360E+00
  141.9000      0.650844613274E+00
  142.0000      0.641465297509E+00
  142.1000      0.643520940615E+00
  142.2000      0.661659181719E+00
  142.3000      0.694545443200E+00
  142.4000      0.733687519495E+00
  142.5000      0.774527023568E+00
  142.6000      0.821719102679E+00
  142.7000      0.877801799191E+00
  142.8000      0.932994074743E+00
  142.9000      0.973161597729E+00
  143.0000      0.997230320233E+00
  143.1000      0.101520765203E+01
  143.2000      0.102962433125E+01
  143.3000      0.102974965063E+01
  143.4000      0.100737846515E+01
  143.5000      0.970795171299E+00
  143.6000      0.933667268979E+00
  143.7000      0.898199056319E+00
  143.8000      0.857633344363E+00
  143.9000      0.811586080514E+00
  144.0000      0.769959084819E+00
  144.1000      0.739766635499E+00
  144.2000      0.718891543204E+00
  144.3000      0.703442878742E+00
  144.4000      0.694317000505E+00
  144.5000      0.693109523853E+00
  144.6000      0.696377530447E+00
  144.7000      0.700508979620E+00
  144.8000      0.705780668476E+00
  144.9000      0.712355266252E+00
  145.0000      0.715672201190E+00
  145.1000      0.710912244951E+00
  145.2000      0.700807584980E+00
  145.3000      0.691375996707E+00
  145.4000      0.683580528485E+00
  145.5000      0.673859594176E+00
  145.6000      0.662783252177E+00
  145.7000      0.657466814341E+00
  145.8000      0.662821675418E+00
  145.9000      0.677902432126E+00
  146.0000      0.700661151789E+00
  146.1000      0.732279880111E+00
  146.2000      0.773588938464E+00
  146.3000      0.820916831943E+00
  146.4000      0.870466733780E+00
  146.5000      0.920944655471E+00
  146.6000      0.970094055762E+00
  146.7000      0.101109606423E+01
  146.8000      0.103743045900E+01
  146.9000      0.104967936275E+01
  147.0000      0.105090842048E+01
  147.1000      0.103954618838E+01
  147.2000      0.101085595066E+01
  147.3000      0.965852438952E+00
  147.4000      0.912604216040E+00
  147.5000      0.857135475061E+00
  147.6000      0.800563722102E+00
  147.7000      0.744385018424E+00
  147.8000      0.694415607819E+00
  147.9000      0.655601837928E+00
  148.0000      0.627946943490E+00
  148.1000      0.611890247756E+00
  148.2000      0.610555255679E+00
  148.3000      0.624241442782E+00
  148.4000      0.645692290348E+00
  148.5000      0.667805892008E+00
  148.6000      0.692505872607E+00
  148.7000      0.723539485261E+00
  148.8000      0.755169947389E+00
  148.9000      0.774963603280E+00
  149.0000      0.779797894812E+00
  149.1000      0.779135813208E+00
  149.2000      0.779345965556E+00
  149.3000      0.774920629884E+00
  149.4000      0.758770867336E+00
  149.5000      0.736304642803E+00
  149.6000      0.719681070031E+00
  149.7000      0.712848301739E+00
  149.8000      0.711005615675E+00
  149.9000      0.711535574430E+00
  150.0000      0.719098926352E+00
  150.1000      0.736846428695E+00
  150.2000      0.761343141311E+00
  150.3000      0.787898710211E+00
  150.4000      0.814569705246E+00
  150.5000      0.839733517695E+00
  150.6000      0.858486969708E+00
  150.7000      0.867225462672E+00
  150.8000      0.866709611744E+00
  150.9000      0.857914675355E+00
  151.0000      0.839098413849E+00
  151.1000      0.808840971978E+00
  151.2000      0.771336731678E+00
  151.3000      0.732712771143E+00
  151.4000      0.695986561393E+00
  151.5000      0.663058472121E+00
  151.6000      0.638013853794E+00
  151.7000      0.625516285541E+00
  151.8000      0.625494250693E+00
  151.9000      0.636484246599E+00
  152.0000      0.660912748401E+00
  152.1000      0.700931743679E+00
  152.2000      0.750977479671E+00
  152.3000      0.799924572088E+00
  152.4000      0.844017616459E+00
  152.5000      0.887839812176E+00
  152.6000      0.930970520993E+00
  152.7000      0.961967708489E+00
  152.8000      0.970446649997E+00
  152.9000      0.960821377889E+00
  153.0000      0.943755958150E+00
  153.1000      0.920480187483E+00
  153.2000      0.883888826230E+00
  153.3000      0.833461628448E+00
  153.4000      0.780507146584E+00
  153.5000      0.734657755642E+00
  153.6000      0.696042026486E+00
  153.7000      0.662106737605E+00
  153.8000      0.635698689503E+00
  153.9000      0.621466858267E+00
  154.0000      0.618127442531E+00
  154.1000      0.622181078417E+00
  154.2000      0.632798520922E+00
  154.3000      0.649350694675E+00
  154.4000      0.666499691998E+00
  154.5000      0.677600365060E+00
  154.6000      0.682869821168E+00
  154.7000      0.685853443671E+00
  154.8000      0.685696891021E+00
  154.9000      0.677593718272E+00
  155.0000      0.661583790094E+00
  155.1000      0.645032329524E+00
  155.2000      0.633438753101E+00
  155.3000      0.627316085831E+00
  155.4000      0.627280748446E+00
  155.5000      0.637689597713E+00
  155.6000      0.661471648254E+00
  155.7000      0.696073788084E+00
  155.8000      0.740076065253E+00
  155.9000      0.795505550733E+00
  156.0000      0.861121071173E+00
  156.1000      0.927042192449E+00
  156.2000      0.983303369477E+00
  156.3000      0.103075233691E+01
  156.4000      0.107348138599E+01
  156.5000      0.110605079666E+01
  156.6000      0.111560808117E+01
  156.7000      0.109863079291E+01
  156.8000      0.106553604855E+01
  156.9000      0.102470780774E+01
  157.0000      0.973401969185E+00
  157.1000      0.907098552975E+00
  157.2000      0.832624024587E+00
  157.3000      0.762755017249E+00
  157.4000      0.702735115323E+00
  157.5000      0.651298832205E+00
  157.6000      0.609306510300E+00
  157.7000      0.581639729549E+00
  157.8000      0.569040614929E+00
  157.9000      0.567365079237E+00
  158.0000      0.575255269292E+00
  158.1000      0.593574221206E+00
  158.2000      0.618693575151E+00
  158.3000      0.641138321770E+00
  158.4000      0.656267023629E+00
  158.5000      0.668329880381E+00
  158.6000      0.680027874332E+00
  158.7000      0.686378173541E+00
  158.8000      0.681661740923E+00
  158.9000      0.670086025130E+00
  159.0000      0.660635654482E+00
  159.1000      0.656230019672E+00
  159.2000      0.655256918094E+00
  159.3000      0.659066887203E+00
  159.4000      0.673023277268E+00
  159.5000      0.698094921803E+00
  159.6000      0.731115543131E+00
  159.7000      0.772113007465E+00
  159.8000      0.822816169141E+00
  159.9000      0.878956307243E+00
  160.0000      0.929423279450E+00
  160.1000      0.969156920751E+00
  160.2000      0.100276537827E+01
  160.3000      0.103168893922E+01
  160.4000      0.104656236617E+01
  160.5000      0.103736614893E+01
  160.6000      0.100844574608E+01
  160.7000      0.971593451138E+00
  160.8000      0.930119793620E+00
  160.9000      0.878933807554E+00
  161.0000      0.818037731071E+00
  161.1000      0.758218219839E+00
  161.2000      0.708346082147E+00
  161.3000      0.668878130990E+00
  161.4000      0.638820784498E+00
  161.5000      0.621294468895E+00
  161.6000      0.618712642831E+00
  161.7000      0.626562646188E+00
  161.8000      0.640975922366E+00
  161.9000      0.663534418782E+00
  162.0000      0.694151671681E+00
  162.1000      0.724254078584E+00
  162.2000      0.743589548409E+00
  162.3000      0.753416238288E+00
  162.4000      0.760917076890E+00
  162.5000      0.765662856474E+00
  162.6000      0.759402006762E+00
  162.7000      0.739757850753E+00
  162.8000      0.716442139883E+00
  162.9000      0.697929766460E+00
  163.0000      0.683903961301E+00
  163.1000      0.671948831409E+00
  163.2000      0.665717256719E+00
  163.3000      0.670667285434E+00
  163.4000      0.685469125509E+00
  163.5000      0.707330160445E+00
  163.6000      0.737129601051E+00
  163.7000      0.775144302738E+00
  163.8000      0.814217103234E+00
  163.9000      0.845032725722E+00
  164.0000      0.868126325793E+00
  164.1000      0.888532873905E+00
  164.2000      0.903717420491E+00
  164.3000      0.903625347906E+00
  164.4000      0.885273001894E+00
  164.5000      0.858524166387E+00
  164.6000      0.831609844495E+00
  164.7000      0.803480214100E+00
  164.8000      0.771475215530E+00
  164.9000      0.741420798068E+00
  165.0000      0.722023938470E+00
  165.1000      0.714401904179E+00
  165.2000      0.717340874623E+00
  165.3000      0.733353491501E+00
  165.4000      0.764675709129E+00
  165.5000      0.804493187402E+00
  165.6000      0.843048468535E+00
  165.7000      0.881259039828E+00
  165.8000      0.924178241156E+00
  165.9000      0.965967865580E+00
  166.0000      0.989994790986E+00
  166.1000      0.989673917541E+00
  166.2000      0.976446934960E+00
  166.3000      0.959570017124E+00
  166.4000      0.932754363433E+00
  166.5000      0.885903494978E+00
  166.6000      0.825519675123E+00
  166.7000      0.768764804685E+00
  166.8000      0.722597405726E+00
  166.9000      0.682962064528E+00
  167.0000      0.648559345736E+00
  167.1000      0.627267923165E+00
  167.2000      0.623505179205E+00
  167.3000      0.632993032387E+00
  167.4000      0.652663111202E+00
  167.5000      0.683144724957E+00
  167.6000      0.721441007353E+00
  167.7000      0.756159043638E+00
  167.8000      0.780372220611E+00
  167.9000      0.798506155655E+00
  168.0000      0.813596137444E+00
  168.1000      0.818540823676E+00
  168.2000      0.804545432608E+00
  168.3000      0.777097109890E+00
  168.4000      0.749203120335E+00
  168.5000      0.725511980703E+00
  168.6000      0.704304870322E+00
  168.7000      0.688805206225E+00
  168.8000      0.689129880187E+00
  168.9000      0.708431572656E+00
  169.0000      0.743348241394E+00
  169.1000      0.796243693268E+00
  169.2000      0.872460717097E+00
  169.3000      0.966025383465E+00
  169.4000      0.105743082506E+01
  169.5000      0.113770639882E+01
  169.6000      0.121602377000E+01
  169.7000      0.129502026043E+01
  169.8000      0.135399099272E+01
  169.9000      0.136894687680E+01
  170.0000      0.134557506756E+01
  170.1000      0.130714420993E+01
  170.2000      0.125866237021E+01
  170.3000      0.118337404823E+01
  170.4000      0.107517013129E+01
  170.5000      0.957438298538E+00
  170.6000      0.854698596218E+00
  170.7000      0.768963361150E+00
  170.8000      0.692225617245E+00
  170.9000      0.629239619643E+00
  171.0000      0.594069387343E+00
  171.1000      0.587790206111E+00
  171.2000      0.602111902723E+00
  171.3000      0.633271399413E+00
  171.4000      0.680723826014E+00
  171.5000      0.734456917707E+00
  171.6000      0.777357770842E+00
  171.7000      0.806049867576E+00
  171.8000      0.827256308047E+00
  171.9000      0.838974346325E+00
  172.0000      0.827502015797E+00
  172.1000      0.788282203588E+00
  172.2000      0.737784164800E+00
  172.3000      0.691368819996E+00
  172.4000      0.651239814790E+00
  172.5000      0.618112968503E+00
  172.6000      0.604254377024E+00
  172.7000      0.622520886735E+00
  172.8000      0.670539207632E+00
  172.9000      0.746331989387E+00
  173.0000      0.858546667895E+00
  173.1000      0.100998543348E+01
  173.2000      0.117765285880E+01
  173.3000      0.133162150143E+01
  173.4000      0.147245663301E+01
  173.5000      0.161529346307E+01
  173.6000      0.174691040242E+01
  173.7000      0.182303638680E+01
  173.8000      0.182202823704E+01
  173.9000      0.177282605056E+01
  174.0000      0.170539510870E+01
  174.1000      0.160880922743E+01
  174.2000      0.145646905914E+01
  174.3000      0.126224433396E+01
  174.4000      0.107429329519E+01
  174.5000      0.918243360349E+00
  174.6000      0.786532581154E+00
  174.7000      0.673865166644E+00
  174.8000      0.600362582167E+00
  174.9000      0.581885261506E+00
  175.0000      0.608470063122E+00
  175.1000      0.668345382880E+00
  175.2000      0.760138399202E+00
  175.3000      0.876344590401E+00
  175.4000      0.985967162286E+00
  175.5000      0.106382180823E+01
  175.6000      0.111659078115E+01
  175.7000      0.115312577459E+01
  175.8000      0.115617253724E+01
  175.9000      0.109910290536E+01
  176.0000      0.992899214034E+00
  176.1000      0.876794080637E+00
  176.2000      0.770564139270E+00
  176.3000      0.673871148165E+00
  176.4000      0.597957972796E+00
  176.5000      0.576910867971E+00
  176.6000      0.627223726373E+00
  176.7000      0.741248524481E+00
  176.8000      0.927164173471E+00
  176.9000      0.120579820185E+01
  177.0000      0.156378397405E+01
  177.1000      0.193479955653E+01
  177.2000      0.227624721590E+01
  177.3000      0.261255540264E+01
  177.4000      0.295668071176E+01
  177.5000      0.323720180203E+01
  177.6000      0.335220906315E+01
  177.7000      0.330138254835E+01
  177.8000      0.316847796919E+01
  177.9000      0.298287375683E+01
  178.0000      0.268434324878E+01
  178.1000      0.223966823788E+01
  178.2000      0.174063426186E+01
  178.3000      0.130280885557E+01
  178.4000      0.956300224327E+00
  178.5000      0.691874085165E+00
  178.6000      0.555591655859E+00
  178.7000      0.630875762811E+00
  178.8000      0.923430021252E+00
  178.9000      0.140346734388E+01
  179.0000      0.210563310692E+01
  179.1000      0.307913241544E+01
  179.2000      0.424207122603E+01
  179.3000      0.539026661593E+01
  179.4000      0.647238371564E+01
  179.5000      0.763487496174E+01
  179.6000      0.892062853651E+01
  179.7000      0.100329546220E+02
  179.8000      0.105707783776E+02
  179.9000      0.105946062170E+02
  180.0000      0.105309369480E+02
