    0.1000      0.457282670681E+07
    0.2000      0.122478821402E+07
    0.3000      0.483569221319E+06
    0.4000      0.173051178880E+06
    0.5000      0.936271771501E+05
    0.6000      0.923316570850E+05
    0.7000      0.602647221908E+05
    0.8000      0.227579776694E+05
    0.9000      0.236567639669E+05
    1.0000      0.250011032638E+05
    1.1000      0.168441017898E+05
    1.2000      0.106096255082E+05
    1.3000      0.111915448193E+05
    1.4000      0.110965193560E+05
    1.5000      0.956559195848E+04
    1.6000      0.838370733183E+04
    1.7000      0.707916015598E+04
    1.8000      0.556072463932E+04
    1.9000      0.503040450493E+04
    2.0000      0.566603731611E+04
    2.1000      0.562635062442E+04
    2.2000      0.454331903547E+04
    2.3000      0.351641091194E+04
    2.4000      0.344204729302E+04
    2.5000      0.398147282898E+04
    2.6000      0.412459836053E+04
    2.7000      0.395529625612E+04
    2.8000      0.345822767928E+04
    2.9000      0.310967343278E+04
    3.0000      0.280048033210E+04
    3.1000      0.261650903057E+04
    3.2000      0.255558086599E+04
    3.3000      0.236269934962E+04
    3.4000      0.206628296297E+04
    3.5000      0.168277738909E+04
    3.6000      0.152015231237E+04
    3.7000      0.154735933176E+04
    3.8000      0.153787783436E+04
    3.9000      0.136908330309E+04
    4.0000      0.108564209601E+04
    4.1000      0.902356544796E+03
    4.2000      0.905069885707E+03
    4.3000      0.101016994213E+04
    4.4000      0.109030489830E+04
    4.5000      0.103036962077E+04
    4.6000      0.873371155327E+03
    4.7000      0.725505006967E+03
    4.8000      0.647006719625E+03
    4.9000      0.653590911999E+03
    5.0000      0.657779627478E+03
    5.1000      0.662999081359E+03
    5.2000      0.656819875351E+03
    5.3000      0.621604898433E+03
    5.4000      0.573927673809E+03
    5.5000      0.493416968237E+03
    5.6000      0.434277945948E+03
    5.7000      0.378766243327E+03
    5.8000      0.336943657363E+03
    5.9000      0.337149806310E+03
    6.0000      0.339024017834E+03
    6.1000      0.338292801817E+03
    6.2000      0.304536433367E+03
    6.3000      0.263882961910E+03
    6.4000      0.237210110882E+03
    6.5000      0.206604978474E+03
    6.6000      0.191185324433E+03
    6.7000      0.176602443296E+03
    6.8000      0.159956278074E+03
    6.9000      0.144230226192E+03
    7.0000      0.131370688291E+03
    7.1000      0.134879440573E+03
    7.2000      0.138947847203E+03
    7.3000      0.134819562769E+03
    7.4000      0.122109056199E+03
    7.5000      0.100719330216E+03
    7.6000      0.818014843737E+02
    7.7000      0.711278468077E+02
    7.8000      0.717931047636E+02
    7.9000      0.794402346453E+02
    8.0000      0.830695586457E+02
    8.1000      0.819343392394E+02
    8.2000      0.766016494897E+02
    8.3000      0.684252565392E+02
    8.4000      0.621052494377E+02
    8.5000      0.571027510677E+02
    8.6000      0.542779203322E+02
    8.7000      0.512155480820E+02
    8.8000      0.468196283395E+02
    8.9000      0.454024217409E+02
    9.0000      0.441782233093E+02
    9.1000      0.431720874038E+02
    9.2000      0.432568465127E+02
    9.3000      0.428175031086E+02
    9.4000      0.430107564672E+02
    9.5000      0.417896750398E+02
    9.6000      0.407424972896E+02
    9.7000      0.401690688563E+02
    9.8000      0.364704871171E+02
    9.9000      0.331473721200E+02
   10.0000      0.309420095257E+02
   10.1000      0.288682992533E+02
   10.2000      0.287199549990E+02
   10.3000      0.290264463482E+02
   10.4000      0.302362260369E+02
   10.5000      0.307471837856E+02
   10.6000      0.295816736020E+02
   10.7000      0.298154275831E+02
   10.8000      0.287728577209E+02
   10.9000      0.265338408327E+02
   11.0000      0.249078139300E+02
   11.1000      0.227069565319E+02
   11.2000      0.214372373418E+02
   11.3000      0.203669618079E+02
   11.4000      0.207197845125E+02
   11.5000      0.226787222002E+02
   11.6000      0.230519417754E+02
   11.7000      0.235660697551E+02
   11.8000      0.235858063458E+02
   11.9000      0.223884870995E+02
   12.0000      0.212303861030E+02
   12.1000      0.198704659543E+02
   12.2000      0.202079107671E+02
   12.3000      0.211124367610E+02
   12.4000      0.222188312264E+02
   12.5000      0.246808509361E+02
   12.6000      0.261933797093E+02
   12.7000      0.266798508848E+02
   12.8000      0.257426727119E+02
   12.9000      0.240146829733E+02
   13.0000      0.229753493164E+02
   13.1000      0.216576917206E+02
   13.2000      0.223357153504E+02
   13.3000      0.247866019533E+02
   13.4000      0.268170431026E+02
   13.5000      0.288259296828E+02
   13.6000      0.294396579040E+02
   13.7000      0.289345617156E+02
   13.8000      0.271069056174E+02
   13.9000      0.241072278097E+02
   14.0000      0.226300661043E+02
   14.1000      0.214153598495E+02
   14.2000      0.207802811981E+02
   14.3000      0.221026247764E+02
   14.4000      0.234855624797E+02
   14.5000      0.248440980309E+02
   14.6000      0.254811216701E+02
   14.7000      0.252163353030E+02
   14.8000      0.245244749893E+02
   14.9000      0.222523767931E+02
   15.0000      0.203961953971E+02
   15.1000      0.195578606476E+02
   15.2000      0.185692001773E+02
   15.3000      0.190293396109E+02
   15.4000      0.203703859530E+02
   15.5000      0.216601625309E+02
   15.6000      0.228471038723E+02
   15.7000      0.231070810848E+02
   15.8000      0.230776580975E+02
   15.9000      0.221356863204E+02
   16.0000      0.205092515231E+02
   16.1000      0.199749900088E+02
   16.2000      0.196128974230E+02
   16.3000      0.197350181106E+02
   16.4000      0.208900479230E+02
   16.5000      0.219638772195E+02
   16.6000      0.228991492013E+02
   16.7000      0.229885398993E+02
   16.8000      0.225649483878E+02
   16.9000      0.220251868139E+02
   17.0000      0.205977172448E+02
   17.1000      0.197482937098E+02
   17.2000      0.195780904047E+02
   17.3000      0.193254721351E+02
   17.4000      0.196386254862E+02
   17.5000      0.199074772141E+02
   17.6000      0.200642011799E+02
   17.7000      0.197555593896E+02
   17.8000      0.187746167602E+02
   17.9000      0.181825792259E+02
   18.0000      0.172624363327E+02
   18.1000      0.163135152383E+02
   18.2000      0.161201849352E+02
   18.3000      0.159253439223E+02
   18.4000      0.159107555991E+02
   18.5000      0.157663521881E+02
   18.6000      0.155578398768E+02
   18.7000      0.154527363557E+02
   18.8000      0.147264843605E+02
   18.9000      0.143122193612E+02
   19.0000      0.142102331642E+02
   19.1000      0.138818627754E+02
   19.2000      0.139619559602E+02
   19.3000      0.141319549924E+02
   19.4000      0.144440817979E+02
   19.5000      0.146764692026E+02
   19.6000      0.146239557097E+02
   19.7000      0.149314430787E+02
   19.8000      0.148977045552E+02
   19.9000      0.146519050707E+02
   20.0000      0.147588888913E+02
   20.1000      0.146806434080E+02
   20.2000      0.146710064075E+02
   20.3000      0.146709476804E+02
   20.4000      0.147535504384E+02
   20.5000      0.150440863578E+02
   20.6000      0.149574086536E+02
   20.7000      0.150524576852E+02
   20.8000      0.152241244808E+02
   20.9000      0.148945659973E+02
   21.0000      0.146429286065E+02
   21.1000      0.143059106707E+02
   21.2000      0.138137439771E+02
   21.3000      0.133673876515E+02
   21.4000      0.128914979035E+02
   21.5000      0.127608729215E+02
   21.6000      0.126225504031E+02
   21.7000      0.124461173521E+02
   21.8000      0.126455204058E+02
   21.9000      0.126080673922E+02
   22.0000      0.123858434482E+02
   22.1000      0.122020337490E+02
   22.2000      0.117433462415E+02
   22.3000      0.111961796648E+02
   22.4000      0.105312027680E+02
   22.5000      0.995953119427E+01
   22.6000      0.964065807515E+01
   22.7000      0.927220327516E+01
   22.8000      0.929963057469E+01
   22.9000      0.963276883028E+01
   23.0000      0.984658711589E+01
   23.1000      0.102211691750E+02
   23.2000      0.104989195381E+02
   23.3000      0.105299116020E+02
   23.4000      0.103267536516E+02
   23.5000      0.980964659141E+01
   23.6000      0.933759653425E+01
   23.7000      0.872015283715E+01
   23.8000      0.812157700104E+01
   23.9000      0.801884492102E+01
   24.0000      0.803906682946E+01
   24.1000      0.829231920013E+01
   24.2000      0.881701405618E+01
   24.3000      0.930950270861E+01
   24.4000      0.974205152434E+01
   24.5000      0.976536918184E+01
   24.6000      0.957708151585E+01
   24.7000      0.920212149839E+01
   24.8000      0.833718917265E+01
   24.9000      0.759483016772E+01
   25.0000      0.701168064375E+01
   25.1000      0.648526574900E+01
   25.2000      0.636535825350E+01
   25.3000      0.650093614424E+01
   25.4000      0.692506034811E+01
   25.5000      0.735880632844E+01
   25.6000      0.760812569869E+01
   25.7000      0.789142154713E+01
   25.8000      0.770382840123E+01
   25.9000      0.714477259012E+01
   26.0000      0.658165897178E+01
   26.1000      0.579763164445E+01
   26.2000      0.509822859144E+01
   26.3000      0.463245131858E+01
   26.4000      0.447038158632E+01
   26.5000      0.468973885516E+01
   26.6000      0.497675442271E+01
   26.7000      0.548722384461E+01
   26.8000      0.601474499540E+01
   26.9000      0.614246714599E+01
   27.0000      0.612204001843E+01
   27.1000      0.583425559398E+01
   27.2000      0.522454239827E+01
   27.3000      0.457017165946E+01
   27.4000      0.393978956918E+01
   27.5000      0.352391930156E+01
   27.6000      0.332514951861E+01
   27.7000      0.334791338752E+01
   27.8000      0.367324273753E+01
   27.9000      0.400986662353E+01
   28.0000      0.428017244026E+01
   28.1000      0.448967982594E+01
   28.2000      0.442734350335E+01
   28.3000      0.414337142022E+01
   28.4000      0.374184774901E+01
   28.5000      0.324711135693E+01
   28.6000      0.279107662989E+01
   28.7000      0.246935173393E+01
   28.8000      0.231506595997E+01
   28.9000      0.233922326866E+01
   29.0000      0.249263777679E+01
   29.1000      0.271324954410E+01
   29.2000      0.293050003985E+01
   29.3000      0.305366263800E+01
   29.4000      0.308515230665E+01
   29.5000      0.302717860455E+01
   29.6000      0.284550686028E+01
   29.7000      0.266979002446E+01
   29.8000      0.253755893961E+01
   29.9000      0.239654410568E+01
   30.0000      0.238326364439E+01
   30.1000      0.246262355704E+01
   30.2000      0.253110333414E+01
   30.3000      0.266405797142E+01
   30.4000      0.279171947143E+01
   30.5000      0.286195543137E+01
   30.6000      0.290703482662E+01
   30.7000      0.290621782280E+01
   30.8000      0.291587406081E+01
   30.9000      0.289923142842E+01
   31.0000      0.287432583525E+01
   31.1000      0.294840717125E+01
   31.2000      0.298383407893E+01
   31.3000      0.300666540706E+01
   31.4000      0.311905500773E+01
   31.5000      0.314804448618E+01
   31.6000      0.314217578396E+01
   31.7000      0.317531095720E+01
   31.8000      0.314608552408E+01
   31.9000      0.311764175243E+01
   32.0000      0.309255370195E+01
   32.1000      0.308864639936E+01
   32.2000      0.313044441014E+01
   32.3000      0.312019049199E+01
   32.4000      0.317850980257E+01
   32.5000      0.326500773243E+01
   32.6000      0.323430677194E+01
   32.7000      0.325738313308E+01
   32.8000      0.326507349983E+01
   32.9000      0.316633101137E+01
   33.0000      0.309748351638E+01
   33.1000      0.301112982919E+01
   33.2000      0.292252951071E+01
   33.3000      0.284795145735E+01
   33.4000      0.278014233431E+01
   33.5000      0.280448645136E+01
   33.6000      0.280418542081E+01
   33.7000      0.280213599382E+01
   33.8000      0.288070603920E+01
   33.9000      0.287830386905E+01
   34.0000      0.283561569263E+01
   34.1000      0.279392717447E+01
   34.2000      0.266903200321E+01
   34.3000      0.251099775388E+01
   34.4000      0.232845152497E+01
   34.5000      0.215324683801E+01
   34.6000      0.201787525311E+01
   34.7000      0.190493618323E+01
   34.8000      0.188026450482E+01
   34.9000      0.192311402996E+01
   35.0000      0.198565573431E+01
   35.1000      0.208287812267E+01
   35.2000      0.216215414170E+01
   35.3000      0.217700865860E+01
   35.4000      0.212705784401E+01
   35.5000      0.200391091719E+01
   35.6000      0.180487503891E+01
   35.7000      0.159224103081E+01
   35.8000      0.140648729595E+01
   35.9000      0.125018172431E+01
   36.0000      0.121434704213E+01
   36.1000      0.129046019712E+01
   36.2000      0.142031468097E+01
   36.3000      0.163204569942E+01
   36.4000      0.184465566798E+01
   36.5000      0.200207632729E+01
   36.6000      0.207183221142E+01
   36.7000      0.202226467893E+01
   36.8000      0.192357882188E+01
   36.9000      0.172338671916E+01
   37.0000      0.150054962877E+01
   37.1000      0.140776769322E+01
   37.2000      0.133920826260E+01
   37.3000      0.137804214111E+01
   37.4000      0.158943084795E+01
   37.5000      0.182053300731E+01
   37.6000      0.208058441757E+01
   37.7000      0.231172020875E+01
   37.8000      0.246041306514E+01
   37.9000      0.252030206832E+01
   38.0000      0.241876656112E+01
   38.1000      0.229205544080E+01
   38.2000      0.214848710912E+01
   38.3000      0.194002385986E+01
   38.4000      0.186171985366E+01
   38.5000      0.187177447487E+01
   38.6000      0.190610958018E+01
   38.7000      0.204917780805E+01
   38.8000      0.221000865237E+01
   38.9000      0.233809334618E+01
   39.0000      0.241294502736E+01
   39.1000      0.239796111676E+01
   39.2000      0.232380093600E+01
   39.3000      0.215696835295E+01
   39.4000      0.194946467119E+01
   39.5000      0.177948491427E+01
   39.6000      0.161468081601E+01
   39.7000      0.150975243035E+01
   39.8000      0.150010042589E+01
   39.9000      0.152608414591E+01
   40.0000      0.158895555561E+01
   40.1000      0.167757712201E+01
   40.2000      0.172735720733E+01
   40.3000      0.173215641544E+01
   40.4000      0.170132385761E+01
   40.5000      0.160407352853E+01
   40.6000      0.147266088969E+01
   40.7000      0.134843938911E+01
   40.8000      0.122534184705E+01
   40.9000      0.114291873254E+01
   41.0000      0.111421015556E+01
   41.1000      0.113662221810E+01
   41.2000      0.120920322729E+01
   41.3000      0.128489068927E+01
   41.4000      0.138769557660E+01
   41.5000      0.148276343058E+01
   41.6000      0.150362369844E+01
   41.7000      0.153008149288E+01
   41.8000      0.152748467563E+01
   41.9000      0.145872785063E+01
   42.0000      0.142306579263E+01
   42.1000      0.139419816407E+01
   42.2000      0.136839539441E+01
   42.3000      0.138579998303E+01
   42.4000      0.142413184909E+01
   42.5000      0.149954313896E+01
   42.6000      0.156383253930E+01
   42.7000      0.161629004668E+01
   42.8000      0.169295554459E+01
   42.9000      0.170268483881E+01
   43.0000      0.168322792131E+01
   43.1000      0.168299156796E+01
   43.2000      0.162619331894E+01
   43.3000      0.156755644880E+01
   43.4000      0.153804148950E+01
   43.5000      0.150104062029E+01
   43.6000      0.148779304104E+01
   43.7000      0.149049923424E+01
   43.8000      0.151088533726E+01
   43.9000      0.154297452030E+01
   44.0000      0.155253740980E+01
   44.1000      0.157368748524E+01
   44.2000      0.158197676743E+01
   44.3000      0.154455517798E+01
   44.4000      0.151706828355E+01
   44.5000      0.147786100005E+01
   44.6000      0.140847302571E+01
   44.7000      0.136693917724E+01
   44.8000      0.133696157899E+01
   44.9000      0.130690828002E+01
   45.0000      0.131549487247E+01
   45.1000      0.134297198275E+01
   45.2000      0.137614577665E+01
   45.3000      0.142367328207E+01
   45.4000      0.146580838512E+01
   45.5000      0.149889939396E+01
   45.6000      0.150839480106E+01
   45.7000      0.149489074075E+01
   45.8000      0.148258031175E+01
   45.9000      0.144072180600E+01
   46.0000      0.139830550114E+01
   46.1000      0.139906366680E+01
   46.2000      0.138827842017E+01
   46.3000      0.140315818153E+01
   46.4000      0.147530387142E+01
   46.5000      0.152942951795E+01
   46.6000      0.159269768469E+01
   46.7000      0.167139758045E+01
   46.8000      0.171114928951E+01
   46.9000      0.173324704158E+01
   47.0000      0.173039928464E+01
   47.1000      0.171229630144E+01
   47.2000      0.169096208288E+01
   47.3000      0.164526881097E+01
   47.4000      0.164117374270E+01
   47.5000      0.165663905314E+01
   47.6000      0.164583837216E+01
   47.7000      0.169061528891E+01
   47.8000      0.173342059406E+01
   47.9000      0.172409901111E+01
   48.0000      0.173670618743E+01
   48.1000      0.171986482398E+01
   48.2000      0.165984823815E+01
   48.3000      0.160694919227E+01
   48.4000      0.154677098733E+01
   48.5000      0.150429698498E+01
   48.6000      0.147249052882E+01
   48.7000      0.146091543149E+01
   48.8000      0.149919879215E+01
   48.9000      0.151157640319E+01
   49.0000      0.151925523373E+01
   49.1000      0.154621097485E+01
   49.2000      0.149912762661E+01
   49.3000      0.142382948488E+01
   49.4000      0.135310032210E+01
   49.5000      0.123632706750E+01
   49.6000      0.113312073053E+01
   49.7000      0.106904005454E+01
   49.8000      0.103528833606E+01
   49.9000      0.105505662790E+01
   50.0000      0.111099369796E+01
   50.1000      0.120550447760E+01
   50.2000      0.130765107475E+01
   50.3000      0.137166162742E+01
   50.4000      0.141736400796E+01
   50.5000      0.140897265241E+01
   50.6000      0.132801361471E+01
   50.7000      0.122922423748E+01
   50.8000      0.111112413974E+01
   50.9000      0.990767883765E+00
   51.0000      0.925247064280E+00
   51.1000      0.917131836242E+00
   51.2000      0.967065676814E+00
   51.3000      0.108707245985E+01
   51.4000      0.124638868065E+01
   51.5000      0.140858656281E+01
   51.6000      0.155810552287E+01
   51.7000      0.165746013090E+01
   51.8000      0.168112890366E+01
   51.9000      0.164303978020E+01
   52.0000      0.154427555252E+01
   52.1000      0.140645001391E+01
   52.2000      0.126949678139E+01
   52.3000      0.115986502426E+01
   52.4000      0.111354810997E+01
   52.5000      0.112622546554E+01
   52.6000      0.120682671513E+01
   52.7000      0.136465994170E+01
   52.8000      0.151903727731E+01
   52.9000      0.166989109965E+01
   53.0000      0.181791936487E+01
   53.1000      0.186361005828E+01
   53.2000      0.184479437446E+01
   53.3000      0.178867353966E+01
   53.4000      0.164808021672E+01
   53.5000      0.149411799430E+01
   53.6000      0.135774455274E+01
   53.7000      0.125076175574E+01
   53.8000      0.120679226659E+01
   53.9000      0.120552216652E+01
   54.0000      0.128854540082E+01
   54.1000      0.140820744821E+01
   54.2000      0.149493579016E+01
   54.3000      0.161669241500E+01
   54.4000      0.168739153724E+01
   54.5000      0.165473151712E+01
   54.6000      0.161643623452E+01
   54.7000      0.151666223162E+01
   54.8000      0.136207005730E+01
   54.9000      0.123403428600E+01
   55.0000      0.112034989412E+01
   55.1000      0.105591690821E+01
   55.2000      0.103601817943E+01
   55.3000      0.106672129739E+01
   55.4000      0.116845783723E+01
   55.5000      0.124663177055E+01
   55.6000      0.132507035453E+01
   55.7000      0.141606971019E+01
   55.8000      0.141224981915E+01
   55.9000      0.137203679694E+01
   56.0000      0.132141145019E+01
   56.1000      0.120802152432E+01
   56.2000      0.110123268788E+01
   56.3000      0.102220868152E+01
   56.4000      0.968803375944E+00
   56.5000      0.965523057971E+00
   56.6000      0.996125242064E+00
   56.7000      0.107505073394E+01
   56.8000      0.116849364458E+01
   56.9000      0.123685024330E+01
   57.0000      0.130819224046E+01
   57.1000      0.133788330491E+01
   57.2000      0.130790788443E+01
   57.3000      0.126790357664E+01
   57.4000      0.120087604944E+01
   57.5000      0.111781575669E+01
   57.6000      0.106636785372E+01
   57.7000      0.104108838894E+01
   57.8000      0.104629747313E+01
   57.9000      0.109664126013E+01
   58.0000      0.117168863970E+01
   58.1000      0.125346501068E+01
   58.2000      0.133371776725E+01
   58.3000      0.138944143207E+01
   58.4000      0.140829042453E+01
   58.5000      0.139223275666E+01
   58.6000      0.134216768322E+01
   58.7000      0.127307375072E+01
   58.8000      0.119521263215E+01
   58.9000      0.112888710936E+01
   59.0000      0.109815797487E+01
   59.1000      0.108488669845E+01
   59.2000      0.110730714243E+01
   59.3000      0.117474622847E+01
   59.4000      0.122856386512E+01
   59.5000      0.128705552496E+01
   59.6000      0.135181204289E+01
   59.7000      0.135988783937E+01
   59.8000      0.134626177586E+01
   59.9000      0.132052778046E+01
   60.0000      0.125553327163E+01
   60.1000      0.119160155576E+01
   60.2000      0.113537473840E+01
   60.3000      0.109982531663E+01
   60.4000      0.109244458498E+01
   60.5000      0.109494262766E+01
   60.6000      0.114537333285E+01
   60.7000      0.120244562856E+01
   60.8000      0.123006916356E+01
   60.9000      0.128548786717E+01
   61.0000      0.130740594182E+01
   61.1000      0.127431950694E+01
   61.2000      0.125518843578E+01
   61.3000      0.120640812465E+01
   61.4000      0.113551650106E+01
   61.5000      0.109205011169E+01
   61.6000      0.105926558957E+01
   61.7000      0.105507986036E+01
   61.8000      0.107363922323E+01
   61.9000      0.111663928501E+01
   62.0000      0.119346865303E+01
   62.1000      0.124419833420E+01
   62.2000      0.129128276931E+01
   62.3000      0.134212219546E+01
   62.4000      0.132389177083E+01
   62.5000      0.128636500120E+01
   62.6000      0.124698755014E+01
   62.7000      0.115681951032E+01
   62.8000      0.107607608711E+01
   62.9000      0.102163164277E+01
   63.0000      0.970826110954E+00
   63.1000      0.958407932674E+00
   63.2000      0.979676668452E+00
   63.3000      0.102642154022E+01
   63.4000      0.109127097324E+01
   63.5000      0.114986452679E+01
   63.6000      0.121235824716E+01
   63.7000      0.124865903755E+01
   63.8000      0.123959427746E+01
   63.9000      0.122471651314E+01
   64.0000      0.117698217718E+01
   64.1000      0.109567244991E+01
   64.2000      0.103905478176E+01
   64.3000      0.984025173525E+00
   64.4000      0.934250900434E+00
   64.5000      0.936182648001E+00
   64.6000      0.958413361949E+00
   64.7000      0.993589264010E+00
   64.8000      0.105860649254E+01
   64.9000      0.111988442007E+01
   65.0000      0.116788619111E+01
   65.1000      0.119916362330E+01
   65.2000      0.120226801806E+01
   65.3000      0.118429066731E+01
   65.4000      0.113407617334E+01
   65.5000      0.107346721935E+01
   65.6000      0.102461151241E+01
   65.7000      0.963219166783E+00
   65.8000      0.928200786641E+00
   65.9000      0.935571520012E+00
   66.0000      0.939010802968E+00
   66.1000      0.973131607273E+00
   66.2000      0.103631996870E+01
   66.3000      0.107396884634E+01
   66.4000      0.111245366290E+01
   66.5000      0.114348746103E+01
   66.6000      0.113508345858E+01
   66.7000      0.110978410706E+01
   66.8000      0.106563107939E+01
   66.9000      0.100946500023E+01
   67.0000      0.952254469037E+00
   67.1000      0.893995816943E+00
   67.2000      0.867587433966E+00
   67.3000      0.857141997792E+00
   67.4000      0.853428502138E+00
   67.5000      0.893358926411E+00
   67.6000      0.935504884153E+00
   67.7000      0.964713851918E+00
   67.8000      0.101282025415E+01
   67.9000      0.103682109649E+01
   68.0000      0.103122244233E+01
   68.1000      0.102291420140E+01
   68.2000      0.990687814588E+00
   68.3000      0.944535374288E+00
   68.4000      0.900270191193E+00
   68.5000      0.859744643673E+00
   68.6000      0.836144332408E+00
   68.7000      0.823553410965E+00
   68.8000      0.832803842446E+00
   68.9000      0.866810535247E+00
   69.0000      0.899422082359E+00
   69.1000      0.941999772088E+00
   69.2000      0.989386613618E+00
   69.3000      0.101282940450E+01
   69.4000      0.102686735843E+01
   69.5000      0.102995711661E+01
   69.6000      0.100685555028E+01
   69.7000      0.976497986703E+00
   69.8000      0.944419079757E+00
   69.9000      0.907269934314E+00
   70.0000      0.880795018026E+00
   70.1000      0.869393963928E+00
   70.2000      0.868640129682E+00
   70.3000      0.883927738029E+00
   70.4000      0.912038019407E+00
   70.5000      0.942119296466E+00
   70.6000      0.972816148174E+00
   70.7000      0.997727945657E+00
   70.8000      0.100830897665E+01
   70.9000      0.100538098629E+01
   71.0000      0.987187919339E+00
   71.1000      0.958260849489E+00
   71.2000      0.921765177919E+00
   71.3000      0.879993235996E+00
   71.4000      0.850821772353E+00
   71.5000      0.828787786996E+00
   71.6000      0.812593913710E+00
   71.7000      0.825290940529E+00
   71.8000      0.844623903665E+00
   71.9000      0.863230004148E+00
   72.0000      0.902801409687E+00
   72.1000      0.931717644398E+00
   72.2000      0.944481101268E+00
   72.3000      0.959010564389E+00
   72.4000      0.952721377283E+00
   72.5000      0.930689416188E+00
   72.6000      0.902064443487E+00
   72.7000      0.866282897601E+00
   72.8000      0.836651267741E+00
   72.9000      0.803666203470E+00
   73.0000      0.787222057071E+00
   73.1000      0.797294427090E+00
   73.2000      0.800852756663E+00
   73.3000      0.828179952633E+00
   73.4000      0.878402024914E+00
   73.5000      0.906219861507E+00
   73.6000      0.943655599654E+00
   73.7000      0.983084791798E+00
   73.8000      0.990398454607E+00
   73.9000      0.992911137558E+00
   74.0000      0.984800585681E+00
   74.1000      0.960695377275E+00
   74.2000      0.933818581074E+00
   74.3000      0.901977913753E+00
   74.4000      0.886804776342E+00
   74.5000      0.877271278416E+00
   74.6000      0.870034053929E+00
   74.7000      0.897935998311E+00
   74.8000      0.926182182091E+00
   74.9000      0.948973245645E+00
   75.0000      0.996082514038E+00
   75.1000      0.102601074543E+01
   75.2000      0.103697822457E+01
   75.3000      0.105017374319E+01
   75.4000      0.103984678387E+01
   75.5000      0.101365957123E+01
   75.6000      0.981881785823E+00
   75.7000      0.943731418807E+00
   75.8000      0.911060111395E+00
   75.9000      0.879113498930E+00
   76.0000      0.862847968164E+00
   76.1000      0.866921525809E+00
   76.2000      0.871310269183E+00
   76.3000      0.892370688325E+00
   76.4000      0.924139497565E+00
   76.5000      0.941930211040E+00
   76.6000      0.958418430914E+00
   76.7000      0.966021087158E+00
   76.8000      0.950619382494E+00
   76.9000      0.924105700265E+00
   77.0000      0.886743060412E+00
   77.1000      0.839267816273E+00
   77.2000      0.792844887772E+00
   77.3000      0.753268180485E+00
   77.4000      0.724635106495E+00
   77.5000      0.712458310395E+00
   77.6000      0.718309601522E+00
   77.7000      0.736599338321E+00
   77.8000      0.766536110603E+00
   77.9000      0.802589157446E+00
   78.0000      0.830993226295E+00
   78.1000      0.852403834601E+00
   78.2000      0.861739168992E+00
   78.3000      0.850690239621E+00
   78.4000      0.826927996096E+00
   78.5000      0.791920963790E+00
   78.6000      0.751865824769E+00
   78.7000      0.713523314883E+00
   78.8000      0.680335864111E+00
   78.9000      0.669028129102E+00
   79.0000      0.670269980421E+00
   79.1000      0.681636668128E+00
   79.2000      0.722182708344E+00
   79.3000      0.762556100873E+00
   79.4000      0.796389448195E+00
   79.5000      0.843028554618E+00
   79.6000      0.867621738150E+00
   79.7000      0.870322756441E+00
   79.8000      0.871183980951E+00
   79.9000      0.849059858653E+00
   80.0000      0.814898709573E+00
   80.1000      0.782175577763E+00
   80.2000      0.750118896003E+00
   80.3000      0.731165304526E+00
   80.4000      0.719342858076E+00
   80.5000      0.728109771511E+00
   80.6000      0.759517073040E+00
   80.7000      0.784778848968E+00
   80.8000      0.825440362209E+00
   80.9000      0.873346672813E+00
   81.0000      0.890987433162E+00
   81.1000      0.907412596195E+00
   81.2000      0.914858806455E+00
   81.3000      0.886759319604E+00
   81.4000      0.856260224971E+00
   81.5000      0.822101947303E+00
   81.6000      0.775863071120E+00
   81.7000      0.742015496943E+00
   81.8000      0.720487266679E+00
   81.9000      0.713605621803E+00
   82.0000      0.724053110923E+00
   82.1000      0.746312516629E+00
   82.2000      0.785706486069E+00
   82.3000      0.824184978310E+00
   82.4000      0.854364869858E+00
   82.5000      0.886169716047E+00
   82.6000      0.895739214847E+00
   82.7000      0.883322607137E+00
   82.8000      0.867290095969E+00
   82.9000      0.830625075467E+00
   83.0000      0.782799068609E+00
   83.1000      0.745606453867E+00
   83.2000      0.708000670268E+00
   83.3000      0.679320143946E+00
   83.4000      0.673644364339E+00
   83.5000      0.678652888147E+00
   83.6000      0.695505067768E+00
   83.7000      0.726332934133E+00
   83.8000      0.757529323415E+00
   83.9000      0.785356168608E+00
   84.0000      0.806959280422E+00
   84.1000      0.815433162574E+00
   84.2000      0.810832435024E+00
   84.3000      0.792950164891E+00
   84.4000      0.766119472323E+00
   84.5000      0.735761393617E+00
   84.6000      0.702459466366E+00
   84.7000      0.676774733826E+00
   84.8000      0.662514271487E+00
   84.9000      0.653648929213E+00
   85.0000      0.659838370821E+00
   85.1000      0.678146972476E+00
   85.2000      0.694269982706E+00
   85.3000      0.716968521798E+00
   85.4000      0.739993266226E+00
   85.5000      0.747396465873E+00
   85.6000      0.752142382557E+00
   85.7000      0.750961789584E+00
   85.8000      0.732624754900E+00
   85.9000      0.715106863448E+00
   86.0000      0.698493719178E+00
   86.1000      0.675687042883E+00
   86.2000      0.663175250283E+00
   86.3000      0.659450675607E+00
   86.4000      0.658057796719E+00
   86.5000      0.667110380944E+00
   86.6000      0.681335741056E+00
   86.7000      0.696233479947E+00
   86.8000      0.710704036483E+00
   86.9000      0.719824140081E+00
   87.0000      0.726969144883E+00
   87.1000      0.724586242931E+00
   87.2000      0.712933262536E+00
   87.3000      0.706173827063E+00
   87.4000      0.690531005247E+00
   87.5000      0.670980992957E+00
   87.6000      0.668179295826E+00
   87.7000      0.660105837354E+00
   87.8000      0.652573711169E+00
   87.9000      0.665622699946E+00
   88.0000      0.671137125450E+00
   88.1000      0.674382665204E+00
   88.2000      0.690755345791E+00
   88.3000      0.694923976862E+00
   88.4000      0.693362422914E+00
   88.5000      0.695415198888E+00
   88.6000      0.688198751231E+00
   88.7000      0.679223642910E+00
   88.8000      0.669132334858E+00
   88.9000      0.660851159150E+00
   89.0000      0.658653323785E+00
   89.1000      0.651348400815E+00
   89.2000      0.654815347984E+00
   89.3000      0.666396508336E+00
   89.4000      0.664676871235E+00
   89.5000      0.674266672720E+00
   89.6000      0.687212427344E+00
   89.7000      0.679601463193E+00
   89.8000      0.680805932252E+00
   89.9000      0.682370402508E+00
   90.0000      0.665912736862E+00
   90.1000      0.659377922555E+00
   90.2000      0.656087217358E+00
   90.3000      0.645669401467E+00
   90.4000      0.646452813669E+00
   90.5000      0.652433807335E+00
   90.6000      0.659535734403E+00
   90.7000      0.671758860084E+00
   90.8000      0.683773780339E+00
   90.9000      0.697255527722E+00
   91.0000      0.704616551179E+00
   91.1000      0.704393199909E+00
   91.2000      0.705558632325E+00
   91.3000      0.695356630494E+00
   91.4000      0.678395033165E+00
   91.5000      0.670054664197E+00
   91.6000      0.655315880376E+00
   91.7000      0.641886867934E+00
   91.8000      0.646106678631E+00
   91.9000      0.649082788941E+00
   92.0000      0.656411149816E+00
   92.1000      0.680196275837E+00
   92.2000      0.697891260745E+00
   92.3000      0.712259517613E+00
   92.4000      0.731590143633E+00
   92.5000      0.735841976256E+00
   92.6000      0.729346609236E+00
   92.7000      0.720127846639E+00
   92.8000      0.697862901291E+00
   92.9000      0.670670965376E+00
   93.0000      0.645486268132E+00
   93.1000      0.622459794392E+00
   93.2000      0.608518867525E+00
   93.3000      0.603024223786E+00
   93.4000      0.611624910858E+00
   93.5000      0.633248696492E+00
   93.6000      0.655757315808E+00
   93.7000      0.687737477092E+00
   93.8000      0.720610901278E+00
   93.9000      0.736177726234E+00
   94.0000      0.749291701092E+00
   94.1000      0.751583028801E+00
   94.2000      0.728622425219E+00
   94.3000      0.703822028440E+00
   94.4000      0.674043507828E+00
   94.5000      0.631795806725E+00
   94.6000      0.602874621102E+00
   94.7000      0.585469871667E+00
   94.8000      0.573195159317E+00
   94.9000      0.583490589090E+00
   95.0000      0.609380049607E+00
   95.1000      0.640510276233E+00
   95.2000      0.682074558243E+00
   95.3000      0.723156766973E+00
   95.4000      0.753758472164E+00
   95.5000      0.773443587337E+00
   95.6000      0.776108377288E+00
   95.7000      0.761386082787E+00
   95.8000      0.730453646253E+00
   95.9000      0.687333313833E+00
   96.0000      0.643735625575E+00
   96.1000      0.599329728662E+00
   96.2000      0.563123525493E+00
   96.3000      0.551200965995E+00
   96.4000      0.550970885082E+00
   96.5000      0.567661983874E+00
   96.6000      0.613638124695E+00
   96.7000      0.659592457772E+00
   96.8000      0.706545969845E+00
   96.9000      0.764406619328E+00
   97.0000      0.796798336722E+00
   97.1000      0.809260699359E+00
   97.2000      0.816118207703E+00
   97.3000      0.789299424861E+00
   97.4000      0.744423648816E+00
   97.5000      0.700093055085E+00
   97.6000      0.643403877244E+00
   97.7000      0.592848373479E+00
   97.8000      0.560042243449E+00
   97.9000      0.542879304513E+00
   98.0000      0.549122673882E+00
   98.1000      0.572389892789E+00
   98.2000      0.616421133642E+00
   98.3000      0.673351709137E+00
   98.4000      0.721295818521E+00
   98.5000      0.772758810905E+00
   98.6000      0.813048380726E+00
   98.7000      0.818917555161E+00
   98.8000      0.816970071739E+00
   98.9000      0.797066547854E+00
   99.0000      0.745301598065E+00
   99.1000      0.698626856732E+00
   99.2000      0.652532814694E+00
   99.3000      0.599834291740E+00
   99.4000      0.574009604955E+00
   99.5000      0.568143662201E+00
   99.6000      0.572532848833E+00
   99.7000      0.605670160250E+00
   99.8000      0.653739687111E+00
   99.9000      0.702492113736E+00
  100.0000      0.757059464740E+00
  100.1000      0.803124949865E+00
  100.2000      0.830546403190E+00
  100.3000      0.841510688910E+00
  100.4000      0.831322039825E+00
  100.5000      0.802774765498E+00
  100.6000      0.759848513071E+00
  100.7000      0.709128831599E+00
  100.8000      0.664709896087E+00
  100.9000      0.624476033328E+00
  101.0000      0.598046412102E+00
  101.1000      0.601285757913E+00
  101.2000      0.614626165316E+00
  101.3000      0.643717243977E+00
  101.4000      0.700785940986E+00
  101.5000      0.748277896478E+00
  101.6000      0.791336670705E+00
  101.7000      0.842878961133E+00
  101.8000      0.860082882527E+00
  101.9000      0.856499448099E+00
  102.0000      0.851557653229E+00
  102.1000      0.811430188852E+00
  102.2000      0.759295889968E+00
  102.3000      0.717185767474E+00
  102.4000      0.664769860097E+00
  102.5000      0.624029739287E+00
  102.6000      0.607030350934E+00
  102.7000      0.603438575887E+00
  102.8000      0.621487836887E+00
  102.9000      0.655010780033E+00
  103.0000      0.702416904451E+00
  103.1000      0.756423208139E+00
  103.2000      0.797662085957E+00
  103.3000      0.838400508957E+00
  103.4000      0.864921194897E+00
  103.5000      0.857130093391E+00
  103.6000      0.845236010684E+00
  103.7000      0.817678029527E+00
  103.8000      0.760364137983E+00
  103.9000      0.715762297671E+00
  104.0000      0.673909414287E+00
  104.1000      0.622866787758E+00
  104.2000      0.603882948770E+00
  104.3000      0.602433884953E+00
  104.4000      0.602383850394E+00
  104.5000      0.633623727074E+00
  104.6000      0.675520234721E+00
  104.7000      0.709040554830E+00
  104.8000      0.753152402491E+00
  104.9000      0.788187240676E+00
  105.0000      0.801167810567E+00
  105.1000      0.806095458769E+00
  105.2000      0.793165807771E+00
  105.3000      0.762563893845E+00
  105.4000      0.723982390818E+00
  105.5000      0.679237280361E+00
  105.6000      0.639741895450E+00
  105.7000      0.603104289768E+00
  105.8000      0.577104101923E+00
  105.9000      0.576713428234E+00
  106.0000      0.579802300951E+00
  106.1000      0.595214927351E+00
  106.2000      0.636883833091E+00
  106.3000      0.665349166547E+00
  106.4000      0.692261683806E+00
  106.5000      0.732252400189E+00
  106.6000      0.740632269890E+00
  106.7000      0.736358574350E+00
  106.8000      0.737389684069E+00
  106.9000      0.706025468130E+00
  107.0000      0.667402615928E+00
  107.1000      0.639878559778E+00
  107.2000      0.597460753950E+00
  107.3000      0.562880199680E+00
  107.4000      0.547366468603E+00
  107.5000      0.535109496332E+00
  107.6000      0.537653437425E+00
  107.7000      0.554377947295E+00
  107.8000      0.578117433134E+00
  107.9000      0.607966084058E+00
  108.0000      0.634529309829E+00
  108.1000      0.660849923028E+00
  108.2000      0.679582401326E+00
  108.3000      0.680093509967E+00
  108.4000      0.677306761296E+00
  108.5000      0.663694266658E+00
  108.6000      0.631728682152E+00
  108.7000      0.605506128905E+00
  108.8000      0.578032198803E+00
  108.9000      0.542770797716E+00
  109.0000      0.526263415754E+00
  109.1000      0.518423868305E+00
  109.2000      0.509352526483E+00
  109.3000      0.522660064458E+00
  109.4000      0.543110649122E+00
  109.5000      0.557043197733E+00
  109.6000      0.585118253206E+00
  109.7000      0.609842577019E+00
  109.8000      0.618243184984E+00
  109.9000      0.631021701838E+00
  110.0000      0.633599031974E+00
  110.1000      0.618197500864E+00
  110.2000      0.605681498208E+00
  110.3000      0.586906637575E+00
  110.4000      0.559711860345E+00
  110.5000      0.540366342382E+00
  110.6000      0.523727431775E+00
  110.7000      0.510446907370E+00
  110.8000      0.506796192608E+00
  110.9000      0.509590648997E+00
  111.0000      0.520065694278E+00
  111.1000      0.533384941230E+00
  111.2000      0.548876391582E+00
  111.3000      0.568927135594E+00
  111.4000      0.581075176016E+00
  111.5000      0.589344641253E+00
  111.6000      0.599199078315E+00
  111.7000      0.595058934928E+00
  111.8000      0.586355812924E+00
  111.9000      0.581918935552E+00
  112.0000      0.565008062285E+00
  112.1000      0.548653206930E+00
  112.2000      0.543035193688E+00
  112.3000      0.529101267058E+00
  112.4000      0.520744384131E+00
  112.5000      0.527371337696E+00
  112.6000      0.526144095457E+00
  112.7000      0.530358698103E+00
  112.8000      0.548221173331E+00
  112.9000      0.554222716089E+00
  113.0000      0.561716198961E+00
  113.1000      0.578399081622E+00
  113.2000      0.579499964106E+00
  113.3000      0.579540585258E+00
  113.4000      0.585846221773E+00
  113.5000      0.577839335774E+00
  113.6000      0.570047075680E+00
  113.7000      0.568018026038E+00
  113.8000      0.557983244962E+00
  113.9000      0.550894839921E+00
  114.0000      0.548167039472E+00
  114.1000      0.544937438656E+00
  114.2000      0.545339404625E+00
  114.3000      0.545408799986E+00
  114.4000      0.550729367432E+00
  114.5000      0.557443759812E+00
  114.6000      0.557140248597E+00
  114.7000      0.566430005808E+00
  114.8000      0.574069255457E+00
  114.9000      0.568963537992E+00
  115.0000      0.577445480186E+00
  115.1000      0.582587532415E+00
  115.2000      0.572159415582E+00
  115.3000      0.578679782682E+00
  115.4000      0.581395565196E+00
  115.5000      0.568292390961E+00
  115.6000      0.573924470165E+00
  115.7000      0.575575106490E+00
  115.8000      0.562362046653E+00
  115.9000      0.567276789594E+00
  116.0000      0.568243119043E+00
  116.1000      0.556440255101E+00
  116.2000      0.559958298313E+00
  116.3000      0.560056952746E+00
  116.4000      0.551259475731E+00
  116.5000      0.553871809637E+00
  116.6000      0.554277886880E+00
  116.7000      0.550876406360E+00
  116.8000      0.553898795059E+00
  116.9000      0.556109835301E+00
  117.0000      0.559396743408E+00
  117.1000      0.562261519018E+00
  117.2000      0.564826880971E+00
  117.3000      0.572192885562E+00
  117.4000      0.571274571244E+00
  117.5000      0.570099523227E+00
  117.6000      0.576765604767E+00
  117.7000      0.568819335341E+00
  117.8000      0.561923946496E+00
  117.9000      0.566430648671E+00
  118.0000      0.553573872827E+00
  118.1000      0.544540776643E+00
  118.2000      0.550285753434E+00
  118.3000      0.538957929626E+00
  118.4000      0.533834982423E+00
  118.5000      0.544309074129E+00
  118.6000      0.538524883448E+00
  118.7000      0.538939354292E+00
  118.8000      0.552406974008E+00
  118.9000      0.550087610005E+00
  119.0000      0.551667358090E+00
  119.1000      0.561879995288E+00
  119.2000      0.558000638166E+00
  119.3000      0.555914612667E+00
  119.4000      0.558563309678E+00
  119.5000      0.551197569997E+00
  119.6000      0.545410548059E+00
  119.7000      0.542320010118E+00
  119.8000      0.535238258371E+00
  119.9000      0.530491842375E+00
  120.0000      0.527072069055E+00
  120.1000      0.525768463574E+00
  120.2000      0.526641547180E+00
  120.3000      0.526140393115E+00
  120.4000      0.531759386242E+00
  120.5000      0.537382749940E+00
  120.6000      0.537361453096E+00
  120.7000      0.545140408783E+00
  120.8000      0.549702852075E+00
  120.9000      0.544684432921E+00
  121.0000      0.548647530466E+00
  121.1000      0.547631713512E+00
  121.2000      0.535904598140E+00
  121.3000      0.535402354564E+00
  121.4000      0.530764433025E+00
  121.5000      0.517229504418E+00
  121.6000      0.517495702908E+00
  121.7000      0.515605481865E+00
  121.8000      0.507070799765E+00
  121.9000      0.512706297266E+00
  122.0000      0.516698497940E+00
  122.1000      0.514587402957E+00
  122.2000      0.523970416510E+00
  122.3000      0.530046208584E+00
  122.4000      0.528927577823E+00
  122.5000      0.535479284872E+00
  122.6000      0.537157428378E+00
  122.7000      0.531275169551E+00
  122.8000      0.530489639571E+00
  122.9000      0.525422980297E+00
  123.0000      0.515116664242E+00
  123.1000      0.509668140912E+00
  123.2000      0.502618208186E+00
  123.3000      0.494326586108E+00
  123.4000      0.491267242467E+00
  123.5000      0.489494212983E+00
  123.6000      0.489734781582E+00
  123.7000      0.493339911400E+00
  123.8000      0.498830715480E+00
  123.9000      0.507076148961E+00
  124.0000      0.513953517171E+00
  124.1000      0.521022277043E+00
  124.2000      0.529734230880E+00
  124.3000      0.531623239484E+00
  124.4000      0.532296267598E+00
  124.5000      0.534547193614E+00
  124.6000      0.527077397619E+00
  124.7000      0.519645305831E+00
  124.8000      0.516370585584E+00
  124.9000      0.503818714077E+00
  125.0000      0.494807915014E+00
  125.1000      0.493888268014E+00
  125.2000      0.485117332314E+00
  125.3000      0.482695782028E+00
  125.4000      0.490609389288E+00
  125.5000      0.490098364965E+00
  125.6000      0.496069271071E+00
  125.7000      0.511651889567E+00
  125.8000      0.515523874925E+00
  125.9000      0.523574729509E+00
  126.0000      0.538729392903E+00
  126.1000      0.538687199667E+00
  126.2000      0.540665841896E+00
  126.3000      0.547695668219E+00
  126.4000      0.538669652393E+00
  126.5000      0.531797823097E+00
  126.6000      0.530124864778E+00
  126.7000      0.515848437090E+00
  126.8000      0.505838730947E+00
  126.9000      0.502093628476E+00
  127.0000      0.491969432768E+00
  127.1000      0.487894993352E+00
  127.2000      0.489499056900E+00
  127.3000      0.490266679620E+00
  127.4000      0.495594146524E+00
  127.5000      0.502648817141E+00
  127.6000      0.512027698959E+00
  127.7000      0.521536967920E+00
  127.8000      0.526993446694E+00
  127.9000      0.536491009650E+00
  128.0000      0.541652203288E+00
  128.1000      0.538550643280E+00
  128.2000      0.542055596655E+00
  128.3000      0.539425723472E+00
  128.4000      0.527580043454E+00
  128.5000      0.526131631048E+00
  128.6000      0.519290935092E+00
  128.7000      0.504526115063E+00
  128.8000      0.504023499085E+00
  128.9000      0.499580789453E+00
  129.0000      0.488482455179E+00
  129.1000      0.493979877355E+00
  129.2000      0.495884146301E+00
  129.3000      0.491079413754E+00
  129.4000      0.503144587804E+00
  129.5000      0.510265985521E+00
  129.6000      0.509100971370E+00
  129.7000      0.523067781423E+00
  129.8000      0.529954117779E+00
  129.9000      0.527140524381E+00
  130.0000      0.536903033370E+00
  130.1000      0.538447199470E+00
  130.2000      0.530819568925E+00
  130.3000      0.533488896539E+00
  130.4000      0.529451493281E+00
  130.5000      0.519626070012E+00
  130.6000      0.517870253508E+00
  130.7000      0.512705934114E+00
  130.8000      0.506347427534E+00
  130.9000      0.504678218373E+00
  131.0000      0.502908355469E+00
  131.1000      0.503592240121E+00
  131.2000      0.503674909637E+00
  131.3000      0.505535711637E+00
  131.4000      0.511656159979E+00
  131.5000      0.511189058365E+00
  131.6000      0.513372654845E+00
  131.7000      0.520496540550E+00
  131.8000      0.516182610098E+00
  131.9000      0.515283264875E+00
  132.0000      0.520003238179E+00
  132.1000      0.510903365937E+00
  132.2000      0.506663480874E+00
  132.3000      0.509337786221E+00
  132.4000      0.498095921307E+00
  132.5000      0.493535023220E+00
  132.6000      0.497339971786E+00
  132.7000      0.488139850348E+00
  132.8000      0.486845173793E+00
  132.9000      0.494347724168E+00
  133.0000      0.489114271990E+00
  133.1000      0.491345738010E+00
  133.2000      0.501107825923E+00
  133.3000      0.497691983048E+00
  133.4000      0.500174472060E+00
  133.5000      0.508103301337E+00
  133.6000      0.503050331737E+00
  133.7000      0.502505735298E+00
  133.8000      0.505926310794E+00
  133.9000      0.498683734858E+00
  134.0000      0.495594397083E+00
  134.1000      0.495916636965E+00
  134.2000      0.489513809110E+00
  134.3000      0.487152505173E+00
  134.4000      0.487733961460E+00
  134.5000      0.485712651294E+00
  134.6000      0.486886103464E+00
  134.7000      0.489732878759E+00
  134.8000      0.492847950632E+00
  134.9000      0.497142619137E+00
  135.0000      0.500952596272E+00
  135.1000      0.506437443409E+00
  135.2000      0.510505037898E+00
  135.3000      0.511724194910E+00
  135.4000      0.515316489054E+00
  135.5000      0.515441982965E+00
  135.6000      0.511324303596E+00
  135.7000      0.511032105203E+00
  135.8000      0.506853521078E+00
  135.9000      0.498689355435E+00
  136.0000      0.497035628262E+00
  136.1000      0.492313189261E+00
  136.2000      0.484636889513E+00
  136.3000      0.486195593127E+00
  136.4000      0.485145861230E+00
  136.5000      0.481381586846E+00
  136.6000      0.487943932892E+00
  136.7000      0.490892988203E+00
  136.8000      0.490033431617E+00
  136.9000      0.498674618584E+00
  137.0000      0.502038456767E+00
  137.1000      0.500403731822E+00
  137.2000      0.506644887352E+00
  137.3000      0.506679871039E+00
  137.4000      0.501490952306E+00
  137.5000      0.502753661290E+00
  137.6000      0.498393903502E+00
  137.7000      0.489976631968E+00
  137.8000      0.487425592943E+00
  137.9000      0.481128686179E+00
  138.0000      0.472795896067E+00
  138.1000      0.470641758852E+00
  138.2000      0.467091086260E+00
  138.3000      0.463476239192E+00
  138.4000      0.466571664487E+00
  138.5000      0.469488187539E+00
  138.6000      0.472634641178E+00
  138.7000      0.481767920237E+00
  138.8000      0.489634507285E+00
  138.9000      0.495982002442E+00
  139.0000      0.506203347829E+00
  139.1000      0.512762256156E+00
  139.2000      0.515624144003E+00
  139.3000      0.520250947178E+00
  139.4000      0.519986512211E+00
  139.5000      0.515847626660E+00
  139.6000      0.512886358713E+00
  139.7000      0.506417490723E+00
  139.8000      0.498242958207E+00
  139.9000      0.491589111405E+00
  140.0000      0.484325696219E+00
  140.1000      0.478201277452E+00
  140.2000      0.473378945738E+00
  140.3000      0.470411206557E+00
  140.4000      0.470227829537E+00
  140.5000      0.469690281891E+00
  140.6000      0.471891521974E+00
  140.7000      0.476776779924E+00
  140.8000      0.478677560588E+00
  140.9000      0.482831516801E+00
  141.0000      0.488538053571E+00
  141.1000      0.488853741910E+00
  141.2000      0.490740804297E+00
  141.3000      0.493439494181E+00
  141.4000      0.489683760327E+00
  141.5000      0.487764495504E+00
  141.6000      0.487188916022E+00
  141.7000      0.480506760417E+00
  141.8000      0.477034881861E+00
  141.9000      0.476363663006E+00
  142.0000      0.470182528318E+00
  142.1000      0.468617676720E+00
  142.2000      0.470870667626E+00
  142.3000      0.467096210159E+00
  142.4000      0.468508214041E+00
  142.5000      0.473827316528E+00
  142.6000      0.471669100764E+00
  142.7000      0.474701927172E+00
  142.8000      0.481215905521E+00
  142.9000      0.478679179099E+00
  143.0000      0.481231404324E+00
  143.1000      0.486882350297E+00
  143.2000      0.482642087662E+00
  143.3000      0.483642422246E+00
  143.4000      0.487655234219E+00
  143.5000      0.481797321840E+00
  143.6000      0.481422509956E+00
  143.7000      0.484175851476E+00
  143.8000      0.477885728217E+00
  143.9000      0.477412220358E+00
  144.0000      0.480300817099E+00
  144.1000      0.475346971680E+00
  144.2000      0.476046987762E+00
  144.3000      0.479725069598E+00
  144.4000      0.476417932965E+00
  144.5000      0.477760688117E+00
  144.6000      0.481089775252E+00
  144.7000      0.478293395721E+00
  144.8000      0.478843323085E+00
  144.9000      0.480426890561E+00
  145.0000      0.477367747875E+00
  145.1000      0.476662998607E+00
  145.2000      0.476599520773E+00
  145.3000      0.474221204952E+00
  145.4000      0.473537647211E+00
  145.5000      0.473364080050E+00
  145.6000      0.473269809769E+00
  145.7000      0.473912216100E+00
  145.8000      0.474598375815E+00
  145.9000      0.477196500086E+00
  146.0000      0.479152638255E+00
  146.1000      0.480315757676E+00
  146.2000      0.484624554168E+00
  146.3000      0.486626457957E+00
  146.4000      0.486722034483E+00
  146.5000      0.490802790886E+00
  146.6000      0.490862189867E+00
  146.7000      0.487951390291E+00
  146.8000      0.490154945261E+00
  146.9000      0.487091686137E+00
  147.0000      0.480688749127E+00
  147.1000      0.481624406187E+00
  147.2000      0.476951719399E+00
  147.3000      0.469530367536E+00
  147.4000      0.472595769194E+00
  147.5000      0.469972001267E+00
  147.6000      0.465090583805E+00
  147.7000      0.473096503184E+00
  147.8000      0.474209231655E+00
  147.9000      0.472297535810E+00
  148.0000      0.483782407165E+00
  148.1000      0.486185774561E+00
  148.2000      0.484135599532E+00
  148.3000      0.494755354383E+00
  148.4000      0.494646672215E+00
  148.5000      0.489399650202E+00
  148.6000      0.496032772397E+00
  148.7000      0.492002515386E+00
  148.8000      0.483531039927E+00
  148.9000      0.486461084724E+00
  149.0000      0.480209715423E+00
  149.1000      0.470892746579E+00
  149.2000      0.472395991724E+00
  149.3000      0.466580216675E+00
  149.4000      0.458982703819E+00
  149.5000      0.461423875098E+00
  149.6000      0.458200025768E+00
  149.7000      0.454070078372E+00
  149.8000      0.458926293070E+00
  149.9000      0.459073980118E+00
  150.0000      0.458444320978E+00
  150.1000      0.465179560908E+00
  150.2000      0.467368291285E+00
  150.3000      0.468381001076E+00
  150.4000      0.474769052034E+00
  150.5000      0.476778739403E+00
  150.6000      0.477499187954E+00
  150.7000      0.481726866452E+00
  150.8000      0.482503849131E+00
  150.9000      0.482523972530E+00
  151.0000      0.484299293930E+00
  151.1000      0.484222138897E+00
  151.2000      0.484188754865E+00
  151.3000      0.483932460786E+00
  151.4000      0.483614459884E+00
  151.5000      0.484028313398E+00
  151.6000      0.482099939241E+00
  151.7000      0.481929747344E+00
  151.8000      0.483119111378E+00
  151.9000      0.480056566341E+00
  152.0000      0.480462349687E+00
  152.1000      0.482688042078E+00
  152.2000      0.478853725100E+00
  152.3000      0.479769491881E+00
  152.4000      0.482640864150E+00
  152.5000      0.477701841842E+00
  152.6000      0.478567616996E+00
  152.7000      0.481585281812E+00
  152.8000      0.475457327443E+00
  152.9000      0.476438535763E+00
  153.0000      0.480096215485E+00
  153.1000      0.473655442358E+00
  153.2000      0.475655671128E+00
  153.3000      0.480676710406E+00
  153.4000      0.474487179703E+00
  153.5000      0.477428539051E+00
  153.6000      0.483062336359E+00
  153.7000      0.476163195412E+00
  153.8000      0.478451053938E+00
  153.9000      0.482852072494E+00
  154.0000      0.473959114452E+00
  154.1000      0.474364616856E+00
  154.2000      0.476805412527E+00
  154.3000      0.466288732399E+00
  154.4000      0.465543573007E+00
  154.5000      0.467309765868E+00
  154.6000      0.457141548400E+00
  154.7000      0.457286680787E+00
  154.8000      0.460531599993E+00
  154.9000      0.452864186746E+00
  155.0000      0.455851401072E+00
  155.1000      0.462260805588E+00
  155.2000      0.458287436877E+00
  155.3000      0.464768392768E+00
  155.4000      0.474227696609E+00
  155.5000      0.472947525804E+00
  155.6000      0.480917737837E+00
  155.7000      0.490414057340E+00
  155.8000      0.488304719203E+00
  155.9000      0.493575806575E+00
  156.0000      0.498802069905E+00
  156.1000      0.492516698715E+00
  156.2000      0.492218276319E+00
  156.3000      0.491445398007E+00
  156.4000      0.481213380601E+00
  156.5000      0.476451987602E+00
  156.6000      0.471908262270E+00
  156.7000      0.461142795010E+00
  156.8000      0.455421262094E+00
  156.9000      0.450713812206E+00
  157.0000      0.442783346703E+00
  157.1000      0.439067463489E+00
  157.2000      0.436849383858E+00
  157.3000      0.433629580647E+00
  157.4000      0.433799002026E+00
  157.5000      0.435789236170E+00
  157.6000      0.438107468419E+00
  157.7000      0.442999323330E+00
  157.8000      0.449430357963E+00
  157.9000      0.456216263195E+00
  158.0000      0.464086254131E+00
  158.1000      0.472138474655E+00
  158.2000      0.479589944890E+00
  158.3000      0.486063873606E+00
  158.4000      0.491098595194E+00
  158.5000      0.495181876333E+00
  158.6000      0.496683237635E+00
  158.7000      0.496130301935E+00
  158.8000      0.496035328822E+00
  158.9000      0.492545380489E+00
  159.0000      0.487436060939E+00
  159.1000      0.485376563510E+00
  159.2000      0.479213073679E+00
  159.3000      0.472085248650E+00
  159.4000      0.470591385220E+00
  159.5000      0.464042693412E+00
  159.6000      0.457045181031E+00
  159.7000      0.457696697879E+00
  159.8000      0.452382772973E+00
  159.9000      0.446981374750E+00
  160.0000      0.450432174179E+00
  160.1000      0.447120866412E+00
  160.2000      0.443746420265E+00
  160.3000      0.449564057189E+00
  160.4000      0.447891329026E+00
  160.5000      0.445944898282E+00
  160.6000      0.453219108419E+00
  160.7000      0.452541816095E+00
  160.8000      0.451527661475E+00
  160.9000      0.460007953661E+00
  161.0000      0.460194369253E+00
  161.1000      0.459968824992E+00
  161.2000      0.469491664851E+00
  161.3000      0.469881564693E+00
  161.4000      0.469330551281E+00
  161.5000      0.478413771501E+00
  161.6000      0.477104254902E+00
  161.7000      0.474263989917E+00
  161.8000      0.481066211086E+00
  161.9000      0.476781456451E+00
  162.0000      0.471134494934E+00
  162.1000      0.475728810892E+00
  162.2000      0.469529682071E+00
  162.3000      0.462768102921E+00
  162.4000      0.466951196489E+00
  162.5000      0.460950687271E+00
  162.6000      0.455023566445E+00
  162.7000      0.460275944066E+00
  162.8000      0.455717610700E+00
  162.9000      0.451490787045E+00
  163.0000      0.458359194632E+00
  163.1000      0.455588337633E+00
  163.2000      0.453201467246E+00
  163.3000      0.461611042136E+00
  163.4000      0.460248309363E+00
  163.5000      0.458954069455E+00
  163.6000      0.467652386019E+00
  163.7000      0.466108872575E+00
  163.8000      0.464051868794E+00
  163.9000      0.470908768835E+00
  164.0000      0.467437739332E+00
  164.1000      0.463333543747E+00
  164.2000      0.467483131179E+00
  164.3000      0.462215079305E+00
  164.4000      0.456895087138E+00
  164.5000      0.459621041317E+00
  164.6000      0.454328415109E+00
  164.7000      0.449642566509E+00
  164.8000      0.452853402020E+00
  164.9000      0.449172393373E+00
  165.0000      0.446529109207E+00
  165.1000      0.451845979858E+00
  165.2000      0.450971133716E+00
  165.3000      0.451464688059E+00
  165.4000      0.460200756962E+00
  165.5000      0.462663802523E+00
  165.6000      0.466208149502E+00
  165.7000      0.477548094436E+00
  165.8000      0.481215132102E+00
  165.9000      0.484603390492E+00
  166.0000      0.494218961313E+00
  166.1000      0.494412150290E+00
  166.2000      0.493069437259E+00
  166.3000      0.496548878206E+00
  166.4000      0.490656353961E+00
  166.5000      0.483627321344E+00
  166.6000      0.481164309874E+00
  166.7000      0.471668696833E+00
  166.8000      0.462598087191E+00
  166.9000      0.458070388201E+00
  167.0000      0.449392003201E+00
  167.1000      0.442185233601E+00
  167.2000      0.438742139575E+00
  167.3000      0.433219342351E+00
  167.4000      0.429367913480E+00
  167.5000      0.428329043974E+00
  167.6000      0.426547119312E+00
  167.7000      0.426438130920E+00
  167.8000      0.428644431312E+00
  167.9000      0.430638528467E+00
  168.0000      0.433978393695E+00
  168.1000      0.439047166943E+00
  168.2000      0.443289093204E+00
  168.3000      0.447972571977E+00
  168.4000      0.453441606933E+00
  168.5000      0.457131848813E+00
  168.6000      0.460561634129E+00
  168.7000      0.464111122709E+00
  168.8000      0.465821097368E+00
  168.9000      0.467311786723E+00
  169.0000      0.468572882725E+00
  169.1000      0.468694646561E+00
  169.2000      0.468736333566E+00
  169.3000      0.467905471925E+00
  169.4000      0.466681653093E+00
  169.5000      0.465300004354E+00
  169.6000      0.462411351698E+00
  169.7000      0.460088268077E+00
  169.8000      0.457913341195E+00
  169.9000      0.454271712559E+00
  170.0000      0.452409475301E+00
  170.1000      0.451228473129E+00
  170.2000      0.448659727699E+00
  170.3000      0.448467143496E+00
  170.4000      0.448817011249E+00
  170.5000      0.447061220257E+00
  170.6000      0.447656578944E+00
  170.7000      0.448345584373E+00
  170.8000      0.446133141985E+00
  170.9000      0.446962723981E+00
  171.0000      0.448188485499E+00
  171.1000      0.446367772261E+00
  171.2000      0.449104223175E+00
  171.3000      0.452685178464E+00
  171.4000      0.452782850973E+00
  171.5000      0.458122469372E+00
  171.6000      0.463584466078E+00
  171.7000      0.464210167024E+00
  171.8000      0.469432757371E+00
  171.9000      0.473495633812E+00
  172.0000      0.471708455398E+00
  172.1000      0.473891221787E+00
  172.2000      0.474542921844E+00
  172.3000      0.469495316946E+00
  172.4000      0.468497584522E+00
  172.5000      0.466368809102E+00
  172.6000      0.458840241203E+00
  172.7000      0.455929203222E+00
  172.8000      0.452379442687E+00
  172.9000      0.443222124579E+00
  173.0000      0.440360941724E+00
  173.1000      0.437755819693E+00
  173.2000      0.429245273451E+00
  173.3000      0.430054142402E+00
  173.4000      0.431996320403E+00
  173.5000      0.427162637793E+00
  173.6000      0.434041175754E+00
  173.7000      0.441361733591E+00
  173.8000      0.439928000692E+00
  173.9000      0.450360560498E+00
  174.0000      0.459424699652E+00
  174.1000      0.458555920372E+00
  174.2000      0.468554654360E+00
  174.3000      0.476594479475E+00
  174.4000      0.476161861114E+00
  174.5000      0.485179757311E+00
  174.6000      0.492704795806E+00
  174.7000      0.493768476656E+00
  174.8000      0.501167314160E+00
  174.9000      0.506340665621E+00
  175.0000      0.504850346902E+00
  175.1000      0.506068794698E+00
  175.2000      0.504025145719E+00
  175.3000      0.494282005735E+00
  175.4000      0.487832874754E+00
  175.5000      0.479666677145E+00
  175.6000      0.463847158651E+00
  175.7000      0.457271136652E+00
  175.8000      0.451546898207E+00
  175.9000      0.436890226409E+00
  176.0000      0.437761669382E+00
  176.1000      0.438817904838E+00
  176.2000      0.426450717412E+00
  176.3000      0.432724064565E+00
  176.4000      0.436146951984E+00
  176.5000      0.422469115387E+00
  176.6000      0.429107533508E+00
  176.7000      0.431974076963E+00
  176.8000      0.418811011029E+00
  176.9000      0.426714421243E+00
  177.0000      0.431970886443E+00
  177.1000      0.424349929208E+00
  177.2000      0.435056482726E+00
  177.3000      0.443152768826E+00
  177.4000      0.439909086467E+00
  177.5000      0.450350673939E+00
  177.6000      0.458130919516E+00
  177.7000      0.455413588044E+00
  177.8000      0.465478843699E+00
  177.9000      0.474700872207E+00
  178.0000      0.473396274789E+00
  178.1000      0.488108424789E+00
  178.2000      0.502139528843E+00
  178.3000      0.500853625050E+00
  178.4000      0.518850056622E+00
  178.5000      0.532340126384E+00
  178.6000      0.522808204550E+00
  178.7000      0.537350276812E+00
  178.8000      0.545880366947E+00
  178.9000      0.529588107185E+00
  179.0000      0.547327490790E+00
  179.1000      0.564006864476E+00
  179.2000      0.560145283368E+00
  179.3000      0.598254162118E+00
  179.4000      0.637764727016E+00
  179.5000      0.654194424726E+00
  179.6000      0.707857917593E+00
  179.7000      0.755578420970E+00
  179.8000      0.763459864434E+00
  179.9000      0.802469733332E+00
  180.0000      0.911727310248E+00
