    0.1000      0.515264604650E+07
    0.2000      0.915598262387E+06
    0.3000      0.321496107880E+06
    0.4000      0.153467080386E+06
    0.5000      0.111405132231E+06
    0.6000      0.614617620906E+05
    0.7000      0.436736196806E+05
    0.8000      0.316037572853E+05
    0.9000      0.253031988492E+05
    1.0000      0.239038358355E+05
    1.1000      0.194035537215E+05
    1.2000      0.168121119958E+05
    1.3000      0.162549395614E+05
    1.4000      0.134718415267E+05
    1.5000      0.104668699237E+05
    1.6000      0.888453858424E+04
    1.7000      0.793484864939E+04
    1.8000      0.646886086350E+04
    1.9000      0.500419136487E+04
    2.0000      0.400973395764E+04
    2.1000      0.369276772918E+04
    2.2000      0.291203435633E+04
    2.3000      0.201415337333E+04
    2.4000      0.184119423162E+04
    2.5000      0.208433507455E+04
    2.6000      0.192396706051E+04
    2.7000      0.137563445199E+04
    2.8000      0.100595273195E+04
    2.9000      0.835364302029E+03
    3.0000      0.898078935985E+03
    3.1000      0.870184973232E+03
    3.2000      0.693942269092E+03
    3.3000      0.464940136940E+03
    3.4000      0.338470131875E+03
    3.5000      0.361319062555E+03
    3.6000      0.448556743956E+03
    3.7000      0.469749728929E+03
    3.8000      0.368163331953E+03
    3.9000      0.278328856598E+03
    4.0000      0.207109879853E+03
    4.1000      0.191018094507E+03
    4.2000      0.209508819587E+03
    4.3000      0.261990772867E+03
    4.4000      0.288959042946E+03
    4.5000      0.289342436399E+03
    4.6000      0.209724384087E+03
    4.7000      0.154448613881E+03
    4.8000      0.133066132167E+03
    4.9000      0.146719506692E+03
    5.0000      0.179502053409E+03
    5.1000      0.205815674780E+03
    5.2000      0.205413519430E+03
    5.3000      0.192508654875E+03
    5.4000      0.165900423364E+03
    5.5000      0.133704576972E+03
    5.6000      0.131476708983E+03
    5.7000      0.132331592699E+03
    5.8000      0.155711296738E+03
    5.9000      0.179726159358E+03
    6.0000      0.196026588008E+03
    6.1000      0.189257314625E+03
    6.2000      0.170479758540E+03
    6.3000      0.134146820356E+03
    6.4000      0.122270266131E+03
    6.5000      0.126332087018E+03
    6.6000      0.152586494875E+03
    6.7000      0.178158746301E+03
    6.8000      0.182869534871E+03
    6.9000      0.157023647076E+03
    7.0000      0.121183769851E+03
    7.1000      0.881510514987E+02
    7.2000      0.880372079767E+02
    7.3000      0.107016133356E+03
    7.4000      0.127403080337E+03
    7.5000      0.131624847266E+03
    7.6000      0.111367416680E+03
    7.7000      0.816062663929E+02
    7.8000      0.630991562646E+02
    7.9000      0.582095136014E+02
    8.0000      0.692649990244E+02
    8.1000      0.822189293478E+02
    8.2000      0.813639037077E+02
    8.3000      0.764031732978E+02
    8.4000      0.623982813789E+02
    8.5000      0.542465879898E+02
    8.6000      0.521306661278E+02
    8.7000      0.533213788001E+02
    8.8000      0.529907858553E+02
    8.9000      0.555478081044E+02
    9.0000      0.505387844521E+02
    9.1000      0.519255941498E+02
    9.2000      0.479216966268E+02
    9.3000      0.445657084065E+02
    9.4000      0.388456752438E+02
    9.5000      0.339383610973E+02
    9.6000      0.301285401530E+02
    9.7000      0.330778521215E+02
    9.8000      0.337307524554E+02
    9.9000      0.361887605947E+02
   10.0000      0.319303153771E+02
   10.1000      0.259338313036E+02
   10.2000      0.199453010618E+02
   10.3000      0.179010381092E+02
   10.4000      0.197759699382E+02
   10.5000      0.248548279502E+02
   10.6000      0.263031183230E+02
   10.7000      0.260563795957E+02
   10.8000      0.208595864212E+02
   10.9000      0.168417224600E+02
   11.0000      0.149522932104E+02
   11.1000      0.164166473199E+02
   11.2000      0.191860301503E+02
   11.3000      0.213979316578E+02
   11.4000      0.199906684235E+02
   11.5000      0.177254474244E+02
   11.6000      0.142234005045E+02
   11.7000      0.127131690912E+02
   11.8000      0.128235893229E+02
   11.9000      0.135811380338E+02
   12.0000      0.138225212686E+02
   12.1000      0.129772742530E+02
   12.2000      0.114228258645E+02
   12.3000      0.103057626094E+02
   12.4000      0.102906073642E+02
   12.5000      0.108480104047E+02
   12.6000      0.113026467245E+02
   12.7000      0.110280413820E+02
   12.8000      0.998721895779E+01
   12.9000      0.914585186632E+01
   13.0000      0.946896768795E+01
   13.1000      0.106183288609E+02
   13.2000      0.124079874956E+02
   13.3000      0.134805037034E+02
   13.4000      0.130941271316E+02
   13.5000      0.120773514693E+02
   13.6000      0.107177572587E+02
   13.7000      0.104664884747E+02
   13.8000      0.113946870533E+02
   13.9000      0.128099917587E+02
   14.0000      0.140476181660E+02
   14.1000      0.140847883095E+02
   14.2000      0.132159076234E+02
   14.3000      0.118828626968E+02
   14.4000      0.109049509317E+02
   14.5000      0.107367601194E+02
   14.6000      0.111466708358E+02
   14.7000      0.115931964270E+02
   14.8000      0.120742066732E+02
   14.9000      0.115558305423E+02
   15.0000      0.113903231639E+02
   15.1000      0.105789057653E+02
   15.2000      0.100369964802E+02
   15.3000      0.954403119789E+01
   15.4000      0.894048298465E+01
   15.5000      0.856210724152E+01
   15.6000      0.876378035085E+01
   15.7000      0.873830477965E+01
   15.8000      0.937173171548E+01
   15.9000      0.913584463716E+01
   16.0000      0.840500224313E+01
   16.1000      0.735924704174E+01
   16.2000      0.607175131214E+01
   16.3000      0.565955729126E+01
   16.4000      0.609748737730E+01
   16.5000      0.682757741003E+01
   16.6000      0.767340549538E+01
   16.7000      0.749478877661E+01
   16.8000      0.660205278563E+01
   16.9000      0.546530173522E+01
   17.0000      0.458813226071E+01
   17.1000      0.467788525546E+01
   17.2000      0.535684701344E+01
   17.3000      0.608996025978E+01
   17.4000      0.646781863700E+01
   17.5000      0.602845637613E+01
   17.6000      0.547762732488E+01
   17.7000      0.492788959697E+01
   17.8000      0.497508176086E+01
   17.9000      0.530591487011E+01
   18.0000      0.562309577464E+01
   18.1000      0.561212051419E+01
   18.2000      0.535081038324E+01
   18.3000      0.500978602159E+01
   18.4000      0.520842365897E+01
   18.5000      0.552255163284E+01
   18.6000      0.615906937017E+01
   18.7000      0.620771865311E+01
   18.8000      0.589918559106E+01
   18.9000      0.524107872389E+01
   19.0000      0.481489285047E+01
   19.1000      0.494603233283E+01
   19.2000      0.570983223720E+01
   19.3000      0.635107128532E+01
   19.4000      0.687315627185E+01
   19.5000      0.630242858066E+01
   19.6000      0.559199985469E+01
   19.7000      0.468668329573E+01
   19.8000      0.439534478757E+01
   19.9000      0.469719061591E+01
   20.0000      0.534864174379E+01
   20.1000      0.559909432325E+01
   20.2000      0.565561496234E+01
   20.3000      0.473921571934E+01
   20.4000      0.410510020167E+01
   20.5000      0.338521319094E+01
   20.6000      0.326394163766E+01
   20.7000      0.343206280158E+01
   20.8000      0.370689646269E+01
   20.9000      0.367858298472E+01
   21.0000      0.365737942685E+01
   21.1000      0.318431886181E+01
   21.2000      0.305393050049E+01
   21.3000      0.282074899862E+01
   21.4000      0.282687089146E+01
   21.5000      0.286358812964E+01
   21.6000      0.295644830866E+01
   21.7000      0.309153281300E+01
   21.8000      0.336383895324E+01
   21.9000      0.360202419913E+01
   22.0000      0.384551263624E+01
   22.1000      0.384954139485E+01
   22.2000      0.374960556186E+01
   22.3000      0.355641194343E+01
   22.4000      0.354308082150E+01
   22.5000      0.379817101169E+01
   22.6000      0.420906844907E+01
   22.7000      0.468249635891E+01
   22.8000      0.486692253466E+01
   22.9000      0.468611749171E+01
   23.0000      0.433884851667E+01
   23.1000      0.386328846837E+01
   23.2000      0.373466529121E+01
   23.3000      0.387672506117E+01
   23.4000      0.419165299335E+01
   23.5000      0.450638369935E+01
   23.6000      0.452527741497E+01
   23.7000      0.418533624622E+01
   23.8000      0.378150608059E+01
   23.9000      0.327333108408E+01
   24.0000      0.313090155553E+01
   24.1000      0.317490794812E+01
   24.2000      0.339002783436E+01
   24.3000      0.357254291590E+01
   24.4000      0.359153186968E+01
   24.5000      0.337013477236E+01
   24.6000      0.312254083234E+01
   24.7000      0.284788869360E+01
   24.8000      0.277392822190E+01
   24.9000      0.284770245124E+01
   25.0000      0.301399612496E+01
   25.1000      0.315621777784E+01
   25.2000      0.320158870892E+01
   25.3000      0.312832066433E+01
   25.4000      0.298066677416E+01
   25.5000      0.292543387023E+01
   25.6000      0.288636605066E+01
   25.7000      0.301625055457E+01
   25.8000      0.311140800214E+01
   25.9000      0.316001477642E+01
   26.0000      0.308744991893E+01
   26.1000      0.296448473253E+01
   26.2000      0.276847094419E+01
   26.3000      0.280039486548E+01
   26.4000      0.279759198024E+01
   26.5000      0.298566038610E+01
   26.6000      0.302639637098E+01
   26.7000      0.294883318405E+01
   26.8000      0.271504678304E+01
   26.9000      0.247268722292E+01
   27.0000      0.227001124316E+01
   27.1000      0.239846235287E+01
   27.2000      0.255458686092E+01
   27.3000      0.285493374167E+01
   27.4000      0.292460602821E+01
   27.5000      0.278348568157E+01
   27.6000      0.248292693262E+01
   27.7000      0.221768228716E+01
   27.8000      0.213562412715E+01
   27.9000      0.240131651943E+01
   28.0000      0.275136441662E+01
   28.1000      0.311049300337E+01
   28.2000      0.318825412745E+01
   28.3000      0.298501913889E+01
   28.4000      0.265989349459E+01
   28.5000      0.242004899799E+01
   28.6000      0.244357205764E+01
   28.7000      0.274404656180E+01
   28.8000      0.312162750421E+01
   28.9000      0.334680054818E+01
   29.0000      0.331011972044E+01
   29.1000      0.299090890749E+01
   29.2000      0.264584787508E+01
   29.3000      0.244672251516E+01
   29.4000      0.251483043545E+01
   29.5000      0.275797824907E+01
   29.6000      0.302260333437E+01
   29.7000      0.302403047101E+01
   29.8000      0.285109118978E+01
   29.9000      0.245832288884E+01
   30.0000      0.216975969030E+01
   30.1000      0.208195254601E+01
   30.2000      0.221996296921E+01
   30.3000      0.245378167306E+01
   30.4000      0.263216278469E+01
   30.5000      0.251144847817E+01
   30.6000      0.229380871578E+01
   30.7000      0.191962142757E+01
   30.8000      0.173346483451E+01
   30.9000      0.175613012889E+01
   31.0000      0.195246792449E+01
   31.1000      0.221139479544E+01
   31.2000      0.236089772964E+01
   31.3000      0.225050189612E+01
   31.4000      0.206198353633E+01
   31.5000      0.174361823075E+01
   31.6000      0.160132532328E+01
   31.7000      0.160913194287E+01
   31.8000      0.175728590265E+01
   31.9000      0.197101490777E+01
   32.0000      0.209938395093E+01
   32.1000      0.207378217894E+01
   32.2000      0.196851478934E+01
   32.3000      0.174709203955E+01
   32.4000      0.161963078979E+01
   32.5000      0.153549442704E+01
   32.6000      0.157623657168E+01
   32.7000      0.167463698427E+01
   32.8000      0.178707049459E+01
   32.9000      0.186629606445E+01
   33.0000      0.189520808834E+01
   33.1000      0.183575243084E+01
   33.2000      0.177522718161E+01
   33.3000      0.164484569379E+01
   33.4000      0.161103627168E+01
   33.5000      0.157696955733E+01
   33.6000      0.166128429749E+01
   33.7000      0.177937453058E+01
   33.8000      0.191133494422E+01
   33.9000      0.199579706121E+01
   34.0000      0.201910694827E+01
   34.1000      0.190246449824E+01
   34.2000      0.182651645721E+01
   34.3000      0.166852359399E+01
   34.4000      0.167304899247E+01
   34.5000      0.171318445235E+01
   34.6000      0.183932484964E+01
   34.7000      0.196307625713E+01
   34.8000      0.202492513592E+01
   34.9000      0.194913603553E+01
   35.0000      0.185026561280E+01
   35.1000      0.162601471949E+01
   35.2000      0.153199821360E+01
   35.3000      0.145617338096E+01
   35.4000      0.151273728166E+01
   35.5000      0.161051522549E+01
   35.6000      0.169364017054E+01
   35.7000      0.169456704612E+01
   35.8000      0.162666202588E+01
   35.9000      0.144929086601E+01
   36.0000      0.131366781322E+01
   36.1000      0.119667814479E+01
   36.2000      0.120358755518E+01
   36.3000      0.128606873193E+01
   36.4000      0.140808306578E+01
   36.5000      0.150768058483E+01
   36.6000      0.152268556346E+01
   36.7000      0.146848648636E+01
   36.8000      0.135336464198E+01
   36.9000      0.127038669521E+01
   37.0000      0.124666738915E+01
   37.1000      0.131705119383E+01
   37.2000      0.145089180085E+01
   37.3000      0.159789397219E+01
   37.4000      0.167586142813E+01
   37.5000      0.171235920867E+01
   37.6000      0.162394082350E+01
   37.7000      0.157078466415E+01
   37.8000      0.149587924003E+01
   37.9000      0.151479558308E+01
   38.0000      0.158467190376E+01
   38.1000      0.168574183232E+01
   38.2000      0.175632804725E+01
   38.3000      0.180032912183E+01
   38.4000      0.172778257678E+01
   38.5000      0.167310536362E+01
   38.6000      0.155300461158E+01
   38.7000      0.150178445768E+01
   38.8000      0.147277700805E+01
   38.9000      0.148548828169E+01
   39.0000      0.150848556034E+01
   39.1000      0.152691418978E+01
   39.2000      0.149577282467E+01
   39.3000      0.145697064522E+01
   39.4000      0.136959769605E+01
   39.5000      0.129576384620E+01
   39.6000      0.122288143076E+01
   39.7000      0.118175535965E+01
   39.8000      0.117123446530E+01
   39.9000      0.118894174066E+01
   40.0000      0.123252152208E+01
   40.1000      0.125827782483E+01
   40.2000      0.129089849507E+01
   40.3000      0.126397302911E+01
   40.4000      0.123487246394E+01
   40.5000      0.118772232055E+01
   40.6000      0.116505129698E+01
   40.7000      0.119130099024E+01
   40.8000      0.128442932194E+01
   40.9000      0.137932533921E+01
   41.0000      0.153460730072E+01
   41.1000      0.157812812075E+01
   41.2000      0.163063287464E+01
   41.3000      0.158627729001E+01
   41.4000      0.154677590668E+01
   41.5000      0.153869167073E+01
   41.6000      0.159753440524E+01
   41.7000      0.169668314198E+01
   41.8000      0.188412872641E+01
   41.9000      0.196721224763E+01
   42.0000      0.207518648248E+01
   42.1000      0.202699189897E+01
   42.2000      0.196568410209E+01
   42.3000      0.188113564347E+01
   42.4000      0.183969373802E+01
   42.5000      0.186222991032E+01
   42.6000      0.197536701019E+01
   42.7000      0.204901614756E+01
   42.8000      0.216190078253E+01
   42.9000      0.212793359972E+01
   43.0000      0.207067020613E+01
   43.1000      0.193620845390E+01
   43.2000      0.181159338885E+01
   43.3000      0.173261987334E+01
   43.4000      0.172631585739E+01
   43.5000      0.175050503340E+01
   43.6000      0.182256359530E+01
   43.7000      0.182577328902E+01
   43.8000      0.180461991688E+01
   43.9000      0.170263315779E+01
   44.0000      0.157701391981E+01
   44.1000      0.145285905548E+01
   44.2000      0.136612704806E+01
   44.3000      0.132950910085E+01
   44.4000      0.133650940685E+01
   44.5000      0.136187514874E+01
   44.6000      0.136904798020E+01
   44.7000      0.135303862288E+01
   44.8000      0.129168882607E+01
   44.9000      0.121350700277E+01
   45.0000      0.113196677992E+01
   45.1000      0.107200862867E+01
   45.2000      0.103561576194E+01
   45.3000      0.104888581591E+01
   45.4000      0.104921093062E+01
   45.5000      0.109369597540E+01
   45.6000      0.108882424963E+01
   45.7000      0.109874037688E+01
   45.8000      0.107790298449E+01
   45.9000      0.105625632460E+01
   46.0000      0.103404141388E+01
   46.1000      0.103470429383E+01
   46.2000      0.102189984061E+01
   46.3000      0.106697653392E+01
   46.4000      0.106933798537E+01
   46.5000      0.112603828821E+01
   46.6000      0.114463125210E+01
   46.7000      0.117774688440E+01
   46.8000      0.119720337391E+01
   46.9000      0.121001081311E+01
   47.0000      0.120992574284E+01
   47.1000      0.122743954740E+01
   47.2000      0.121418288521E+01
   47.3000      0.124830883425E+01
   47.4000      0.125110767390E+01
   47.5000      0.129038311395E+01
   47.6000      0.131591262137E+01
   47.7000      0.133882759415E+01
   47.8000      0.135556836521E+01
   47.9000      0.135193582867E+01
   48.0000      0.133570617443E+01
   48.1000      0.131988091979E+01
   48.2000      0.129110998601E+01
   48.3000      0.128678777328E+01
   48.4000      0.127879320339E+01
   48.5000      0.128483584849E+01
   48.6000      0.129258154507E+01
   48.7000      0.128006004740E+01
   48.8000      0.127060683323E+01
   48.9000      0.122668751048E+01
   49.0000      0.119286685751E+01
   49.1000      0.114683851165E+01
   49.2000      0.111752962584E+01
   49.3000      0.109959278999E+01
   49.4000      0.109293435557E+01
   49.5000      0.108614799076E+01
   49.6000      0.108389821639E+01
   49.7000      0.105132876218E+01
   49.8000      0.103394425656E+01
   49.9000      0.982257625279E+00
   50.0000      0.963007189740E+00
   50.1000      0.936863529453E+00
   50.2000      0.937974373353E+00
   50.3000      0.949549293016E+00
   50.4000      0.963079823097E+00
   50.5000      0.971326600458E+00
   50.6000      0.972939883218E+00
   50.7000      0.949476782078E+00
   50.8000      0.941796831199E+00
   50.9000      0.917953654146E+00
   51.0000      0.927487106268E+00
   51.1000      0.945230669353E+00
   51.2000      0.974971102535E+00
   51.3000      0.101903266494E+01
   51.4000      0.103756491619E+01
   51.5000      0.105680170544E+01
   51.6000      0.104722194128E+01
   51.7000      0.103219568938E+01
   51.8000      0.102164777174E+01
   51.9000      0.101794337405E+01
   52.0000      0.103482659568E+01
   52.1000      0.107214645277E+01
   52.2000      0.109702482235E+01
   52.3000      0.114271138872E+01
   52.4000      0.113494496600E+01
   52.5000      0.114171002674E+01
   52.6000      0.110346824979E+01
   52.7000      0.107890589106E+01
   52.8000      0.105433986636E+01
   52.9000      0.104880500487E+01
   53.0000      0.105656639376E+01
   53.1000      0.108835103173E+01
   53.2000      0.109259648980E+01
   53.3000      0.112143533063E+01
   53.4000      0.108768774972E+01
   53.5000      0.107497777387E+01
   53.6000      0.102433441014E+01
   53.7000      0.990124696523E+00
   53.8000      0.968194638394E+00
   53.9000      0.960927913805E+00
   54.0000      0.970462250688E+00
   54.1000      0.995949942158E+00
   54.2000      0.995923394030E+00
   54.3000      0.101153990846E+01
   54.4000      0.980889613312E+00
   54.5000      0.960937261742E+00
   54.6000      0.928854885351E+00
   54.7000      0.900933740808E+00
   54.8000      0.901730002014E+00
   54.9000      0.902462077037E+00
   55.0000      0.926616175240E+00
   55.1000      0.948578282362E+00
   55.2000      0.960425116978E+00
   55.3000      0.968918293216E+00
   55.4000      0.958864288390E+00
   55.5000      0.945235283157E+00
   55.6000      0.939444242527E+00
   55.7000      0.928001079968E+00
   55.8000      0.947561703189E+00
   55.9000      0.954473148203E+00
   56.0000      0.986642925326E+00
   56.1000      0.100030710041E+01
   56.2000      0.101900176240E+01
   56.3000      0.102487602495E+01
   56.4000      0.102606224959E+01
   56.5000      0.102709319475E+01
   56.6000      0.103028562688E+01
   56.7000      0.103410799415E+01
   56.8000      0.105279762768E+01
   56.9000      0.105776947870E+01
   57.0000      0.108140635771E+01
   57.1000      0.108606330684E+01
   57.2000      0.109564858848E+01
   57.3000      0.110635517436E+01
   57.4000      0.109982888986E+01
   57.5000      0.111723858965E+01
   57.6000      0.111046725123E+01
   57.7000      0.112198427804E+01
   57.8000      0.112565297590E+01
   57.9000      0.112468438443E+01
   58.0000      0.112947603005E+01
   58.1000      0.113026605852E+01
   58.2000      0.112045274453E+01
   58.3000      0.113789611682E+01
   58.4000      0.111384361983E+01
   58.5000      0.113773228557E+01
   58.6000      0.111538421610E+01
   58.7000      0.112342413115E+01
   58.8000      0.111161282066E+01
   58.9000      0.110337739124E+01
   59.0000      0.109164624892E+01
   59.1000      0.108924328679E+01
   59.2000      0.106366198336E+01
   59.3000      0.107746550888E+01
   59.4000      0.104145716881E+01
   59.5000      0.105493967779E+01
   59.6000      0.102523626081E+01
   59.7000      0.102108386897E+01
   59.8000      0.100496669473E+01
   59.9000      0.989730666624E+00
   60.0000      0.975867298193E+00
   60.1000      0.966855846432E+00
   60.2000      0.941953261250E+00
   60.3000      0.941233361572E+00
   60.4000      0.908995182368E+00
   60.5000      0.904527053134E+00
   60.6000      0.881482834640E+00
   60.7000      0.867845900373E+00
   60.8000      0.862186886438E+00
   60.9000      0.846086590241E+00
   61.0000      0.847227378386E+00
   61.1000      0.834088037056E+00
   61.2000      0.826254557079E+00
   61.3000      0.813866588560E+00
   61.4000      0.796707764827E+00
   61.5000      0.783625187036E+00
   61.6000      0.773640613237E+00
   61.7000      0.763340257329E+00
   61.8000      0.772971844888E+00
   61.9000      0.766230229342E+00
   62.0000      0.786277139025E+00
   62.1000      0.778072954921E+00
   62.2000      0.787491034606E+00
   62.3000      0.776259572268E+00
   62.4000      0.769103354757E+00
   62.5000      0.761977532120E+00
   62.6000      0.756115290476E+00
   62.7000      0.758860990237E+00
   62.8000      0.772272490167E+00
   62.9000      0.779326098452E+00
   63.0000      0.804178501343E+00
   63.1000      0.806009578357E+00
   63.2000      0.817009226992E+00
   63.3000      0.814381547262E+00
   63.4000      0.802143346139E+00
   63.5000      0.805042373553E+00
   63.6000      0.788922627711E+00
   63.7000      0.801454810798E+00
   63.8000      0.803087395131E+00
   63.9000      0.817085857094E+00
   64.0000      0.830654460355E+00
   64.1000      0.837106776440E+00
   64.2000      0.837464459843E+00
   64.3000      0.838474056571E+00
   64.4000      0.815533039243E+00
   64.5000      0.819999236967E+00
   64.6000      0.791925908310E+00
   64.7000      0.802338496314E+00
   64.8000      0.790719381768E+00
   64.9000      0.799874048384E+00
   65.0000      0.802077048897E+00
   65.1000      0.803075955830E+00
   65.2000      0.798263346249E+00
   65.3000      0.793236758747E+00
   65.4000      0.771241398505E+00
   65.5000      0.767623591213E+00
   65.6000      0.741442741616E+00
   65.7000      0.741824429280E+00
   65.8000      0.729796858857E+00
   65.9000      0.728863347300E+00
   66.0000      0.732269023789E+00
   66.1000      0.724249441059E+00
   66.2000      0.728171850200E+00
   66.3000      0.714767524839E+00
   66.4000      0.708005260818E+00
   66.5000      0.696508616716E+00
   66.6000      0.684486130108E+00
   66.7000      0.678538428385E+00
   66.8000      0.675219003787E+00
   66.9000      0.670359629707E+00
   67.0000      0.681051740455E+00
   67.1000      0.671190383355E+00
   67.2000      0.686715992404E+00
   67.3000      0.673058961033E+00
   67.4000      0.680820475171E+00
   67.5000      0.671009389984E+00
   67.6000      0.669317930637E+00
   67.7000      0.667605450334E+00
   67.8000      0.666796413507E+00
   67.9000      0.668621636521E+00
   68.0000      0.677931142283E+00
   68.1000      0.676449052206E+00
   68.2000      0.692156523268E+00
   68.3000      0.687715637728E+00
   68.4000      0.696913273140E+00
   68.5000      0.696449513741E+00
   68.6000      0.692365611350E+00
   68.7000      0.699845195049E+00
   68.8000      0.690152276280E+00
   68.9000      0.701331758297E+00
   69.0000      0.698707740287E+00
   69.1000      0.706863850747E+00
   69.2000      0.713006438947E+00
   69.3000      0.717204896207E+00
   69.4000      0.720410136592E+00
   69.5000      0.725460956596E+00
   69.6000      0.715418790802E+00
   69.7000      0.724707253297E+00
   69.8000      0.706158372140E+00
   69.9000      0.717289611790E+00
   70.0000      0.704885463701E+00
   70.1000      0.712857361983E+00
   70.2000      0.713158208222E+00
   70.3000      0.715881628537E+00
   70.4000      0.719272307139E+00
   70.5000      0.718835846291E+00
   70.6000      0.712060894165E+00
   70.7000      0.711551963622E+00
   70.8000      0.695194285141E+00
   70.9000      0.695404761525E+00
   71.0000      0.683793714866E+00
   71.1000      0.682740363510E+00
   71.2000      0.686007857232E+00
   71.3000      0.680987939158E+00
   71.4000      0.692139227502E+00
   71.5000      0.682505739612E+00
   71.6000      0.686261232634E+00
   71.7000      0.674674330950E+00
   71.8000      0.666863670996E+00
   71.9000      0.657319402308E+00
   72.0000      0.649913482537E+00
   72.1000      0.643712408486E+00
   72.2000      0.649088861403E+00
   72.3000      0.643179711941E+00
   72.4000      0.657945516405E+00
   72.5000      0.648619670536E+00
   72.6000      0.657652298656E+00
   72.7000      0.646023331345E+00
   72.8000      0.641273635926E+00
   72.9000      0.633332689900E+00
   73.0000      0.623346855794E+00
   73.1000      0.623204396801E+00
   73.2000      0.621680726314E+00
   73.3000      0.625983353548E+00
   73.4000      0.634309675582E+00
   73.5000      0.635838323926E+00
   73.6000      0.641542887999E+00
   73.7000      0.638538854159E+00
   73.8000      0.631097418024E+00
   73.9000      0.630218430207E+00
   74.0000      0.614188957342E+00
   74.1000      0.622097427958E+00
   74.2000      0.611457703253E+00
   74.3000      0.625265067425E+00
   74.4000      0.626326182531E+00
   74.5000      0.635982262529E+00
   74.6000      0.640102358650E+00
   74.7000      0.640695476305E+00
   74.8000      0.635639300868E+00
   74.9000      0.633710286107E+00
   75.0000      0.619410775876E+00
   75.1000      0.624292175533E+00
   75.2000      0.613344127061E+00
   75.3000      0.624334481000E+00
   75.4000      0.626551758063E+00
   75.5000      0.632973765092E+00
   75.6000      0.643346307861E+00
   75.7000      0.637940316561E+00
   75.8000      0.643171062277E+00
   75.9000      0.631492944578E+00
   76.0000      0.626818746429E+00
   76.1000      0.620261362060E+00
   76.2000      0.615169821574E+00
   76.3000      0.616582576771E+00
   76.4000      0.622297014295E+00
   76.5000      0.622743329124E+00
   76.6000      0.637703162512E+00
   76.7000      0.628337421860E+00
   76.8000      0.640126661224E+00
   76.9000      0.623843468121E+00
   77.0000      0.624558436208E+00
   77.1000      0.612765170326E+00
   77.2000      0.607957885943E+00
   77.3000      0.606845603326E+00
   77.4000      0.607341552945E+00
   77.5000      0.610865983494E+00
   77.6000      0.618818947620E+00
   77.7000      0.616782112917E+00
   77.8000      0.623524720056E+00
   77.9000      0.614466292769E+00
   78.0000      0.611663889396E+00
   78.1000      0.604717789640E+00
   78.2000      0.594111952254E+00
   78.3000      0.597710600050E+00
   78.4000      0.588123583436E+00
   78.5000      0.599444196600E+00
   78.6000      0.596089147735E+00
   78.7000      0.604192776032E+00
   78.8000      0.603541247103E+00
   78.9000      0.602461655444E+00
   79.0000      0.597727600995E+00
   79.1000      0.593468599989E+00
   79.2000      0.583114211905E+00
   79.3000      0.585777265585E+00
   79.4000      0.575140775412E+00
   79.5000      0.585770135635E+00
   79.6000      0.580811390164E+00
   79.7000      0.589412669505E+00
   79.8000      0.590365946146E+00
   79.9000      0.587882971920E+00
   80.0000      0.589865407243E+00
   80.1000      0.579326847015E+00
   80.2000      0.578544801908E+00
   80.3000      0.571324238632E+00
   80.4000      0.569327259481E+00
   80.5000      0.571015397505E+00
   80.6000      0.572256592303E+00
   80.7000      0.575782860148E+00
   80.8000      0.581878362047E+00
   80.9000      0.576537047200E+00
   81.0000      0.584283573017E+00
   81.1000      0.569440500371E+00
   81.2000      0.574643022076E+00
   81.3000      0.561077160750E+00
   81.4000      0.563088552581E+00
   81.5000      0.560303328216E+00
   81.6000      0.561807779674E+00
   81.7000      0.566915375945E+00
   81.8000      0.569829226914E+00
   81.9000      0.571515899577E+00
   82.0000      0.574456444284E+00
   82.1000      0.567034460639E+00
   82.2000      0.567179066835E+00
   82.3000      0.557619523647E+00
   82.4000      0.554112791216E+00
   82.5000      0.553672119252E+00
   82.6000      0.548356164233E+00
   82.7000      0.559005161999E+00
   82.8000      0.554072391280E+00
   82.9000      0.565982360369E+00
   83.0000      0.561731941958E+00
   83.1000      0.564669850688E+00
   83.2000      0.559840461392E+00
   83.3000      0.554806339977E+00
   83.4000      0.548661774683E+00
   83.5000      0.546074708573E+00
   83.6000      0.539657821735E+00
   83.7000      0.546514197150E+00
   83.8000      0.541772763742E+00
   83.9000      0.553094487529E+00
   84.0000      0.551016599150E+00
   84.1000      0.555522252776E+00
   84.2000      0.555372558534E+00
   84.3000      0.548460483287E+00
   84.4000      0.548874639358E+00
   84.5000      0.537694376783E+00
   84.6000      0.538296594676E+00
   84.7000      0.533272108675E+00
   84.8000      0.534941437398E+00
   84.9000      0.537888811228E+00
   85.0000      0.541437246847E+00
   85.1000      0.544008981476E+00
   85.2000      0.548913441327E+00
   85.3000      0.542829483113E+00
   85.4000      0.547508439854E+00
   85.5000      0.534488955973E+00
   85.6000      0.537700755955E+00
   85.7000      0.527696259522E+00
   85.8000      0.529404667692E+00
   85.9000      0.529414658818E+00
   86.0000      0.530304246593E+00
   86.1000      0.536792653517E+00
   86.2000      0.537219759920E+00
   86.3000      0.540689654020E+00
   86.4000      0.540260105944E+00
   86.5000      0.536391130397E+00
   86.6000      0.534434783018E+00
   86.7000      0.528819286467E+00
   86.8000      0.525131593850E+00
   86.9000      0.526393678918E+00
   87.0000      0.521556070488E+00
   87.1000      0.531142950162E+00
   87.2000      0.526206339323E+00
   87.3000      0.536644447258E+00
   87.4000      0.532452074839E+00
   87.5000      0.535724341927E+00
   87.6000      0.532441675844E+00
   87.7000      0.528601298905E+00
   87.8000      0.525900094947E+00
   87.9000      0.522284478235E+00
   88.0000      0.520016136713E+00
   88.1000      0.522456661443E+00
   88.2000      0.521076048781E+00
   88.3000      0.527284706102E+00
   88.4000      0.527494092119E+00
   88.5000      0.529822493565E+00
   88.6000      0.531792153148E+00
   88.7000      0.525909269777E+00
   88.8000      0.528966333691E+00
   88.9000      0.518714987982E+00
   89.0000      0.521884955126E+00
   89.1000      0.515120966977E+00
   89.2000      0.517926235955E+00
   89.3000      0.518111975088E+00
   89.4000      0.520731579301E+00
   89.5000      0.523567905325E+00
   89.6000      0.526202371497E+00
   89.7000      0.524891033343E+00
   89.8000      0.527114565986E+00
   89.9000      0.520263034013E+00
   90.0000      0.521190645366E+00
   90.1000      0.514501344168E+00
   90.2000      0.513644891501E+00
   90.3000      0.513590475486E+00
   90.4000      0.511405203976E+00
   90.5000      0.518097638045E+00
   90.6000      0.515519921061E+00
   90.7000      0.522701610309E+00
   90.8000      0.520180796708E+00
   90.9000      0.522070297652E+00
   91.0000      0.519251439108E+00
   91.1000      0.516453979009E+00
   91.2000      0.512908303479E+00
   91.3000      0.511111831998E+00
   91.4000      0.507236667482E+00
   91.5000      0.510610596693E+00
   91.6000      0.507597104343E+00
   91.7000      0.514230339924E+00
   91.8000      0.513071605896E+00
   91.9000      0.517033839681E+00
   92.0000      0.517616904554E+00
   92.1000      0.515097771481E+00
   92.2000      0.516334077988E+00
   92.3000      0.509423518169E+00
   92.4000      0.510330037772E+00
   92.5000      0.504749229178E+00
   92.6000      0.505447174748E+00
   92.7000      0.504713370416E+00
   92.8000      0.506284333945E+00
   92.9000      0.508320551762E+00
   93.0000      0.511474784611E+00
   93.1000      0.511144617193E+00
   93.2000      0.514986304529E+00
   93.3000      0.509853351564E+00
   93.4000      0.512276947758E+00
   93.5000      0.505402053062E+00
   93.6000      0.505069238696E+00
   93.7000      0.501823757932E+00
   93.8000      0.499656243690E+00
   93.9000      0.502097041364E+00
   94.0000      0.500362733001E+00
   94.1000      0.505309683791E+00
   94.2000      0.505071175358E+00
   94.3000      0.507717543093E+00
   94.4000      0.507576397299E+00
   94.5000      0.506389116737E+00
   94.6000      0.504142431033E+00
   94.7000      0.501878123026E+00
   94.8000      0.497241884591E+00
   94.9000      0.497554594648E+00
   95.0000      0.492777157051E+00
   95.1000      0.496367078219E+00
   95.2000      0.494033911543E+00
   95.3000      0.498077834563E+00
   95.4000      0.498599479840E+00
   95.5000      0.499552799770E+00
   95.6000      0.500986195075E+00
   95.7000      0.497858496669E+00
   95.8000      0.498028551349E+00
   95.9000      0.493182580390E+00
   96.0000      0.491814371498E+00
   96.1000      0.488663990920E+00
   96.2000      0.487519038306E+00
   96.3000      0.487280777677E+00
   96.4000      0.488299235008E+00
   96.5000      0.488957712015E+00
   96.6000      0.492167649534E+00
   96.7000      0.490787460649E+00
   96.8000      0.493978046703E+00
   96.9000      0.489995394499E+00
   97.0000      0.490647902662E+00
   97.1000      0.486569935364E+00
   97.2000      0.484309591209E+00
   97.3000      0.483064390322E+00
   97.4000      0.480068899676E+00
   97.5000      0.482005838066E+00
   97.6000      0.480731776930E+00
   97.7000      0.483510414867E+00
   97.8000      0.484088574225E+00
   97.9000      0.485263934371E+00
   98.0000      0.485468357581E+00
   98.1000      0.484754552631E+00
   98.2000      0.482594100163E+00
   98.3000      0.481638538412E+00
   98.4000      0.477627317376E+00
   98.5000      0.478021010211E+00
   98.6000      0.474649074791E+00
   98.7000      0.476363331256E+00
   98.8000      0.475538034489E+00
   98.9000      0.477054676166E+00
   99.0000      0.478366866446E+00
   99.1000      0.478107085864E+00
   99.2000      0.479536830707E+00
   99.3000      0.477284895423E+00
   99.4000      0.477285925593E+00
   99.5000      0.474400687741E+00
   99.6000      0.473202249051E+00
   99.7000      0.471369733383E+00
   99.8000      0.470460621620E+00
   99.9000      0.470108232891E+00
  100.0000      0.470627364853E+00
  100.1000      0.470632468630E+00
  100.2000      0.472212839516E+00
  100.3000      0.471271002796E+00
  100.4000      0.472366684002E+00
  100.5000      0.470500815524E+00
  100.6000      0.469868521210E+00
  100.7000      0.468367994542E+00
  100.8000      0.466253690735E+00
  100.9000      0.466195799178E+00
  101.0000      0.464018244990E+00
  101.1000      0.465133753515E+00
  101.2000      0.464018313459E+00
  101.3000      0.465080815297E+00
  101.4000      0.464844948022E+00
  101.5000      0.464935524255E+00
  101.6000      0.464562949566E+00
  101.7000      0.463790468761E+00
  101.8000      0.462698209613E+00
  101.9000      0.461839525899E+00
  102.0000      0.460449311096E+00
  102.1000      0.460112307900E+00
  102.2000      0.459241602631E+00
  102.3000      0.459361880501E+00
  102.4000      0.459331855409E+00
  102.5000      0.459312660971E+00
  102.6000      0.459761559756E+00
  102.7000      0.459057735954E+00
  102.8000      0.459433605434E+00
  102.9000      0.458102352504E+00
  103.0000      0.458129351630E+00
  103.1000      0.456859381128E+00
  103.2000      0.456574026693E+00
  103.3000      0.456100672179E+00
  103.4000      0.455645714394E+00
  103.5000      0.456073599927E+00
  103.6000      0.455556597068E+00
  103.7000      0.456276356900E+00
  103.8000      0.455749850697E+00
  103.9000      0.456034655481E+00
  104.0000      0.455511220249E+00
  104.1000      0.455158605592E+00
  104.2000      0.454627839943E+00
  104.3000      0.454023893994E+00
  104.4000      0.453481161547E+00
  104.5000      0.453128695170E+00
  104.6000      0.452602023669E+00
  104.7000      0.452639146599E+00
  104.8000      0.452204925296E+00
  104.9000      0.452309581286E+00
  105.0000      0.452099884444E+00
  105.1000      0.451772562431E+00
  105.2000      0.451926144778E+00
  105.3000      0.450900789705E+00
  105.4000      0.451401036642E+00
  105.5000      0.449902459123E+00
  105.6000      0.450416795654E+00
  105.7000      0.449072591213E+00
  105.8000      0.449072022063E+00
  105.9000      0.448497829939E+00
  106.0000      0.447721475717E+00
  106.1000      0.448067879190E+00
  106.2000      0.446894352080E+00
  106.3000      0.447737384387E+00
  106.4000      0.446913877246E+00
  106.5000      0.447608912375E+00
  106.6000      0.447453537942E+00
  106.7000      0.447647509357E+00
  106.8000      0.447596015804E+00
  106.9000      0.447455129507E+00
  107.0000      0.446612485093E+00
  107.1000      0.446607089981E+00
  107.2000      0.444835191974E+00
  107.3000      0.445278640088E+00
  107.4000      0.443616330933E+00
  107.5000      0.444295052736E+00
  107.6000      0.444124973837E+00
  107.7000      0.444329391782E+00
  107.8000      0.446027990995E+00
  107.9000      0.445084650500E+00
  108.0000      0.447487900113E+00
  108.1000      0.445430485187E+00
  108.2000      0.446743861568E+00
  108.3000      0.444437417054E+00
  108.4000      0.443864824570E+00
  108.5000      0.442323141094E+00
  108.6000      0.440865961511E+00
  108.7000      0.440417076307E+00
  108.8000      0.439911798882E+00
  108.9000      0.440093500011E+00
  109.0000      0.441300098928E+00
  109.1000      0.441493836385E+00
  109.2000      0.443157824222E+00
  109.3000      0.443182484025E+00
  109.4000      0.443099551644E+00
  109.5000      0.443249857642E+00
  109.6000      0.440366228120E+00
  109.7000      0.441033232135E+00
  109.8000      0.436622232992E+00
  109.9000      0.437863264693E+00
  110.0000      0.434655990526E+00
  110.1000      0.436045743768E+00
  110.2000      0.435974297773E+00
  110.3000      0.436882788035E+00
  110.4000      0.439394511831E+00
  110.5000      0.439423022146E+00
  110.6000      0.441980258858E+00
  110.7000      0.441125137239E+00
  110.8000      0.441517641216E+00
  110.9000      0.440011074004E+00
  111.0000      0.438339977497E+00
  111.1000      0.436450535600E+00
  111.2000      0.434999843018E+00
  111.3000      0.432977295654E+00
  111.4000      0.434114084387E+00
  111.5000      0.432279179846E+00
  111.6000      0.436111534903E+00
  111.7000      0.434941746363E+00
  111.8000      0.438798371425E+00
  111.9000      0.438686613948E+00
  112.0000      0.439219566089E+00
  112.1000      0.439962860913E+00
  112.2000      0.436174889018E+00
  112.3000      0.436978064093E+00
  112.4000      0.431226746517E+00
  112.5000      0.431529436140E+00
  112.6000      0.427484071977E+00
  112.7000      0.427633249144E+00
  112.8000      0.427143259795E+00
  112.9000      0.428032107672E+00
  113.0000      0.429728954227E+00
  113.1000      0.431732902005E+00
  113.2000      0.432563219230E+00
  113.3000      0.434774842579E+00
  113.4000      0.433004458830E+00
  113.5000      0.433670127123E+00
  113.6000      0.430463846885E+00
  113.7000      0.428506735152E+00
  113.8000      0.426767217182E+00
  113.9000      0.422925983669E+00
  114.0000      0.424775508893E+00
  114.1000      0.421159669534E+00
  114.2000      0.426121952212E+00
  114.3000      0.424635782537E+00
  114.4000      0.429738142104E+00
  114.5000      0.430628549208E+00
  114.6000      0.432567767365E+00
  114.7000      0.434165926356E+00
  114.8000      0.431966592850E+00
  114.9000      0.432144369535E+00
  115.0000      0.427889716942E+00
  115.1000      0.426189566940E+00
  115.2000      0.423114366218E+00
  115.3000      0.421386121143E+00
  115.4000      0.420995328479E+00
  115.5000      0.421785351235E+00
  115.6000      0.422582074054E+00
  115.7000      0.426613051079E+00
  115.8000      0.425832145829E+00
  115.9000      0.430818864671E+00
  116.0000      0.427410763550E+00
  116.1000      0.429752044794E+00
  116.2000      0.425400134673E+00
  116.3000      0.423342689844E+00
  116.4000      0.420879306742E+00
  116.5000      0.415953352444E+00
  116.6000      0.417006184643E+00
  116.7000      0.412622909922E+00
  116.8000      0.416365335986E+00
  116.9000      0.414999591326E+00
  117.0000      0.418941461245E+00
  117.1000      0.420177974244E+00
  117.2000      0.422127379043E+00
  117.3000      0.423295604122E+00
  117.4000      0.422768297823E+00
  117.5000      0.421530406225E+00
  117.6000      0.419854216629E+00
  117.7000      0.416376811808E+00
  117.8000      0.415384445805E+00
  117.9000      0.412438272695E+00
  118.0000      0.412649215816E+00
  118.1000      0.413336484078E+00
  118.2000      0.413531920980E+00
  118.3000      0.418344802757E+00
  118.4000      0.416915362198E+00
  118.5000      0.423045037600E+00
  118.6000      0.419708095564E+00
  118.7000      0.423214059659E+00
  118.8000      0.419567705840E+00
  118.9000      0.418533138029E+00
  119.0000      0.416664138562E+00
  119.1000      0.412756594862E+00
  119.2000      0.413389743904E+00
  119.3000      0.410131921368E+00
  119.4000      0.412348704485E+00
  119.5000      0.411838966112E+00
  119.6000      0.414065990909E+00
  119.7000      0.415362434265E+00
  119.8000      0.416580633934E+00
  119.9000      0.416866999596E+00
  120.0000      0.417147064623E+00
  120.1000      0.414565828597E+00
  120.2000      0.414620317710E+00
  120.3000      0.410104217768E+00
  120.4000      0.410532521509E+00
  120.5000      0.407050544877E+00
  120.6000      0.407598790072E+00
  120.7000      0.407783483840E+00
  120.8000      0.407363491967E+00
  120.9000      0.411237436510E+00
  121.0000      0.409097800680E+00
  121.1000      0.413954487639E+00
  121.2000      0.410598117769E+00
  121.3000      0.413320738285E+00
  121.4000      0.410304705554E+00
  121.5000      0.409754053971E+00
  121.6000      0.408510736922E+00
  121.7000      0.406200359636E+00
  121.8000      0.406819683762E+00
  121.9000      0.405335248618E+00
  122.0000      0.406778227676E+00
  122.1000      0.407326071023E+00
  122.2000      0.408559904629E+00
  122.3000      0.410014845844E+00
  122.4000      0.410819606981E+00
  122.5000      0.410884656389E+00
  122.6000      0.411710289919E+00
  122.7000      0.409202914379E+00
  122.8000      0.410403438918E+00
  122.9000      0.406454162591E+00
  123.0000      0.407918641070E+00
  123.1000      0.405076432404E+00
  123.2000      0.406115378363E+00
  123.3000      0.406352053203E+00
  123.4000      0.406085450186E+00
  123.5000      0.409059290004E+00
  123.6000      0.407202019829E+00
  123.7000      0.410609428898E+00
  123.8000      0.407760640593E+00
  123.9000      0.409344961427E+00
  124.0000      0.406752388711E+00
  124.1000      0.405967113129E+00
  124.2000      0.404630962922E+00
  124.3000      0.402837425758E+00
  124.4000      0.402758820090E+00
  124.5000      0.401768675998E+00
  124.6000      0.402228079230E+00
  124.7000      0.402710169187E+00
  124.8000      0.403122112696E+00
  124.9000      0.404157571622E+00
  125.0000      0.404590939369E+00
  125.1000      0.404651200920E+00
  125.2000      0.405449856907E+00
  125.3000      0.403762171743E+00
  125.4000      0.405044574368E+00
  125.5000      0.402275271879E+00
  125.6000      0.403637377469E+00
  125.7000      0.401571082477E+00
  125.8000      0.402380983999E+00
  125.9000      0.402449957772E+00
  126.0000      0.402381911899E+00
  126.1000      0.404548198186E+00
  126.2000      0.403659791499E+00
  126.3000      0.406453757011E+00
  126.4000      0.405194036156E+00
  126.5000      0.406844356534E+00
  126.6000      0.405716512408E+00
  126.7000      0.405578636949E+00
  126.8000      0.404793354754E+00
  126.9000      0.403574794471E+00
  127.0000      0.403035015331E+00
  127.1000      0.401915136930E+00
  127.2000      0.401450650315E+00
  127.3000      0.401061663895E+00
  127.4000      0.400681922189E+00
  127.5000      0.400813515487E+00
  127.6000      0.400755965400E+00
  127.7000      0.400729853147E+00
  127.8000      0.401171766230E+00
  127.9000      0.400567423953E+00
  128.0000      0.401329112305E+00
  128.1000      0.400238969678E+00
  128.2000      0.400927229418E+00
  128.3000      0.399886295534E+00
  128.4000      0.400046395167E+00
  128.5000      0.399676572347E+00
  128.6000      0.399207593308E+00
  128.7000      0.399680342560E+00
  128.8000      0.398935200333E+00
  128.9000      0.399979362364E+00
  129.0000      0.399531836776E+00
  129.1000      0.400649916326E+00
  129.2000      0.400876479329E+00
  129.3000      0.401719273525E+00
  129.4000      0.402354173508E+00
  129.5000      0.402775502298E+00
  129.6000      0.403107294451E+00
  129.7000      0.402964097732E+00
  129.8000      0.402497123637E+00
  129.9000      0.401722594293E+00
  130.0000      0.400600990829E+00
  130.1000      0.399477118911E+00
  130.2000      0.398364124351E+00
  130.3000      0.397483139494E+00
  130.4000      0.396910471476E+00
  130.5000      0.396838193377E+00
  130.6000      0.396830800007E+00
  130.7000      0.397502882837E+00
  130.8000      0.397772022339E+00
  130.9000      0.398565242675E+00
  131.0000      0.398740447074E+00
  131.1000      0.398915527932E+00
  131.2000      0.398837790919E+00
  131.3000      0.398059841477E+00
  131.4000      0.397742208710E+00
  131.5000      0.396355168400E+00
  131.6000      0.396081600752E+00
  131.7000      0.394914286963E+00
  131.8000      0.395081912283E+00
  131.9000      0.395059499166E+00
  132.0000      0.395800953330E+00
  132.1000      0.397208505351E+00
  132.2000      0.398169872163E+00
  132.3000      0.400214976644E+00
  132.4000      0.400691222230E+00
  132.5000      0.401941951906E+00
  132.6000      0.401439216542E+00
  132.7000      0.400925852714E+00
  132.8000      0.399466551039E+00
  132.9000      0.397703150308E+00
  133.0000      0.395726857616E+00
  133.1000      0.394259576236E+00
  133.2000      0.392439103245E+00
  133.3000      0.392554563472E+00
  133.4000      0.391539053460E+00
  133.5000      0.393046161842E+00
  133.6000      0.393328673616E+00
  133.7000      0.394748932036E+00
  133.8000      0.396190865025E+00
  133.9000      0.395945890399E+00
  134.0000      0.397776776826E+00
  134.1000      0.395424387481E+00
  134.2000      0.396604530453E+00
  134.3000      0.393273990696E+00
  134.4000      0.393312988941E+00
  134.5000      0.391037323447E+00
  134.6000      0.390241739396E+00
  134.7000      0.390692579733E+00
  134.8000      0.389809424995E+00
  134.9000      0.393005714807E+00
  135.0000      0.392597865296E+00
  135.1000      0.396714651870E+00
  135.2000      0.396773633880E+00
  135.3000      0.399310918996E+00
  135.4000      0.399356051263E+00
  135.5000      0.398991632276E+00
  135.6000      0.398314424600E+00
  135.7000      0.395850575919E+00
  135.8000      0.394170591385E+00
  135.9000      0.391667364558E+00
  136.0000      0.389533128403E+00
  136.1000      0.388514590024E+00
  136.2000      0.387342811982E+00
  136.3000      0.387604943980E+00
  136.4000      0.388606475110E+00
  136.5000      0.388719056105E+00
  136.6000      0.391866359354E+00
  136.7000      0.390562789215E+00
  136.8000      0.394196593161E+00
  136.9000      0.391575983199E+00
  137.0000      0.393521327290E+00
  137.1000      0.391053484857E+00
  137.2000      0.389996045824E+00
  137.3000      0.389592074679E+00
  137.4000      0.386029401137E+00
  137.5000      0.388640256484E+00
  137.6000      0.384507536412E+00
  137.7000      0.389244251227E+00
  137.8000      0.386815477611E+00
  137.9000      0.391219510641E+00
  138.0000      0.391674723703E+00
  138.1000      0.393257221884E+00
  138.2000      0.395915942078E+00
  138.3000      0.393864313251E+00
  138.4000      0.396650752193E+00
  138.5000      0.392371007275E+00
  138.6000      0.393374229017E+00
  138.7000      0.389282327009E+00
  138.8000      0.388290082914E+00
  138.9000      0.386042057807E+00
  139.0000      0.384583074577E+00
  139.1000      0.384083492342E+00
  139.2000      0.383993005268E+00
  139.3000      0.384086384485E+00
  139.4000      0.385816341232E+00
  139.5000      0.385539711817E+00
  139.6000      0.387699703001E+00
  139.7000      0.387286262241E+00
  139.8000      0.387737081438E+00
  139.9000      0.388269702136E+00
  140.0000      0.385703250321E+00
  140.1000      0.388108331246E+00
  140.2000      0.383235862785E+00
  140.3000      0.387117649592E+00
  140.4000      0.382426473670E+00
  140.5000      0.385904602935E+00
  140.6000      0.384370485381E+00
  140.7000      0.385149371297E+00
  140.8000      0.388187399040E+00
  140.9000      0.385197051784E+00
  141.0000      0.391532784398E+00
  141.1000      0.385971886201E+00
  141.2000      0.392210616969E+00
  141.3000      0.386866569156E+00
  141.4000      0.389663600154E+00
  141.5000      0.387142721855E+00
  141.6000      0.385377938930E+00
  141.7000      0.386432481706E+00
  141.8000      0.381690158311E+00
  141.9000      0.384951689717E+00
  142.0000      0.380171552265E+00
  142.1000      0.383345933311E+00
  142.2000      0.380733809276E+00
  142.3000      0.382210192529E+00
  142.4000      0.381980599737E+00
  142.5000      0.381811238784E+00
  142.6000      0.382551840512E+00
  142.7000      0.382071284355E+00
  142.8000      0.382155386677E+00
  142.9000      0.382576568515E+00
  143.0000      0.381662891570E+00
  143.1000      0.382835067510E+00
  143.2000      0.382187442828E+00
  143.3000      0.382487251686E+00
  143.4000      0.383895424216E+00
  143.5000      0.381668364588E+00
  143.6000      0.385806326790E+00
  143.7000      0.381071786679E+00
  143.8000      0.386456725721E+00
  143.9000      0.381445952839E+00
  144.0000      0.385082235605E+00
  144.1000      0.383011996756E+00
  144.2000      0.382252142267E+00
  144.3000      0.385047786831E+00
  144.4000      0.379484949961E+00
  144.5000      0.386242543868E+00
  144.6000      0.378280808856E+00
  144.7000      0.385516366475E+00
  144.8000      0.379037149678E+00
  144.9000      0.382672837812E+00
  145.0000      0.380707223750E+00
  145.1000      0.378623188647E+00
  145.2000      0.381620308237E+00
  145.3000      0.375021315008E+00
  145.4000      0.380796249543E+00
  145.5000      0.373424489259E+00
  145.6000      0.378802276376E+00
  145.7000      0.374562849159E+00
  145.8000      0.377350554119E+00
  145.9000      0.377828928540E+00
  146.0000      0.377763221024E+00
  146.1000      0.381525805799E+00
  146.2000      0.379945080364E+00
  146.3000      0.383934136284E+00
  146.4000      0.382395118675E+00
  146.5000      0.384191434940E+00
  146.6000      0.383232186131E+00
  146.7000      0.382747787467E+00
  146.8000      0.381651725564E+00
  146.9000      0.380827334823E+00
  147.0000      0.378452299636E+00
  147.1000      0.379391233900E+00
  147.2000      0.375699162363E+00
  147.3000      0.378697082602E+00
  147.4000      0.375358370978E+00
  147.5000      0.378217590893E+00
  147.6000      0.377634216940E+00
  147.7000      0.377212656323E+00
  147.8000      0.380697242566E+00
  147.9000      0.375448455693E+00
  148.0000      0.381877198846E+00
  148.1000      0.373463123881E+00
  148.2000      0.379699454139E+00
  148.3000      0.372459296427E+00
  148.4000      0.375143099083E+00
  148.5000      0.373535278749E+00
  148.6000      0.371025207821E+00
  148.7000      0.376795016208E+00
  148.8000      0.370216132746E+00
  148.9000      0.381026095447E+00
  149.0000      0.373739089462E+00
  149.1000      0.384184300132E+00
  149.2000      0.379931459171E+00
  149.3000      0.384545655063E+00
  149.4000      0.385206457697E+00
  149.5000      0.381671005923E+00
  149.6000      0.386189137417E+00
  149.7000      0.376752786290E+00
  149.8000      0.382079838745E+00
  149.9000      0.371989773921E+00
  150.0000      0.375208297433E+00
  150.1000      0.369327403698E+00
  150.2000      0.369465557085E+00
  150.3000      0.369596335239E+00
  150.4000      0.367783819417E+00
  150.5000      0.372214156855E+00
  150.6000      0.370377176788E+00
  150.7000      0.375656366863E+00
  150.8000      0.375061390078E+00
  150.9000      0.378409040114E+00
  151.0000      0.378793690783E+00
  151.1000      0.379498257301E+00
  151.2000      0.379352866484E+00
  151.3000      0.378787758103E+00
  151.4000      0.376801742830E+00
  151.5000      0.377055717924E+00
  151.6000      0.373568449031E+00
  151.7000      0.375412007840E+00
  151.8000      0.372677188654E+00
  151.9000      0.374572488431E+00
  152.0000      0.375307590624E+00
  152.1000      0.374435147804E+00
  152.2000      0.379519001137E+00
  152.3000      0.374285058371E+00
  152.4000      0.381656387774E+00
  152.5000      0.373629414857E+00
  152.6000      0.379312601394E+00
  152.7000      0.372669321467E+00
  152.8000      0.373117117844E+00
  152.9000      0.372004736908E+00
  153.0000      0.366269514571E+00
  153.1000      0.372100690129E+00
  153.2000      0.362578443703E+00
  153.3000      0.372990487992E+00
  153.4000      0.364429808386E+00
  153.5000      0.374406691188E+00
  153.6000      0.371518518638E+00
  153.7000      0.375919448625E+00
  153.8000      0.380559385440E+00
  153.9000      0.376842994065E+00
  154.0000      0.386644507372E+00
  154.1000      0.376521251233E+00
  154.2000      0.386231325775E+00
  154.3000      0.374899834977E+00
  154.4000      0.379541777518E+00
  154.5000      0.372627267909E+00
  154.6000      0.370352128180E+00
  154.7000      0.370689179051E+00
  154.8000      0.363512034777E+00
  154.9000      0.369886288031E+00
  155.0000      0.362037307992E+00
  155.1000      0.370420237122E+00
  155.2000      0.365764820419E+00
  155.3000      0.371906810155E+00
  155.4000      0.372014009228E+00
  155.5000      0.373620519311E+00
  155.6000      0.377239135083E+00
  155.7000      0.374713282779E+00
  155.8000      0.378894028876E+00
  155.9000      0.374625676969E+00
  156.0000      0.376861533520E+00
  156.1000      0.373474317546E+00
  156.2000      0.373356866384E+00
  156.3000      0.371929439014E+00
  156.4000      0.371103415480E+00
  156.5000      0.370778891649E+00
  156.6000      0.371289786014E+00
  156.7000      0.370569047278E+00
  156.8000      0.372944604947E+00
  156.9000      0.371387946246E+00
  157.0000      0.374008395534E+00
  157.1000      0.372782261308E+00
  157.2000      0.373011529983E+00
  157.3000      0.373864661477E+00
  157.4000      0.370039011112E+00
  157.5000      0.373727131995E+00
  157.6000      0.366693098504E+00
  157.7000      0.372124277080E+00
  157.8000      0.365321996484E+00
  157.9000      0.369839858400E+00
  158.0000      0.367551677667E+00
  158.1000      0.368148483311E+00
  158.2000      0.372755156766E+00
  158.3000      0.367898318125E+00
  158.4000      0.377996630031E+00
  158.5000      0.369191851896E+00
  158.6000      0.379987405606E+00
  158.7000      0.371590354978E+00
  158.8000      0.377401285026E+00
  158.9000      0.374192488265E+00
  159.0000      0.371583965875E+00
  159.1000      0.375704959357E+00
  159.2000      0.365504330459E+00
  159.3000      0.375062720943E+00
  159.4000      0.362146720663E+00
  159.5000      0.372333136501E+00
  159.6000      0.363203296328E+00
  159.7000      0.368880200002E+00
  159.8000      0.368196152866E+00
  159.9000      0.366402147505E+00
  160.0000      0.374373758383E+00
  160.1000      0.365774712285E+00
  160.2000      0.378054554843E+00
  160.3000      0.366831188122E+00
  160.4000      0.377063780151E+00
  160.5000      0.368953896658E+00
  160.6000      0.372331718880E+00
  160.7000      0.371450104828E+00
  160.8000      0.367044813074E+00
  160.9000      0.373436022495E+00
  161.0000      0.364200947997E+00
  161.1000      0.374009541097E+00
  161.2000      0.364903241202E+00
  161.3000      0.372979688262E+00
  161.4000      0.368343449839E+00
  161.5000      0.371160380309E+00
  161.6000      0.372546643561E+00
  161.7000      0.369566984490E+00
  161.8000      0.375145790205E+00
  161.9000      0.368485874243E+00
  162.0000      0.374483722255E+00
  162.1000      0.367622044410E+00
  162.2000      0.370859268902E+00
  162.3000      0.366922035220E+00
  162.4000      0.366605046695E+00
  162.5000      0.366789319347E+00
  162.6000      0.364397491274E+00
  162.7000      0.367505273152E+00
  162.8000      0.365253119108E+00
  162.9000      0.368847079196E+00
  163.0000      0.368093017907E+00
  163.1000      0.370384837414E+00
  163.2000      0.370937466225E+00
  163.3000      0.371801749689E+00
  163.4000      0.372289345770E+00
  163.5000      0.372723663435E+00
  163.6000      0.371740561029E+00
  163.7000      0.372564351704E+00
  163.8000      0.369958978904E+00
  163.9000      0.370957874072E+00
  164.0000      0.368312299468E+00
  164.1000      0.368346548338E+00
  164.2000      0.368015069174E+00
  164.3000      0.365881947044E+00
  164.4000      0.369118412969E+00
  164.5000      0.364645853693E+00
  164.6000      0.370320744005E+00
  164.7000      0.365013557625E+00
  164.8000      0.370019383646E+00
  164.9000      0.366636811737E+00
  165.0000      0.367688842122E+00
  165.1000      0.368750820983E+00
  165.2000      0.364389314815E+00
  165.3000      0.370478371114E+00
  165.4000      0.362209822681E+00
  165.5000      0.371189963729E+00
  165.6000      0.363155996481E+00
  165.7000      0.370854280324E+00
  165.8000      0.367853471532E+00
  165.9000      0.369981087094E+00
  166.0000      0.374570569618E+00
  166.1000      0.369099159365E+00
  166.2000      0.379598857743E+00
  166.3000      0.368353262928E+00
  166.4000      0.379428679324E+00
  166.5000      0.367632248564E+00
  166.6000      0.373261980421E+00
  166.7000      0.366858504825E+00
  166.8000      0.363667592261E+00
  166.9000      0.365993265456E+00
  167.0000      0.355012242886E+00
  167.1000      0.365029232720E+00
  167.2000      0.351343640096E+00
  167.3000      0.364335316753E+00
  167.4000      0.354965523113E+00
  167.5000      0.364834616330E+00
  167.6000      0.365355534369E+00
  167.7000      0.367261606292E+00
  167.8000      0.378407981181E+00
  167.9000      0.371012817829E+00
  168.0000      0.387544751345E+00
  168.1000      0.374087993228E+00
  168.2000      0.387419052660E+00
  168.3000      0.374514969948E+00
  168.4000      0.377685082151E+00
  168.5000      0.371791486966E+00
  168.6000      0.363268779208E+00
  168.7000      0.366952177331E+00
  168.8000      0.350989536187E+00
  168.9000      0.361722354406E+00
  169.0000      0.345936832027E+00
  169.1000      0.358012879652E+00
  169.2000      0.350044472908E+00
  169.3000      0.357721746900E+00
  169.4000      0.361957258896E+00
  169.5000      0.361851902229E+00
  169.6000      0.376906491118E+00
  169.7000      0.369178928888E+00
  169.8000      0.387792260232E+00
  169.9000      0.376205000759E+00
  170.0000      0.388814772597E+00
  170.1000      0.379194691384E+00
  170.2000      0.379493738288E+00
  170.3000      0.376636687693E+00
  170.4000      0.365085352296E+00
  170.5000      0.369912765399E+00
  170.6000      0.352807686150E+00
  170.7000      0.362042096597E+00
  170.8000      0.347632657109E+00
  170.9000      0.356150745066E+00
  171.0000      0.350873373249E+00
  171.1000      0.354634726754E+00
  171.2000      0.360824964614E+00
  171.3000      0.358479739345E+00
  171.4000      0.373363122004E+00
  171.5000      0.366393653887E+00
  171.6000      0.382786920735E+00
  171.7000      0.374749631196E+00
  171.8000      0.384352391130E+00
  171.9000      0.379299473313E+00
  172.0000      0.377430963285E+00
  172.1000      0.377777051892E+00
  172.2000      0.366140984513E+00
  172.3000      0.371262802469E+00
  172.4000      0.356462545925E+00
  172.5000      0.363245370175E+00
  172.6000      0.352545527988E+00
  172.7000      0.357414231488E+00
  172.8000      0.355180475178E+00
  172.9000      0.355965752494E+00
  173.0000      0.362473120584E+00
  173.1000      0.359149354533E+00
  173.2000      0.371049818112E+00
  173.3000      0.365536839541E+00
  173.4000      0.377171299512E+00
  173.5000      0.372444788530E+00
  173.6000      0.378163688655E+00
  173.7000      0.376688264226E+00
  173.8000      0.373798098337E+00
  173.9000      0.376020269731E+00
  174.0000      0.366461140253E+00
  174.1000      0.370694196636E+00
  174.2000      0.359825309563E+00
  174.3000      0.363706200776E+00
  174.4000      0.356980264394E+00
  174.5000      0.358961930959E+00
  174.6000      0.359017068291E+00
  174.7000      0.358636386666E+00
  174.8000      0.364528570025E+00
  174.9000      0.362062151185E+00
  175.0000      0.370386796247E+00
  175.1000      0.366952082319E+00
  175.2000      0.373691392146E+00
  175.3000      0.371256722911E+00
  175.4000      0.373504651352E+00
  175.5000      0.373688943093E+00
  175.6000      0.370774331757E+00
  175.7000      0.373253957271E+00
  175.8000      0.366883165555E+00
  175.9000      0.369588385535E+00
  176.0000      0.362951220467E+00
  176.1000      0.364205595570E+00
  176.2000      0.360471359188E+00
  176.3000      0.360434293206E+00
  176.4000      0.361245169917E+00
  176.5000      0.360905629454E+00
  176.6000      0.365476913034E+00
  176.7000      0.364989066329E+00
  176.8000      0.370479705600E+00
  176.9000      0.369422911233E+00
  177.0000      0.372751123140E+00
  177.1000      0.371629177557E+00
  177.2000      0.371553716777E+00
  177.3000      0.371699713212E+00
  177.4000      0.369255660420E+00
  177.5000      0.370871157899E+00
  177.6000      0.367795700123E+00
  177.7000      0.369181061349E+00
  177.8000      0.366385632521E+00
  177.9000      0.366015704162E+00
  178.0000      0.363986611694E+00
  178.1000      0.362730170318E+00
  178.2000      0.362685100236E+00
  178.3000      0.362826748475E+00
  178.4000      0.365937016722E+00
  178.5000      0.368069803396E+00
  178.6000      0.373045423350E+00
  178.7000      0.375073343955E+00
  178.8000      0.377976226811E+00
  178.9000      0.377747651013E+00
  179.0000      0.375961816228E+00
  179.1000      0.374206084871E+00
  179.2000      0.370391204340E+00
  179.3000      0.370237301410E+00
  179.4000      0.370408232500E+00
  179.5000      0.374089180334E+00
  179.6000      0.380689235052E+00
  179.7000      0.387460213832E+00
  179.8000      0.395827643347E+00
  179.9000      0.406255519466E+00
  180.0000      0.488269006282E+00
