    0.1000      0.468917847820E+07
    0.2000      0.892490924200E+06
    0.3000      0.244193750682E+06
    0.4000      0.150705362484E+06
    0.5000      0.974217908133E+05
    0.6000      0.644805642730E+05
    0.7000      0.463314688681E+05
    0.8000      0.375510197457E+05
    0.9000      0.333257995063E+05
    1.0000      0.256072328770E+05
    1.1000      0.206199421486E+05
    1.2000      0.137432800073E+05
    1.3000      0.107645997425E+05
    1.4000      0.956894032772E+04
    1.5000      0.605718024612E+04
    1.6000      0.381043104271E+04
    1.7000      0.357743346109E+04
    1.8000      0.319773111825E+04
    1.9000      0.239258862311E+04
    2.0000      0.184276937849E+04
    2.1000      0.160370590483E+04
    2.2000      0.139466835959E+04
    2.3000      0.115627961418E+04
    2.4000      0.961751519050E+03
    2.5000      0.803479085665E+03
    2.6000      0.693482511921E+03
    2.7000      0.627715223734E+03
    2.8000      0.562110239000E+03
    2.9000      0.552248272511E+03
    3.0000      0.574916807223E+03
    3.1000      0.533791430699E+03
    3.2000      0.435409031226E+03
    3.3000      0.360625834954E+03
    3.4000      0.355729538887E+03
    3.5000      0.400366390649E+03
    3.6000      0.470615362795E+03
    3.7000      0.462159715554E+03
    3.8000      0.358609807025E+03
    3.9000      0.272914138798E+03
    4.0000      0.255301390303E+03
    4.1000      0.308379585607E+03
    4.2000      0.349378034994E+03
    4.3000      0.337767820916E+03
    4.4000      0.287771706224E+03
    4.5000      0.221373483005E+03
    4.6000      0.207202407034E+03
    4.7000      0.231126456142E+03
    4.8000      0.262392425789E+03
    4.9000      0.267214105087E+03
    5.0000      0.231955905368E+03
    5.1000      0.197102036678E+03
    5.2000      0.167279782047E+03
    5.3000      0.166490734105E+03
    5.4000      0.174816110648E+03
    5.5000      0.173899693421E+03
    5.6000      0.170221107289E+03
    5.7000      0.142599485425E+03
    5.8000      0.121076022111E+03
    5.9000      0.101066659310E+03
    6.0000      0.980988419574E+02
    6.1000      0.115003312154E+03
    6.2000      0.114098776812E+03
    6.3000      0.108800526996E+03
    6.4000      0.826454825697E+02
    6.5000      0.650182704287E+02
    6.6000      0.679957576806E+02
    6.7000      0.747598234405E+02
    6.8000      0.881098474953E+02
    6.9000      0.768206465380E+02
    7.0000      0.608146427692E+02
    7.1000      0.470050365065E+02
    7.2000      0.428619675556E+02
    7.3000      0.513135164144E+02
    7.4000      0.510391749806E+02
    7.5000      0.488131472745E+02
    7.6000      0.379073491927E+02
    7.7000      0.314547705840E+02
    7.8000      0.282073629855E+02
    7.9000      0.264307902394E+02
    8.0000      0.284382663414E+02
    8.1000      0.273601135608E+02
    8.2000      0.305670854798E+02
    8.3000      0.276933124884E+02
    8.4000      0.241064693412E+02
    8.5000      0.195516163114E+02
    8.6000      0.178759040020E+02
    8.7000      0.240943978254E+02
    8.8000      0.279889242397E+02
    8.9000      0.297837663684E+02
    9.0000      0.234667937882E+02
    9.1000      0.169384129077E+02
    9.2000      0.155791089529E+02
    9.3000      0.191759370208E+02
    9.4000      0.246601751592E+02
    9.5000      0.243614007407E+02
    9.6000      0.200069881404E+02
    9.7000      0.140613519661E+02
    9.8000      0.125589822797E+02
    9.9000      0.143110094170E+02
   10.0000      0.170247760846E+02
   10.1000      0.174585642914E+02
   10.2000      0.149731686564E+02
   10.3000      0.129098885171E+02
   10.4000      0.110063347510E+02
   10.5000      0.112206695322E+02
   10.6000      0.114224889327E+02
   10.7000      0.118769060473E+02
   10.8000      0.126312591174E+02
   10.9000      0.125878716164E+02
   11.0000      0.120637495106E+02
   11.1000      0.104348532468E+02
   11.2000      0.922806886408E+01
   11.3000      0.960080890545E+01
   11.4000      0.113633535503E+02
   11.5000      0.129191444361E+02
   11.6000      0.129521752275E+02
   11.7000      0.110238881127E+02
   11.8000      0.929702552355E+01
   11.9000      0.897423771797E+01
   12.0000      0.101500085334E+02
   12.1000      0.117527020317E+02
   12.2000      0.117880790391E+02
   12.3000      0.109195546317E+02
   12.4000      0.948816275076E+01
   12.5000      0.885193206880E+01
   12.6000      0.903107034410E+01
   12.7000      0.936315756184E+01
   12.8000      0.976720298364E+01
   12.9000      0.985223569188E+01
   13.0000      0.996221715540E+01
   13.1000      0.979531558136E+01
   13.2000      0.930041502267E+01
   13.3000      0.871675354398E+01
   13.4000      0.863632222690E+01
   13.5000      0.933751099101E+01
   13.6000      0.104605019497E+02
   13.7000      0.109419938973E+02
   13.8000      0.103436191501E+02
   13.9000      0.902055843327E+01
   14.0000      0.805466109265E+01
   14.1000      0.825914897059E+01
   14.2000      0.908464505391E+01
   14.3000      0.975755693370E+01
   14.4000      0.918005713097E+01
   14.5000      0.783731161103E+01
   14.6000      0.646966068828E+01
   14.7000      0.591436619247E+01
   14.8000      0.620567369089E+01
   14.9000      0.649020186384E+01
   15.0000      0.639649708489E+01
   15.1000      0.566607997955E+01
   15.2000      0.502308244786E+01
   15.3000      0.466912108618E+01
   15.4000      0.480837984688E+01
   15.5000      0.493778057783E+01
   15.6000      0.500929366864E+01
   15.7000      0.506033859487E+01
   15.8000      0.525223098204E+01
   15.9000      0.583526813823E+01
   16.0000      0.608196876326E+01
   16.1000      0.625793661494E+01
   16.2000      0.589609015897E+01
   16.3000      0.584978664195E+01
   16.4000      0.634543282546E+01
   16.5000      0.709190415272E+01
   16.6000      0.794121271982E+01
   16.7000      0.773968489349E+01
   16.8000      0.712754807971E+01
   16.9000      0.632286175430E+01
   17.0000      0.618975177615E+01
   17.1000      0.690594689222E+01
   17.2000      0.757567630840E+01
   17.3000      0.772284954546E+01
   17.4000      0.688946550534E+01
   17.5000      0.570422732728E+01
   17.6000      0.505400726042E+01
   17.7000      0.519664920206E+01
   17.8000      0.576997646041E+01
   17.9000      0.611539492837E+01
   18.0000      0.551554097084E+01
   18.1000      0.465333179851E+01
   18.2000      0.382373308750E+01
   18.3000      0.368067830590E+01
   18.4000      0.415099463701E+01
   18.5000      0.430861292776E+01
   18.6000      0.440043221352E+01
   18.7000      0.380904571810E+01
   18.8000      0.351360400399E+01
   18.9000      0.351276883968E+01
   19.0000      0.366599854215E+01
   19.1000      0.412093091313E+01
   19.2000      0.406092042556E+01
   19.3000      0.423380342200E+01
   19.4000      0.429485223795E+01
   19.5000      0.454425581632E+01
   19.6000      0.491408228382E+01
   19.7000      0.495619569580E+01
   19.8000      0.514981645559E+01
   19.9000      0.524952344497E+01
   20.0000      0.562871619364E+01
   20.1000      0.607217397636E+01
   20.2000      0.621647900412E+01
   20.3000      0.618527666774E+01
   20.4000      0.592064917483E+01
   20.5000      0.589599685579E+01
   20.6000      0.619538393595E+01
   20.7000      0.648524581261E+01
   20.8000      0.660013986526E+01
   20.9000      0.616767277293E+01
   21.0000      0.558759876582E+01
   21.1000      0.523132755810E+01
   21.2000      0.522393888866E+01
   21.3000      0.555515847641E+01
   21.4000      0.554648723041E+01
   21.5000      0.517705801401E+01
   21.6000      0.445207296174E+01
   21.7000      0.385468707984E+01
   21.8000      0.376261746164E+01
   21.9000      0.394528909322E+01
   22.0000      0.421513831605E+01
   22.1000      0.406407158963E+01
   22.2000      0.363143687971E+01
   22.3000      0.316406880973E+01
   22.4000      0.296338943012E+01
   22.5000      0.314261963750E+01
   22.6000      0.340073553745E+01
   22.7000      0.355560577800E+01
   22.8000      0.347186702232E+01
   22.9000      0.330377146885E+01
   23.0000      0.322723750825E+01
   23.1000      0.328372860670E+01
   23.2000      0.339825679976E+01
   23.3000      0.346120544616E+01
   23.4000      0.345805396560E+01
   23.5000      0.347829052201E+01
   23.6000      0.355849294977E+01
   23.7000      0.364748942051E+01
   23.8000      0.362673472138E+01
   23.9000      0.345151403759E+01
   24.0000      0.322181952805E+01
   24.1000      0.312115383130E+01
   24.2000      0.321674329781E+01
   24.3000      0.341935585613E+01
   24.4000      0.350410015261E+01
   24.5000      0.330825946547E+01
   24.6000      0.294524776493E+01
   24.7000      0.258134588992E+01
   24.8000      0.252133521481E+01
   24.9000      0.269145627047E+01
   25.0000      0.294669795428E+01
   25.1000      0.301628305949E+01
   25.2000      0.277475345773E+01
   25.3000      0.244537302562E+01
   25.4000      0.216279805128E+01
   25.5000      0.221747105664E+01
   25.6000      0.242444893637E+01
   25.7000      0.267395981592E+01
   25.8000      0.271546020744E+01
   25.9000      0.255800927898E+01
   26.0000      0.236953727637E+01
   26.1000      0.226131261146E+01
   26.2000      0.238542127787E+01
   26.3000      0.251231068268E+01
   26.4000      0.266648911891E+01
   26.5000      0.260702218608E+01
   26.6000      0.256537470781E+01
   26.7000      0.250973995917E+01
   26.8000      0.254650843706E+01
   26.9000      0.265230371943E+01
   27.0000      0.259222550082E+01
   27.1000      0.258818885594E+01
   27.2000      0.240445296293E+01
   27.3000      0.246525754577E+01
   27.4000      0.252677274583E+01
   27.5000      0.264823747839E+01
   27.6000      0.268983764681E+01
   27.7000      0.245405572719E+01
   27.8000      0.231440382652E+01
   27.9000      0.210325831774E+01
   28.0000      0.225470998082E+01
   28.1000      0.243275964549E+01
   28.2000      0.259014863317E+01
   28.3000      0.256400295423E+01
   28.4000      0.226982605669E+01
   28.5000      0.207391812631E+01
   28.6000      0.196962444721E+01
   28.7000      0.217680890316E+01
   28.8000      0.242578913813E+01
   28.9000      0.256200174295E+01
   29.0000      0.246630522587E+01
   29.1000      0.223129101585E+01
   29.2000      0.204679157076E+01
   29.3000      0.209867789629E+01
   29.4000      0.228480652669E+01
   29.5000      0.250165946874E+01
   29.6000      0.255184298720E+01
   29.7000      0.238854670806E+01
   29.8000      0.226057809313E+01
   29.9000      0.212201764867E+01
   30.0000      0.227619690007E+01
   30.1000      0.236916176490E+01
   30.2000      0.246811764358E+01
   30.3000      0.240573903290E+01
   30.4000      0.221503406775E+01
   30.5000      0.218539685450E+01
   30.6000      0.211512133803E+01
   30.7000      0.228596135043E+01
   30.8000      0.227416243170E+01
   30.9000      0.225091107871E+01
   31.0000      0.211381023339E+01
   31.1000      0.196771045375E+01
   31.2000      0.200691807358E+01
   31.3000      0.201747002581E+01
   31.4000      0.214567411866E+01
   31.5000      0.207215396413E+01
   31.6000      0.198284824667E+01
   31.7000      0.183883421197E+01
   31.8000      0.178482322730E+01
   31.9000      0.185638676203E+01
   32.0000      0.192937719124E+01
   32.1000      0.198978206328E+01
   32.2000      0.190268525772E+01
   32.3000      0.180127131987E+01
   32.4000      0.169634299667E+01
   32.5000      0.171952812885E+01
   32.6000      0.178682737376E+01
   32.7000      0.187283574576E+01
   32.8000      0.186696135676E+01
   32.9000      0.178902800193E+01
   33.0000      0.169913123970E+01
   33.1000      0.164085607428E+01
   33.2000      0.168685988210E+01
   33.3000      0.172798228864E+01
   33.4000      0.177969850181E+01
   33.5000      0.173377547415E+01
   33.6000      0.166918226050E+01
   33.7000      0.159953363226E+01
   33.8000      0.157352216951E+01
   33.9000      0.159960580242E+01
   34.0000      0.161490501826E+01
   34.1000      0.161908216835E+01
   34.2000      0.157403639289E+01
   34.3000      0.152581678753E+01
   34.4000      0.148844105050E+01
   34.5000      0.147763473190E+01
   34.6000      0.147949417336E+01
   34.7000      0.148032232419E+01
   34.8000      0.145951653371E+01
   34.9000      0.144708180580E+01
   35.0000      0.142285242404E+01
   35.1000      0.142874925997E+01
   35.2000      0.142121710857E+01
   35.3000      0.142067261306E+01
   35.4000      0.141292785233E+01
   35.5000      0.140201851694E+01
   35.6000      0.142445395501E+01
   35.7000      0.143053913435E+01
   35.8000      0.147331928971E+01
   35.9000      0.146279106291E+01
   36.0000      0.147756505077E+01
   36.1000      0.145727048553E+01
   36.2000      0.147619358238E+01
   36.3000      0.150762693950E+01
   36.4000      0.154083705174E+01
   36.5000      0.159102842973E+01
   36.6000      0.157548037340E+01
   36.7000      0.159915736984E+01
   36.8000      0.156164526236E+01
   36.9000      0.160275364602E+01
   37.0000      0.161217433507E+01
   37.1000      0.165712226231E+01
   37.2000      0.167778664973E+01
   37.3000      0.165784446345E+01
   37.4000      0.166515699686E+01
   37.5000      0.161662698768E+01
   37.6000      0.165345174365E+01
   37.7000      0.163193595670E+01
   37.8000      0.166770260975E+01
   37.9000      0.164195456502E+01
   38.0000      0.161993691182E+01
   38.1000      0.159135305652E+01
   38.2000      0.155067969739E+01
   38.3000      0.156049033714E+01
   38.4000      0.153082183257E+01
   38.5000      0.154326317264E+01
   38.6000      0.149012712887E+01
   38.7000      0.146872499519E+01
   38.8000      0.141111965268E+01
   38.9000      0.139773826503E+01
   39.0000      0.137918607661E+01
   39.1000      0.137761243427E+01
   39.2000      0.136686566327E+01
   39.3000      0.132759313384E+01
   39.4000      0.130677409142E+01
   39.5000      0.124946873184E+01
   39.6000      0.126575668253E+01
   39.7000      0.123675264215E+01
   39.8000      0.128011278136E+01
   39.9000      0.125685301325E+01
   40.0000      0.126018181793E+01
   40.1000      0.123511879819E+01
   40.2000      0.120437669642E+01
   40.3000      0.122971748061E+01
   40.4000      0.120963085130E+01
   40.5000      0.127782636153E+01
   40.6000      0.125352939749E+01
   40.7000      0.129119453174E+01
   40.8000      0.125621816273E+01
   40.9000      0.125341662875E+01
   41.0000      0.125976178679E+01
   41.1000      0.125446271201E+01
   41.2000      0.130701178554E+01
   41.3000      0.128818316309E+01
   41.4000      0.132439885468E+01
   41.5000      0.128110258956E+01
   41.6000      0.128544879508E+01
   41.7000      0.126222263577E+01
   41.8000      0.126462705154E+01
   41.9000      0.127663105093E+01
   42.0000      0.126556088692E+01
   42.1000      0.127074571400E+01
   42.2000      0.123020654766E+01
   42.3000      0.122094191786E+01
   42.4000      0.118411530999E+01
   42.5000      0.118556123745E+01
   42.6000      0.116766518822E+01
   42.7000      0.116459838352E+01
   42.8000      0.113974779929E+01
   42.9000      0.111344436688E+01
   43.0000      0.108802879984E+01
   43.1000      0.106297041321E+01
   43.2000      0.106208144212E+01
   43.3000      0.104548864733E+01
   43.4000      0.104901664909E+01
   43.5000      0.101870006893E+01
   43.6000      0.100730063598E+01
   43.7000      0.979340830782E+00
   43.8000      0.975692674875E+00
   43.9000      0.977586948524E+00
   44.0000      0.981919732473E+00
   44.1000      0.989672395520E+00
   44.2000      0.974568198832E+00
   44.3000      0.968314566321E+00
   44.4000      0.950648883838E+00
   44.5000      0.956368915187E+00
   44.6000      0.965464464989E+00
   44.7000      0.983688007286E+00
   44.8000      0.994287416106E+00
   44.9000      0.992899350322E+00
   45.0000      0.983517721603E+00
   45.1000      0.974852291835E+00
   45.2000      0.974057379479E+00
   45.3000      0.987781298034E+00
   45.4000      0.100128836980E+01
   45.5000      0.101419479463E+01
   45.6000      0.101052841147E+01
   45.7000      0.999486164479E+00
   45.8000      0.987020823203E+00
   45.9000      0.978827520417E+00
   46.0000      0.987612046661E+00
   46.1000      0.991079804877E+00
   46.2000      0.100307325500E+01
   46.3000      0.988939196151E+00
   46.4000      0.981469425896E+00
   46.5000      0.955789820624E+00
   46.6000      0.951681513296E+00
   46.7000      0.946143983544E+00
   46.8000      0.952952232550E+00
   46.9000      0.956872242294E+00
   47.0000      0.943414697469E+00
   47.1000      0.937093649910E+00
   47.2000      0.904222226138E+00
   47.3000      0.908821672997E+00
   47.4000      0.889252385009E+00
   47.5000      0.912294648275E+00
   47.6000      0.903283287153E+00
   47.7000      0.909069143262E+00
   47.8000      0.894080612914E+00
   47.9000      0.872008138499E+00
   48.0000      0.872952796340E+00
   48.1000      0.851972088818E+00
   48.2000      0.883578554886E+00
   48.3000      0.867493977837E+00
   48.4000      0.896024255986E+00
   48.5000      0.869046795731E+00
   48.6000      0.870610988896E+00
   48.7000      0.852098336044E+00
   48.8000      0.845163671070E+00
   48.9000      0.861252649944E+00
   49.0000      0.853131966323E+00
   49.1000      0.884794182336E+00
   49.2000      0.858620102042E+00
   49.3000      0.877118817907E+00
   49.4000      0.841726653049E+00
   49.5000      0.852342861333E+00
   49.6000      0.838086620383E+00
   49.7000      0.848165040008E+00
   49.8000      0.857304202509E+00
   49.9000      0.850791365286E+00
   50.0000      0.864156528645E+00
   50.1000      0.835247871157E+00
   50.2000      0.850162260343E+00
   50.3000      0.818564954502E+00
   50.4000      0.840079024723E+00
   50.5000      0.820658565057E+00
   50.6000      0.837852345771E+00
   50.7000      0.829154034908E+00
   50.8000      0.827933364461E+00
   50.9000      0.829457104450E+00
   51.0000      0.810390855645E+00
   51.1000      0.824831123483E+00
   51.2000      0.797190447558E+00
   51.3000      0.820481589258E+00
   51.4000      0.794226381737E+00
   51.5000      0.816537885503E+00
   51.6000      0.800195957139E+00
   51.7000      0.810387333741E+00
   51.8000      0.806501890068E+00
   51.9000      0.797014268466E+00
   52.0000      0.804650979755E+00
   52.1000      0.781320728038E+00
   52.2000      0.801634138467E+00
   52.3000      0.779738094277E+00
   52.4000      0.806661974764E+00
   52.5000      0.791763873879E+00
   52.6000      0.807086894818E+00
   52.7000      0.795869728186E+00
   52.8000      0.790747931341E+00
   52.9000      0.789554934851E+00
   53.0000      0.776756489623E+00
   53.1000      0.794060815471E+00
   53.2000      0.784004245000E+00
   53.3000      0.807625212371E+00
   53.4000      0.793987720353E+00
   53.5000      0.803980120943E+00
   53.6000      0.786897514090E+00
   53.7000      0.785261479943E+00
   53.8000      0.781004817160E+00
   53.9000      0.781256097360E+00
   54.0000      0.793973142203E+00
   54.1000      0.792597073008E+00
   54.2000      0.804375298994E+00
   54.3000      0.791500221696E+00
   54.4000      0.792709337369E+00
   54.5000      0.777898923569E+00
   54.6000      0.779551714383E+00
   54.7000      0.778216508504E+00
   54.8000      0.785216195094E+00
   54.9000      0.791703059147E+00
   55.0000      0.792333229418E+00
   55.1000      0.791903972014E+00
   55.2000      0.782542939925E+00
   55.3000      0.777537900536E+00
   55.4000      0.771560242827E+00
   55.5000      0.772892754057E+00
   55.6000      0.776686446596E+00
   55.7000      0.781355272446E+00
   55.8000      0.783969945312E+00
   55.9000      0.782175261616E+00
   56.0000      0.775995649066E+00
   56.1000      0.771112963639E+00
   56.2000      0.763457534320E+00
   56.3000      0.766104079901E+00
   56.4000      0.763470833567E+00
   56.5000      0.772128839988E+00
   56.6000      0.769466261140E+00
   56.7000      0.772918625552E+00
   56.8000      0.766191635992E+00
   56.9000      0.761242187105E+00
   57.0000      0.757536964174E+00
   57.1000      0.750760067172E+00
   57.2000      0.757176394790E+00
   57.3000      0.751131601403E+00
   57.4000      0.762604315965E+00
   57.5000      0.752939535437E+00
   57.6000      0.759563936844E+00
   57.7000      0.746830588215E+00
   57.8000      0.746997230431E+00
   57.9000      0.740252705261E+00
   58.0000      0.738083989582E+00
   58.1000      0.742694061217E+00
   58.2000      0.737268388947E+00
   58.3000      0.747409694312E+00
   58.4000      0.734542360531E+00
   58.5000      0.742504261597E+00
   58.6000      0.725553282964E+00
   58.7000      0.731057029715E+00
   58.8000      0.720037305470E+00
   58.9000      0.724563167184E+00
   59.0000      0.723624505744E+00
   59.1000      0.722649674236E+00
   59.2000      0.726806807913E+00
   59.3000      0.715817508263E+00
   59.4000      0.721094638065E+00
   59.5000      0.704726818649E+00
   59.6000      0.712653023405E+00
   59.7000      0.699835396035E+00
   59.8000      0.709483950226E+00
   59.9000      0.702606883026E+00
   60.0000      0.706976154215E+00
   60.1000      0.703081363037E+00
   60.2000      0.697856975605E+00
   60.3000      0.697347170450E+00
   60.4000      0.686710193107E+00
   60.5000      0.692647509326E+00
   60.6000      0.682306456148E+00
   60.7000      0.692449719912E+00
   60.8000      0.682780354643E+00
   60.9000      0.690036012177E+00
   61.0000      0.680265631240E+00
   61.1000      0.681277614407E+00
   61.2000      0.674917447406E+00
   61.3000      0.672191552431E+00
   61.4000      0.672991982584E+00
   61.5000      0.668429911821E+00
   61.6000      0.674375817296E+00
   61.7000      0.666653211377E+00
   61.8000      0.672641770592E+00
   61.9000      0.662096923623E+00
   62.0000      0.666218910268E+00
   62.1000      0.657155866325E+00
   62.2000      0.660348615489E+00
   62.3000      0.656277503580E+00
   62.4000      0.657768566170E+00
   62.5000      0.657771543010E+00
   62.6000      0.655173380013E+00
   62.7000      0.656813057209E+00
   62.8000      0.650234796522E+00
   62.9000      0.653172110058E+00
   63.0000      0.645810768660E+00
   63.1000      0.650453562786E+00
   63.2000      0.644841455976E+00
   63.3000      0.649560870118E+00
   63.4000      0.645671404917E+00
   63.5000      0.647815499255E+00
   63.6000      0.645195589902E+00
   63.7000      0.644059315233E+00
   63.8000      0.643571824833E+00
   63.9000      0.640608262508E+00
   64.0000      0.643016240646E+00
   64.1000      0.639538547368E+00
   64.2000      0.643717251908E+00
   64.3000      0.639891877017E+00
   64.4000      0.643627482808E+00
   64.5000      0.639721469628E+00
   64.6000      0.641787336408E+00
   64.7000      0.639068052815E+00
   64.8000      0.639731075145E+00
   64.9000      0.639417864719E+00
   65.0000      0.639210158271E+00
   65.1000      0.641013473099E+00
   65.2000      0.639893904329E+00
   65.3000      0.642238282077E+00
   65.4000      0.640240788435E+00
   65.5000      0.641911048305E+00
   65.6000      0.639983580677E+00
   65.7000      0.641063212869E+00
   65.8000      0.640451313917E+00
   65.9000      0.641493646456E+00
   66.0000      0.642228920896E+00
   66.1000      0.643141032219E+00
   66.2000      0.643849669481E+00
   66.3000      0.644297573230E+00
   66.4000      0.643890677872E+00
   66.5000      0.644427229743E+00
   66.6000      0.643364134897E+00
   66.7000      0.645007033406E+00
   66.8000      0.644341028628E+00
   66.9000      0.646811202601E+00
   67.0000      0.646721917480E+00
   67.1000      0.648181807563E+00
   67.2000      0.648464143043E+00
   67.3000      0.647575003628E+00
   67.4000      0.649013544759E+00
   67.5000      0.646352177086E+00
   67.6000      0.650078992265E+00
   67.7000      0.646892213964E+00
   67.8000      0.652259104768E+00
   67.9000      0.648923461233E+00
   68.0000      0.653403719129E+00
   68.1000      0.650269560473E+00
   68.2000      0.651923922175E+00
   68.3000      0.650731870766E+00
   68.4000      0.649598631068E+00
   68.5000      0.652270292847E+00
   68.6000      0.648933262065E+00
   68.7000      0.655034700596E+00
   68.8000      0.649431150549E+00
   68.9000      0.656273512962E+00
   69.0000      0.649102654680E+00
   69.1000      0.654388836490E+00
   69.2000      0.648432057232E+00
   69.3000      0.651392389574E+00
   69.4000      0.649664658237E+00
   69.5000      0.649576401517E+00
   69.6000      0.652493692520E+00
   69.7000      0.648128014350E+00
   69.8000      0.653742862257E+00
   69.9000      0.645415091915E+00
   70.0000      0.651900958766E+00
   70.1000      0.642698555558E+00
   70.2000      0.648979033079E+00
   70.3000      0.642507369963E+00
   70.4000      0.646735208801E+00
   70.5000      0.644279806158E+00
   70.6000      0.643917738949E+00
   70.7000      0.644797764723E+00
   70.8000      0.639184453541E+00
   70.9000      0.642826179635E+00
   71.0000      0.634367321459E+00
   71.1000      0.640269100214E+00
   71.2000      0.632150839441E+00
   71.3000      0.638235614520E+00
   71.4000      0.631938147605E+00
   71.5000      0.635012345807E+00
   71.6000      0.630844198120E+00
   71.7000      0.629363128951E+00
   71.8000      0.628081873814E+00
   71.9000      0.623298235423E+00
   72.0000      0.625475884595E+00
   72.1000      0.619420035516E+00
   72.2000      0.623638491920E+00
   72.3000      0.617206122556E+00
   72.4000      0.620568192268E+00
   72.5000      0.614275860211E+00
   72.6000      0.615007194327E+00
   72.7000      0.610289118692E+00
   72.8000      0.608779192347E+00
   72.9000      0.607030696788E+00
   73.0000      0.604192795148E+00
   73.1000      0.604912747662E+00
   73.2000      0.600823467338E+00
   73.3000      0.601956862574E+00
   73.4000      0.596745474303E+00
   73.5000      0.596875463317E+00
   73.6000      0.591852685629E+00
   73.7000      0.591102488801E+00
   73.8000      0.587832256213E+00
   73.9000      0.586590845109E+00
   74.0000      0.585158467410E+00
   74.1000      0.583061471717E+00
   74.2000      0.582165067906E+00
   74.3000      0.578909420853E+00
   74.4000      0.577572372351E+00
   74.5000      0.573959357705E+00
   74.6000      0.572357658048E+00
   74.7000      0.569662075727E+00
   74.8000      0.568193245073E+00
   74.9000      0.566697140112E+00
   75.0000      0.565065385035E+00
   75.1000      0.563876703264E+00
   75.2000      0.561608568513E+00
   75.3000      0.559926905206E+00
   75.4000      0.557340389812E+00
   75.5000      0.555332518018E+00
   75.6000      0.553345147775E+00
   75.7000      0.551579773174E+00
   75.8000      0.550565083308E+00
   75.9000      0.549054477596E+00
   76.0000      0.548362729302E+00
   76.1000      0.546627670918E+00
   76.2000      0.545438682953E+00
   76.3000      0.543388772998E+00
   76.4000      0.541737238927E+00
   76.5000      0.539973238096E+00
   76.6000      0.538594365125E+00
   76.7000      0.537599045474E+00
   76.8000      0.536874207078E+00
   76.9000      0.536217631430E+00
   77.0000      0.535716548155E+00
   77.1000      0.534512239523E+00
   77.2000      0.533745106882E+00
   77.3000      0.531873054514E+00
   77.4000      0.531071412874E+00
   77.5000      0.529481160477E+00
   77.6000      0.529125743363E+00
   77.7000      0.528712002247E+00
   77.8000      0.528444343030E+00
   77.9000      0.529044609997E+00
   78.0000      0.527747546614E+00
   78.1000      0.528676730380E+00
   78.2000      0.525913888211E+00
   78.3000      0.527116265669E+00
   78.4000      0.523957152898E+00
   78.5000      0.525836949385E+00
   78.6000      0.523782226709E+00
   78.7000      0.525859383203E+00
   78.8000      0.525354278683E+00
   78.9000      0.525977729115E+00
   79.0000      0.526624688320E+00
   79.1000      0.524596449979E+00
   79.2000      0.526497820626E+00
   79.3000      0.522486114297E+00
   79.4000      0.526296100720E+00
   79.5000      0.522028739924E+00
   79.6000      0.527363888766E+00
   79.7000      0.523850781689E+00
   79.8000      0.528571338922E+00
   79.9000      0.525979223191E+00
   80.0000      0.527837915444E+00
   80.1000      0.526881781207E+00
   80.2000      0.525485608543E+00
   80.3000      0.527648260921E+00
   80.4000      0.524133361100E+00
   80.5000      0.529856041431E+00
   80.6000      0.525104929251E+00
   80.7000      0.532520608594E+00
   80.8000      0.526815232252E+00
   80.9000      0.533112941386E+00
   81.0000      0.527563000222E+00
   81.1000      0.531253918559E+00
   81.2000      0.528257426240E+00
   81.3000      0.529375359250E+00
   81.4000      0.530745945224E+00
   81.5000      0.529278327348E+00
   81.6000      0.534413816021E+00
   81.7000      0.529875323807E+00
   81.8000      0.536523895838E+00
   81.9000      0.529476676850E+00
   82.0000      0.535920851069E+00
   82.1000      0.528844215642E+00
   82.2000      0.534452862007E+00
   82.3000      0.530125630349E+00
   82.4000      0.534027482778E+00
   82.5000      0.533350157841E+00
   82.6000      0.533945765786E+00
   82.7000      0.536008940788E+00
   82.8000      0.532535242605E+00
   82.9000      0.536409466279E+00
   83.0000      0.530293929753E+00
   83.1000      0.535685315846E+00
   83.2000      0.529504504955E+00
   83.3000      0.535572113003E+00
   83.4000      0.530919554451E+00
   83.5000      0.535616801873E+00
   83.6000      0.532654949412E+00
   83.7000      0.534121945878E+00
   83.8000      0.532902091104E+00
   83.9000      0.531140719614E+00
   84.0000      0.532230355874E+00
   84.1000      0.528743312559E+00
   84.2000      0.532136406905E+00
   84.3000      0.528174895843E+00
   84.4000      0.532388865888E+00
   84.5000      0.528291875381E+00
   84.6000      0.531345964311E+00
   84.7000      0.527500986137E+00
   84.8000      0.528584810004E+00
   84.9000      0.526040839485E+00
   85.0000      0.525668588957E+00
   85.1000      0.525209566658E+00
   85.2000      0.523951666594E+00
   85.3000      0.525035737100E+00
   85.4000      0.522863089645E+00
   85.5000      0.524116755864E+00
   85.6000      0.521131836691E+00
   85.7000      0.521745516300E+00
   85.8000      0.518818928776E+00
   85.9000      0.518937461338E+00
   86.0000      0.517034080543E+00
   86.1000      0.516876352119E+00
   86.2000      0.516021689879E+00
   86.3000      0.515300286142E+00
   86.4000      0.514725601410E+00
   86.5000      0.513213181277E+00
   86.6000      0.512416165132E+00
   86.7000      0.510580047256E+00
   86.8000      0.509744165783E+00
   86.9000      0.508311391110E+00
   87.0000      0.507655619808E+00
   87.1000      0.506727843378E+00
   87.2000      0.505993388225E+00
   87.3000      0.505046919335E+00
   87.4000      0.503938791741E+00
   87.5000      0.502656529144E+00
   87.6000      0.501427339239E+00
   87.7000      0.500078078601E+00
   87.8000      0.499221047583E+00
   87.9000      0.498114805441E+00
   88.0000      0.497603124698E+00
   88.1000      0.496615079813E+00
   88.2000      0.495880089534E+00
   88.3000      0.494822472049E+00
   88.4000      0.493512916794E+00
   88.5000      0.492672889611E+00
   88.6000      0.491041770774E+00
   88.7000      0.490892245446E+00
   88.8000      0.489300218755E+00
   88.9000      0.489730892981E+00
   89.0000      0.488167135552E+00
   89.1000      0.488416398754E+00
   89.2000      0.486852662020E+00
   89.3000      0.486292432881E+00
   89.4000      0.485253890136E+00
   89.5000      0.483894182081E+00
   89.6000      0.484169885039E+00
   89.7000      0.482232639877E+00
   89.8000      0.483953304921E+00
   89.9000      0.481353137450E+00
   90.0000      0.483715330840E+00
   90.1000      0.480416337079E+00
   90.2000      0.482447687409E+00
   90.3000      0.479196925115E+00
   90.4000      0.480452724653E+00
   90.5000      0.478624271024E+00
   90.6000      0.478895999488E+00
   90.7000      0.479395854939E+00
   90.8000      0.478116342469E+00
   90.9000      0.480710812875E+00
   91.0000      0.477267235591E+00
   91.1000      0.481135216168E+00
   91.2000      0.475873932858E+00
   91.3000      0.480440718702E+00
   91.4000      0.474916858698E+00
   91.5000      0.479720941709E+00
   91.6000      0.475656627196E+00
   91.7000      0.479608512508E+00
   91.8000      0.477813175977E+00
   91.9000      0.479284861184E+00
   92.0000      0.479805747620E+00
   92.1000      0.477835379488E+00
   92.2000      0.480789963038E+00
   92.3000      0.475958506583E+00
   92.4000      0.481548702799E+00
   92.5000      0.475390578228E+00
   92.6000      0.482951112115E+00
   92.7000      0.476731587639E+00
   92.8000      0.484309444770E+00
   92.9000      0.478771808353E+00
   93.0000      0.484164475835E+00
   93.1000      0.480289487574E+00
   93.2000      0.482442000830E+00
   93.3000      0.481688649535E+00
   93.4000      0.480820180718E+00
   93.5000      0.484086976361E+00
   93.6000      0.480684757056E+00
   93.7000      0.487232816410E+00
   93.8000      0.481548521147E+00
   93.9000      0.489392984752E+00
   94.0000      0.482139140511E+00
   94.1000      0.489495055694E+00
   94.2000      0.482485543168E+00
   94.3000      0.488498202397E+00
   94.4000      0.483915061022E+00
   94.5000      0.488043166792E+00
   94.6000      0.486963747422E+00
   94.7000      0.488325382020E+00
   94.8000      0.490272430520E+00
   94.9000      0.488192765896E+00
   95.0000      0.492129169303E+00
   95.1000      0.487204608334E+00
   95.2000      0.492509181693E+00
   95.3000      0.486576289251E+00
   95.4000      0.492776892478E+00
   95.5000      0.487609362498E+00
   95.6000      0.493581896313E+00
   95.7000      0.489865140092E+00
   95.8000      0.493999001679E+00
   95.9000      0.491690433353E+00
   96.0000      0.493067242360E+00
   96.1000      0.492324663898E+00
   96.2000      0.491412245878E+00
   96.3000      0.492625650850E+00
   96.4000      0.490584735984E+00
   96.5000      0.493518405754E+00
   96.6000      0.491069471096E+00
   96.7000      0.494506981458E+00
   96.8000      0.491773138598E+00
   96.9000      0.494369811882E+00
   97.0000      0.491620898653E+00
   97.1000      0.492954712310E+00
   97.2000      0.490933011645E+00
   97.3000      0.491471719947E+00
   97.4000      0.490713903821E+00
   97.5000      0.490909662895E+00
   97.6000      0.491028938925E+00
   97.7000      0.490843183121E+00
   97.8000      0.490843127073E+00
   97.9000      0.490218811918E+00
   98.0000      0.489481247099E+00
   98.1000      0.488865086648E+00
   98.2000      0.487570024624E+00
   98.3000      0.487581517726E+00
   98.4000      0.486173636135E+00
   98.5000      0.486826003083E+00
   98.6000      0.485427667218E+00
   98.7000      0.485982749422E+00
   98.8000      0.484561888978E+00
   98.9000      0.484221602708E+00
   99.0000      0.483117665321E+00
   99.1000      0.481645989625E+00
   99.2000      0.481537952022E+00
   99.3000      0.479119555006E+00
   99.4000      0.480369628979E+00
   99.5000      0.477126590829E+00
   99.6000      0.479346576147E+00
   99.7000      0.475316092082E+00
   99.8000      0.477685253784E+00
   99.9000      0.473253406859E+00
  100.0000      0.475105038959E+00
  100.1000      0.471158492019E+00
  100.2000      0.472108471388E+00
  100.3000      0.469558048592E+00
  100.4000      0.469223801798E+00
  100.5000      0.468438382650E+00
  100.6000      0.466385998994E+00
  100.7000      0.467166796236E+00
  100.8000      0.463301146150E+00
  100.9000      0.465260858249E+00
  101.0000      0.460135893935E+00
  101.1000      0.462873533624E+00
  101.2000      0.457451817707E+00
  101.3000      0.460363851920E+00
  101.4000      0.455489353777E+00
  101.5000      0.457686206925E+00
  101.6000      0.453866964258E+00
  101.7000      0.454526082757E+00
  101.8000      0.452112271496E+00
  101.9000      0.450933394111E+00
  102.0000      0.450218679975E+00
  102.1000      0.447459367609E+00
  102.2000      0.448437207627E+00
  102.3000      0.444563352877E+00
  102.4000      0.446683302732E+00
  102.5000      0.442141914816E+00
  102.6000      0.444496594319E+00
  102.7000      0.439836801100E+00
  102.8000      0.441642010062E+00
  102.9000      0.437629418063E+00
  103.0000      0.438475752801E+00
  103.1000      0.435834963332E+00
  103.2000      0.435536115361E+00
  103.3000      0.434520731066E+00
  103.4000      0.432936674980E+00
  103.5000      0.433229081104E+00
  103.6000      0.430403997187E+00
  103.7000      0.431447046363E+00
  103.8000      0.427857721091E+00
  103.9000      0.429190014867E+00
  104.0000      0.425661464246E+00
  104.1000      0.426903903738E+00
  104.2000      0.424166400403E+00
  104.3000      0.424847314563E+00
  104.4000      0.423190834268E+00
  104.5000      0.422819519345E+00
  104.6000      0.422175842139E+00
  104.7000      0.420581390183E+00
  104.8000      0.420817540125E+00
  104.9000      0.418339095859E+00
  105.0000      0.419332459504E+00
  105.1000      0.416591878006E+00
  105.2000      0.418039313048E+00
  105.3000      0.415544400618E+00
  105.4000      0.416872014398E+00
  105.5000      0.414878631500E+00
  105.6000      0.415490218195E+00
  105.7000      0.414171274962E+00
  105.8000      0.413801882717E+00
  105.9000      0.413374738440E+00
  106.0000      0.412162321103E+00
  106.1000      0.412742886131E+00
  106.2000      0.410988720026E+00
  106.3000      0.412368801654E+00
  106.4000      0.410318708248E+00
  106.5000      0.411995583229E+00
  106.6000      0.409868144793E+00
  106.7000      0.411332981862E+00
  106.8000      0.409444039587E+00
  106.9000      0.410422806061E+00
  107.0000      0.409140625402E+00
  107.1000      0.409581072056E+00
  107.2000      0.409112936535E+00
  107.3000      0.409039632357E+00
  107.4000      0.409296073177E+00
  107.5000      0.408761309238E+00
  107.6000      0.409447192712E+00
  107.7000      0.408600325581E+00
  107.8000      0.409412947564E+00
  107.9000      0.408523497218E+00
  108.0000      0.409260149552E+00
  108.1000      0.408604990965E+00
  108.2000      0.409150007365E+00
  108.3000      0.408866908130E+00
  108.4000      0.409173137548E+00
  108.5000      0.409217516034E+00
  108.6000      0.409340562428E+00
  108.7000      0.409543560194E+00
  108.8000      0.409659195822E+00
  108.9000      0.409792291109E+00
  109.0000      0.410133000090E+00
  109.1000      0.409949515234E+00
  109.2000      0.410709550134E+00
  109.3000      0.410015988877E+00
  109.4000      0.411304727823E+00
  109.5000      0.410064801355E+00
  109.6000      0.411890901977E+00
  109.7000      0.410267858880E+00
  109.8000      0.412485385857E+00
  109.9000      0.410768118027E+00
  110.0000      0.413016027533E+00
  110.1000      0.411520978586E+00
  110.2000      0.413281330410E+00
  110.3000      0.412347077695E+00
  110.4000      0.413146534059E+00
  110.5000      0.413172885845E+00
  110.6000      0.412761241073E+00
  110.7000      0.414128312514E+00
  110.8000      0.412471700776E+00
  110.9000      0.415314324435E+00
  111.0000      0.412474410068E+00
  111.1000      0.416520037936E+00
  111.2000      0.412641970567E+00
  111.3000      0.417307676100E+00
  111.4000      0.412775711266E+00
  111.5000      0.417435130535E+00
  111.6000      0.412974879275E+00
  111.7000      0.417109025140E+00
  111.8000      0.413609070762E+00
  111.9000      0.416721230179E+00
  112.0000      0.414863830990E+00
  112.1000      0.416370795054E+00
  112.2000      0.416412019940E+00
  112.3000      0.415783830914E+00
  112.4000      0.417667711150E+00
  112.5000      0.414767324934E+00
  112.6000      0.418363785797E+00
  112.7000      0.413630124940E+00
  112.8000      0.418749550533E+00
  112.9000      0.412989225098E+00
  113.0000      0.419145045969E+00
  113.1000      0.413135706226E+00
  113.2000      0.419409000867E+00
  113.3000      0.413728097168E+00
  113.4000      0.419025018759E+00
  113.5000      0.414215648147E+00
  113.6000      0.417742981601E+00
  113.7000      0.414483936760E+00
  113.8000      0.415980745836E+00
  113.9000      0.414916262687E+00
  114.0000      0.414451808488E+00
  114.1000      0.415787985807E+00
  114.2000      0.413441505158E+00
  114.3000      0.416758521258E+00
  114.4000      0.412604881787E+00
  114.5000      0.417122185117E+00
  114.6000      0.411525133290E+00
  114.7000      0.416543373146E+00
  114.8000      0.410334672083E+00
  114.9000      0.415394037145E+00
  115.0000      0.409620604648E+00
  115.1000      0.414283575386E+00
  115.2000      0.409714209892E+00
  115.3000      0.413347998396E+00
  115.4000      0.410228581040E+00
  115.5000      0.412156952762E+00
  115.6000      0.410423356917E+00
  115.7000      0.410344307969E+00
  115.8000      0.409977296952E+00
  115.9000      0.408181366784E+00
  116.0000      0.409251522511E+00
  116.1000      0.406375340208E+00
  116.2000      0.408743119912E+00
  116.3000      0.405319320075E+00
  116.4000      0.408410093942E+00
  116.5000      0.404690043936E+00
  116.6000      0.407692247058E+00
  116.7000      0.403867271433E+00
  116.8000      0.406192727422E+00
  116.9000      0.402660612169E+00
  117.0000      0.404187406503E+00
  117.1000      0.401480978637E+00
  117.2000      0.402353551537E+00
  117.3000      0.400780244479E+00
  117.4000      0.401048435169E+00
  117.5000      0.400450304047E+00
  117.6000      0.399981949611E+00
  117.7000      0.399896511026E+00
  117.8000      0.398637218528E+00
  117.9000      0.398690480862E+00
  118.0000      0.396918092229E+00
  118.1000      0.397034867335E+00
  118.2000      0.395265728895E+00
  118.3000      0.395508952065E+00
  118.4000      0.394129039946E+00
  118.5000      0.394408629989E+00
  118.6000      0.393424497573E+00
  118.7000      0.393452147036E+00
  118.8000      0.392614609590E+00
  118.9000      0.392170559814E+00
  119.0000      0.391302389115E+00
  119.1000      0.390495492241E+00
  119.2000      0.389649283925E+00
  119.3000      0.388852918893E+00
  119.4000      0.388152896290E+00
  119.5000      0.387678168948E+00
  119.6000      0.387070345129E+00
  119.7000      0.386932217771E+00
  119.8000      0.386157004257E+00
  119.9000      0.386159726083E+00
  120.0000      0.384992895182E+00
  120.1000      0.384991905595E+00
  120.2000      0.383491719627E+00
  120.3000      0.383519980147E+00
  120.4000      0.382009708303E+00
  120.5000      0.382146590887E+00
  120.6000      0.380953125384E+00
  120.7000      0.381111101951E+00
  120.8000      0.380341818274E+00
  120.9000      0.380228426492E+00
  121.0000      0.379804708062E+00
  121.1000      0.379123630872E+00
  121.2000      0.378985843049E+00
  121.3000      0.377681536489E+00
  121.4000      0.377901761388E+00
  121.5000      0.376197377518E+00
  121.6000      0.376872049330E+00
  121.7000      0.375072526453E+00
  121.8000      0.376124180899E+00
  121.9000      0.374413262859E+00
  122.0000      0.375522650628E+00
  122.1000      0.373965116648E+00
  122.2000      0.374718538908E+00
  122.3000      0.373417445533E+00
  122.4000      0.373538334210E+00
  122.5000      0.372729858123E+00
  122.6000      0.372174988079E+00
  122.7000      0.372142472649E+00
  122.8000      0.370989900727E+00
  122.9000      0.371872946108E+00
  123.0000      0.370164822524E+00
  123.1000      0.371832479635E+00
  123.2000      0.369568443250E+00
  123.3000      0.371678486816E+00
  123.4000      0.368950210444E+00
  123.5000      0.371147285522E+00
  123.6000      0.368248012993E+00
  123.7000      0.370294748280E+00
  123.8000      0.367683083784E+00
  123.9000      0.369400457051E+00
  124.0000      0.367524889298E+00
  124.1000      0.368669602140E+00
  124.2000      0.367781710454E+00
  124.3000      0.368044428435E+00
  124.4000      0.368172699523E+00
  124.5000      0.367305883785E+00
  124.6000      0.368396391846E+00
  124.7000      0.366364192689E+00
  124.8000      0.368385599779E+00
  124.9000      0.365418432335E+00
  125.0000      0.368309620302E+00
  125.1000      0.364786872156E+00
  125.2000      0.368345623830E+00
  125.3000      0.364605781530E+00
  125.4000      0.368439438703E+00
  125.5000      0.364731870878E+00
  125.6000      0.368326572267E+00
  125.7000      0.364912210234E+00
  125.8000      0.367823082522E+00
  125.9000      0.365038165595E+00
  126.0000      0.367038328488E+00
  126.1000      0.365247016089E+00
  126.2000      0.366268799775E+00
  126.3000      0.365733715792E+00
  126.4000      0.365731309410E+00
  126.5000      0.366466889661E+00
  126.6000      0.365395841354E+00
  126.7000      0.367173052203E+00
  126.8000      0.365063067911E+00
  126.9000      0.367587990859E+00
  127.0000      0.364640204377E+00
  127.1000      0.367673153108E+00
  127.2000      0.364290240663E+00
  127.3000      0.367623443552E+00
  127.4000      0.364253664346E+00
  127.5000      0.367649378110E+00
  127.6000      0.364597331852E+00
  127.7000      0.367727611279E+00
  127.8000      0.365149137935E+00
  127.9000      0.367653079935E+00
  128.0000      0.365634320295E+00
  128.1000      0.367317285271E+00
  128.2000      0.365937542599E+00
  128.3000      0.366841546977E+00
  128.4000      0.366201886302E+00
  128.5000      0.366490475342E+00
  128.6000      0.366597211780E+00
  128.7000      0.366446753562E+00
  128.8000      0.367095183347E+00
  128.9000      0.366623151923E+00
  129.0000      0.367489984244E+00
  129.1000      0.366791887378E+00
  129.2000      0.367582816310E+00
  129.3000      0.366856213155E+00
  129.4000      0.367407048279E+00
  129.5000      0.366913117431E+00
  129.6000      0.367205880722E+00
  129.7000      0.367137338335E+00
  129.8000      0.367158237242E+00
  129.9000      0.367560919625E+00
  130.0000      0.367251266266E+00
  130.1000      0.367972500453E+00
  130.2000      0.367339893545E+00
  130.3000      0.368148432631E+00
  130.4000      0.367314529638E+00
  130.5000      0.368053154097E+00
  130.6000      0.367289598012E+00
  130.7000      0.367818245587E+00
  130.8000      0.367480446656E+00
  130.9000      0.367622326986E+00
  131.0000      0.367953686388E+00
  131.1000      0.367475173523E+00
  131.2000      0.368583888632E+00
  131.3000      0.367219029366E+00
  131.4000      0.369139287018E+00
  131.5000      0.366760220107E+00
  131.6000      0.369504339025E+00
  131.7000      0.366173459656E+00
  131.8000      0.369763518203E+00
  131.9000      0.365681741351E+00
  132.0000      0.370018916588E+00
  132.1000      0.365452076637E+00
  132.2000      0.370270129057E+00
  132.3000      0.365441442620E+00
  132.4000      0.370355314728E+00
  132.5000      0.365535638151E+00
  132.6000      0.370098558770E+00
  132.7000      0.365660693301E+00
  132.8000      0.369526480064E+00
  132.9000      0.365884807532E+00
  133.0000      0.368778826650E+00
  133.1000      0.366357483347E+00
  133.2000      0.368007263051E+00
  133.3000      0.367073013043E+00
  133.4000      0.367246980755E+00
  133.5000      0.367886466762E+00
  133.6000      0.366392800988E+00
  133.7000      0.368596675051E+00
  133.8000      0.365413142537E+00
  133.9000      0.369098097429E+00
  134.0000      0.364397198825E+00
  134.1000      0.369449862814E+00
  134.2000      0.363529395173E+00
  134.3000      0.369714620811E+00
  134.4000      0.362932664935E+00
  134.5000      0.369884726657E+00
  134.6000      0.362573364259E+00
  134.7000      0.369827259462E+00
  134.8000      0.362371830708E+00
  134.9000      0.369442692641E+00
  135.0000      0.362263567591E+00
  135.1000      0.368766193939E+00
  135.2000      0.362317983161E+00
  135.3000      0.367903431566E+00
  135.4000      0.362605584559E+00
  135.5000      0.366995804471E+00
  135.6000      0.363098865886E+00
  135.7000      0.366043599880E+00
  135.8000      0.363684753259E+00
  135.9000      0.365001383086E+00
  136.0000      0.364185410084E+00
  136.1000      0.363856950410E+00
  136.2000      0.364547420274E+00
  136.3000      0.362681754399E+00
  136.4000      0.364793875672E+00
  136.5000      0.361628929535E+00
  136.6000      0.364981110613E+00
  136.7000      0.360769306532E+00
  136.8000      0.365085527083E+00
  136.9000      0.360098522969E+00
  137.0000      0.365018537158E+00
  137.1000      0.359539549728E+00
  137.2000      0.364723036613E+00
  137.3000      0.359084973711E+00
  137.4000      0.364216489943E+00
  137.5000      0.358764884599E+00
  137.6000      0.363604000511E+00
  137.7000      0.358626380288E+00
  137.8000      0.362931891970E+00
  137.9000      0.358639420878E+00
  138.0000      0.362221827935E+00
  138.1000      0.358697084433E+00
  138.2000      0.361418323520E+00
  138.3000      0.358715991674E+00
  138.4000      0.360534573536E+00
  138.5000      0.358644837604E+00
  138.6000      0.359633536956E+00
  138.7000      0.358538231169E+00
  138.8000      0.358810016624E+00
  138.9000      0.358411968427E+00
  139.0000      0.358119282825E+00
  139.1000      0.358258086724E+00
  139.2000      0.357529564590E+00
  139.3000      0.358002685006E+00
  139.4000      0.357003833902E+00
  139.5000      0.357620761530E+00
  139.6000      0.356528101107E+00
  139.7000      0.357136335373E+00
  139.8000      0.356144716624E+00
  139.9000      0.356622817541E+00
  140.0000      0.355868308444E+00
  140.1000      0.356102805314E+00
  140.2000      0.355672419068E+00
  140.3000      0.355568133367E+00
  140.4000      0.355465832148E+00
  140.5000      0.354972681635E+00
  140.6000      0.355201234293E+00
  140.7000      0.354333972029E+00
  140.8000      0.354857567338E+00
  140.9000      0.353713184091E+00
  141.0000      0.354505422944E+00
  141.1000      0.353196706236E+00
  141.2000      0.354155628748E+00
  141.3000      0.352815307520E+00
  141.4000      0.353802848495E+00
  141.5000      0.352520570423E+00
  141.6000      0.353356304416E+00
  141.7000      0.352260335266E+00
  141.8000      0.352799274231E+00
  141.9000      0.352014960009E+00
  142.0000      0.352154054006E+00
  142.1000      0.351839354311E+00
  142.2000      0.351505520196E+00
  142.3000      0.351761658833E+00
  142.4000      0.350882875485E+00
  142.5000      0.351765165270E+00
  142.6000      0.350266206644E+00
  142.7000      0.351768707242E+00
  142.8000      0.349601244373E+00
  142.9000      0.351701348871E+00
  143.0000      0.348881074584E+00
  143.1000      0.351560420579E+00
  143.2000      0.348168596305E+00
  143.3000      0.351394267579E+00
  143.4000      0.347564513802E+00
  143.5000      0.351271608508E+00
  143.6000      0.347118275603E+00
  143.7000      0.351159237484E+00
  143.8000      0.346791100105E+00
  143.9000      0.350991594692E+00
  144.0000      0.346493840093E+00
  144.1000      0.350669041840E+00
  144.2000      0.346187968222E+00
  144.3000      0.350223221181E+00
  144.4000      0.345912862146E+00
  144.5000      0.349704108671E+00
  144.6000      0.345748169675E+00
  144.7000      0.349215262321E+00
  144.8000      0.345726884353E+00
  144.9000      0.348735420214E+00
  145.0000      0.345803501283E+00
  145.1000      0.348235483073E+00
  145.2000      0.345888935588E+00
  145.3000      0.347626519511E+00
  145.4000      0.345919006792E+00
  145.5000      0.346939713739E+00
  145.6000      0.345919022010E+00
  145.7000      0.346239067039E+00
  145.8000      0.345959369787E+00
  145.9000      0.345640901597E+00
  146.0000      0.346089777793E+00
  146.1000      0.345152424125E+00
  146.2000      0.346260582996E+00
  146.3000      0.344718724657E+00
  146.4000      0.346376371670E+00
  146.5000      0.344250640622E+00
  146.6000      0.346369825827E+00
  146.7000      0.343738879432E+00
  146.8000      0.346256473636E+00
  146.9000      0.343242991556E+00
  147.0000      0.346118008986E+00
  147.1000      0.342858987970E+00
  147.2000      0.346013874221E+00
  147.3000      0.342619239724E+00
  147.4000      0.345949376077E+00
  147.5000      0.342492294116E+00
  147.6000      0.345844042751E+00
  147.7000      0.342367368956E+00
  147.8000      0.345623563275E+00
  147.9000      0.342205338196E+00
  148.0000      0.345284279559E+00
  148.1000      0.342011329068E+00
  148.2000      0.344894467999E+00
  148.3000      0.341891846050E+00
  148.4000      0.344562101646E+00
  148.5000      0.341882649837E+00
  148.6000      0.344290946988E+00
  148.7000      0.341970952466E+00
  148.8000      0.344060965526E+00
  148.9000      0.342070965947E+00
  149.0000      0.343769402023E+00
  149.1000      0.342098501984E+00
  149.2000      0.343405581863E+00
  149.3000      0.342053630282E+00
  149.4000      0.342990776149E+00
  149.5000      0.341968980775E+00
  149.6000      0.342618098272E+00
  149.7000      0.341939291672E+00
  149.8000      0.342355970356E+00
  149.9000      0.341966849758E+00
  150.0000      0.342184552631E+00
  150.1000      0.342010015159E+00
  150.2000      0.342047401697E+00
  150.3000      0.341983646925E+00
  150.4000      0.341873525208E+00
  150.5000      0.341851978384E+00
  150.6000      0.341673662726E+00
  150.7000      0.341646999463E+00
  150.8000      0.341498604300E+00
  150.9000      0.341434292198E+00
  151.0000      0.341416956770E+00
  151.1000      0.341264554971E+00
  151.2000      0.341442387571E+00
  151.3000      0.341128917810E+00
  151.4000      0.341537229537E+00
  151.5000      0.340970273427E+00
  151.6000      0.341611555528E+00
  151.7000      0.340711402431E+00
  151.8000      0.341616960950E+00
  151.9000      0.340363794527E+00
  152.0000      0.341584673641E+00
  152.1000      0.339982035006E+00
  152.2000      0.341570623866E+00
  152.3000      0.339656770250E+00
  152.4000      0.341650625240E+00
  152.5000      0.339438774054E+00
  152.6000      0.341800979932E+00
  152.7000      0.339284105511E+00
  152.8000      0.341956983864E+00
  152.9000      0.339148348917E+00
  153.0000      0.342048400519E+00
  153.1000      0.338957703565E+00
  153.2000      0.342002333324E+00
  153.3000      0.338705963266E+00
  153.4000      0.341863771614E+00
  153.5000      0.338475819241E+00
  153.6000      0.341702631818E+00
  153.7000      0.338332052419E+00
  153.8000      0.341570456799E+00
  153.9000      0.338326844898E+00
  154.0000      0.341481614047E+00
  154.1000      0.338425474436E+00
  154.2000      0.341355435134E+00
  154.3000      0.338546525443E+00
  154.4000      0.341131154910E+00
  154.5000      0.338651872893E+00
  154.6000      0.340792343429E+00
  154.7000      0.338734767465E+00
  154.8000      0.340370337285E+00
  154.9000      0.338852143896E+00
  155.0000      0.339948698562E+00
  155.1000      0.339060540776E+00
  155.2000      0.339570703191E+00
  155.3000      0.339363287639E+00
  155.4000      0.339224585920E+00
  155.5000      0.339705109561E+00
  155.6000      0.338837196507E+00
  155.7000      0.339987791795E+00
  155.8000      0.338353304986E+00
  155.9000      0.340192555623E+00
  156.0000      0.337811027928E+00
  156.1000      0.340357132897E+00
  156.2000      0.337272681732E+00
  156.3000      0.340535872628E+00
  156.4000      0.336832451461E+00
  156.5000      0.340803464744E+00
  156.6000      0.336539056988E+00
  156.7000      0.341122884390E+00
  156.8000      0.336316274803E+00
  156.9000      0.341389025666E+00
  157.0000      0.336083854733E+00
  157.1000      0.341526697225E+00
  157.2000      0.335777634670E+00
  157.3000      0.341478439296E+00
  157.4000      0.335395449909E+00
  157.5000      0.341310330723E+00
  157.6000      0.335069955404E+00
  157.7000      0.341164240952E+00
  157.8000      0.334912207270E+00
  157.9000      0.341095594894E+00
  158.0000      0.334936311890E+00
  158.1000      0.341085639038E+00
  158.2000      0.335084174677E+00
  158.3000      0.341037673842E+00
  158.4000      0.335222963767E+00
  158.5000      0.340835662262E+00
  158.6000      0.335270955678E+00
  158.7000      0.340468695377E+00
  158.8000      0.335249454902E+00
  158.9000      0.339998580287E+00
  159.0000      0.335230556112E+00
  159.1000      0.339538423297E+00
  159.2000      0.335330295351E+00
  159.3000      0.339200239406E+00
  159.4000      0.335582873792E+00
  159.5000      0.338949288056E+00
  159.6000      0.335877275111E+00
  159.7000      0.338675584239E+00
  159.8000      0.336112930251E+00
  159.9000      0.338331822328E+00
  160.0000      0.336247552133E+00
  160.1000      0.337906435921E+00
  160.2000      0.336276293729E+00
  160.3000      0.337453872003E+00
  160.4000      0.336288979745E+00
  160.5000      0.337104957509E+00
  160.6000      0.336385092984E+00
  160.7000      0.336913969350E+00
  160.8000      0.336538736021E+00
  160.9000      0.336812041371E+00
  161.0000      0.336649661381E+00
  161.1000      0.336707078296E+00
  161.2000      0.336630232081E+00
  161.3000      0.336536452183E+00
  161.4000      0.336442570536E+00
  161.5000      0.336312418231E+00
  161.6000      0.336151181699E+00
  161.7000      0.336146806884E+00
  161.8000      0.335885414903E+00
  161.9000      0.336149915997E+00
  162.0000      0.335713645201E+00
  162.1000      0.336332207400E+00
  162.2000      0.335602772179E+00
  162.3000      0.336616249636E+00
  162.4000      0.335452523594E+00
  162.5000      0.336874752071E+00
  162.6000      0.335140167225E+00
  162.7000      0.337000233596E+00
  162.8000      0.334622526839E+00
  162.9000      0.337014768460E+00
  163.0000      0.334007620336E+00
  163.1000      0.337063127568E+00
  163.2000      0.333462319358E+00
  163.3000      0.337269611072E+00
  163.4000      0.333072439380E+00
  163.5000      0.337646391900E+00
  163.6000      0.332811488819E+00
  163.7000      0.338109027685E+00
  163.8000      0.332575897952E+00
  163.9000      0.338519610784E+00
  164.0000      0.332237134028E+00
  164.1000      0.338758616281E+00
  164.2000      0.331734213351E+00
  164.3000      0.338819640869E+00
  164.4000      0.331142393256E+00
  164.5000      0.338821839894E+00
  164.6000      0.330620857191E+00
  164.7000      0.338905470858E+00
  164.8000      0.330286091313E+00
  164.9000      0.339120211011E+00
  165.0000      0.330137251483E+00
  165.1000      0.339400666720E+00
  165.2000      0.330074841315E+00
  165.3000      0.339617974458E+00
  165.4000      0.329972714369E+00
  165.5000      0.339661350425E+00
  165.6000      0.329761698052E+00
  165.7000      0.339512628225E+00
  165.8000      0.329483290676E+00
  165.9000      0.339264700974E+00
  166.0000      0.329265083669E+00
  166.1000      0.339052373945E+00
  166.2000      0.329221168339E+00
  166.3000      0.338943379446E+00
  166.4000      0.329360057903E+00
  166.5000      0.338887330159E+00
  166.6000      0.329583101416E+00
  166.7000      0.338765334414E+00
  166.8000      0.329767292046E+00
  166.9000      0.338486675521E+00
  167.0000      0.329854110480E+00
  167.1000      0.338051328429E+00
  167.2000      0.329881221752E+00
  167.3000      0.337545655104E+00
  167.4000      0.329950758720E+00
  167.5000      0.337086760526E+00
  167.6000      0.330158722261E+00
  167.7000      0.336745591886E+00
  167.8000      0.330521107253E+00
  167.9000      0.336491591253E+00
  168.0000      0.330948143750E+00
  168.1000      0.336209239607E+00
  168.2000      0.331302699026E+00
  168.3000      0.335789883097E+00
  168.4000      0.331505431930E+00
  168.5000      0.335223837109E+00
  168.6000      0.331593437149E+00
  168.7000      0.334609935108E+00
  168.8000      0.331684318339E+00
  168.9000      0.334083394116E+00
  169.0000      0.331888336916E+00
  169.1000      0.333728950024E+00
  169.2000      0.332235438878E+00
  169.3000      0.333530450684E+00
  169.4000      0.332649550255E+00
  169.5000      0.333375685832E+00
  169.6000      0.332984947261E+00
  169.7000      0.333126181126E+00
  169.8000      0.333121885679E+00
  169.9000      0.332722480087E+00
  170.0000      0.333059298546E+00
  170.1000      0.332238555726E+00
  170.2000      0.332917243344E+00
  170.3000      0.331828766989E+00
  170.4000      0.332844349696E+00
  170.5000      0.331618676460E+00
  170.6000      0.332917310794E+00
  170.7000      0.331631474138E+00
  170.8000      0.333099997547E+00
  170.9000      0.331780141683E+00
  171.0000      0.333262457085E+00
  171.1000      0.331912341747E+00
  171.2000      0.333250109135E+00
  171.3000      0.331901806796E+00
  171.4000      0.332988103352E+00
  171.5000      0.331745376456E+00
  171.6000      0.332547667550E+00
  171.7000      0.331575634417E+00
  171.8000      0.332097843690E+00
  171.9000      0.331561325769E+00
  172.0000      0.331780232033E+00
  172.1000      0.331789158290E+00
  172.2000      0.331622336307E+00
  172.3000      0.332221987017E+00
  172.4000      0.331536558239E+00
  172.5000      0.332728713710E+00
  172.6000      0.331370756414E+00
  172.7000      0.333150571907E+00
  172.8000      0.330991078290E+00
  172.9000      0.333396367031E+00
  173.0000      0.330378879784E+00
  173.1000      0.333518250762E+00
  173.2000      0.329660282859E+00
  173.3000      0.333679519078E+00
  173.4000      0.329013224055E+00
  173.5000      0.334026420398E+00
  173.6000      0.328537721852E+00
  173.7000      0.334592494967E+00
  173.8000      0.328211272095E+00
  173.9000      0.335302545080E+00
  174.0000      0.327925587183E+00
  174.1000      0.336020831335E+00
  174.2000      0.327539396213E+00
  174.3000      0.336608112767E+00
  174.4000      0.326949915321E+00
  174.5000      0.337007518000E+00
  174.6000      0.326178916690E+00
  174.7000      0.337305520932E+00
  174.8000      0.325376699559E+00
  174.9000      0.337670205393E+00
  175.0000      0.324702373399E+00
  175.1000      0.338212868506E+00
  175.2000      0.324207953070E+00
  175.3000      0.338926163641E+00
  175.4000      0.323838851841E+00
  175.5000      0.339724008136E+00
  175.6000      0.323489294910E+00
  175.7000      0.340484882667E+00
  175.8000      0.323037023661E+00
  175.9000      0.341090032938E+00
  176.0000      0.322403416288E+00
  176.1000      0.341509911363E+00
  176.2000      0.321638898111E+00
  176.3000      0.341857819861E+00
  176.4000      0.320902985262E+00
  176.5000      0.342296776354E+00
  176.6000      0.320319866464E+00
  176.7000      0.342898360900E+00
  176.8000      0.319892025987E+00
  176.9000      0.343629697737E+00
  177.0000      0.319553898514E+00
  177.1000      0.344422027897E+00
  177.2000      0.319222531801E+00
  177.3000      0.345178789517E+00
  177.4000      0.318785953939E+00
  177.5000      0.345785268470E+00
  177.6000      0.318160910897E+00
  177.7000      0.346223504084E+00
  177.8000      0.317408321219E+00
  177.9000      0.346641127827E+00
  178.0000      0.316693013081E+00
  178.1000      0.347215102716E+00
  178.2000      0.316096729824E+00
  178.3000      0.347999466536E+00
  178.4000      0.315567512897E+00
  178.5000      0.348984453493E+00
  178.6000      0.315042007968E+00
  178.7000      0.350198139539E+00
  178.8000      0.314450774030E+00
  178.9000      0.351632394447E+00
  179.0000      0.313584623155E+00
  179.1000      0.353223764824E+00
  179.2000      0.312150450839E+00
  179.3000      0.355167284732E+00
  179.4000      0.309970439867E+00
  179.5000      0.358354279589E+00
  179.6000      0.306711246872E+00
  179.7000      0.365188416613E+00
  179.8000      0.300252789647E+00
  179.9000      0.389588196314E+00
  180.0000      0.281432103268E+00
