 # E =    1.4998510039731114       eV =    12098.000000000000       1/cm
 #  1801
# DFFCSO.  ACCUM LEV(I),J(I) =  1  0 LEV(F),J(F) =  1  0       , M =  0, WEIGHTED BY  1.00000
   0.10000  0.395409253829E+07
   0.20000  0.106347051388E+07
   0.30000  0.307058427375E+06
   0.40000  0.321837037437E+05
   0.50000  0.315179951096E+05
   0.60000  0.477523979819E+05
   0.70000  0.161422949398E+05
   0.80000  0.520012579834E+03
   0.90000  0.871205675932E+04
   1.00000  0.642442123030E+04
   1.10000  0.327903835143E+04
   1.20000  0.324449160734E+04
   1.30000  0.297134338946E+04
   1.40000  0.192987046640E+04
   1.50000  0.346434353808E+04
   1.60000  0.398056708959E+04
   1.70000  0.279683642702E+04
   1.80000  0.196869107432E+04
   1.90000  0.252202288618E+04
   2.00000  0.284879193488E+04
   2.10000  0.225908638769E+04
   2.20000  0.191046839478E+04
   2.30000  0.171770582695E+04
   2.40000  0.167647799086E+04
   2.50000  0.129455018737E+04
   2.60000  0.107579535188E+04
   2.70000  0.924901789549E+03
   2.80000  0.758368036610E+03
   2.90000  0.559685482754E+03
   3.00000  0.356588953461E+03
   3.10000  0.368232381801E+03
   3.20000  0.396550466020E+03
   3.30000  0.389577957266E+03
   3.40000  0.275657837540E+03
   3.50000  0.160967154035E+03
   3.60000  0.141923816737E+03
   3.70000  0.155933955071E+03
   3.80000  0.227439127408E+03
   3.90000  0.283134832819E+03
   4.00000  0.303156924778E+03
   4.10000  0.266684663482E+03
   4.20000  0.189723042172E+03
   4.30000  0.183915216919E+03
   4.40000  0.202089352924E+03
   4.50000  0.247747334733E+03
   4.60000  0.268576046582E+03
   4.70000  0.251409458702E+03
   4.80000  0.212716132586E+03
   4.90000  0.148238325796E+03
   5.00000  0.140660919909E+03
   5.10000  0.154601103358E+03
   5.20000  0.165160020293E+03
   5.30000  0.151693863908E+03
   5.40000  0.113427117595E+03
   5.50000  0.839740856047E+02
   5.60000  0.540007568055E+02
   5.70000  0.529891618806E+02
   5.80000  0.695943148843E+02
   5.90000  0.785629863086E+02
   6.00000  0.755743670586E+02
   6.10000  0.551783816540E+02
   6.20000  0.352314276670E+02
   6.30000  0.178165216028E+02
   6.40000  0.120905480694E+02
   6.50000  0.235061355852E+02
   6.60000  0.360550460328E+02
   6.70000  0.446576002173E+02
   6.80000  0.422786024051E+02
   6.90000  0.318458696002E+02
   7.00000  0.191368140885E+02
   7.10000  0.763918152284E+01
   7.20000  0.815904351486E+01
   7.30000  0.147440498309E+02
   7.40000  0.220843937373E+02
   7.50000  0.266923834243E+02
   7.60000  0.249391209379E+02
   7.70000  0.206018825210E+02
   7.80000  0.125447940820E+02
   7.90000  0.888510041265E+01
   8.00000  0.102108429606E+02
   8.10000  0.107456327583E+02
   8.20000  0.130487009466E+02
   8.30000  0.135564930143E+02
   8.40000  0.137217213366E+02
   8.50000  0.126224024612E+02
   8.60000  0.114794836328E+02
   8.70000  0.141045625351E+02
   8.80000  0.132864888391E+02
   8.90000  0.119820993408E+02
   9.00000  0.112481832381E+02
   9.10000  0.874982216504E+01
   9.20000  0.809923662353E+01
   9.30000  0.818946409297E+01
   9.40000  0.121290462816E+02
   9.50000  0.157250021878E+02
   9.60000  0.163044359423E+02
   9.70000  0.180134936859E+02
   9.80000  0.156711429476E+02
   9.90000  0.120159870652E+02
  10.00000  0.967741881544E+01
  10.10000  0.879509938981E+01
  10.20000  0.107595618929E+02
  10.30000  0.117998692376E+02
  10.40000  0.151333033598E+02
  10.50000  0.178606805224E+02
  10.60000  0.171776969774E+02
  10.70000  0.174253629666E+02
  10.80000  0.163212023088E+02
  10.90000  0.149481488841E+02
  11.00000  0.130903198683E+02
  11.10000  0.115555600094E+02
  11.20000  0.121110583262E+02
  11.30000  0.113503348476E+02
  11.40000  0.127905937374E+02
  11.50000  0.158170177899E+02
  11.60000  0.174350087872E+02
  11.70000  0.188748369356E+02
  11.80000  0.182734419935E+02
  11.90000  0.166891569963E+02
  12.00000  0.133515930072E+02
  12.10000  0.981210583865E+01
  12.20000  0.941647631738E+01
  12.30000  0.941911313644E+01
  12.40000  0.112192281150E+02
  12.50000  0.142755398883E+02
  12.60000  0.159099445356E+02
  12.70000  0.162229204283E+02
  12.80000  0.141903959865E+02
  12.90000  0.121950835139E+02
  13.00000  0.994075171270E+01
  13.10000  0.765055736688E+01
  13.20000  0.817699218620E+01
  13.30000  0.885684531066E+01
  13.40000  0.959629605360E+01
  13.50000  0.105236461751E+02
  13.60000  0.106399935766E+02
  13.70000  0.106680891228E+02
  13.80000  0.951094342248E+01
  13.90000  0.929207038029E+01
  14.00000  0.945673308053E+01
  14.10000  0.830269805523E+01
  14.20000  0.823002248175E+01
  14.30000  0.776461034129E+01
  14.40000  0.690463574250E+01
  14.50000  0.658708616164E+01
  14.60000  0.658368980897E+01
  14.70000  0.771424665329E+01
  14.80000  0.804057012373E+01
  14.90000  0.858647445861E+01
  15.00000  0.933554961694E+01
  15.10000  0.811973770120E+01
  15.20000  0.708607755008E+01
  15.30000  0.606075394777E+01
  15.40000  0.496398808035E+01
  15.50000  0.454470150766E+01
  15.60000  0.441371737601E+01
  15.70000  0.535407270850E+01
  15.80000  0.573849203792E+01
  15.90000  0.589194488022E+01
  16.00000  0.659979837030E+01
  16.10000  0.619295762409E+01
  16.20000  0.569684388621E+01
  16.30000  0.519052230760E+01
  16.40000  0.437197013850E+01
  16.50000  0.362103117736E+01
  16.60000  0.270212381911E+01
  16.70000  0.261969156980E+01
  16.80000  0.279291976032E+01
  16.90000  0.314644871936E+01
  17.00000  0.431094419119E+01
  17.10000  0.508528677822E+01
  17.20000  0.536511756500E+01
  17.30000  0.502491801879E+01
  17.40000  0.397378095485E+01
  17.50000  0.267165994334E+01
  17.60000  0.127877328744E+01
  17.70000  0.755073136011E+00
  17.80000  0.110059898895E+01
  17.90000  0.197193935463E+01
  18.00000  0.336139617629E+01
  18.10000  0.445020786046E+01
  18.20000  0.485181421366E+01
  18.30000  0.435038123751E+01
  18.40000  0.317760078717E+01
  18.50000  0.187868231201E+01
  18.60000  0.655246960003E+00
  18.70000  0.166453946594E+00
  18.80000  0.472331604787E+00
  18.90000  0.126510098292E+01
  19.00000  0.230366165106E+01
  19.10000  0.308968389688E+01
  19.20000  0.352064684182E+01
  19.30000  0.325079991979E+01
  19.40000  0.246875560668E+01
  19.50000  0.169182027681E+01
  19.60000  0.778048210622E+00
  19.70000  0.196365495475E+00
  19.80000  0.115622125112E+00
  19.90000  0.357735614726E+00
  20.00000  0.916635022438E+00
  20.10000  0.144188645347E+01
  20.20000  0.204261139863E+01
  20.30000  0.231595227698E+01
  20.40000  0.206536182430E+01
  20.50000  0.182311646658E+01
  20.60000  0.122521534878E+01
  20.70000  0.533407115531E+00
  20.80000  0.175860519995E+00
  20.90000  0.665569909424E-04
  21.00000  0.180973634970E+00
  21.10000  0.477513510753E+00
  21.20000  0.953336426971E+00
  21.30000  0.138354221156E+01
  21.40000  0.133748449470E+01
  21.50000  0.128608312825E+01
  21.60000  0.101137130621E+01
  21.70000  0.510168980293E+00
  21.80000  0.240514437278E+00
  21.90000  0.706091258844E-01
  22.00000  0.942931737823E-01
  22.10000  0.186880759207E+00
  22.20000  0.332085851351E+00
  22.30000  0.518948611021E+00
  22.40000  0.435814867487E+00
  22.50000  0.358863391805E+00
  22.60000  0.281104016127E+00
  22.70000  0.978091367373E-01
  22.80000  0.302249102731E-01
  22.90000  0.788929301137E-02
  23.00000  0.286735303568E-01
  23.10000  0.435501433968E-01
  23.20000  0.404593118172E-01
  23.30000  0.660126454858E-01
  23.40000  0.395772362215E-01
  23.50000  0.356593258724E-01
  23.60000  0.553933650149E-01
  23.70000  0.763997025869E-01
  23.80000  0.946228293024E-01
  23.90000  0.798293508406E-01
  24.00000  0.593931713547E-01
  24.10000  0.251381384245E-01
  24.20000  0.236440822548E-01
  24.30000  0.386593736307E-01
  24.40000  0.122158931031E+00
  24.50000  0.269903590835E+00
  24.60000  0.336246255588E+00
  24.70000  0.418068833631E+00
  24.80000  0.442242185208E+00
  24.90000  0.338577466960E+00
  25.00000  0.240779045608E+00
  25.10000  0.137117378295E+00
  25.20000  0.107151783440E+00
  25.30000  0.122359871132E+00
  25.40000  0.211561427082E+00
  25.50000  0.419941357608E+00
  25.60000  0.506801903358E+00
  25.70000  0.574533906917E+00
  25.80000  0.625210224352E+00
  25.90000  0.485124961738E+00
  26.00000  0.347202325169E+00
  26.10000  0.218911622344E+00
  26.20000  0.104678054074E+00
  26.30000  0.728839512948E-01
  26.40000  0.918131551420E-01
  26.50000  0.232738613953E+00
  26.60000  0.334691848426E+00
  26.70000  0.397618339051E+00
  26.80000  0.514814649781E+00
  26.90000  0.465935544421E+00
  27.00000  0.368745649918E+00
  27.10000  0.307217319125E+00
  27.20000  0.162732778463E+00
  27.30000  0.701109725511E-01
  27.40000  0.312977667988E-01
  27.50000  0.526335207360E-01
  27.60000  0.126521926292E+00
  27.70000  0.184463448498E+00
  27.80000  0.326793221654E+00
  27.90000  0.395306188621E+00
  28.00000  0.368672521329E+00
  28.10000  0.396284346872E+00
  28.20000  0.305425672215E+00
  28.30000  0.177950509376E+00
  28.40000  0.116936790176E+00
  28.50000  0.411190850473E-01
  28.60000  0.260856793552E-01
  28.70000  0.432192448806E-01
  28.80000  0.121202302253E+00
  28.90000  0.221152975852E+00
  29.00000  0.244914678004E+00
  29.10000  0.321864426119E+00
  29.20000  0.336877839022E+00
  29.30000  0.251256005941E+00
  29.40000  0.226483675249E+00
  29.50000  0.152872238341E+00
  29.60000  0.608984094292E-01
  29.70000  0.316932108901E-01
  29.80000  0.600880941591E-02
  29.90000  0.149679837657E-01
  30.00000  0.313419816326E-01
  30.10000  0.777524698364E-01
  30.20000  0.149194863350E+00
  30.30000  0.165098734362E+00
  30.40000  0.223498116145E+00
  30.50000  0.273143066989E+00
  30.60000  0.234999211022E+00
  30.70000  0.241698831329E+00
  30.80000  0.215247614294E+00
  30.90000  0.125771487511E+00
  31.00000  0.948038730884E-01
  31.10000  0.604940951649E-01
  31.20000  0.466262833635E-01
  31.30000  0.867687276496E-01
  31.40000  0.159989199371E+00
  31.50000  0.282491724314E+00
  31.60000  0.356540236328E+00
  31.70000  0.440302785584E+00
  31.80000  0.512767493635E+00
  31.90000  0.440547396840E+00
  32.00000  0.389620940224E+00
  32.10000  0.323914703816E+00
  32.20000  0.188712680974E+00
  32.30000  0.145796879693E+00
  32.40000  0.142758900883E+00
  32.50000  0.186628849516E+00
  32.60000  0.270559270005E+00
  32.70000  0.361948656690E+00
  32.80000  0.481980527533E+00
  32.90000  0.486919230559E+00
  33.00000  0.458938849309E+00
  33.10000  0.430176464573E+00
  33.20000  0.281701920677E+00
  33.30000  0.173647666040E+00
  33.40000  0.109067732739E+00
  33.50000  0.475267570029E-01
  33.60000  0.553305924010E-01
  33.70000  0.892408997808E-01
  33.80000  0.161422642936E+00
  33.90000  0.202805494153E+00
  34.00000  0.209991160134E+00
  34.10000  0.234121992458E+00
  34.20000  0.182813164463E+00
  34.30000  0.123531913466E+00
  34.40000  0.945494135729E-01
  34.50000  0.451592753502E-01
  34.60000  0.232703681981E-01
  34.70000  0.164331478814E-01
  34.80000  0.175001400933E-01
  34.90000  0.189955166768E-01
  35.00000  0.970532247226E-02
  35.10000  0.157356481720E-01
  35.20000  0.204956969901E-01
  35.30000  0.377254610435E-01
  35.40000  0.754996401505E-01
  35.50000  0.123594981192E+00
  35.60000  0.176741426928E+00
  35.70000  0.207520651979E+00
  35.80000  0.219596462426E+00
  35.90000  0.200335604979E+00
  36.00000  0.149574961655E+00
  36.10000  0.901145225100E-01
  36.20000  0.378666731492E-01
  36.30000  0.251194238464E-01
  36.40000  0.382892806105E-01
  36.50000  0.959094800999E-01
  36.60000  0.198213056442E+00
  36.70000  0.275772026035E+00
  36.80000  0.344261540042E+00
  36.90000  0.383188948146E+00
  37.00000  0.351071915940E+00
  37.10000  0.288588389470E+00
  37.20000  0.202363768648E+00
  37.30000  0.115648919028E+00
  37.40000  0.521417106695E-01
  37.50000  0.229234669751E-01
  37.60000  0.553844484643E-01
  37.70000  0.103468632638E+00
  37.80000  0.166445869917E+00
  37.90000  0.252964667362E+00
  38.00000  0.287414028634E+00
  38.10000  0.294960416407E+00
  38.20000  0.291469865544E+00
  38.30000  0.229965939200E+00
  38.40000  0.163601945330E+00
  38.50000  0.106567577920E+00
  38.60000  0.459894061273E-01
  38.70000  0.149881816197E-01
  38.80000  0.668745847879E-02
  38.90000  0.365921633072E-01
  39.00000  0.812233279393E-01
  39.10000  0.126740894671E+00
  39.20000  0.213015633732E+00
  39.30000  0.257791147137E+00
  39.40000  0.271937021249E+00
  39.50000  0.304889259909E+00
  39.60000  0.260779164794E+00
  39.70000  0.195807428103E+00
  39.80000  0.149937928952E+00
  39.90000  0.782197736149E-01
  40.00000  0.427391640288E-01
  40.10000  0.422705445268E-01
  40.20000  0.959386517351E-01
  40.30000  0.183899620811E+00
  40.40000  0.259017362174E+00
  40.50000  0.384116440063E+00
  40.60000  0.447974622410E+00
  40.70000  0.431656021322E+00
  40.80000  0.432743083702E+00
  40.90000  0.343922342482E+00
  41.00000  0.225324495530E+00
  41.10000  0.157097114941E+00
  41.20000  0.972732123377E-01
  41.30000  0.102251855030E+00
  41.40000  0.152608458926E+00
  41.50000  0.265119592719E+00
  41.60000  0.399766386237E+00
  41.70000  0.467620622774E+00
  41.80000  0.553836399314E+00
  41.90000  0.562392395434E+00
  42.00000  0.459113495514E+00
  42.10000  0.382035543277E+00
  42.20000  0.259547266878E+00
  42.30000  0.135499550877E+00
  42.40000  0.918452648058E-01
  42.50000  0.935648668655E-01
  42.60000  0.166405347138E+00
  42.70000  0.260122960301E+00
  42.80000  0.386413540980E+00
  42.90000  0.510749746874E+00
  43.00000  0.530267664761E+00
  43.10000  0.539464697180E+00
  43.20000  0.491898609935E+00
  43.30000  0.346712150921E+00
  43.40000  0.239632352927E+00
  43.50000  0.136933251492E+00
  43.60000  0.542999503217E-01
  43.70000  0.507460372278E-01
  43.80000  0.952134234215E-01
  43.90000  0.193666452240E+00
  44.00000  0.289185833367E+00
  44.10000  0.384640781047E+00
  44.20000  0.469328073253E+00
  44.30000  0.456497733891E+00
  44.40000  0.420344700010E+00
  44.50000  0.358214385556E+00
  44.60000  0.230485148699E+00
  44.70000  0.136657274185E+00
  44.80000  0.697708428912E-01
  44.90000  0.238478355538E-01
  45.00000  0.382503347142E-01
  45.10000  0.883617367186E-01
  45.20000  0.168301975975E+00
  45.30000  0.245947584467E+00
  45.40000  0.309734278655E+00
  45.50000  0.359147726294E+00
  45.60000  0.349528499450E+00
  45.70000  0.310568300649E+00
  45.80000  0.256785437867E+00
  45.90000  0.168286388438E+00
  46.00000  0.946240973757E-01
  46.10000  0.487106516404E-01
  46.20000  0.196689565709E-01
  46.30000  0.374083638156E-01
  46.40000  0.928782688846E-01
  46.50000  0.161288303909E+00
  46.60000  0.245991520190E+00
  46.70000  0.321946239523E+00
  46.80000  0.363405182523E+00
  46.90000  0.374718906562E+00
  47.00000  0.345167309445E+00
  47.10000  0.280599634746E+00
  47.20000  0.199258294813E+00
  47.30000  0.119523761744E+00
  47.40000  0.716719250199E-01
  47.50000  0.502102816909E-01
  47.60000  0.801838002973E-01
  47.70000  0.167815095901E+00
  47.80000  0.252402119253E+00
  47.90000  0.355414028014E+00
  48.00000  0.450300522799E+00
  48.10000  0.470955147287E+00
  48.20000  0.461727435299E+00
  48.30000  0.408848655733E+00
  48.40000  0.308950493209E+00
  48.50000  0.214316931154E+00
  48.60000  0.135689541133E+00
  48.70000  0.109463175021E+00
  48.80000  0.120060235252E+00
  48.90000  0.175516604153E+00
  49.00000  0.290476177211E+00
  49.10000  0.370175512757E+00
  49.20000  0.438083495897E+00
  49.30000  0.493490141999E+00
  49.40000  0.454855468686E+00
  49.50000  0.390588132196E+00
  49.60000  0.311496393461E+00
  49.70000  0.206569975525E+00
  49.80000  0.133397467279E+00
  49.90000  0.922248566575E-01
  50.00000  0.105732687228E+00
  50.10000  0.145610195930E+00
  50.20000  0.196945405965E+00
  50.30000  0.284946573093E+00
  50.40000  0.321748896594E+00
  50.50000  0.325198630315E+00
  50.60000  0.329933593732E+00
  50.70000  0.266380977515E+00
  50.80000  0.193314208153E+00
  50.90000  0.137705738129E+00
  51.00000  0.721103116093E-01
  51.10000  0.372666048600E-01
  51.20000  0.268582049463E-01
  51.30000  0.425357679340E-01
  51.40000  0.711720808382E-01
  51.50000  0.934811569241E-01
  51.60000  0.136010693303E+00
  51.70000  0.152916983186E+00
  51.80000  0.146174141332E+00
  51.90000  0.155043785711E+00
  52.00000  0.130553718117E+00
  52.10000  0.959301734670E-01
  52.20000  0.800303938722E-01
  52.30000  0.471533971237E-01
  52.40000  0.229441401337E-01
  52.50000  0.172068214060E-01
  52.60000  0.146677792445E-01
  52.70000  0.277042240827E-01
  52.80000  0.506307353217E-01
  52.90000  0.833494696196E-01
  53.00000  0.117072470908E+00
  53.10000  0.139429822490E+00
  53.20000  0.161556045628E+00
  53.30000  0.162973511822E+00
  53.40000  0.142060977662E+00
  53.50000  0.125103017382E+00
  53.60000  0.931479424270E-01
  53.70000  0.605743227058E-01
  53.80000  0.568254730636E-01
  53.90000  0.574823377168E-01
  54.00000  0.753312076314E-01
  54.10000  0.120621177972E+00
  54.20000  0.159162693547E+00
  54.30000  0.195366542643E+00
  54.40000  0.224576323104E+00
  54.50000  0.226744792902E+00
  54.60000  0.210597579053E+00
  54.70000  0.176622059662E+00
  54.80000  0.136327131173E+00
  54.90000  0.969364410102E-01
  55.00000  0.618433126199E-01
  55.10000  0.566822650809E-01
  55.20000  0.634505011047E-01
  55.30000  0.783789082244E-01
  55.40000  0.121960940465E+00
  55.50000  0.152603375280E+00
  55.60000  0.170965081626E+00
  55.70000  0.194776456445E+00
  55.80000  0.186571006534E+00
  55.90000  0.163794904931E+00
  56.00000  0.142174670361E+00
  56.10000  0.105521996305E+00
  56.20000  0.745637343883E-01
  56.30000  0.522942496619E-01
  56.40000  0.428998521446E-01
  56.50000  0.472344677934E-01
  56.60000  0.538497347379E-01
  56.70000  0.835215603316E-01
  56.80000  0.109602978023E+00
  56.90000  0.120812127553E+00
  57.00000  0.150020437465E+00
  57.10000  0.154575055167E+00
  57.20000  0.139406295090E+00
  57.30000  0.139305122804E+00
  57.40000  0.116204096300E+00
  57.50000  0.912481992881E-01
  57.60000  0.850285048135E-01
  57.70000  0.787690674066E-01
  57.80000  0.887176114784E-01
  57.90000  0.108487366504E+00
  58.00000  0.142582759445E+00
  58.10000  0.181004533342E+00
  58.20000  0.199956953550E+00
  58.30000  0.229776549376E+00
  58.40000  0.238030675034E+00
  58.50000  0.212632198662E+00
  58.60000  0.204914300920E+00
  58.70000  0.177699816950E+00
  58.80000  0.141873764449E+00
  58.90000  0.141602800237E+00
  59.00000  0.142592616939E+00
  59.10000  0.158286787236E+00
  59.20000  0.196591047423E+00
  59.30000  0.234869109870E+00
  59.40000  0.272970165749E+00
  59.50000  0.291468366114E+00
  59.60000  0.300400978990E+00
  59.70000  0.291741608469E+00
  59.80000  0.249558188643E+00
  59.90000  0.219076275484E+00
  60.00000  0.185043336970E+00
  60.10000  0.142483494695E+00
  60.20000  0.139753332247E+00
  60.30000  0.145295259293E+00
  60.40000  0.154225038424E+00
  60.50000  0.191208223452E+00
  60.60000  0.218747721452E+00
  60.70000  0.234674929515E+00
  60.80000  0.246246906551E+00
  60.90000  0.236072992125E+00
  61.00000  0.212175201420E+00
  61.10000  0.176939598910E+00
  61.20000  0.139903328649E+00
  61.30000  0.108627252410E+00
  61.40000  0.774483023287E-01
  61.50000  0.686745837372E-01
  61.60000  0.734439615881E-01
  61.70000  0.759953729031E-01
  61.80000  0.102554912390E+00
  61.90000  0.127658840642E+00
  62.00000  0.136447678127E+00
  62.10000  0.159357654132E+00
  62.20000  0.164954557001E+00
  62.30000  0.150547354634E+00
  62.40000  0.146334606685E+00
  62.50000  0.125415077498E+00
  62.60000  0.977373520559E-01
  62.70000  0.822858965298E-01
  62.80000  0.655577743229E-01
  62.90000  0.594162364769E-01
  63.00000  0.621168504855E-01
  63.10000  0.787606190302E-01
  63.20000  0.107270255889E+00
  63.30000  0.126511117715E+00
  63.40000  0.161282269555E+00
  63.50000  0.189424122722E+00
  63.60000  0.188161194684E+00
  63.70000  0.199911410756E+00
  63.80000  0.192867672994E+00
  63.90000  0.161993668873E+00
  64.00000  0.153460127723E+00
  64.10000  0.138019890465E+00
  64.20000  0.125278673312E+00
  64.30000  0.139019411520E+00
  64.40000  0.158031578008E+00
  64.50000  0.187725808461E+00
  64.60000  0.218120726676E+00
  64.70000  0.247109267158E+00
  64.80000  0.269637351545E+00
  64.90000  0.261886309925E+00
  65.00000  0.253635750082E+00
  65.10000  0.234826777597E+00
  65.20000  0.190703579340E+00
  65.30000  0.171165660413E+00
  65.40000  0.157470940201E+00
  65.50000  0.142576298642E+00
  65.60000  0.164240900704E+00
  65.70000  0.191300851409E+00
  65.80000  0.216870091756E+00
  65.90000  0.252572530151E+00
  66.00000  0.272571686382E+00
  66.10000  0.276702388387E+00
  66.20000  0.263736229906E+00
  66.30000  0.235452518404E+00
  66.40000  0.200822976863E+00
  66.50000  0.154800713361E+00
  66.60000  0.122862271897E+00
  66.70000  0.106443095395E+00
  66.80000  0.909105170824E-01
  66.90000  0.105439224380E+00
  67.00000  0.131260726059E+00
  67.10000  0.146937748553E+00
  67.20000  0.178449841547E+00
  67.30000  0.197554828251E+00
  67.40000  0.192560349090E+00
  67.50000  0.189509013272E+00
  67.60000  0.168017366130E+00
  67.70000  0.133072858332E+00
  67.80000  0.104238041216E+00
  67.90000  0.739318780545E-01
  68.00000  0.521295234859E-01
  68.10000  0.395725901726E-01
  68.20000  0.402958220680E-01
  68.30000  0.552419315685E-01
  68.40000  0.662229153592E-01
  68.50000  0.908696017512E-01
  68.60000  0.117248400491E+00
  68.70000  0.121988094096E+00
  68.80000  0.136224575315E+00
  68.90000  0.139659494176E+00
  69.00000  0.118432106495E+00
  69.10000  0.108582922280E+00
  69.20000  0.892613178518E-01
  69.30000  0.607455122642E-01
  69.40000  0.493704395681E-01
  69.50000  0.403753305468E-01
  69.60000  0.401464782261E-01
  69.70000  0.531956390565E-01
  69.80000  0.744379758701E-01
  69.90000  0.104609850347E+00
  70.00000  0.127629861756E+00
  70.10000  0.152238073938E+00
  70.20000  0.171382678704E+00
  70.30000  0.164691602955E+00
  70.40000  0.158240703346E+00
  70.50000  0.143042429017E+00
  70.60000  0.108756689950E+00
  70.70000  0.907497909415E-01
  70.80000  0.778020669084E-01
  70.90000  0.665033836549E-01
  71.00000  0.824602152150E-01
  71.10000  0.107087928161E+00
  71.20000  0.134956103900E+00
  71.30000  0.172825143863E+00
  71.40000  0.201665018414E+00
  71.50000  0.217958863450E+00
  71.60000  0.219900625911E+00
  71.70000  0.205032914727E+00
  71.80000  0.179275538895E+00
  71.90000  0.141289602071E+00
  72.00000  0.108995235972E+00
  72.10000  0.882794371635E-01
  72.20000  0.711485040864E-01
  72.30000  0.820776053480E-01
  72.40000  0.109642591553E+00
  72.50000  0.134216820495E+00
  72.60000  0.177971077832E+00
  72.70000  0.213736887101E+00
  72.80000  0.224793531054E+00
  72.90000  0.235233736977E+00
  73.00000  0.221444132120E+00
  73.10000  0.185481158942E+00
  73.20000  0.150936070405E+00
  73.30000  0.109448275409E+00
  73.40000  0.743418816294E-01
  73.50000  0.520340977038E-01
  73.60000  0.467334735654E-01
  73.70000  0.619674988929E-01
  73.80000  0.788829303092E-01
  73.90000  0.113035777068E+00
  74.00000  0.150655458579E+00
  74.10000  0.163754790968E+00
  74.20000  0.182727005669E+00
  74.30000  0.186187160373E+00
  74.40000  0.159175180131E+00
  74.50000  0.139986616339E+00
  74.60000  0.109713275873E+00
  74.70000  0.702944362832E-01
  74.80000  0.480841008695E-01
  74.90000  0.304071897788E-01
  75.00000  0.236896826559E-01
  75.10000  0.288358083008E-01
  75.20000  0.433208363219E-01
  75.30000  0.674663622175E-01
  75.40000  0.832233105198E-01
  75.50000  0.102938810992E+00
  75.60000  0.120059124362E+00
  75.70000  0.114924481022E+00
  75.80000  0.112666945275E+00
  75.90000  0.103674404284E+00
  76.00000  0.776238051218E-01
  76.10000  0.617353900531E-01
  76.20000  0.458287211507E-01
  76.30000  0.275585793378E-01
  76.40000  0.249757560366E-01
  76.50000  0.278359859937E-01
  76.60000  0.351067804281E-01
  76.70000  0.523778056839E-01
  76.80000  0.704812558976E-01
  76.90000  0.872187643513E-01
  77.00000  0.101194695761E+00
  77.10000  0.108025934752E+00
  77.20000  0.107651354188E+00
  77.30000  0.984986156257E-01
  77.40000  0.847958840350E-01
  77.50000  0.698060460737E-01
  77.60000  0.516145723866E-01
  77.70000  0.425015960153E-01
  77.80000  0.420629307822E-01
  77.90000  0.426158102044E-01
  78.00000  0.606498691144E-01
  78.10000  0.838337552591E-01
  78.20000  0.993418908998E-01
  78.30000  0.126378100358E+00
  78.40000  0.142960198589E+00
  78.50000  0.141712705859E+00
  78.60000  0.144265487040E+00
  78.70000  0.130803752661E+00
  78.80000  0.106900143816E+00
  78.90000  0.895859286891E-01
  79.00000  0.703330717153E-01
  79.10000  0.594837211851E-01
  79.20000  0.574023633437E-01
  79.30000  0.685452178633E-01
  79.40000  0.923559055707E-01
  79.50000  0.110729441922E+00
  79.60000  0.141642499091E+00
  79.70000  0.168953650267E+00
  79.80000  0.171528760710E+00
  79.90000  0.180837735443E+00
  80.00000  0.174246356978E+00
  80.10000  0.144418032199E+00
  80.20000  0.126851479962E+00
  80.30000  0.101982069354E+00
  80.40000  0.757683634247E-01
  80.50000  0.693450102679E-01
  80.60000  0.696498067028E-01
  80.70000  0.822133735733E-01
  80.80000  0.103622420568E+00
  80.90000  0.131143871818E+00
  81.00000  0.161687818767E+00
  81.10000  0.177023358975E+00
  81.20000  0.190911649040E+00
  81.30000  0.194884241521E+00
  81.40000  0.173813406591E+00
  81.50000  0.156559628065E+00
  81.60000  0.133133816271E+00
  81.70000  0.981791186875E-01
  81.80000  0.820301161520E-01
  81.90000  0.712833561817E-01
  82.00000  0.642657417849E-01
  82.10000  0.787954166959E-01
  82.20000  0.977568980136E-01
  82.30000  0.118392301803E+00
  82.40000  0.144916305325E+00
  82.50000  0.163933187050E+00
  82.60000  0.174651405201E+00
  82.70000  0.176087316280E+00
  82.80000  0.167113761858E+00
  82.90000  0.151208711002E+00
  83.00000  0.126673622136E+00
  83.10000  0.104986676030E+00
  83.20000  0.878679078877E-01
  83.30000  0.698476060374E-01
  83.40000  0.686703622257E-01
  83.50000  0.756917402717E-01
  83.60000  0.803531212693E-01
  83.70000  0.102081156290E+00
  83.80000  0.121234028959E+00
  83.90000  0.128827549976E+00
  84.00000  0.145161343892E+00
  84.10000  0.148007620117E+00
  84.20000  0.137755096839E+00
  84.30000  0.132651153428E+00
  84.40000  0.117157827165E+00
  84.50000  0.995702804362E-01
  84.60000  0.886782525321E-01
  84.70000  0.798969646842E-01
  84.80000  0.790923358810E-01
  84.90000  0.808346205971E-01
  85.00000  0.923341543655E-01
  85.10000  0.108421281449E+00
  85.20000  0.114800694494E+00
  85.30000  0.130375803057E+00
  85.40000  0.139464295208E+00
  85.50000  0.130825924780E+00
  85.60000  0.131561542305E+00
  85.70000  0.121873712069E+00
  85.80000  0.100531369636E+00
  85.90000  0.934030880651E-01
  86.00000  0.819741917109E-01
  86.10000  0.714658053039E-01
  86.20000  0.759976552726E-01
  86.30000  0.816220355781E-01
  86.40000  0.922991487078E-01
  86.50000  0.107728035302E+00
  86.60000  0.122572050235E+00
  86.70000  0.136224145791E+00
  86.80000  0.140940579176E+00
  86.90000  0.143730024389E+00
  87.00000  0.140501373206E+00
  87.10000  0.124544246658E+00
  87.20000  0.113684664355E+00
  87.30000  0.100165169870E+00
  87.40000  0.806580063070E-01
  87.50000  0.763573799259E-01
  87.60000  0.734357195279E-01
  87.70000  0.700163009848E-01
  87.80000  0.834631708113E-01
  87.90000  0.943895861900E-01
  88.00000  0.102464438409E+00
  88.10000  0.119386060316E+00
  88.20000  0.126269591719E+00
  88.30000  0.126831804095E+00
  88.40000  0.128446274511E+00
  88.50000  0.120007191607E+00
  88.60000  0.108541478478E+00
  88.70000  0.968796256884E-01
  88.80000  0.847577476063E-01
  88.90000  0.761284592996E-01
  89.00000  0.679590231253E-01
  89.10000  0.694899988406E-01
  89.20000  0.746675210535E-01
  89.30000  0.766211215342E-01
  89.40000  0.914253596808E-01
  89.50000  0.101899546223E+00
  89.60000  0.103500028966E+00
  89.70000  0.116094153330E+00
  89.80000  0.116575698961E+00
  89.90000  0.107871692589E+00
  90.00000  0.109011324207E+00
  90.10000  0.980205424888E-01
  90.20000  0.843631957347E-01
  90.30000  0.806736855138E-01
  90.40000  0.712250832677E-01
  90.50000  0.658101769229E-01
  90.60000  0.676947620032E-01
  90.70000  0.700294095615E-01
  90.80000  0.766558273946E-01
  90.90000  0.836648049358E-01
  91.00000  0.940052838946E-01
  91.10000  0.103111351705E+00
  91.20000  0.105723391667E+00
  91.30000  0.113672214721E+00
  91.40000  0.114977160792E+00
  91.50000  0.108225298027E+00
  91.60000  0.110747336724E+00
  91.70000  0.105037672607E+00
  91.80000  0.951986172303E-01
  91.90000  0.988636861500E-01
  92.00000  0.947134664079E-01
  92.10000  0.910887019596E-01
  92.20000  0.101242173322E+00
  92.30000  0.102795262136E+00
  92.40000  0.106350252866E+00
  92.50000  0.118811598366E+00
  92.60000  0.121496629234E+00
  92.70000  0.125290473427E+00
  92.80000  0.131646828370E+00
  92.90000  0.130702295084E+00
  93.00000  0.130343423185E+00
  93.10000  0.128872178817E+00
  93.20000  0.127660240677E+00
  93.30000  0.126600522860E+00
  93.40000  0.123611197961E+00
  93.50000  0.129634619586E+00
  93.60000  0.132461169193E+00
  93.70000  0.133057652618E+00
  93.80000  0.147544705145E+00
  93.90000  0.151972111532E+00
  94.00000  0.153896122760E+00
  94.10000  0.169621944217E+00
  94.20000  0.169024420709E+00
  94.30000  0.167471913522E+00
  94.40000  0.177117886626E+00
  94.50000  0.169559232645E+00
  94.60000  0.164692249074E+00
  94.70000  0.167823457613E+00
  94.80000  0.158887269338E+00
  94.90000  0.155383188339E+00
  95.00000  0.156089864235E+00
  95.10000  0.152726273502E+00
  95.20000  0.153384972720E+00
  95.30000  0.154164500591E+00
  95.40000  0.158474878643E+00
  95.50000  0.161150437881E+00
  95.60000  0.161273636003E+00
  95.70000  0.170539874261E+00
  95.80000  0.170910346330E+00
  95.90000  0.168925090928E+00
  96.00000  0.178950102643E+00
  96.10000  0.174159907729E+00
  96.20000  0.169726268136E+00
  96.30000  0.177105884428E+00
  96.40000  0.167176203143E+00
  96.50000  0.161258029967E+00
  96.60000  0.164608908575E+00
  96.70000  0.152620797159E+00
  96.80000  0.147452866693E+00
  96.90000  0.148082700557E+00
  97.00000  0.139098763063E+00
  97.10000  0.137063787681E+00
  97.20000  0.137385118513E+00
  97.30000  0.134986791871E+00
  97.40000  0.135798192833E+00
  97.50000  0.136078223912E+00
  97.60000  0.139090086420E+00
  97.70000  0.138716925824E+00
  97.80000  0.136570830718E+00
  97.90000  0.140507716839E+00
  98.00000  0.134831876953E+00
  98.10000  0.129025845993E+00
  98.20000  0.131290699772E+00
  98.30000  0.120873462514E+00
  98.40000  0.114334726551E+00
  98.50000  0.116546813476E+00
  98.60000  0.106160308753E+00
  98.70000  0.103350651072E+00
  98.80000  0.107755330209E+00
  98.90000  0.100929425018E+00
  99.00000  0.102591298177E+00
  99.10000  0.107771579900E+00
  99.20000  0.103445039616E+00
  99.30000  0.105746617545E+00
  99.40000  0.107800920884E+00
  99.50000  0.103264203664E+00
  99.60000  0.102542142431E+00
  99.70000  0.100208119761E+00
  99.80000  0.959809873879E-01
  99.90000  0.928396133198E-01
 100.00000  0.895986523907E-01
 100.10000  0.894469845415E-01
 100.20000  0.870007877481E-01
 100.30000  0.871702292206E-01
 100.40000  0.930540437393E-01
 100.50000  0.918782613684E-01
 100.60000  0.955453145094E-01
 100.70000  0.104109070509E+00
 100.80000  0.100844372800E+00
 100.90000  0.104190314780E+00
 101.00000  0.109853604478E+00
 101.10000  0.101877476945E+00
 101.20000  0.102764193685E+00
 101.30000  0.104187137780E+00
 101.40000  0.945924896359E-01
 101.50000  0.961121356907E-01
 101.60000  0.977298179271E-01
 101.70000  0.932642134522E-01
 101.80000  0.996513866282E-01
 101.90000  0.105370242968E+00
 102.00000  0.108458482681E+00
 102.10000  0.117816731411E+00
 102.20000  0.124657856384E+00
 102.30000  0.129643373229E+00
 102.40000  0.133930197950E+00
 102.50000  0.135234569053E+00
 102.60000  0.135360441576E+00
 102.70000  0.129847985185E+00
 102.80000  0.125423051527E+00
 102.90000  0.122602045410E+00
 103.00000  0.113086101654E+00
 103.10000  0.112245552548E+00
 103.20000  0.115521970280E+00
 103.30000  0.111960043465E+00
 103.40000  0.122772465201E+00
 103.50000  0.135339524039E+00
 103.60000  0.138523169954E+00
 103.70000  0.156049244029E+00
 103.80000  0.168093999968E+00
 103.90000  0.167774994165E+00
 104.00000  0.178306342577E+00
 104.10000  0.177718995193E+00
 104.20000  0.166806810992E+00
 104.30000  0.164579556325E+00
 104.40000  0.153193414629E+00
 104.50000  0.139513602129E+00
 104.60000  0.133847971135E+00
 104.70000  0.126863589398E+00
 104.80000  0.124905178994E+00
 104.90000  0.127101151572E+00
 105.00000  0.134610267044E+00
 105.10000  0.146557731667E+00
 105.20000  0.153773654601E+00
 105.30000  0.168273441036E+00
 105.40000  0.179850184017E+00
 105.50000  0.178474245574E+00
 105.60000  0.185293715994E+00
 105.70000  0.183134000166E+00
 105.80000  0.167748032990E+00
 105.90000  0.164456818514E+00
 106.00000  0.152462112319E+00
 106.10000  0.134544622709E+00
 106.20000  0.133187258780E+00
 106.30000  0.126298974391E+00
 106.40000  0.120393162276E+00
 106.50000  0.130000456592E+00
 106.60000  0.134206413074E+00
 106.70000  0.139921445507E+00
 106.80000  0.153466285906E+00
 106.90000  0.158910632798E+00
 107.00000  0.162550108292E+00
 107.10000  0.165796216977E+00
 107.20000  0.161369304215E+00
 107.30000  0.154281381538E+00
 107.40000  0.144097062967E+00
 107.50000  0.133099211306E+00
 107.60000  0.122084095175E+00
 107.70000  0.109901493245E+00
 107.80000  0.106108548176E+00
 107.90000  0.103071082505E+00
 108.00000  0.999169762432E-01
 108.10000  0.110053703590E+00
 108.20000  0.115740363334E+00
 108.30000  0.119116489022E+00
 108.40000  0.134683768395E+00
 108.50000  0.137733174867E+00
 108.60000  0.136575711099E+00
 108.70000  0.144527730109E+00
 108.80000  0.136083936910E+00
 108.90000  0.125980488961E+00
 109.00000  0.123834720384E+00
 109.10000  0.108684389214E+00
 109.20000  0.976365171164E-01
 109.30000  0.946508429143E-01
 109.40000  0.855632085507E-01
 109.50000  0.839153916412E-01
 109.60000  0.883396755158E-01
 109.70000  0.912825129966E-01
 109.80000  0.989620448261E-01
 109.90000  0.107738446089E+00
 110.00000  0.115763509386E+00
 110.10000  0.122190097060E+00
 110.20000  0.125153661996E+00
 110.30000  0.127562352581E+00
 110.40000  0.123902971841E+00
 110.50000  0.116724559409E+00
 110.60000  0.112138493400E+00
 110.70000  0.101274799129E+00
 110.80000  0.914342501545E-01
 110.90000  0.893203842925E-01
 111.00000  0.819306481710E-01
 111.10000  0.805643222364E-01
 111.20000  0.895359504081E-01
 111.30000  0.910381195173E-01
 111.40000  0.100177596280E+00
 111.50000  0.116910886790E+00
 111.60000  0.120780263170E+00
 111.70000  0.131051900581E+00
 111.80000  0.143144318436E+00
 111.90000  0.138812993342E+00
 112.00000  0.140492887498E+00
 112.10000  0.140360184019E+00
 112.20000  0.126720774489E+00
 112.30000  0.121192455744E+00
 112.40000  0.114762522345E+00
 112.50000  0.103042884120E+00
 112.60000  0.100895827481E+00
 112.70000  0.100536950923E+00
 112.80000  0.102169236288E+00
 112.90000  0.109765652332E+00
 113.00000  0.119554838174E+00
 113.10000  0.132797853668E+00
 113.20000  0.143347002228E+00
 113.30000  0.154342104954E+00
 113.40000  0.165986419808E+00
 113.50000  0.166748584481E+00
 113.60000  0.168402849520E+00
 113.70000  0.169247397518E+00
 113.80000  0.157040226076E+00
 113.90000  0.151154766563E+00
 114.00000  0.146702571322E+00
 114.10000  0.132532443561E+00
 114.20000  0.132046525362E+00
 114.30000  0.134912302592E+00
 114.40000  0.131027383612E+00
 114.50000  0.144140283342E+00
 114.60000  0.157203308595E+00
 114.70000  0.162169177148E+00
 114.80000  0.181297327080E+00
 114.90000  0.192930669731E+00
 115.00000  0.193864408355E+00
 115.10000  0.203965495763E+00
 115.20000  0.202125136472E+00
 115.30000  0.191834818595E+00
 115.40000  0.188387415907E+00
 115.50000  0.176410985496E+00
 115.60000  0.163718094977E+00
 115.70000  0.157706587489E+00
 115.80000  0.151675735692E+00
 115.90000  0.151342154654E+00
 116.00000  0.154718521996E+00
 116.10000  0.164746146730E+00
 116.20000  0.178967490280E+00
 116.30000  0.189006602302E+00
 116.40000  0.207291597509E+00
 116.50000  0.221597981882E+00
 116.60000  0.223848519868E+00
 116.70000  0.234352236069E+00
 116.80000  0.233654712369E+00
 116.90000  0.219914723868E+00
 117.00000  0.217593882206E+00
 117.10000  0.203353872592E+00
 117.20000  0.182734321851E+00
 117.30000  0.178913039482E+00
 117.40000  0.166693270294E+00
 117.50000  0.156061807112E+00
 117.60000  0.164044639004E+00
 117.70000  0.164842145586E+00
 117.80000  0.169913677901E+00
 117.90000  0.188595194085E+00
 118.00000  0.196784304925E+00
 118.10000  0.206565932988E+00
 118.20000  0.221551037270E+00
 118.30000  0.223195690386E+00
 118.40000  0.223890926604E+00
 118.50000  0.224267872748E+00
 118.60000  0.214707190410E+00
 118.70000  0.205474462365E+00
 118.80000  0.195767744706E+00
 118.90000  0.185269758140E+00
 119.00000  0.177231444420E+00
 119.10000  0.170650275401E+00
 119.20000  0.172035490598E+00
 119.30000  0.173291795292E+00
 119.40000  0.175725285800E+00
 119.50000  0.189319823037E+00
 119.60000  0.194659982770E+00
 119.70000  0.199049529045E+00
 119.80000  0.212957837780E+00
 119.90000  0.210257391278E+00
 120.00000  0.206797503966E+00
 120.10000  0.211148762693E+00
 120.20000  0.196345319673E+00
 120.30000  0.185465226431E+00
 120.40000  0.183078314562E+00
 120.50000  0.165386656274E+00
 120.60000  0.157990689697E+00
 120.70000  0.159770905003E+00
 120.80000  0.151296818242E+00
 120.90000  0.155987291748E+00
 121.00000  0.167147463556E+00
 121.10000  0.169648351654E+00
 121.20000  0.182427282110E+00
 121.30000  0.195698654436E+00
 121.40000  0.199378052375E+00
 121.50000  0.207852814903E+00
 121.60000  0.211684899418E+00
 121.70000  0.206900944716E+00
 121.80000  0.203512905589E+00
 121.90000  0.195406646993E+00
 122.00000  0.183962309516E+00
 122.10000  0.173338174270E+00
 122.20000  0.162792298896E+00
 122.30000  0.155885866943E+00
 122.40000  0.148732965329E+00
 122.50000  0.147211182325E+00
 122.60000  0.152730571592E+00
 122.70000  0.153407495072E+00
 122.80000  0.162702010891E+00
 122.90000  0.176533501291E+00
 123.00000  0.178545647040E+00
 123.10000  0.189891286865E+00
 123.20000  0.200164700709E+00
 123.30000  0.194088421299E+00
 123.40000  0.198601562654E+00
 123.50000  0.198012689397E+00
 123.60000  0.182396356341E+00
 123.70000  0.180598795057E+00
 123.80000  0.173426607254E+00
 123.90000  0.157095861856E+00
 124.00000  0.157577334246E+00
 124.10000  0.153928299211E+00
 124.20000  0.146972374712E+00
 124.30000  0.156395138538E+00
 124.40000  0.161022793497E+00
 124.50000  0.164450789167E+00
 124.60000  0.179600009895E+00
 124.70000  0.187278232496E+00
 124.80000  0.192848891491E+00
 124.90000  0.203749760027E+00
 125.00000  0.205549206251E+00
 125.10000  0.204891706338E+00
 125.20000  0.205193042930E+00
 125.30000  0.198841906378E+00
 125.40000  0.191849505670E+00
 125.50000  0.184572801422E+00
 125.60000  0.177080806342E+00
 125.70000  0.171032737546E+00
 125.80000  0.164539571779E+00
 125.90000  0.164750773405E+00
 126.00000  0.165396153172E+00
 126.10000  0.164422234681E+00
 126.20000  0.174339417320E+00
 126.30000  0.179531168359E+00
 126.40000  0.181120168792E+00
 126.50000  0.194687776073E+00
 126.60000  0.196926193375E+00
 126.70000  0.195226970209E+00
 126.80000  0.205476650768E+00
 126.90000  0.200089340101E+00
 127.00000  0.193679611738E+00
 127.10000  0.199638356008E+00
 127.20000  0.189570215305E+00
 127.30000  0.183527610242E+00
 127.40000  0.189865029124E+00
 127.50000  0.181808301827E+00
 127.60000  0.181936675366E+00
 127.70000  0.192411842176E+00
 127.80000  0.189591248414E+00
 127.90000  0.195812700512E+00
 128.00000  0.207796037521E+00
 128.10000  0.206843303159E+00
 128.20000  0.213267905078E+00
 128.30000  0.220327805706E+00
 128.40000  0.215839437855E+00
 128.50000  0.216680444347E+00
 128.60000  0.215500850393E+00
 128.70000  0.207136186685E+00
 128.80000  0.202694974255E+00
 128.90000  0.196859823264E+00
 129.00000  0.190261240232E+00
 129.10000  0.185852548887E+00
 129.20000  0.182702719561E+00
 129.30000  0.184116670850E+00
 129.40000  0.183726750780E+00
 129.50000  0.187203327092E+00
 129.60000  0.197036972533E+00
 129.70000  0.198912751499E+00
 129.80000  0.206552132743E+00
 129.90000  0.218811441602E+00
 130.00000  0.217133023858E+00
 130.10000  0.223343954269E+00
 130.20000  0.231122350967E+00
 130.30000  0.222048454473E+00
 130.40000  0.224146537040E+00
 130.50000  0.225388528192E+00
 130.60000  0.210757316317E+00
 130.70000  0.211172006849E+00
 130.80000  0.209274486689E+00
 130.90000  0.194961324844E+00
 131.00000  0.198267399752E+00
 131.10000  0.197549449503E+00
 131.20000  0.188013427605E+00
 131.30000  0.196048404894E+00
 131.40000  0.197636715688E+00
 131.50000  0.192963088151E+00
 131.60000  0.203115548260E+00
 131.70000  0.204441269222E+00
 131.80000  0.201614183726E+00
 131.90000  0.209755959283E+00
 132.00000  0.208333889684E+00
 132.10000  0.204994711442E+00
 132.20000  0.208838898520E+00
 132.30000  0.205007525333E+00
 132.40000  0.201652919852E+00
 132.50000  0.202212077627E+00
 132.60000  0.198905692033E+00
 132.70000  0.197304567163E+00
 132.80000  0.196640081300E+00
 132.90000  0.196673494292E+00
 133.00000  0.197551303120E+00
 133.10000  0.196588844891E+00
 133.20000  0.200401119245E+00
 133.30000  0.202121909380E+00
 133.40000  0.200137740735E+00
 133.50000  0.206305011704E+00
 133.60000  0.206416970164E+00
 133.70000  0.202595337860E+00
 133.80000  0.209614567235E+00
 133.90000  0.206751990902E+00
 134.00000  0.201659049804E+00
 134.10000  0.209323816363E+00
 134.20000  0.203987266653E+00
 134.30000  0.199434574550E+00
 134.40000  0.208229642525E+00
 134.50000  0.201556586719E+00
 134.60000  0.199018191416E+00
 134.70000  0.208734472295E+00
 134.80000  0.201246432708E+00
 134.90000  0.200791495791E+00
 135.00000  0.209886325674E+00
 135.10000  0.201143086063E+00
 135.20000  0.201689852389E+00
 135.30000  0.208426007854E+00
 135.40000  0.198473167160E+00
 135.50000  0.199291818869E+00
 135.60000  0.203103670301E+00
 135.70000  0.193259685130E+00
 135.80000  0.194774245219E+00
 135.90000  0.196984260760E+00
 136.00000  0.189773677842E+00
 136.10000  0.192977205049E+00
 136.20000  0.195365620845E+00
 136.30000  0.192558631317E+00
 136.40000  0.197536676759E+00
 136.50000  0.200948538763E+00
 136.60000  0.202286078211E+00
 136.70000  0.207231746469E+00
 136.80000  0.210532590243E+00
 136.90000  0.213513044836E+00
 137.00000  0.215504895413E+00
 137.10000  0.216880832029E+00
 137.20000  0.218634600203E+00
 137.30000  0.215422340275E+00
 137.40000  0.214012227223E+00
 137.50000  0.213250976837E+00
 137.60000  0.205092526441E+00
 137.70000  0.202586101194E+00
 137.80000  0.200654100994E+00
 137.90000  0.190354763209E+00
 138.00000  0.190277619488E+00
 138.10000  0.189936487772E+00
 138.20000  0.181220989318E+00
 138.30000  0.186934145699E+00
 138.40000  0.190040502846E+00
 138.50000  0.185007250585E+00
 138.60000  0.197114208378E+00
 138.70000  0.202553763831E+00
 138.80000  0.200231051906E+00
 138.90000  0.215820418714E+00
 139.00000  0.219797467718E+00
 139.10000  0.217062059219E+00
 139.20000  0.231377377931E+00
 139.30000  0.229878079340E+00
 139.40000  0.224088416587E+00
 139.50000  0.233686480281E+00
 139.60000  0.225694634398E+00
 139.70000  0.217313730482E+00
 139.80000  0.222404603398E+00
 139.90000  0.210982602458E+00
 140.00000  0.203450249958E+00
 140.10000  0.207170375731E+00
 140.20000  0.197469956925E+00
 140.30000  0.194694490085E+00
 140.40000  0.200238711072E+00
 140.50000  0.195787374451E+00
 140.60000  0.198709511973E+00
 140.70000  0.206218831607E+00
 140.80000  0.206492806206E+00
 140.90000  0.212195381548E+00
 141.00000  0.218792221944E+00
 141.10000  0.220325753645E+00
 141.20000  0.224093655172E+00
 141.30000  0.226292831865E+00
 141.40000  0.225882380334E+00
 141.50000  0.224757597536E+00
 141.60000  0.221894658526E+00
 141.70000  0.219657354185E+00
 141.80000  0.214355071465E+00
 141.90000  0.209243904662E+00
 142.00000  0.208125896435E+00
 142.10000  0.201677709784E+00
 142.20000  0.198639081914E+00
 142.30000  0.201816032564E+00
 142.40000  0.196691237081E+00
 142.50000  0.198269347033E+00
 142.60000  0.205955701174E+00
 142.70000  0.201725859459E+00
 142.80000  0.207162218379E+00
 142.90000  0.216459784630E+00
 143.00000  0.210771967299E+00
 143.10000  0.217507116544E+00
 143.20000  0.224708252815E+00
 143.30000  0.215694070203E+00
 143.40000  0.221971823065E+00
 143.50000  0.225494022228E+00
 143.60000  0.214062749295E+00
 143.70000  0.220696044361E+00
 143.80000  0.221848989039E+00
 143.90000  0.210925016865E+00
 144.00000  0.219798635141E+00
 144.10000  0.220533196910E+00
 144.20000  0.212429691237E+00
 144.30000  0.224045485602E+00
 144.40000  0.224543715558E+00
 144.50000  0.218942537221E+00
 144.60000  0.231037906614E+00
 144.70000  0.229205933687E+00
 144.80000  0.223819270406E+00
 144.90000  0.233099507667E+00
 145.00000  0.227206264632E+00
 145.10000  0.220755184347E+00
 145.20000  0.225931387954E+00
 145.30000  0.217189522274E+00
 145.40000  0.211209866377E+00
 145.50000  0.214209360665E+00
 145.60000  0.206770340805E+00
 145.70000  0.204565529626E+00
 145.80000  0.208698254812E+00
 145.90000  0.206532185512E+00
 146.00000  0.209790185661E+00
 146.10000  0.216319819237E+00
 146.20000  0.219799786871E+00
 146.30000  0.226243049116E+00
 146.40000  0.232729665419E+00
 146.50000  0.238082274666E+00
 146.60000  0.242440320261E+00
 146.70000  0.244627962452E+00
 146.80000  0.247218714462E+00
 146.90000  0.245252571565E+00
 147.00000  0.241116511644E+00
 147.10000  0.239623832826E+00
 147.20000  0.231397147019E+00
 147.30000  0.223503606659E+00
 147.40000  0.221283428834E+00
 147.50000  0.211074364452E+00
 147.60000  0.205262729154E+00
 147.70000  0.207548870020E+00
 147.80000  0.199967656602E+00
 147.90000  0.200806961208E+00
 148.00000  0.209850865520E+00
 148.10000  0.205836282647E+00
 148.20000  0.213412548031E+00
 148.30000  0.226531343347E+00
 148.40000  0.222968336676E+00
 148.50000  0.233362512568E+00
 148.60000  0.244794475230E+00
 148.70000  0.237306944886E+00
 148.80000  0.246045879560E+00
 148.90000  0.251410952704E+00
 149.00000  0.238615824681E+00
 149.10000  0.244669989696E+00
 149.20000  0.244242241529E+00
 149.30000  0.229162715353E+00
 149.40000  0.235293715515E+00
 149.50000  0.232896173309E+00
 149.60000  0.220514717243E+00
 149.70000  0.230381251355E+00
 149.80000  0.229651479678E+00
 149.90000  0.222893797756E+00
 150.00000  0.237137915678E+00
 150.10000  0.237853801810E+00
 150.20000  0.235078213740E+00
 150.30000  0.250066900607E+00
 150.40000  0.248573208715E+00
 150.50000  0.245668950170E+00
 150.60000  0.256661965203E+00
 150.70000  0.249935170066E+00
 150.80000  0.244465737135E+00
 150.90000  0.249563695302E+00
 151.00000  0.238502318300E+00
 151.10000  0.231885684097E+00
 151.20000  0.233307240011E+00
 151.30000  0.222418242471E+00
 151.40000  0.218323617147E+00
 151.50000  0.219927048981E+00
 151.60000  0.213595166630E+00
 151.70000  0.214187923337E+00
 151.80000  0.217867804532E+00
 151.90000  0.217026694635E+00
 152.00000  0.220879140799E+00
 152.10000  0.225184083629E+00
 152.20000  0.227071656101E+00
 152.30000  0.230165978845E+00
 152.40000  0.231971287228E+00
 152.50000  0.233009223760E+00
 152.60000  0.232110325678E+00
 152.70000  0.230059139412E+00
 152.80000  0.229367971851E+00
 152.90000  0.224574726240E+00
 153.00000  0.220720906299E+00
 153.10000  0.220663693031E+00
 153.20000  0.214733235172E+00
 153.30000  0.213065403524E+00
 153.40000  0.216849429471E+00
 153.50000  0.212469729267E+00
 153.60000  0.215841692522E+00
 153.70000  0.224254462933E+00
 153.80000  0.221354604898E+00
 153.90000  0.229093041336E+00
 154.00000  0.239086108900E+00
 154.10000  0.234678741261E+00
 154.20000  0.243284917773E+00
 154.30000  0.250067480144E+00
 154.40000  0.240979038216E+00
 154.50000  0.247300477012E+00
 154.60000  0.247962178085E+00
 154.70000  0.233855963908E+00
 154.80000  0.237900828844E+00
 154.90000  0.233565268704E+00
 155.00000  0.217823418575E+00
 155.10000  0.222925643107E+00
 155.20000  0.217547209151E+00
 155.30000  0.204886987187E+00
 155.40000  0.214607399179E+00
 155.50000  0.211117049790E+00
 155.60000  0.203854009827E+00
 155.70000  0.218581846027E+00
 155.80000  0.216336923173E+00
 155.90000  0.213113168235E+00
 156.00000  0.229799166102E+00
 156.10000  0.225658060759E+00
 156.20000  0.223431958318E+00
 156.30000  0.238205634025E+00
 156.40000  0.229715530572E+00
 156.50000  0.226815071381E+00
 156.60000  0.237968082187E+00
 156.70000  0.225721706384E+00
 156.80000  0.223271833696E+00
 156.90000  0.232068637836E+00
 157.00000  0.219227685373E+00
 157.10000  0.219912979930E+00
 157.20000  0.228827752939E+00
 157.30000  0.218562577313E+00
 157.40000  0.224082219421E+00
 157.50000  0.234138610110E+00
 157.60000  0.227067764560E+00
 157.70000  0.236130638736E+00
 157.80000  0.245287370538E+00
 157.90000  0.238826040916E+00
 158.00000  0.247409937811E+00
 158.10000  0.251791213331E+00
 158.20000  0.242610313393E+00
 158.30000  0.247036881657E+00
 158.40000  0.244618399987E+00
 158.50000  0.232339452094E+00
 158.60000  0.232443663187E+00
 158.70000  0.225520899620E+00
 158.80000  0.213711296806E+00
 158.90000  0.212790379874E+00
 159.00000  0.206592992864E+00
 159.10000  0.200020602447E+00
 159.20000  0.201789891925E+00
 159.30000  0.200636104972E+00
 159.40000  0.201406683344E+00
 159.50000  0.206787916419E+00
 159.60000  0.211002633734E+00
 159.70000  0.216727405389E+00
 159.80000  0.222977265127E+00
 159.90000  0.228897682184E+00
 160.00000  0.234272040258E+00
 160.10000  0.237053627111E+00
 160.20000  0.240079144724E+00
 160.30000  0.240606222840E+00
 160.40000  0.237324970872E+00
 160.50000  0.235586138359E+00
 160.60000  0.230533380862E+00
 160.70000  0.222347113639E+00
 160.80000  0.218196847454E+00
 160.90000  0.210649070197E+00
 161.00000  0.201726440382E+00
 161.10000  0.200045767442E+00
 161.20000  0.194222389981E+00
 161.30000  0.188938781681E+00
 161.40000  0.193669699865E+00
 161.50000  0.191702277962E+00
 161.60000  0.191929638249E+00
 161.70000  0.203434390322E+00
 161.80000  0.203902679488E+00
 161.90000  0.208134091238E+00
 162.00000  0.222983652178E+00
 162.10000  0.221866907602E+00
 162.20000  0.226483645115E+00
 162.30000  0.239626460683E+00
 162.40000  0.232987092036E+00
 162.50000  0.235008670670E+00
 162.60000  0.243110666606E+00
 162.70000  0.229978400562E+00
 162.80000  0.229576933584E+00
 162.90000  0.233149448998E+00
 163.00000  0.216294464996E+00
 163.10000  0.216748708242E+00
 163.20000  0.218994525959E+00
 163.30000  0.202597432577E+00
 163.40000  0.207499741633E+00
 163.50000  0.210996988788E+00
 163.60000  0.197518280239E+00
 163.70000  0.208108843897E+00
 163.80000  0.212762101058E+00
 163.90000  0.202010785206E+00
 164.00000  0.216957087023E+00
 164.10000  0.220632971352E+00
 164.20000  0.211073642093E+00
 164.30000  0.227960290683E+00
 164.40000  0.228293547948E+00
 164.50000  0.218694910756E+00
 164.60000  0.235541547280E+00
 164.70000  0.231348321659E+00
 164.80000  0.221742029049E+00
 164.90000  0.237879299137E+00
 165.00000  0.229673092026E+00
 165.10000  0.221390187396E+00
 165.20000  0.237306882052E+00
 165.30000  0.226575624178E+00
 165.40000  0.221132997175E+00
 165.50000  0.237139694790E+00
 165.60000  0.224748022138E+00
 165.70000  0.222359366761E+00
 165.80000  0.237347125605E+00
 165.90000  0.222780435374E+00
 166.00000  0.222215760090E+00
 166.10000  0.234149522860E+00
 166.20000  0.216628247313E+00
 166.30000  0.216687586868E+00
 166.40000  0.224348096568E+00
 166.50000  0.204433243813E+00
 166.60000  0.205264876815E+00
 166.70000  0.209251218726E+00
 166.80000  0.189109808509E+00
 166.90000  0.192118926709E+00
 167.00000  0.194349868617E+00
 167.10000  0.176697468566E+00
 167.20000  0.183554750794E+00
 167.30000  0.186030312100E+00
 167.40000  0.172808627172E+00
 167.50000  0.184386978025E+00
 167.60000  0.187961357906E+00
 167.70000  0.179405415720E+00
 167.80000  0.195029235720E+00
 167.90000  0.198742790592E+00
 168.00000  0.193311889708E+00
 168.10000  0.210831356238E+00
 168.20000  0.212447147082E+00
 168.30000  0.207934003549E+00
 168.40000  0.224853111098E+00
 168.50000  0.222433845148E+00
 168.60000  0.217540463616E+00
 168.70000  0.232338859456E+00
 168.80000  0.225566023516E+00
 168.90000  0.220620831122E+00
 169.00000  0.233172846604E+00
 169.10000  0.223401140544E+00
 169.20000  0.219787415180E+00
 169.30000  0.230776772577E+00
 169.40000  0.220028560990E+00
 169.50000  0.218970202350E+00
 169.60000  0.228899452757E+00
 169.70000  0.218575522743E+00
 169.80000  0.220095097822E+00
 169.90000  0.228527984062E+00
 170.00000  0.218652524790E+00
 170.10000  0.221400380131E+00
 170.20000  0.227085988705E+00
 170.30000  0.216761004025E+00
 170.40000  0.219044824247E+00
 170.50000  0.221055247591E+00
 170.60000  0.209848545504E+00
 170.70000  0.211078559868E+00
 170.80000  0.209921475535E+00
 170.90000  0.198793743327E+00
 171.00000  0.199919521641E+00
 171.10000  0.197431310933E+00
 171.20000  0.188275526698E+00
 171.30000  0.190876610803E+00
 171.40000  0.189078185394E+00
 171.50000  0.183492643646E+00
 171.60000  0.188541016160E+00
 171.70000  0.188543183961E+00
 171.80000  0.186896845506E+00
 171.90000  0.194063697267E+00
 172.00000  0.195580402134E+00
 172.10000  0.196731810590E+00
 172.20000  0.204383507109E+00
 172.30000  0.205914550475E+00
 172.40000  0.207682206917E+00
 172.50000  0.213646796491E+00
 172.60000  0.213452436171E+00
 172.70000  0.213875539697E+00
 172.80000  0.216807627620E+00
 172.90000  0.214269253351E+00
 173.00000  0.212898853050E+00
 173.10000  0.213219001047E+00
 173.20000  0.209421917751E+00
 173.30000  0.207453022744E+00
 173.40000  0.206929650834E+00
 173.50000  0.203896870730E+00
 173.60000  0.203034350776E+00
 173.70000  0.203439193606E+00
 173.80000  0.202799464114E+00
 173.90000  0.203922205263E+00
 174.00000  0.205916450746E+00
 174.10000  0.208010420135E+00
 174.20000  0.210492368549E+00
 174.30000  0.213310144892E+00
 174.40000  0.217041238253E+00
 174.50000  0.218925614555E+00
 174.60000  0.220874374970E+00
 174.70000  0.224331860780E+00
 174.80000  0.223366577217E+00
 174.90000  0.223023155802E+00
 175.00000  0.224732178405E+00
 175.10000  0.219842767549E+00
 175.20000  0.217280187041E+00
 175.30000  0.217253754727E+00
 175.40000  0.209334415908E+00
 175.50000  0.206318416302E+00
 175.60000  0.205958813168E+00
 175.70000  0.197244346570E+00
 175.80000  0.196194852288E+00
 175.90000  0.197181676462E+00
 176.00000  0.189816595139E+00
 176.10000  0.192503059961E+00
 176.20000  0.195661447925E+00
 176.30000  0.190588387883E+00
 176.40000  0.197410015488E+00
 176.50000  0.202129414978E+00
 176.60000  0.198717000433E+00
 176.70000  0.208592835805E+00
 176.80000  0.212811444663E+00
 176.90000  0.209196382106E+00
 177.00000  0.220006550362E+00
 177.10000  0.220948899613E+00
 177.20000  0.215171373656E+00
 177.30000  0.224883821300E+00
 177.40000  0.220580815665E+00
 177.50000  0.212117343577E+00
 177.60000  0.220105645076E+00
 177.70000  0.210745460655E+00
 177.80000  0.201246300821E+00
 177.90000  0.208701738244E+00
 178.00000  0.196591138774E+00
 178.10000  0.189087983888E+00
 178.20000  0.198194352378E+00
 178.30000  0.186377752873E+00
 178.40000  0.183736942656E+00
 178.50000  0.196492232359E+00
 178.60000  0.187204910792E+00
 178.70000  0.191077031238E+00
 178.80000  0.208524172615E+00
 178.90000  0.202189105892E+00
 179.00000  0.212651533404E+00
 179.10000  0.234326432737E+00
 179.20000  0.228903729499E+00
 179.30000  0.244376732558E+00
 179.40000  0.267948750287E+00
 179.50000  0.258612403943E+00
 179.60000  0.276596760898E+00
 179.70000  0.299216085475E+00
 179.80000  0.277989612201E+00
 179.90000  0.301046529684E+00
 180.00000  0.391049625224E+00

