 # E =    1.2497931865641376       eV =    10081.000000000000       1/cm
 #  1801
# DFFCSO.  ACCUM LEV(I),J(I) =  1  0 LEV(F),J(F) =  1  0       , M =  0, WEIGHTED BY  1.00000
   0.10000  0.373912119314E+07
   0.20000  0.109615756939E+07
   0.30000  0.362005351853E+06
   0.40000  0.808496878424E+05
   0.50000  0.134375470511E+05
   0.60000  0.361714614630E+05
   0.70000  0.310659729599E+05
   0.80000  0.471533201683E+04
   0.90000  0.253584304648E+04
   1.00000  0.736952853683E+04
   1.10000  0.514301861315E+04
   1.20000  0.350419582039E+04
   1.30000  0.374964682645E+04
   1.40000  0.321957584927E+04
   1.50000  0.184859695747E+04
   1.60000  0.275810852119E+04
   1.70000  0.350528764824E+04
   1.80000  0.245493666729E+04
   1.90000  0.137187835482E+04
   2.00000  0.159533700026E+04
   2.10000  0.249511868790E+04
   2.20000  0.234608115271E+04
   2.30000  0.180803437856E+04
   2.40000  0.148470690358E+04
   2.50000  0.146249924373E+04
   2.60000  0.143995374308E+04
   2.70000  0.120027399439E+04
   2.80000  0.121510342662E+04
   2.90000  0.119972235689E+04
   3.00000  0.106817833970E+04
   3.10000  0.747465545916E+03
   3.20000  0.385946322589E+03
   3.30000  0.308991043274E+03
   3.40000  0.340846865940E+03
   3.50000  0.381181579321E+03
   3.60000  0.317411509110E+03
   3.70000  0.185070308646E+03
   3.80000  0.123669404182E+03
   3.90000  0.896336252854E+02
   4.00000  0.824320139687E+02
   4.10000  0.964107714236E+02
   4.20000  0.103358491605E+03
   4.30000  0.117804774706E+03
   4.40000  0.106044305783E+03
   4.50000  0.875736856294E+02
   4.60000  0.102352837508E+03
   4.70000  0.121924817993E+03
   4.80000  0.159034121607E+03
   4.90000  0.186135968499E+03
   5.00000  0.186881764586E+03
   5.10000  0.173445671540E+03
   5.20000  0.125962734572E+03
   5.30000  0.106650591603E+03
   5.40000  0.131352956418E+03
   5.50000  0.171593056746E+03
   5.60000  0.211564348820E+03
   5.70000  0.203802167816E+03
   5.80000  0.171528760341E+03
   5.90000  0.126078863766E+03
   6.00000  0.734935145544E+02
   6.10000  0.606471079154E+02
   6.20000  0.741784488627E+02
   6.30000  0.987770744257E+02
   6.40000  0.114120552870E+03
   6.50000  0.100730697897E+03
   6.60000  0.819558813808E+02
   6.70000  0.551247306083E+02
   6.80000  0.279351821095E+02
   6.90000  0.210031309237E+02
   7.00000  0.240224857249E+02
   7.10000  0.330559128994E+02
   7.20000  0.391294773949E+02
   7.30000  0.366483828709E+02
   7.40000  0.339417124674E+02
   7.50000  0.249419148360E+02
   7.60000  0.147037878283E+02
   7.70000  0.131729467096E+02
   7.80000  0.142695698796E+02
   7.90000  0.175812226281E+02
   8.00000  0.205116613994E+02
   8.10000  0.201259575445E+02
   8.20000  0.194008974443E+02
   8.30000  0.147071749395E+02
   8.40000  0.107078439368E+02
   8.50000  0.126312806787E+02
   8.60000  0.150355734874E+02
   8.70000  0.182839226973E+02
   8.80000  0.205632567350E+02
   8.90000  0.196225775911E+02
   9.00000  0.174609194013E+02
   9.10000  0.123091521572E+02
   9.20000  0.902625305555E+01
   9.30000  0.102708119506E+02
   9.40000  0.115404182255E+02
   9.50000  0.142110764128E+02
   9.60000  0.167369877762E+02
   9.70000  0.168181955713E+02
   9.80000  0.155498200865E+02
   9.90000  0.118393554761E+02
  10.00000  0.920503992010E+01
  10.10000  0.871419131668E+01
  10.20000  0.745007264311E+01
  10.30000  0.812284907777E+01
  10.40000  0.979023936025E+01
  10.50000  0.997235229567E+01
  10.60000  0.998826987734E+01
  10.70000  0.901755855356E+01
  10.80000  0.851723259529E+01
  10.90000  0.856799904438E+01
  11.00000  0.724472886632E+01
  11.10000  0.738702610280E+01
  11.20000  0.784381922397E+01
  11.30000  0.667508047837E+01
  11.40000  0.622885254222E+01
  11.50000  0.584393479372E+01
  11.60000  0.589905148257E+01
  11.70000  0.644802701759E+01
  11.80000  0.624813830932E+01
  11.90000  0.725360576348E+01
  12.00000  0.773474701225E+01
  12.10000  0.648859192607E+01
  12.20000  0.607943041507E+01
  12.30000  0.551846782536E+01
  12.40000  0.493554871551E+01
  12.50000  0.499707439404E+01
  12.60000  0.501010605063E+01
  12.70000  0.611775210635E+01
  12.80000  0.662347753813E+01
  12.90000  0.605320428013E+01
  13.00000  0.644125176609E+01
  13.10000  0.622963494387E+01
  13.20000  0.562218882072E+01
  13.30000  0.563477541566E+01
  13.40000  0.557834676489E+01
  13.50000  0.612639691483E+01
  13.60000  0.612184240376E+01
  13.70000  0.571727906772E+01
  13.80000  0.639251346050E+01
  13.90000  0.635958266678E+01
  14.00000  0.615796594917E+01
  14.10000  0.682431572628E+01
  14.20000  0.714317207478E+01
  14.30000  0.748346007809E+01
  14.40000  0.729296059141E+01
  14.50000  0.680555150206E+01
  14.60000  0.700672835569E+01
  14.70000  0.643050980147E+01
  14.80000  0.616458813338E+01
  14.90000  0.718615835881E+01
  15.00000  0.775643137497E+01
  15.10000  0.835367161624E+01
  15.20000  0.888752819608E+01
  15.30000  0.882475109583E+01
  15.40000  0.867752289340E+01
  15.50000  0.763393309375E+01
  15.60000  0.687781745796E+01
  15.70000  0.718001628002E+01
  15.80000  0.695683525659E+01
  15.90000  0.730311055061E+01
  16.00000  0.837137541066E+01
  16.10000  0.872239485254E+01
  16.20000  0.886839289995E+01
  16.30000  0.851405006818E+01
  16.40000  0.794593756751E+01
  16.50000  0.762087697825E+01
  16.60000  0.664992642486E+01
  16.70000  0.633970528467E+01
  16.80000  0.680649084881E+01
  16.90000  0.659126466274E+01
  17.00000  0.673107183232E+01
  17.10000  0.708940603621E+01
  17.20000  0.695295913022E+01
  17.30000  0.681741236600E+01
  17.40000  0.628604052926E+01
  17.50000  0.593112523685E+01
  17.60000  0.573765431709E+01
  17.70000  0.486580780147E+01
  17.80000  0.453291218977E+01
  17.90000  0.457731626710E+01
  18.00000  0.422483974213E+01
  18.10000  0.435314844453E+01
  18.20000  0.465681303487E+01
  18.30000  0.491990483170E+01
  18.40000  0.511396517987E+01
  18.50000  0.469007372531E+01
  18.60000  0.432079413016E+01
  18.70000  0.374002886868E+01
  18.80000  0.260564532762E+01
  18.90000  0.206447422100E+01
  19.00000  0.194669170117E+01
  19.10000  0.205171507770E+01
  19.20000  0.266111283414E+01
  19.30000  0.327325194048E+01
  19.40000  0.390992993457E+01
  19.50000  0.406713261697E+01
  19.60000  0.341457559772E+01
  19.70000  0.278340707745E+01
  19.80000  0.192833166933E+01
  19.90000  0.954780096122E+00
  20.00000  0.655328877066E+00
  20.10000  0.787483902572E+00
  20.20000  0.133006658317E+01
  20.30000  0.201549203263E+01
  20.40000  0.245369503349E+01
  20.50000  0.287957048715E+01
  20.60000  0.271722909353E+01
  20.70000  0.199826885869E+01
  20.80000  0.148458107580E+01
  20.90000  0.903559524688E+00
  21.00000  0.444903202546E+00
  21.10000  0.448189530182E+00
  21.20000  0.669853943345E+00
  21.30000  0.116500667053E+01
  21.40000  0.153235251522E+01
  21.50000  0.167998344914E+01
  21.60000  0.192308441507E+01
  21.70000  0.174818529247E+01
  21.80000  0.132584637730E+01
  21.90000  0.112931103745E+01
  22.00000  0.849364015024E+00
  22.10000  0.653977848232E+00
  22.20000  0.646007957503E+00
  22.30000  0.732349506955E+00
  22.40000  0.104741734781E+01
  22.50000  0.122659865167E+01
  22.60000  0.135345460659E+01
  22.70000  0.164440112301E+01
  22.80000  0.160438744418E+01
  22.90000  0.141101344549E+01
  23.00000  0.131316722134E+01
  23.10000  0.107792036057E+01
  23.20000  0.906509814389E+00
  23.30000  0.812937926541E+00
  23.40000  0.842919934015E+00
  23.50000  0.111193446544E+01
  23.60000  0.122627594607E+01
  23.70000  0.133299015275E+01
  23.80000  0.153803827312E+01
  23.90000  0.141374843573E+01
  24.00000  0.120863628043E+01
  24.10000  0.108361345141E+01
  24.20000  0.936470352607E+00
  24.30000  0.954059252566E+00
  24.40000  0.100654690095E+01
  24.50000  0.118344805026E+01
  24.60000  0.147964210442E+01
  24.70000  0.144189916638E+01
  24.80000  0.132342429140E+01
  24.90000  0.121434719470E+01
  25.00000  0.838531874761E+00
  25.10000  0.560542125868E+00
  25.20000  0.488971585747E+00
  25.30000  0.605478490428E+00
  25.40000  0.981754138458E+00
  25.50000  0.131389669344E+01
  25.60000  0.170489224690E+01
  25.70000  0.201848851367E+01
  25.80000  0.180224762116E+01
  25.90000  0.144812564821E+01
  26.00000  0.105373933325E+01
  26.10000  0.471272472835E+00
  26.20000  0.129036863202E+00
  26.30000  0.837947841495E-01
  26.40000  0.335979907097E+00
  26.50000  0.856744167903E+00
  26.60000  0.129648744144E+01
  26.70000  0.177255073907E+01
  26.80000  0.207931546634E+01
  26.90000  0.184286258545E+01
  27.00000  0.149471960726E+01
  27.10000  0.107810308772E+01
  27.20000  0.486715279861E+00
  27.30000  0.122087132006E+00
  27.40000  0.308070173620E-02
  27.50000  0.115907050549E+00
  27.60000  0.439978581992E+00
  27.70000  0.733137067416E+00
  27.80000  0.110101800047E+01
  27.90000  0.135884594490E+01
  28.00000  0.125201875103E+01
  28.10000  0.111414989044E+01
  28.20000  0.904945698747E+00
  28.30000  0.509157286426E+00
  28.40000  0.240497739056E+00
  28.50000  0.931607814738E-01
  28.60000  0.221218085846E-01
  28.70000  0.857288928679E-01
  28.80000  0.183251194653E+00
  28.90000  0.360442857910E+00
  29.00000  0.523092187507E+00
  29.10000  0.536135912819E+00
  29.20000  0.572829836825E+00
  29.30000  0.561961287804E+00
  29.40000  0.399271002624E+00
  29.50000  0.289734798342E+00
  29.60000  0.212147500851E+00
  29.70000  0.970236539779E-01
  29.80000  0.600117171158E-01
  29.90000  0.763202699957E-01
  30.00000  0.114617213061E+00
  30.10000  0.181519846242E+00
  30.20000  0.225827136494E+00
  30.30000  0.279835172489E+00
  30.40000  0.312104712696E+00
  30.50000  0.265945229995E+00
  30.60000  0.240372184898E+00
  30.70000  0.220978583864E+00
  30.80000  0.148023829234E+00
  30.90000  0.129139086635E+00
  31.00000  0.155023509817E+00
  31.10000  0.150633937748E+00
  31.20000  0.179044901366E+00
  31.30000  0.225129157053E+00
  31.40000  0.231486832675E+00
  31.50000  0.228783773733E+00
  31.60000  0.209133226363E+00
  31.70000  0.175158566337E+00
  31.80000  0.146592469193E+00
  31.90000  0.103871220237E+00
  32.00000  0.981624118961E-01
  32.10000  0.132357770285E+00
  32.20000  0.139376643913E+00
  32.30000  0.186185600311E+00
  32.40000  0.267041634894E+00
  32.50000  0.277249961462E+00
  32.60000  0.288310994214E+00
  32.70000  0.312267427246E+00
  32.80000  0.259000830923E+00
  32.90000  0.198266289071E+00
  33.00000  0.155972364510E+00
  33.10000  0.100013904020E+00
  33.20000  0.776791467886E-01
  33.30000  0.755965158786E-01
  33.40000  0.121689777367E+00
  33.50000  0.225378324636E+00
  33.60000  0.286428556992E+00
  33.70000  0.373392560423E+00
  33.80000  0.486696000113E+00
  33.90000  0.475461033833E+00
  34.00000  0.439948786362E+00
  34.10000  0.417577664418E+00
  34.20000  0.298533410297E+00
  34.30000  0.186206579633E+00
  34.40000  0.123202338868E+00
  34.50000  0.776153195162E-01
  34.60000  0.971383974391E-01
  34.70000  0.139054153726E+00
  34.80000  0.229629374165E+00
  34.90000  0.361712430212E+00
  35.00000  0.403278015647E+00
  35.10000  0.434701636430E+00
  35.20000  0.469037499308E+00
  35.30000  0.377498599464E+00
  35.40000  0.273302290140E+00
  35.50000  0.204615673010E+00
  35.60000  0.989099410188E-01
  35.70000  0.305041618276E-01
  35.80000  0.104706006877E-01
  35.90000  0.153420851628E-01
  36.00000  0.551036416228E-01
  36.10000  0.783721774218E-01
  36.20000  0.112437915815E+00
  36.30000  0.157610782515E+00
  36.40000  0.145894674591E+00
  36.50000  0.139528359065E+00
  36.60000  0.155787686246E+00
  36.70000  0.134429595488E+00
  36.80000  0.121369696455E+00
  36.90000  0.128994383729E+00
  37.00000  0.109863786640E+00
  37.10000  0.830385198970E-01
  37.20000  0.622134929904E-01
  37.30000  0.303644813771E-01
  37.40000  0.574906703864E-02
  37.50000  0.118518205373E-01
  37.60000  0.456058236539E-01
  37.70000  0.111630211941E+00
  37.80000  0.209017988902E+00
  37.90000  0.315898973846E+00
  38.00000  0.416133009364E+00
  38.10000  0.477251539115E+00
  38.20000  0.487613449851E+00
  38.30000  0.465806069031E+00
  38.40000  0.384178504642E+00
  38.50000  0.274601889113E+00
  38.60000  0.211040868694E+00
  38.70000  0.160946844609E+00
  38.80000  0.148917877593E+00
  38.90000  0.235968036942E+00
  39.00000  0.352063209374E+00
  39.10000  0.473307927483E+00
  39.20000  0.608389087212E+00
  39.30000  0.695323209799E+00
  39.40000  0.723278969575E+00
  39.50000  0.683851659790E+00
  39.60000  0.584500928412E+00
  39.70000  0.482119262047E+00
  39.80000  0.356946742061E+00
  39.90000  0.246192556724E+00
  40.00000  0.228366781442E+00
  40.10000  0.238689505328E+00
  40.20000  0.273784386167E+00
  40.30000  0.380108883052E+00
  40.40000  0.472940885677E+00
  40.50000  0.526053517028E+00
  40.60000  0.565940019272E+00
  40.70000  0.553736800402E+00
  40.80000  0.496507028403E+00
  40.90000  0.412498586638E+00
  41.00000  0.312572729435E+00
  41.10000  0.238481191130E+00
  41.20000  0.174707293646E+00
  41.30000  0.130799628522E+00
  41.40000  0.154782040713E+00
  41.50000  0.190172686243E+00
  41.60000  0.220369286677E+00
  41.70000  0.294722105943E+00
  41.80000  0.349434230599E+00
  41.90000  0.358496788232E+00
  42.00000  0.376997882205E+00
  42.10000  0.367017714036E+00
  42.20000  0.316023503590E+00
  42.30000  0.270243383882E+00
  42.40000  0.219717212511E+00
  42.50000  0.176819999773E+00
  42.60000  0.151539038015E+00
  42.70000  0.137468021218E+00
  42.80000  0.173579992828E+00
  42.90000  0.220631556953E+00
  43.00000  0.251628303015E+00
  43.10000  0.330906696762E+00
  43.20000  0.393433973530E+00
  43.30000  0.396384397291E+00
  43.40000  0.423593742042E+00
  43.50000  0.426852385025E+00
  43.60000  0.374990198299E+00
  43.70000  0.343437576848E+00
  43.80000  0.313151905980E+00
  43.90000  0.283465489803E+00
  44.00000  0.278000279870E+00
  44.10000  0.279258875658E+00
  44.20000  0.322740942856E+00
  44.30000  0.369407128159E+00
  44.40000  0.381962498411E+00
  44.50000  0.435837177907E+00
  44.60000  0.469544819302E+00
  44.70000  0.435967215718E+00
  44.80000  0.435657662551E+00
  44.90000  0.426301424600E+00
  45.00000  0.369503242710E+00
  45.10000  0.346158177454E+00
  45.20000  0.334149974593E+00
  45.30000  0.317046451583E+00
  45.40000  0.319308476986E+00
  45.50000  0.319462462978E+00
  45.60000  0.337983472703E+00
  45.70000  0.351674527357E+00
  45.80000  0.330567886461E+00
  45.90000  0.337228693850E+00
  46.00000  0.335691322752E+00
  46.10000  0.287809999382E+00
  46.20000  0.275481075343E+00
  46.30000  0.271419115296E+00
  46.40000  0.233016963183E+00
  46.50000  0.225998864710E+00
  46.60000  0.233328597830E+00
  46.70000  0.220585586916E+00
  46.80000  0.220486703951E+00
  46.90000  0.221708299684E+00
  47.00000  0.215324119468E+00
  47.10000  0.208162492089E+00
  47.20000  0.187991066222E+00
  47.30000  0.177029304020E+00
  47.40000  0.169755907967E+00
  47.50000  0.143470227754E+00
  47.60000  0.140420077576E+00
  47.70000  0.151810079363E+00
  47.80000  0.138937360144E+00
  47.90000  0.147782473665E+00
  48.00000  0.172852793377E+00
  48.10000  0.166133265344E+00
  48.20000  0.167306619267E+00
  48.30000  0.179083693759E+00
  48.40000  0.160828297116E+00
  48.50000  0.142424047791E+00
  48.60000  0.131626136530E+00
  48.70000  0.109969606468E+00
  48.80000  0.955576466836E-01
  48.90000  0.862588911443E-01
  49.00000  0.889655244423E-01
  49.10000  0.110171082121E+00
  49.20000  0.121323965171E+00
  49.30000  0.148114252273E+00
  49.40000  0.193572044977E+00
  49.50000  0.202517556534E+00
  49.60000  0.211358442787E+00
  49.70000  0.233345240215E+00
  49.80000  0.207364510763E+00
  49.90000  0.172893170010E+00
  50.00000  0.156101242538E+00
  50.10000  0.114191116298E+00
  50.20000  0.787746535408E-01
  50.30000  0.686797701407E-01
  50.40000  0.680127838192E-01
  50.50000  0.914251139368E-01
  50.60000  0.122841986376E+00
  50.70000  0.168389389416E+00
  50.80000  0.233058007187E+00
  50.90000  0.262907775045E+00
  51.00000  0.282059260347E+00
  51.10000  0.308059185817E+00
  51.20000  0.277062148905E+00
  51.30000  0.226690363922E+00
  51.40000  0.194675267776E+00
  51.50000  0.134965933459E+00
  51.60000  0.818585718638E-01
  51.70000  0.666040109946E-01
  51.80000  0.643831343423E-01
  51.90000  0.884307363475E-01
  52.00000  0.131154804395E+00
  52.10000  0.183616028239E+00
  52.20000  0.246861786513E+00
  52.30000  0.278515850968E+00
  52.40000  0.289750039934E+00
  52.50000  0.297216327102E+00
  52.60000  0.255924485968E+00
  52.70000  0.195159979189E+00
  52.80000  0.151091692150E+00
  52.90000  0.932785018946E-01
  53.00000  0.467769805769E-01
  53.10000  0.379537636942E-01
  53.20000  0.449755799295E-01
  53.30000  0.717842280942E-01
  53.40000  0.115118006989E+00
  53.50000  0.160515590354E+00
  53.60000  0.203465682472E+00
  53.70000  0.225786135527E+00
  53.80000  0.228521578075E+00
  53.90000  0.218400566540E+00
  54.00000  0.183788496346E+00
  54.10000  0.137635032721E+00
  54.20000  0.952986308447E-01
  54.30000  0.528948806825E-01
  54.40000  0.199938184683E-01
  54.50000  0.740697658321E-02
  54.60000  0.976803498272E-02
  54.70000  0.250096691099E-01
  54.80000  0.593018699030E-01
  54.90000  0.101743463366E+00
  55.00000  0.139411753991E+00
  55.10000  0.183530899018E+00
  55.20000  0.220036350362E+00
  55.30000  0.228550673883E+00
  55.40000  0.231531045629E+00
  55.50000  0.220080032728E+00
  55.60000  0.176630676249E+00
  55.70000  0.132120604375E+00
  55.80000  0.887446734483E-01
  55.90000  0.449079746151E-01
  56.00000  0.231012728543E-01
  56.10000  0.220850285888E-01
  56.20000  0.576529309290E-01
  56.30000  0.122011887649E+00
  56.40000  0.185502002674E+00
  56.50000  0.277764053865E+00
  56.60000  0.366544302516E+00
  56.70000  0.397989456945E+00
  56.80000  0.422175846092E+00
  56.90000  0.419382732847E+00
  57.00000  0.347498799324E+00
  57.10000  0.272868347164E+00
  57.20000  0.203103566706E+00
  57.30000  0.128148777924E+00
  57.40000  0.924289375371E-01
  57.50000  0.938937758249E-01
  57.60000  0.144146871524E+00
  57.70000  0.233350817814E+00
  57.80000  0.315456856051E+00
  57.90000  0.421988731998E+00
  58.00000  0.515602975666E+00
  58.10000  0.528118821910E+00
  58.20000  0.524970980031E+00
  58.30000  0.494153870955E+00
  58.40000  0.388069546075E+00
  58.50000  0.288828212890E+00
  58.60000  0.211106476142E+00
  58.70000  0.135003673572E+00
  58.80000  0.107188402812E+00
  58.90000  0.122684430802E+00
  59.00000  0.177324112213E+00
  59.10000  0.262032091237E+00
  59.20000  0.332647886521E+00
  59.30000  0.409930544974E+00
  59.40000  0.469046287777E+00
  59.50000  0.455617671465E+00
  59.60000  0.425746281713E+00
  59.70000  0.379493716055E+00
  59.80000  0.279137976544E+00
  59.90000  0.190124138559E+00
  60.00000  0.127807241797E+00
  60.10000  0.685639968893E-01
  60.20000  0.471785918923E-01
  60.30000  0.630339802486E-01
  60.40000  0.100814846091E+00
  60.50000  0.158971664964E+00
  60.60000  0.215306072006E+00
  60.70000  0.270477630512E+00
  60.80000  0.313964847320E+00
  60.90000  0.319916956788E+00
  61.00000  0.308815654163E+00
  61.10000  0.282716316400E+00
  61.20000  0.224935583517E+00
  61.30000  0.164172758697E+00
  61.40000  0.113102389467E+00
  61.50000  0.612425033284E-01
  61.60000  0.291598777553E-01
  61.70000  0.275981716662E-01
  61.80000  0.419597874615E-01
  61.90000  0.763724160139E-01
  62.00000  0.133804295308E+00
  62.10000  0.191434952880E+00
  62.20000  0.241893470045E+00
  62.30000  0.287826330300E+00
  62.40000  0.308605880358E+00
  62.50000  0.300445660082E+00
  62.60000  0.275785094693E+00
  62.70000  0.230162881646E+00
  62.80000  0.173343444686E+00
  62.90000  0.119696122611E+00
  63.00000  0.768190654626E-01
  63.10000  0.618459570548E-01
  63.20000  0.665986516747E-01
  63.30000  0.915815513633E-01
  63.40000  0.153645589973E+00
  63.50000  0.213806296020E+00
  63.60000  0.259838640979E+00
  63.70000  0.316775570018E+00
  63.80000  0.339993218001E+00
  63.90000  0.320001939041E+00
  64.00000  0.298005084389E+00
  64.10000  0.251333285176E+00
  64.20000  0.183859234996E+00
  64.30000  0.133339704530E+00
  64.40000  0.950394267881E-01
  64.50000  0.797932307346E-01
  64.60000  0.896775845402E-01
  64.70000  0.116394731629E+00
  64.80000  0.175576265583E+00
  64.90000  0.230682516293E+00
  65.00000  0.264912198607E+00
  65.10000  0.311074195806E+00
  65.20000  0.324930497616E+00
  65.30000  0.292803196880E+00
  65.40000  0.267345269693E+00
  65.50000  0.222545078318E+00
  65.60000  0.152747712652E+00
  65.70000  0.106728172024E+00
  65.80000  0.736366578924E-01
  65.90000  0.512369629933E-01
  66.00000  0.569831524454E-01
  66.10000  0.799170385829E-01
  66.20000  0.122877484733E+00
  66.30000  0.170572727667E+00
  66.40000  0.207193950730E+00
  66.50000  0.250219149423E+00
  66.60000  0.273578413558E+00
  66.70000  0.262172189762E+00
  66.80000  0.250823862041E+00
  66.90000  0.222838366912E+00
  67.00000  0.167562295495E+00
  67.10000  0.125520586488E+00
  67.20000  0.918457604173E-01
  67.30000  0.569520887330E-01
  67.40000  0.496045563204E-01
  67.50000  0.663968729993E-01
  67.60000  0.935924199252E-01
  67.70000  0.139551523936E+00
  67.80000  0.195254833613E+00
  67.90000  0.245744393041E+00
  68.00000  0.287217708560E+00
  68.10000  0.310620899001E+00
  68.20000  0.312605584429E+00
  68.30000  0.293744355740E+00
  68.40000  0.252276728925E+00
  68.50000  0.204432280199E+00
  68.60000  0.160101625574E+00
  68.70000  0.115787984748E+00
  68.80000  0.968462370825E-01
  68.90000  0.111210743738E+00
  69.00000  0.134428680911E+00
  69.10000  0.184282496681E+00
  69.20000  0.260611283789E+00
  69.30000  0.317638033943E+00
  69.40000  0.365809148864E+00
  69.50000  0.409722308318E+00
  69.60000  0.408617038457E+00
  69.70000  0.378787023752E+00
  69.80000  0.339301714310E+00
  69.90000  0.276599937806E+00
  70.00000  0.213222234241E+00
  70.10000  0.163631593021E+00
  70.20000  0.134760120421E+00
  70.30000  0.141287968958E+00
  70.40000  0.163101879337E+00
  70.50000  0.209862696086E+00
  70.60000  0.287524101052E+00
  70.70000  0.341237632453E+00
  70.80000  0.382095908885E+00
  70.90000  0.427153953832E+00
  71.00000  0.418964375823E+00
  71.10000  0.377856401417E+00
  71.20000  0.340794425112E+00
  71.30000  0.273426650240E+00
  71.40000  0.199229691104E+00
  71.50000  0.151439608980E+00
  71.60000  0.115997136186E+00
  71.70000  0.105545703208E+00
  71.80000  0.119316014247E+00
  71.90000  0.151330469729E+00
  72.00000  0.206465925786E+00
  72.10000  0.249362681532E+00
  72.20000  0.281210565840E+00
  72.30000  0.318182842731E+00
  72.40000  0.316064701255E+00
  72.50000  0.285828969849E+00
  72.60000  0.262111858126E+00
  72.70000  0.212417646914E+00
  72.80000  0.150098183708E+00
  72.90000  0.111681503601E+00
  73.00000  0.774482983435E-01
  73.10000  0.525688077199E-01
  73.20000  0.551105178393E-01
  73.30000  0.716828449559E-01
  73.40000  0.995465608505E-01
  73.50000  0.135493407328E+00
  73.60000  0.170744544905E+00
  73.70000  0.204321665373E+00
  73.80000  0.224236875645E+00
  73.90000  0.227966729801E+00
  74.00000  0.223445027890E+00
  74.10000  0.202013987842E+00
  74.20000  0.166408140997E+00
  74.30000  0.132572575035E+00
  74.40000  0.972913594156E-01
  74.50000  0.625305266354E-01
  74.60000  0.465974504455E-01
  74.70000  0.457591696574E-01
  74.80000  0.524052292126E-01
  74.90000  0.825388700336E-01
  75.00000  0.127279341775E+00
  75.10000  0.165262727198E+00
  75.20000  0.211047660954E+00
  75.30000  0.255510288376E+00
  75.40000  0.271089206795E+00
  75.50000  0.276053730621E+00
  75.60000  0.270919783838E+00
  75.70000  0.236592457067E+00
  75.80000  0.195288361548E+00
  75.90000  0.156069610360E+00
  76.00000  0.115927297552E+00
  76.10000  0.909346520551E-01
  76.20000  0.809736073021E-01
  76.30000  0.951050533957E-01
  76.40000  0.134263247346E+00
  76.50000  0.172825587167E+00
  76.60000  0.227461158796E+00
  76.70000  0.291885723233E+00
  76.80000  0.320646053992E+00
  76.90000  0.340126179213E+00
  77.00000  0.355504869645E+00
  77.10000  0.323507155992E+00
  77.20000  0.278654831852E+00
  77.30000  0.241714472691E+00
  77.40000  0.185945879313E+00
  77.50000  0.140123844479E+00
  77.60000  0.120762930318E+00
  77.70000  0.115608637977E+00
  77.80000  0.134653977009E+00
  77.90000  0.168847683150E+00
  78.00000  0.216017928632E+00
  78.10000  0.274005691998E+00
  78.20000  0.310071870756E+00
  78.30000  0.335038629960E+00
  78.40000  0.355091567592E+00
  78.50000  0.333350118264E+00
  78.60000  0.293696979396E+00
  78.70000  0.259280352762E+00
  78.80000  0.202029298956E+00
  78.90000  0.146274692598E+00
  79.00000  0.118409884636E+00
  79.10000  0.970150523376E-01
  79.20000  0.921404053019E-01
  79.30000  0.115751611359E+00
  79.40000  0.149202335563E+00
  79.50000  0.188716626918E+00
  79.60000  0.230711363549E+00
  79.70000  0.263805166007E+00
  79.80000  0.284769447545E+00
  79.90000  0.286374087945E+00
  80.00000  0.269680465312E+00
  80.10000  0.242585873560E+00
  80.20000  0.201041164422E+00
  80.30000  0.153640551895E+00
  80.40000  0.116447518010E+00
  80.50000  0.837498469448E-01
  80.60000  0.597534057409E-01
  80.70000  0.606783240145E-01
  80.80000  0.730050285732E-01
  80.90000  0.895210676915E-01
  81.00000  0.125269633658E+00
  81.10000  0.161792832064E+00
  81.20000  0.183569732153E+00
  81.30000  0.209193420235E+00
  81.40000  0.224590542932E+00
  81.50000  0.214005825961E+00
  81.60000  0.200867288088E+00
  81.70000  0.180941790931E+00
  81.80000  0.144297592498E+00
  81.90000  0.112214847999E+00
  82.00000  0.859616343421E-01
  82.10000  0.636436647421E-01
  82.20000  0.546940360869E-01
  82.30000  0.554586548887E-01
  82.40000  0.727951877926E-01
  82.50000  0.101564027146E+00
  82.60000  0.125871990668E+00
  82.70000  0.162494746417E+00
  82.80000  0.199800150733E+00
  82.90000  0.211604936523E+00
  83.00000  0.224717221244E+00
  83.10000  0.233286969340E+00
  83.20000  0.209493053652E+00
  83.30000  0.185414442876E+00
  83.40000  0.165872198659E+00
  83.50000  0.128597916890E+00
  83.60000  0.100661057451E+00
  83.70000  0.903501387924E-01
  83.80000  0.824412772996E-01
  83.90000  0.898587995456E-01
  84.00000  0.113015704703E+00
  84.10000  0.143438634253E+00
  84.20000  0.180862438504E+00
  84.30000  0.214137758079E+00
  84.40000  0.244134804380E+00
  84.50000  0.268671133127E+00
  84.60000  0.270627256167E+00
  84.70000  0.262607704462E+00
  84.80000  0.251195699564E+00
  84.90000  0.218706182599E+00
  85.00000  0.184740438965E+00
  85.10000  0.164791433437E+00
  85.20000  0.139111494193E+00
  85.30000  0.123256810826E+00
  85.40000  0.134057438294E+00
  85.50000  0.146602732020E+00
  85.60000  0.165151978563E+00
  85.70000  0.203269878535E+00
  85.80000  0.234938415648E+00
  85.90000  0.256713287861E+00
  86.00000  0.280751761162E+00
  86.10000  0.289577938673E+00
  86.20000  0.281515225906E+00
  86.30000  0.268093123759E+00
  86.40000  0.244883852892E+00
  86.50000  0.217496993384E+00
  86.60000  0.190502569435E+00
  86.70000  0.166311737413E+00
  86.80000  0.157281642799E+00
  86.90000  0.153275268021E+00
  87.00000  0.153349966851E+00
  87.10000  0.175775799566E+00
  87.20000  0.196922008759E+00
  87.30000  0.208219013621E+00
  87.40000  0.235440836289E+00
  87.50000  0.252532386046E+00
  87.60000  0.246480982704E+00
  87.70000  0.249599356168E+00
  87.80000  0.244155403851E+00
  87.90000  0.217583160411E+00
  88.00000  0.200780751956E+00
  88.10000  0.185827754468E+00
  88.20000  0.163504026596E+00
  88.30000  0.152740534631E+00
  88.40000  0.149236764920E+00
  88.50000  0.149669358357E+00
  88.60000  0.156977112329E+00
  88.70000  0.164363312815E+00
  88.80000  0.178036071551E+00
  88.90000  0.190577862340E+00
  89.00000  0.190829333837E+00
  89.10000  0.196359181149E+00
  89.20000  0.198738814417E+00
  89.30000  0.182971913544E+00
  89.40000  0.174455102903E+00
  89.50000  0.169233840299E+00
  89.60000  0.148794217818E+00
  89.70000  0.138704673402E+00
  89.80000  0.139482787273E+00
  89.90000  0.129844293723E+00
  90.00000  0.129078254351E+00
  90.10000  0.140200406442E+00
  90.20000  0.142220190439E+00
  90.30000  0.146679834633E+00
  90.40000  0.157865184358E+00
  90.50000  0.159914323105E+00
  90.60000  0.159153338552E+00
  90.70000  0.159740575802E+00
  90.80000  0.154491119589E+00
  90.90000  0.147686556071E+00
  91.00000  0.139959459770E+00
  91.10000  0.132660037545E+00
  91.20000  0.130184990603E+00
  91.30000  0.125166193087E+00
  91.40000  0.124181100796E+00
  91.50000  0.133768829938E+00
  91.60000  0.136535621128E+00
  91.70000  0.140330166361E+00
  91.80000  0.156517193088E+00
  91.90000  0.160577154543E+00
  92.00000  0.158929126376E+00
  92.10000  0.169533609415E+00
  92.20000  0.167103174011E+00
  92.30000  0.155214922179E+00
  92.40000  0.156520497951E+00
  92.50000  0.150547275845E+00
  92.60000  0.137308519686E+00
  92.70000  0.138120095366E+00
  92.80000  0.139162772031E+00
  92.90000  0.137422729330E+00
  93.00000  0.146244648663E+00
  93.10000  0.157246422030E+00
  93.20000  0.167507034086E+00
  93.30000  0.179808892415E+00
  93.40000  0.189379916080E+00
  93.50000  0.198661754973E+00
  93.60000  0.202468951796E+00
  93.70000  0.197858493713E+00
  93.80000  0.196749206207E+00
  93.90000  0.190422339524E+00
  94.00000  0.174614790904E+00
  94.10000  0.170252212907E+00
  94.20000  0.167728389926E+00
  94.30000  0.156912439473E+00
  94.40000  0.163016529348E+00
  94.50000  0.176647246865E+00
  94.60000  0.179243215467E+00
  94.70000  0.195292682572E+00
  94.80000  0.217801588320E+00
  94.90000  0.222799686829E+00
  95.00000  0.231750887187E+00
  95.10000  0.243197248540E+00
  95.20000  0.235358397865E+00
  95.30000  0.225960957060E+00
  95.40000  0.218987330497E+00
  95.50000  0.201676659662E+00
  95.60000  0.186368976679E+00
  95.70000  0.176230647286E+00
  95.80000  0.169512554525E+00
  95.90000  0.171503091778E+00
  96.00000  0.175635169320E+00
  96.10000  0.189320484490E+00
  96.20000  0.213052521119E+00
  96.30000  0.226428081634E+00
  96.40000  0.243592829529E+00
  96.50000  0.267351829295E+00
  96.60000  0.267757275240E+00
  96.70000  0.263311401817E+00
  96.80000  0.265640641748E+00
  96.90000  0.243863785304E+00
  97.00000  0.216614476836E+00
  97.10000  0.203494596398E+00
  97.20000  0.178772528773E+00
  97.30000  0.155358102197E+00
  97.40000  0.152572431270E+00
  97.50000  0.151052849539E+00
  97.60000  0.154686992215E+00
  97.70000  0.174231304580E+00
  97.80000  0.196181002855E+00
  97.90000  0.218462783408E+00
  98.00000  0.241783068059E+00
  98.10000  0.259236393950E+00
  98.20000  0.270491829010E+00
  98.30000  0.270631720387E+00
  98.40000  0.259848222857E+00
  98.50000  0.245669816673E+00
  98.60000  0.221367570303E+00
  98.70000  0.190951348817E+00
  98.80000  0.170014095881E+00
  98.90000  0.149315378086E+00
  99.00000  0.129642695028E+00
  99.10000  0.130801280735E+00
  99.20000  0.138884134211E+00
  99.30000  0.145507706066E+00
  99.40000  0.171905103507E+00
  99.50000  0.201471842049E+00
  99.60000  0.216737436441E+00
  99.70000  0.240583379440E+00
  99.80000  0.260309980245E+00
  99.90000  0.255402562118E+00
 100.00000  0.250332591139E+00
 100.10000  0.241428824606E+00
 100.20000  0.212323588406E+00
 100.30000  0.185079456153E+00
 100.40000  0.162589496407E+00
 100.50000  0.136483880810E+00
 100.60000  0.120014357371E+00
 100.70000  0.113678242873E+00
 100.80000  0.117481720877E+00
 100.90000  0.133091442644E+00
 101.00000  0.150723394035E+00
 101.10000  0.178460931507E+00
 101.20000  0.211295925829E+00
 101.30000  0.228657777152E+00
 101.40000  0.246705246016E+00
 101.50000  0.263303567656E+00
 101.60000  0.253127488600E+00
 101.70000  0.238286183440E+00
 101.80000  0.225665059066E+00
 101.90000  0.191636417766E+00
 102.00000  0.158150191711E+00
 102.10000  0.138709652227E+00
 102.20000  0.113559709845E+00
 102.30000  0.971124927637E-01
 102.40000  0.101749987417E+00
 102.50000  0.110475582626E+00
 102.60000  0.127078045897E+00
 102.70000  0.157816790830E+00
 102.80000  0.188420878642E+00
 102.90000  0.215925015970E+00
 103.00000  0.242217837868E+00
 103.10000  0.258530591662E+00
 103.20000  0.262641939440E+00
 103.30000  0.256467513738E+00
 103.40000  0.238918609265E+00
 103.50000  0.213548553382E+00
 103.60000  0.182500144527E+00
 103.70000  0.149638697784E+00
 103.80000  0.124246507189E+00
 103.90000  0.103561291877E+00
 104.00000  0.893017856375E-01
 104.10000  0.944216134215E-01
 104.20000  0.107008412286E+00
 104.30000  0.120708740309E+00
 104.40000  0.152245156835E+00
 104.50000  0.183403919304E+00
 104.60000  0.199842805042E+00
 104.70000  0.224010155497E+00
 104.80000  0.239867890463E+00
 104.90000  0.230212364892E+00
 105.00000  0.222533996636E+00
 105.10000  0.209371081871E+00
 105.20000  0.175846248766E+00
 105.30000  0.148193040259E+00
 105.40000  0.126203620872E+00
 105.50000  0.997303220712E-01
 105.60000  0.852022569619E-01
 105.70000  0.824199611224E-01
 105.80000  0.869016379172E-01
 105.90000  0.101872973463E+00
 106.00000  0.120927643877E+00
 106.10000  0.146477101287E+00
 106.20000  0.173652650264E+00
 106.30000  0.189706688498E+00
 106.40000  0.204752339186E+00
 106.50000  0.214763628551E+00
 106.60000  0.204957324554E+00
 106.70000  0.191435765969E+00
 106.80000  0.176326771479E+00
 106.90000  0.146029709010E+00
 107.00000  0.117696977019E+00
 107.10000  0.985211301171E-01
 107.20000  0.754481600494E-01
 107.30000  0.608802834356E-01
 107.40000  0.630626090620E-01
 107.50000  0.672372454656E-01
 107.60000  0.781888883000E-01
 107.70000  0.103511691678E+00
 107.80000  0.126669242452E+00
 107.90000  0.146429724921E+00
 108.00000  0.171745249359E+00
 108.10000  0.187430468564E+00
 108.20000  0.190214603450E+00
 108.30000  0.192599348581E+00
 108.40000  0.184462737815E+00
 108.50000  0.163552470563E+00
 108.60000  0.143980343824E+00
 108.70000  0.121568461857E+00
 108.80000  0.962283427390E-01
 108.90000  0.774787793778E-01
 109.00000  0.640345381470E-01
 109.10000  0.588851912467E-01
 109.20000  0.614306130164E-01
 109.30000  0.684832308948E-01
 109.40000  0.880433350347E-01
 109.50000  0.109650315535E+00
 109.60000  0.125359664182E+00
 109.70000  0.150224211891E+00
 109.80000  0.169952256966E+00
 109.90000  0.172385124885E+00
 110.00000  0.179597296564E+00
 110.10000  0.180721897015E+00
 110.20000  0.161670786379E+00
 110.30000  0.147706187031E+00
 110.40000  0.134859233717E+00
 110.50000  0.109054461691E+00
 110.60000  0.923322173734E-01
 110.70000  0.856293970431E-01
 110.80000  0.756086182560E-01
 110.90000  0.762129364587E-01
 111.00000  0.890445757179E-01
 111.10000  0.101721463341E+00
 111.20000  0.119814867917E+00
 111.30000  0.143670080779E+00
 111.40000  0.163198736238E+00
 111.50000  0.179386353679E+00
 111.60000  0.192449162914E+00
 111.70000  0.197093605507E+00
 111.80000  0.194402690095E+00
 111.90000  0.185278142481E+00
 112.00000  0.170524417069E+00
 112.10000  0.153879971808E+00
 112.20000  0.134388056883E+00
 112.30000  0.117105240978E+00
 112.40000  0.108520081300E+00
 112.50000  0.100935364392E+00
 112.60000  0.996858617286E-01
 112.70000  0.114142873171E+00
 112.80000  0.127095231919E+00
 112.90000  0.140731651086E+00
 113.00000  0.169332711129E+00
 113.10000  0.189174178101E+00
 113.20000  0.198269587814E+00
 113.30000  0.217686893236E+00
 113.40000  0.224352353016E+00
 113.50000  0.213340526857E+00
 113.60000  0.210891418269E+00
 113.70000  0.200318889257E+00
 113.80000  0.175224065359E+00
 113.90000  0.161202144906E+00
 114.00000  0.148917090059E+00
 114.10000  0.131402811300E+00
 114.20000  0.126361825111E+00
 114.30000  0.128789781183E+00
 114.40000  0.133026775800E+00
 114.50000  0.145306715537E+00
 114.60000  0.161126694978E+00
 114.70000  0.179295110652E+00
 114.80000  0.197210413402E+00
 114.90000  0.209075122012E+00
 115.00000  0.221032021905E+00
 115.10000  0.227619969914E+00
 115.20000  0.221400725783E+00
 115.30000  0.216328734145E+00
 115.40000  0.208910529406E+00
 115.50000  0.188965285078E+00
 115.60000  0.175228598845E+00
 115.70000  0.167649594456E+00
 115.80000  0.151258863889E+00
 115.90000  0.144874284159E+00
 116.00000  0.151336487462E+00
 116.10000  0.149697220594E+00
 116.20000  0.155485486967E+00
 116.30000  0.174754720168E+00
 116.40000  0.182455034665E+00
 116.50000  0.189707267811E+00
 116.60000  0.206964892952E+00
 116.70000  0.210063668674E+00
 116.80000  0.206276197824E+00
 116.90000  0.209761350218E+00
 117.00000  0.201940512300E+00
 117.10000  0.187235977871E+00
 117.20000  0.179797830572E+00
 117.30000  0.168348545550E+00
 117.40000  0.155126675815E+00
 117.50000  0.148858176156E+00
 117.60000  0.144497327925E+00
 117.70000  0.143823838783E+00
 117.80000  0.146296330064E+00
 117.90000  0.150432695321E+00
 118.00000  0.160798453089E+00
 118.10000  0.168094120633E+00
 118.20000  0.171791889405E+00
 118.30000  0.182287907309E+00
 118.40000  0.185443964894E+00
 118.50000  0.179581133293E+00
 118.60000  0.181841075126E+00
 118.70000  0.177817700603E+00
 118.80000  0.162807549349E+00
 118.90000  0.158514329175E+00
 119.00000  0.153093437533E+00
 119.10000  0.137551029397E+00
 119.20000  0.134496818153E+00
 119.30000  0.135502626554E+00
 119.40000  0.126916369604E+00
 119.50000  0.129200948249E+00
 119.60000  0.137816914634E+00
 119.70000  0.135902567236E+00
 119.80000  0.140071396285E+00
 119.90000  0.149927925462E+00
 120.00000  0.148518833482E+00
 120.10000  0.148431712049E+00
 120.20000  0.152852605086E+00
 120.30000  0.147735400835E+00
 120.40000  0.141816297968E+00
 120.50000  0.139983051540E+00
 120.60000  0.133188866439E+00
 120.70000  0.126454740643E+00
 120.80000  0.122948890640E+00
 120.90000  0.119222952470E+00
 121.00000  0.117771776803E+00
 121.10000  0.116885343121E+00
 121.20000  0.117815669872E+00
 121.30000  0.122820457179E+00
 121.40000  0.124114374385E+00
 121.50000  0.126020018586E+00
 121.60000  0.133357649794E+00
 121.70000  0.133297201339E+00
 121.80000  0.131102709424E+00
 121.90000  0.136118016868E+00
 122.00000  0.132796345267E+00
 122.10000  0.125136081379E+00
 122.20000  0.127285723117E+00
 122.30000  0.123224918102E+00
 122.40000  0.113532882494E+00
 122.50000  0.115913472850E+00
 122.60000  0.115629427904E+00
 122.70000  0.108507152174E+00
 122.80000  0.113775530227E+00
 122.90000  0.119112000347E+00
 123.00000  0.115568069752E+00
 123.10000  0.122308561637E+00
 123.20000  0.130583175707E+00
 123.30000  0.127863385586E+00
 123.40000  0.131800222572E+00
 123.50000  0.138165546173E+00
 123.60000  0.133423748105E+00
 123.70000  0.132334416440E+00
 123.80000  0.134727509826E+00
 123.90000  0.128685856242E+00
 124.00000  0.124919505839E+00
 124.10000  0.125461557802E+00
 124.20000  0.122085743895E+00
 124.30000  0.120726702708E+00
 124.40000  0.122583527849E+00
 124.50000  0.124339710232E+00
 124.60000  0.128121098226E+00
 124.70000  0.131598899732E+00
 124.80000  0.136364832463E+00
 124.90000  0.143156433667E+00
 125.00000  0.144972530442E+00
 125.10000  0.147478338679E+00
 125.20000  0.153051780849E+00
 125.30000  0.150302673013E+00
 125.40000  0.147216131739E+00
 125.50000  0.150163231544E+00
 125.60000  0.144310451305E+00
 125.70000  0.137540537290E+00
 125.80000  0.141186242235E+00
 125.90000  0.137875437302E+00
 126.00000  0.132583099258E+00
 126.10000  0.141279311463E+00
 126.20000  0.145087760649E+00
 126.30000  0.143944370020E+00
 126.40000  0.157599629023E+00
 126.50000  0.167359149889E+00
 126.60000  0.167227127309E+00
 126.70000  0.179643081925E+00
 126.80000  0.188903464627E+00
 126.90000  0.184168853208E+00
 127.00000  0.188684820329E+00
 127.10000  0.192050198120E+00
 127.20000  0.181042484181E+00
 127.30000  0.177120292028E+00
 127.40000  0.175817951255E+00
 127.50000  0.164302859309E+00
 127.60000  0.158931187345E+00
 127.70000  0.159161533217E+00
 127.80000  0.155204121507E+00
 127.90000  0.156402486941E+00
 128.00000  0.162615287525E+00
 128.10000  0.168780098676E+00
 128.20000  0.177756387175E+00
 128.30000  0.186878040652E+00
 128.40000  0.196872980622E+00
 128.50000  0.207189065575E+00
 128.60000  0.211231461085E+00
 128.70000  0.215375341096E+00
 128.80000  0.219672920896E+00
 128.90000  0.213606781640E+00
 129.00000  0.207812567907E+00
 129.10000  0.205962642342E+00
 129.20000  0.193699318852E+00
 129.30000  0.183174542701E+00
 129.40000  0.182953998580E+00
 129.50000  0.174545215957E+00
 129.60000  0.168252530183E+00
 129.70000  0.177664483894E+00
 129.80000  0.180261459005E+00
 129.90000  0.181526652874E+00
 130.00000  0.199937657967E+00
 130.10000  0.210747438567E+00
 130.20000  0.213316301624E+00
 130.30000  0.230874069809E+00
 130.40000  0.240080487686E+00
 130.50000  0.234511992112E+00
 130.60000  0.240782323253E+00
 130.70000  0.240937272020E+00
 130.80000  0.224684383727E+00
 130.90000  0.218769375564E+00
 131.00000  0.212383827961E+00
 131.10000  0.193563841590E+00
 131.20000  0.184718209693E+00
 131.30000  0.181144499064E+00
 131.40000  0.171693795483E+00
 131.50000  0.170903734556E+00
 131.60000  0.176921812401E+00
 131.70000  0.181588592453E+00
 131.80000  0.191124483860E+00
 131.90000  0.203553435173E+00
 132.00000  0.215581164187E+00
 132.10000  0.227696224860E+00
 132.20000  0.236035844132E+00
 132.30000  0.243071982509E+00
 132.40000  0.247682729212E+00
 132.50000  0.243625264848E+00
 132.60000  0.238772762368E+00
 132.70000  0.233729182771E+00
 132.80000  0.219179808276E+00
 132.90000  0.206509565952E+00
 133.00000  0.199800865939E+00
 133.10000  0.185360913212E+00
 133.20000  0.175213904674E+00
 133.30000  0.177555773250E+00
 133.40000  0.173103603168E+00
 133.50000  0.171523583570E+00
 133.60000  0.185830677630E+00
 133.70000  0.191758150370E+00
 133.80000  0.194532336210E+00
 133.90000  0.212921948727E+00
 134.00000  0.220802873810E+00
 134.10000  0.218078424064E+00
 134.20000  0.229131885322E+00
 134.30000  0.230339226092E+00
 134.40000  0.216544493875E+00
 134.50000  0.215533550788E+00
 134.60000  0.209602984052E+00
 134.70000  0.189394506468E+00
 134.80000  0.181850980078E+00
 134.90000  0.176095663832E+00
 135.00000  0.160085925172E+00
 135.10000  0.155861528607E+00
 135.20000  0.158106241068E+00
 135.30000  0.153884320684E+00
 135.40000  0.158151027597E+00
 135.50000  0.169034741005E+00
 135.60000  0.174707826301E+00
 135.70000  0.183662548975E+00
 135.80000  0.195917159066E+00
 135.90000  0.202478834717E+00
 136.00000  0.207553214112E+00
 136.10000  0.212066622640E+00
 136.20000  0.211128376174E+00
 136.30000  0.207136294683E+00
 136.40000  0.200847622176E+00
 136.50000  0.191889091047E+00
 136.60000  0.182420347277E+00
 136.70000  0.170850972791E+00
 136.80000  0.160653219714E+00
 136.90000  0.154910844217E+00
 137.00000  0.147080871472E+00
 137.10000  0.142844296240E+00
 137.20000  0.147573046604E+00
 137.30000  0.148169344711E+00
 137.40000  0.150373817266E+00
 137.50000  0.163788916078E+00
 137.60000  0.169678038417E+00
 137.70000  0.171819803826E+00
 137.80000  0.185591645397E+00
 137.90000  0.189780264140E+00
 138.00000  0.184600442340E+00
 138.10000  0.191102782738E+00
 138.20000  0.189448799953E+00
 138.30000  0.175387003878E+00
 138.40000  0.173654594233E+00
 138.50000  0.168613160822E+00
 138.60000  0.151258597506E+00
 138.70000  0.146951317313E+00
 138.80000  0.145284710591E+00
 138.90000  0.132707664316E+00
 139.00000  0.132535524392E+00
 139.10000  0.139426757928E+00
 139.20000  0.135877095048E+00
 139.30000  0.141625694701E+00
 139.40000  0.156017258976E+00
 139.50000  0.158727923050E+00
 139.60000  0.165529211908E+00
 139.70000  0.180456894205E+00
 139.80000  0.182365613178E+00
 139.90000  0.183199535550E+00
 140.00000  0.191460377442E+00
 140.10000  0.187650264387E+00
 140.20000  0.179906128788E+00
 140.30000  0.179694617552E+00
 140.40000  0.171395665461E+00
 140.50000  0.159438752386E+00
 140.60000  0.155312158595E+00
 140.70000  0.148381830068E+00
 140.80000  0.140022027807E+00
 140.90000  0.138407086658E+00
 141.00000  0.137626534303E+00
 141.10000  0.137694243173E+00
 141.20000  0.141445120486E+00
 141.30000  0.146402667097E+00
 141.40000  0.153498157741E+00
 141.50000  0.160265428949E+00
 141.60000  0.165857539846E+00
 141.70000  0.174099179935E+00
 141.80000  0.178911307102E+00
 141.90000  0.179369458598E+00
 142.00000  0.183341433883E+00
 142.10000  0.183355938200E+00
 142.20000  0.176856249237E+00
 142.30000  0.175868142947E+00
 142.40000  0.173195533115E+00
 142.50000  0.162991233824E+00
 142.60000  0.160845734818E+00
 142.70000  0.160937007604E+00
 142.80000  0.152441605269E+00
 142.90000  0.153430247471E+00
 143.00000  0.160498460680E+00
 143.10000  0.156622545993E+00
 143.20000  0.160920012873E+00
 143.30000  0.173975851784E+00
 143.40000  0.172822967039E+00
 143.50000  0.175997839204E+00
 143.60000  0.189852365404E+00
 143.70000  0.187409854175E+00
 143.80000  0.184640370112E+00
 143.90000  0.194447337187E+00
 144.00000  0.188745639253E+00
 144.10000  0.179000813727E+00
 144.20000  0.183908836088E+00
 144.30000  0.177186429169E+00
 144.40000  0.164379555332E+00
 144.50000  0.167818163311E+00
 144.60000  0.164924205517E+00
 144.70000  0.154741645896E+00
 144.80000  0.160779449727E+00
 144.90000  0.165094667786E+00
 145.00000  0.160668367462E+00
 145.10000  0.170324290523E+00
 145.20000  0.181062775877E+00
 145.30000  0.180928775219E+00
 145.40000  0.190916725476E+00
 145.50000  0.203149399426E+00
 145.60000  0.202582169718E+00
 145.70000  0.207733018937E+00
 145.80000  0.215922400769E+00
 145.90000  0.211397716495E+00
 146.00000  0.209404532107E+00
 146.10000  0.211648917876E+00
 146.20000  0.204055841400E+00
 146.30000  0.197692866791E+00
 146.40000  0.196596578932E+00
 146.50000  0.190330254388E+00
 146.60000  0.185436871247E+00
 146.70000  0.185375721980E+00
 146.80000  0.184362675676E+00
 146.90000  0.185238461060E+00
 147.00000  0.188300498714E+00
 147.10000  0.192380251629E+00
 147.20000  0.198737186341E+00
 147.30000  0.203243900603E+00
 147.40000  0.208340651759E+00
 147.50000  0.216288256778E+00
 147.60000  0.218660220477E+00
 147.70000  0.219864319194E+00
 147.80000  0.225404927686E+00
 147.90000  0.223573485292E+00
 148.00000  0.218807813626E+00
 148.10000  0.221282712874E+00
 148.20000  0.217051729107E+00
 148.30000  0.208395208676E+00
 148.40000  0.210751990815E+00
 148.50000  0.208793011457E+00
 148.60000  0.200357680772E+00
 148.70000  0.206137148642E+00
 148.80000  0.210531902948E+00
 148.90000  0.204868199652E+00
 149.00000  0.214469430475E+00
 149.10000  0.225336294015E+00
 149.20000  0.221145068441E+00
 149.30000  0.230590630575E+00
 149.40000  0.243970932542E+00
 149.50000  0.237729704590E+00
 149.60000  0.241816851420E+00
 149.70000  0.253320712616E+00
 149.80000  0.243142396701E+00
 149.90000  0.239563805688E+00
 150.00000  0.247665423486E+00
 150.10000  0.235242172914E+00
 150.20000  0.225994753827E+00
 150.30000  0.232685391213E+00
 150.40000  0.222498359280E+00
 150.50000  0.212302864701E+00
 150.60000  0.221067963461E+00
 150.70000  0.217339244484E+00
 150.80000  0.209943120623E+00
 150.90000  0.222266783837E+00
 151.00000  0.225815795623E+00
 151.10000  0.221326162979E+00
 151.20000  0.234995772732E+00
 151.30000  0.242798440632E+00
 151.40000  0.238260315150E+00
 151.50000  0.248790454562E+00
 151.60000  0.256249098169E+00
 151.70000  0.248631047106E+00
 151.80000  0.252676679730E+00
 151.90000  0.257029906264E+00
 152.00000  0.246418703784E+00
 152.10000  0.244633771128E+00
 152.20000  0.246773288846E+00
 152.30000  0.236710646598E+00
 152.40000  0.233144489295E+00
 152.50000  0.235988846245E+00
 152.60000  0.230475678446E+00
 152.70000  0.229187857827E+00
 152.80000  0.234578915559E+00
 152.90000  0.234887769160E+00
 153.00000  0.237061429927E+00
 153.10000  0.243972975641E+00
 153.20000  0.247707547724E+00
 153.30000  0.251232363523E+00
 153.40000  0.256397627079E+00
 153.50000  0.259279149756E+00
 153.60000  0.261034765418E+00
 153.70000  0.261588719955E+00
 153.80000  0.260613618196E+00
 153.90000  0.259547736644E+00
 154.00000  0.255515264670E+00
 154.10000  0.250882103357E+00
 154.20000  0.249251263050E+00
 154.30000  0.243948277079E+00
 154.40000  0.238475442003E+00
 154.50000  0.240312098019E+00
 154.60000  0.238260486378E+00
 154.70000  0.234669868264E+00
 154.80000  0.242304453635E+00
 154.90000  0.245829900789E+00
 155.00000  0.243920845825E+00
 155.10000  0.255453633272E+00
 155.20000  0.263020967417E+00
 155.30000  0.259654277210E+00
 155.40000  0.270094148774E+00
 155.50000  0.278075500621E+00
 155.60000  0.270005350838E+00
 155.70000  0.274877256685E+00
 155.80000  0.280749024169E+00
 155.90000  0.267431154299E+00
 156.00000  0.265599347196E+00
 156.10000  0.269898607151E+00
 156.20000  0.254247144188E+00
 156.30000  0.248194237444E+00
 156.40000  0.254097364067E+00
 156.50000  0.240881656499E+00
 156.60000  0.234403095597E+00
 156.70000  0.245073206653E+00
 156.80000  0.237856105514E+00
 156.90000  0.232782270519E+00
 157.00000  0.248372351595E+00
 157.10000  0.247248157469E+00
 157.20000  0.241964362042E+00
 157.30000  0.258926998003E+00
 157.40000  0.260957036049E+00
 157.50000  0.252027430248E+00
 157.60000  0.265423422285E+00
 157.70000  0.267351072971E+00
 157.80000  0.252820693077E+00
 157.90000  0.259790204596E+00
 158.00000  0.260821746739E+00
 158.10000  0.242419950203E+00
 158.20000  0.244015643302E+00
 158.30000  0.246401174378E+00
 158.40000  0.228760610944E+00
 158.50000  0.228692192153E+00
 158.60000  0.235766351875E+00
 158.70000  0.223458529411E+00
 158.80000  0.225022554358E+00
 158.90000  0.238461419302E+00
 159.00000  0.233236567377E+00
 159.10000  0.236770696353E+00
 159.20000  0.254856366053E+00
 159.30000  0.254673383483E+00
 159.40000  0.257067193842E+00
 159.50000  0.274983969946E+00
 159.60000  0.275398618701E+00
 159.70000  0.272261310699E+00
 159.80000  0.284763672242E+00
 159.90000  0.282187389356E+00
 160.00000  0.271554531004E+00
 160.10000  0.276468396400E+00
 160.20000  0.270928629808E+00
 160.30000  0.255391179488E+00
 160.40000  0.254933733972E+00
 160.50000  0.249818093767E+00
 160.60000  0.234993050323E+00
 160.70000  0.233772188017E+00
 160.80000  0.232962066222E+00
 160.90000  0.223814805640E+00
 161.00000  0.225508403334E+00
 161.10000  0.230548022260E+00
 161.20000  0.228582377396E+00
 161.30000  0.233756435059E+00
 161.40000  0.242814713091E+00
 161.50000  0.245606844307E+00
 161.60000  0.251638214323E+00
 161.70000  0.260424528893E+00
 161.80000  0.263386883566E+00
 161.90000  0.266461610852E+00
 162.00000  0.270689699939E+00
 162.10000  0.270149630174E+00
 162.20000  0.268349193505E+00
 162.30000  0.266506784975E+00
 162.40000  0.262119422829E+00
 162.50000  0.257243137117E+00
 162.60000  0.251493067782E+00
 162.70000  0.245935573161E+00
 162.80000  0.242235180030E+00
 162.90000  0.236534597278E+00
 163.00000  0.232799304420E+00
 163.10000  0.233752292136E+00
 163.20000  0.230979238451E+00
 163.30000  0.229904172775E+00
 163.40000  0.235962076090E+00
 163.50000  0.236483377054E+00
 163.60000  0.236439134314E+00
 163.70000  0.245220718895E+00
 163.80000  0.247432498942E+00
 163.90000  0.245682621714E+00
 164.00000  0.253759108977E+00
 164.10000  0.255610439653E+00
 164.20000  0.249987444930E+00
 164.30000  0.254888209162E+00
 164.40000  0.255530568359E+00
 164.50000  0.245736014767E+00
 164.60000  0.247253642768E+00
 164.70000  0.248036494703E+00
 164.80000  0.235978964071E+00
 164.90000  0.235882551885E+00
 165.00000  0.239632080780E+00
 165.10000  0.228193521751E+00
 165.20000  0.228246110937E+00
 165.30000  0.236984511113E+00
 165.40000  0.228005989801E+00
 165.50000  0.228037478500E+00
 165.60000  0.241246958629E+00
 165.70000  0.234685975651E+00
 165.80000  0.232691775867E+00
 165.90000  0.247800044495E+00
 166.00000  0.242698416245E+00
 166.10000  0.236622869722E+00
 166.20000  0.250898816955E+00
 166.30000  0.246797630401E+00
 166.40000  0.236029037655E+00
 166.50000  0.248045962287E+00
 166.60000  0.245635460593E+00
 166.70000  0.231265811961E+00
 166.80000  0.241236389452E+00
 166.90000  0.242256389947E+00
 167.00000  0.226480326640E+00
 167.10000  0.235544185227E+00
 167.20000  0.241945329830E+00
 167.30000  0.226840807090E+00
 167.40000  0.235437875567E+00
 167.50000  0.247777794026E+00
 167.60000  0.233930114227E+00
 167.70000  0.240417610179E+00
 167.80000  0.256808698816E+00
 167.90000  0.243198343656E+00
 168.00000  0.244512437395E+00
 168.10000  0.261669463902E+00
 168.20000  0.247357732054E+00
 168.30000  0.241458678481E+00
 168.40000  0.257005329667E+00
 168.50000  0.242811706421E+00
 168.60000  0.230324728675E+00
 168.70000  0.243981011321E+00
 168.80000  0.232368310875E+00
 168.90000  0.215969913119E+00
 169.00000  0.228958917523E+00
 169.10000  0.222766267144E+00
 169.20000  0.205541328642E+00
 169.30000  0.219360989094E+00
 169.40000  0.220727690241E+00
 169.50000  0.204825422592E+00
 169.60000  0.219913881084E+00
 169.70000  0.229289509352E+00
 169.80000  0.214912761633E+00
 169.90000  0.229358128618E+00
 170.00000  0.244629432030E+00
 170.10000  0.229919989968E+00
 170.20000  0.239674061804E+00
 170.30000  0.256911355093E+00
 170.40000  0.239796555408E+00
 170.50000  0.241320157462E+00
 170.60000  0.257428522077E+00
 170.70000  0.238236687210E+00
 170.80000  0.231291889953E+00
 170.90000  0.245989624741E+00
 171.00000  0.227950977691E+00
 171.10000  0.215524670533E+00
 171.20000  0.230659387205E+00
 171.30000  0.217876191542E+00
 171.40000  0.203718462545E+00
 171.50000  0.221209825053E+00
 171.60000  0.216537568198E+00
 171.70000  0.203012684053E+00
 171.80000  0.223299972297E+00
 171.90000  0.227417939439E+00
 172.00000  0.214604353753E+00
 172.10000  0.235659466563E+00
 172.20000  0.246622287487E+00
 172.30000  0.232305517068E+00
 172.40000  0.249538010467E+00
 172.50000  0.263198950789E+00
 172.60000  0.244450880318E+00
 172.70000  0.252943268421E+00
 172.80000  0.265412161187E+00
 172.90000  0.241674300636E+00
 173.00000  0.239838373208E+00
 173.10000  0.250378290502E+00
 173.20000  0.225120745991E+00
 173.30000  0.215961299099E+00
 173.40000  0.227135549814E+00
 173.50000  0.205935542015E+00
 173.60000  0.194449603421E+00
 173.70000  0.209587516666E+00
 173.80000  0.196853099140E+00
 173.90000  0.186605085218E+00
 174.00000  0.207457338125E+00
 174.10000  0.204889563906E+00
 174.20000  0.196467661056E+00
 174.30000  0.222018438199E+00
 174.40000  0.228440518050E+00
 174.50000  0.219358710318E+00
 174.60000  0.245133744898E+00
 174.70000  0.256546172885E+00
 174.80000  0.242388858566E+00
 174.90000  0.261606561975E+00
 175.00000  0.272863125369E+00
 175.10000  0.250620890112E+00
 175.20000  0.258391182135E+00
 175.30000  0.266855745867E+00
 175.40000  0.238456256659E+00
 175.50000  0.235589005481E+00
 175.60000  0.243181247630E+00
 175.70000  0.214994294019E+00
 175.80000  0.206923222915E+00
 175.90000  0.218124148981E+00
 176.00000  0.196675377443E+00
 176.10000  0.188852996684E+00
 176.20000  0.207414423213E+00
 176.30000  0.196200988683E+00
 176.40000  0.190792066609E+00
 176.50000  0.217957812756E+00
 176.60000  0.217196661022E+00
 176.70000  0.212190163184E+00
 176.80000  0.245266756178E+00
 176.90000  0.251970779057E+00
 177.00000  0.241465632956E+00
 177.10000  0.272798210867E+00
 177.20000  0.281198372706E+00
 177.30000  0.258439845553E+00
 177.40000  0.278649525313E+00
 177.50000  0.283866483836E+00
 177.60000  0.247497985130E+00
 177.70000  0.252639823871E+00
 177.80000  0.255423521925E+00
 177.90000  0.212743880516E+00
 178.00000  0.207531197451E+00
 178.10000  0.213920670310E+00
 178.20000  0.175926078182E+00
 178.30000  0.168855435616E+00
 178.40000  0.185523302601E+00
 178.50000  0.159479129746E+00
 178.60000  0.156341804915E+00
 178.70000  0.188773086536E+00
 178.80000  0.177145001875E+00
 178.90000  0.178828479095E+00
 179.00000  0.232514322621E+00
 179.10000  0.235951205472E+00
 179.20000  0.236535175738E+00
 179.30000  0.313944612510E+00
 179.40000  0.330693857457E+00
 179.50000  0.312059217723E+00
 179.60000  0.407681870347E+00
 179.70000  0.434300231359E+00
 179.80000  0.356898254866E+00
 179.90000  0.477978991613E+00
 180.00000  0.672502463396E+00

