   0.10000  0.389805105925E+07
   0.20000  0.534290171601E+06
   0.30000  0.445816496850E+05
   0.40000  0.685836672374E+05
   0.50000  0.257008900386E+04
   0.60000  0.179877149217E+05
   0.70000  0.453535102607E+04
   0.80000  0.269024105255E+04
   0.90000  0.520519320647E+04
   1.00000  0.260500945874E+04
   1.10000  0.191583949095E+04
   1.20000  0.120515675081E+04
   1.30000  0.106688334065E+04
   1.40000  0.144293383912E+04
   1.50000  0.909693448122E+03
   1.60000  0.657504970147E+03
   1.70000  0.858853656593E+03
   1.80000  0.955595558988E+03
   1.90000  0.100482042063E+04
   2.00000  0.790106738944E+03
   2.10000  0.674329665625E+03
   2.20000  0.690709868061E+03
   2.30000  0.524431005683E+03
   2.40000  0.422025697662E+03
   2.50000  0.447129704859E+03
   2.60000  0.409951202450E+03
   2.70000  0.221357857234E+03
   2.80000  0.108904705774E+03
   2.90000  0.153304949186E+03
   3.00000  0.212886611364E+03
   3.10000  0.239235553051E+03
   3.20000  0.125716456498E+03
   3.30000  0.645835575516E+02
   3.40000  0.865047172994E+02
   3.50000  0.127434854776E+03
   3.60000  0.171021098861E+03
   3.70000  0.107606735710E+03
   3.80000  0.899719154355E+02
   3.90000  0.954171898650E+02
   4.00000  0.946405981607E+02
   4.10000  0.971509069372E+02
   4.20000  0.605496478795E+02
   4.30000  0.821922207486E+02
   4.40000  0.110658624870E+03
   4.50000  0.115670281830E+03
   4.60000  0.899702659490E+02
   4.70000  0.386603147465E+02
   4.80000  0.430961666340E+02
   4.90000  0.780201483614E+02
   5.00000  0.113584671100E+03
   5.10000  0.110245434742E+03
   5.20000  0.667432980320E+02
   5.30000  0.346041601196E+02
   5.40000  0.272857775281E+02
   5.50000  0.491861240007E+02
   5.60000  0.740375117797E+02
   5.70000  0.824528610574E+02
   5.80000  0.677081129322E+02
   5.90000  0.403236203655E+02
   6.00000  0.159115059034E+02
   6.10000  0.168012890700E+02
   6.20000  0.409707642266E+02
   6.30000  0.639829604860E+02
   6.40000  0.704469528814E+02
   6.50000  0.413746422387E+02
   6.60000  0.146448176495E+02
   6.70000  0.317782536970E+01
   6.80000  0.178471794651E+02
   6.90000  0.435100060293E+02
   7.00000  0.455327914896E+02
   7.10000  0.363037449397E+02
   7.20000  0.115003571249E+02
   7.30000  0.234087474790E+01
   7.40000  0.552226845920E+01
   7.50000  0.134582115299E+02
   7.60000  0.220827975949E+02
   7.70000  0.171787275119E+02
   7.80000  0.133059347191E+02
   7.90000  0.447288438113E+01
   8.00000  0.152460661833E+01
   8.10000  0.147344184357E+01
   8.20000  0.386682908244E+01
   8.30000  0.891265711624E+01
   8.40000  0.944498836766E+01
   8.50000  0.856093547438E+01
   8.60000  0.367684573781E+01
   8.70000  0.690375977286E+00
   8.80000  0.521394916985E+00
   8.90000  0.293496668954E+01
   9.00000  0.548905427029E+01
   9.10000  0.605519986200E+01
   9.20000  0.417704198934E+01
   9.30000  0.216163263129E+01
   9.40000  0.583558999771E+00
   9.50000  0.633387776616E+00
   9.60000  0.155942727713E+01
   9.70000  0.202554055397E+01
   9.80000  0.275028838358E+01
   9.90000  0.190033477814E+01
  10.00000  0.192325288323E+01
  10.10000  0.953574614386E+00
  10.20000  0.128455143505E+01
  10.30000  0.134839680168E+01
  10.40000  0.170656951075E+01
  10.50000  0.232583271092E+01
  10.60000  0.186979954717E+01
  10.70000  0.247771177439E+01
  10.80000  0.164826630215E+01
  10.90000  0.197255991069E+01
  11.00000  0.148104373971E+01
  11.10000  0.131742940124E+01
  11.20000  0.144087691475E+01
  11.30000  0.105672631008E+01
  11.40000  0.134749397378E+01
  11.50000  0.842619018705E+00
  11.60000  0.735117472097E+00
  11.70000  0.351679570804E+00
  11.80000  0.175811189625E+00
  11.90000  0.130843699148E+00
  12.00000  0.834155725302E-01
  12.10000  0.100535988225E+00
  12.20000  0.874649676845E-01
  12.30000  0.115968151827E+00
  12.40000  0.175847544243E+00
  12.50000  0.175185090925E+00
  12.60000  0.209805458073E+00
  12.70000  0.137481026825E+00
  12.80000  0.212034195284E+00
  12.90000  0.314048969477E+00
  13.00000  0.403375044150E+00
  13.10000  0.616738943439E+00
  13.20000  0.444796456695E+00
  13.30000  0.563918761695E+00
  13.40000  0.281033644079E+00
  13.50000  0.370779458331E+00
  13.60000  0.326985975156E+00
  13.70000  0.364364741868E+00
  13.80000  0.519857953023E+00
  13.90000  0.370424760681E+00
  14.00000  0.526322088880E+00
  14.10000  0.263779749006E+00
  14.20000  0.377168382673E+00
  14.30000  0.226069012476E+00
  14.40000  0.319027580383E+00
  14.50000  0.372198162048E+00
  14.60000  0.380330823027E+00
  14.70000  0.501444291376E+00
  14.80000  0.366614480978E+00
  14.90000  0.418761166223E+00
  15.00000  0.265083042496E+00
  15.10000  0.288493921955E+00
  15.20000  0.264612432811E+00
  15.30000  0.303028581905E+00
  15.40000  0.343752171146E+00
  15.50000  0.349040766476E+00
  15.60000  0.327302163698E+00
  15.70000  0.302370887017E+00
  15.80000  0.233976868387E+00
  15.90000  0.259016698312E+00
  16.00000  0.250075379984E+00
  16.10000  0.363367658916E+00
  16.20000  0.462136122354E+00
  16.30000  0.537507891545E+00
  16.40000  0.660763852076E+00
  16.50000  0.540864422297E+00
  16.60000  0.668777755414E+00
  16.70000  0.511163192167E+00
  16.80000  0.732442034902E+00
  16.90000  0.772026670249E+00
  17.00000  0.897765759654E+00
  17.10000  0.100836332809E+01
  17.20000  0.792489799308E+00
  17.30000  0.865407172699E+00
  17.40000  0.574123404905E+00
  17.50000  0.706256363598E+00
  17.60000  0.638086236308E+00
  17.70000  0.689987216441E+00
  17.80000  0.687581206119E+00
  17.90000  0.508181625873E+00
  18.00000  0.459181127570E+00
  18.10000  0.258448031430E+00
  18.20000  0.261514162207E+00
  18.30000  0.203712001548E+00
  18.40000  0.244961389200E+00
  18.50000  0.252149117071E+00
  18.60000  0.266123440130E+00
  18.70000  0.263174029677E+00
  18.80000  0.246595135813E+00
  18.90000  0.229635693309E+00
  19.00000  0.252798181821E+00
  19.10000  0.288394081340E+00
  19.20000  0.436539256629E+00
  19.30000  0.519349225672E+00
  19.40000  0.655814780001E+00
  19.50000  0.664261994367E+00
  19.60000  0.623354036651E+00
  19.70000  0.657370938497E+00
  19.80000  0.578558394295E+00
  19.90000  0.801145920373E+00
  20.00000  0.771353602271E+00
  20.10000  0.945039823830E+00
  20.20000  0.853618567122E+00
  20.30000  0.756997157453E+00
  20.40000  0.719581668191E+00
  20.50000  0.552087708957E+00
  20.60000  0.702573220340E+00
  20.70000  0.596329555435E+00
  20.80000  0.704232700249E+00
  20.90000  0.571819244703E+00
  21.00000  0.478576274239E+00
  21.10000  0.386727002123E+00
  21.20000  0.263567277530E+00
  21.30000  0.297072329663E+00
  21.40000  0.236864636384E+00
  21.50000  0.272093455353E+00
  21.60000  0.205376271828E+00
  21.70000  0.165127236093E+00
  21.80000  0.102386937340E+00
  21.90000  0.615482840325E-01
  22.00000  0.445357091124E-01
  22.10000  0.422003716486E-01
  22.20000  0.475743456056E-01
  22.30000  0.649769727968E-01
  22.40000  0.647068218544E-01
  22.50000  0.862457178413E-01
  22.60000  0.660976028340E-01
  22.70000  0.791954939868E-01
  22.80000  0.590903638177E-01
  22.90000  0.770345932965E-01
  23.00000  0.113224887653E+00
  23.10000  0.129831712215E+00
  23.20000  0.207777539807E+00
  23.30000  0.164884177906E+00
  23.40000  0.216796271659E+00
  23.50000  0.137481787192E+00
  23.60000  0.168817757208E+00
  23.70000  0.160533470995E+00
  23.80000  0.180937533219E+00
  23.90000  0.240437995423E+00
  24.00000  0.194771309132E+00
  24.10000  0.233573112520E+00
  24.20000  0.140064963544E+00
  24.30000  0.153359273001E+00
  24.40000  0.108100352746E+00
  24.50000  0.122597706167E+00
  24.60000  0.134285226778E+00
  24.70000  0.124863256108E+00
  24.80000  0.132833307377E+00
  24.90000  0.951506885915E-01
  25.00000  0.878609606698E-01
  25.10000  0.607111757368E-01
  25.20000  0.626250772406E-01
  25.30000  0.677668665491E-01
  25.40000  0.858119520356E-01
  25.50000  0.107558515820E+00
  25.60000  0.124928554904E+00
  25.70000  0.128066993872E+00
  25.80000  0.136484955468E+00
  25.90000  0.115859569718E+00
  26.00000  0.146169911331E+00
  26.10000  0.136565691325E+00
  26.20000  0.195597199834E+00
  26.30000  0.201460609016E+00
  26.40000  0.224549626058E+00
  26.50000  0.228296113681E+00
  26.60000  0.184914080220E+00
  26.70000  0.211853714097E+00
  26.80000  0.155601064432E+00
  26.90000  0.211478342637E+00
  27.00000  0.175510557696E+00
  27.10000  0.198475475037E+00
  27.20000  0.173256323368E+00
  27.30000  0.136701384228E+00
  27.40000  0.131107738421E+00
  27.50000  0.800932686726E-01
  27.60000  0.968033391711E-01
  27.70000  0.621436177796E-01
  27.80000  0.750240762778E-01
  27.90000  0.529070729963E-01
  28.00000  0.515065397467E-01
  28.10000  0.398136601066E-01
  28.20000  0.354727002133E-01
  28.30000  0.354317207644E-01
  28.40000  0.364472878263E-01
  28.50000  0.471764164415E-01
  28.60000  0.584525278693E-01
  28.70000  0.737543063622E-01
  28.80000  0.941638680988E-01
  28.90000  0.102552667463E+00
  29.00000  0.123217948474E+00
  29.10000  0.129053464741E+00
  29.20000  0.140666238032E+00
  29.30000  0.163030190541E+00
  29.40000  0.154839057025E+00
  29.50000  0.195652695572E+00
  29.60000  0.167013137046E+00
  29.70000  0.204121916410E+00
  29.80000  0.177761322278E+00
  29.90000  0.183995821021E+00
  30.00000  0.183012143800E+00
  30.10000  0.148753428784E+00
  30.20000  0.171218129181E+00
  30.30000  0.118733608646E+00
  30.40000  0.141817761436E+00
  30.50000  0.103000092557E+00
  30.60000  0.101123261040E+00
  30.70000  0.849815438617E-01
  30.80000  0.564857889647E-01
  30.90000  0.550423894396E-01
  31.00000  0.261114448476E-01
  31.10000  0.285614802242E-01
  31.20000  0.155573150283E-01
  31.30000  0.117378431792E-01
  31.40000  0.770510292379E-02
  31.50000  0.177382206613E-02
  31.60000  0.243154757740E-02
  31.70000  0.574940604982E-02
  31.80000  0.107931116215E-01
  31.90000  0.169149014133E-01
  32.00000  0.215330338964E-01
  32.10000  0.232175056588E-01
  32.20000  0.301011336872E-01
  32.30000  0.397337954777E-01
  32.40000  0.481544369160E-01
  32.50000  0.689723436580E-01
  32.60000  0.624523154878E-01
  32.70000  0.795748750363E-01
  32.80000  0.600419164215E-01
  32.90000  0.696524613969E-01
  33.00000  0.659937020382E-01
  33.10000  0.683093674674E-01
  33.20000  0.875907745653E-01
  33.30000  0.701619628748E-01
  33.40000  0.899677471158E-01
  33.50000  0.556934731353E-01
  33.60000  0.658420980088E-01
  33.70000  0.419510863435E-01
  33.80000  0.475499915702E-01
  33.90000  0.472996539198E-01
  34.00000  0.458774076749E-01
  34.10000  0.564481612575E-01
  34.20000  0.437474144401E-01
  34.30000  0.524159565364E-01
  34.40000  0.350089011410E-01
  34.50000  0.424335946049E-01
  34.60000  0.332915008479E-01
  34.70000  0.456456443005E-01
  34.80000  0.519415474949E-01
  34.90000  0.671973100889E-01
  35.00000  0.789918547914E-01
  35.10000  0.855333551243E-01
  35.20000  0.871663398885E-01
  35.30000  0.870901863682E-01
  35.40000  0.837580530060E-01
  35.50000  0.974399727835E-01
  35.60000  0.103613914178E+00
  35.70000  0.129983246420E+00
  35.80000  0.138337708558E+00
  35.90000  0.146264084561E+00
  36.00000  0.147362380010E+00
  36.10000  0.126865410796E+00
  36.20000  0.138844713984E+00
  36.30000  0.115176245793E+00
  36.40000  0.149792362098E+00
  36.50000  0.136097392971E+00
  36.60000  0.165384553319E+00
  36.70000  0.152010195461E+00
  36.80000  0.148004869343E+00
  36.90000  0.139860760582E+00
  37.00000  0.114857018393E+00
  37.10000  0.130631548861E+00
  37.20000  0.109829143122E+00
  37.30000  0.144641704546E+00
  37.40000  0.130281123300E+00
  37.50000  0.155738076152E+00
  37.60000  0.140318068753E+00
  37.70000  0.142673998080E+00
  37.80000  0.134743190219E+00
  37.90000  0.130042657712E+00
  38.00000  0.144169344832E+00
  38.10000  0.150551669888E+00
  38.20000  0.178180124418E+00
  38.30000  0.189666548190E+00
  38.40000  0.203947522415E+00
  38.50000  0.207204552270E+00
  38.60000  0.204422608933E+00
  38.70000  0.206551143863E+00
  38.80000  0.215197799617E+00
  38.90000  0.225646655341E+00
  39.00000  0.259238811168E+00
  39.10000  0.259948838985E+00
  39.20000  0.295060605729E+00
  39.30000  0.269186377661E+00
  39.40000  0.286776302085E+00
  39.50000  0.259842934712E+00
  39.60000  0.266562463814E+00
  39.70000  0.274234174453E+00
  39.80000  0.268650671207E+00
  39.90000  0.302832556521E+00
  40.00000  0.268810552703E+00
  40.10000  0.296675154662E+00
  40.20000  0.243874739103E+00
  40.30000  0.255964551580E+00
  40.40000  0.221340249127E+00
  40.50000  0.224537388652E+00
  40.60000  0.223353970284E+00
  40.70000  0.212731253805E+00
  40.80000  0.224550657934E+00
  40.90000  0.195160204759E+00
  41.00000  0.200929483105E+00
  41.10000  0.168111722761E+00
  41.20000  0.170366683390E+00
  41.30000  0.154404871176E+00
  41.40000  0.159632822566E+00
  41.50000  0.161116339343E+00
  41.60000  0.165943338812E+00
  41.70000  0.169386478058E+00
  41.80000  0.170212998376E+00
  41.90000  0.165852306997E+00
  42.00000  0.169946942459E+00
  42.10000  0.163198412472E+00
  42.20000  0.180343714306E+00
  42.30000  0.179966539024E+00
  42.40000  0.204316262799E+00
  42.50000  0.210210456084E+00
  42.60000  0.221728396947E+00
  42.70000  0.232444671019E+00
  42.80000  0.221215882838E+00
  42.90000  0.244107741073E+00
  43.00000  0.221354931400E+00
  43.10000  0.259236064278E+00
  43.20000  0.239236531025E+00
  43.30000  0.274045684653E+00
  43.40000  0.260800836451E+00
  43.50000  0.269405478413E+00
  43.60000  0.266391854533E+00
  43.70000  0.247949521286E+00
  43.80000  0.261471602094E+00
  43.90000  0.233485325709E+00
  44.00000  0.257878709098E+00
  44.10000  0.232503896679E+00
  44.20000  0.248795711261E+00
  44.30000  0.228072318500E+00
  44.40000  0.225500259430E+00
  44.50000  0.211814419996E+00
  44.60000  0.198726937175E+00
  44.70000  0.194191795516E+00
  44.80000  0.183592012376E+00
  44.90000  0.182697923319E+00
  45.00000  0.177890126197E+00
  45.10000  0.172270585919E+00
  45.20000  0.169940023800E+00
  45.30000  0.159701776924E+00
  45.40000  0.157707475840E+00
  45.50000  0.151873265049E+00
  45.60000  0.148889155630E+00
  45.70000  0.155145347750E+00
  45.80000  0.147516512602E+00
  45.90000  0.165055778946E+00
  46.00000  0.149790111738E+00
  46.10000  0.171821036534E+00
  46.20000  0.152976129712E+00
  46.30000  0.172551075331E+00
  46.40000  0.160926456532E+00
  46.50000  0.172376691306E+00
  46.60000  0.176364182378E+00
  46.70000  0.174569497411E+00
  46.80000  0.192742341935E+00
  46.90000  0.176716132427E+00
  47.00000  0.200524228132E+00
  47.10000  0.177840439955E+00
  47.20000  0.198609091023E+00
  47.30000  0.181273257193E+00
  47.40000  0.192998201839E+00
  47.50000  0.187183492093E+00
  47.60000  0.187029762512E+00
  47.70000  0.189280701355E+00
  47.80000  0.179697233187E+00
  47.90000  0.182856143754E+00
  48.00000  0.171197456412E+00
  48.10000  0.170863361736E+00
  48.20000  0.163333317953E+00
  48.30000  0.159053974022E+00
  48.40000  0.155325917393E+00
  48.50000  0.149478844542E+00
  48.60000  0.144455207133E+00
  48.70000  0.141171458846E+00
  48.80000  0.130768664707E+00
  48.90000  0.133537603611E+00
  49.00000  0.117871259956E+00
  49.10000  0.126488995853E+00
  49.20000  0.109165316782E+00
  49.30000  0.119243701533E+00
  49.40000  0.105327451695E+00
  49.50000  0.111084953633E+00
  49.60000  0.105137253750E+00
  49.70000  0.102796489057E+00
  49.80000  0.106966233846E+00
  49.90000  0.964074011447E-01
  50.00000  0.109181979626E+00
  50.10000  0.937040531401E-01
  50.20000  0.110335148891E+00
  50.30000  0.952029415349E-01
  50.40000  0.109796037304E+00
  50.50000  0.999822307006E-01
  50.60000  0.108101160778E+00
  50.70000  0.105959345311E+00
  50.80000  0.106493523652E+00
  50.90000  0.110753120117E+00
  51.00000  0.106218007610E+00
  51.10000  0.113067937365E+00
  51.20000  0.107911909766E+00
  51.30000  0.113334753069E+00
  51.40000  0.110907267791E+00
  51.50000  0.112824367650E+00
  51.60000  0.113153161810E+00
  51.70000  0.112522385940E+00
  51.80000  0.112749123775E+00
  51.90000  0.113040517192E+00
  52.00000  0.109869833282E+00
  52.10000  0.114656685652E+00
  52.20000  0.106594348616E+00
  52.30000  0.116577015059E+00
  52.40000  0.104836939211E+00
  52.50000  0.116849932666E+00
  52.60000  0.105193246668E+00
  52.70000  0.114162844060E+00
  52.80000  0.107650828099E+00
  52.90000  0.109599500708E+00
  53.00000  0.112077064687E+00
  53.10000  0.105847250277E+00
  53.20000  0.117419244879E+00
  53.30000  0.104828215135E+00
  53.40000  0.121520292824E+00
  53.50000  0.106808474127E+00
  53.60000  0.122915672208E+00
  53.70000  0.111478635518E+00
  53.80000  0.122575433639E+00
  53.90000  0.118554390036E+00
  54.00000  0.123015608378E+00
  54.10000  0.126875156079E+00
  54.20000  0.125820310946E+00
  54.30000  0.134188097703E+00
  54.40000  0.130797789034E+00
  54.50000  0.139082150665E+00
  54.60000  0.137250179095E+00
  54.70000  0.142723586593E+00
  54.80000  0.144683469761E+00
  54.90000  0.147618103016E+00
  55.00000  0.151963367377E+00
  55.10000  0.154867024801E+00
  55.20000  0.157315232868E+00
  55.30000  0.163528420740E+00
  55.40000  0.160331212434E+00
  55.50000  0.172207325612E+00
  55.60000  0.163160926894E+00
  55.70000  0.179878168857E+00
  55.80000  0.168579375751E+00
  55.90000  0.185290447846E+00
  56.00000  0.177276209129E+00
  56.10000  0.187354403866E+00
  56.20000  0.187752798927E+00
  56.30000  0.186901852543E+00
  56.40000  0.198096221831E+00
  56.50000  0.186927859079E+00
  56.60000  0.206743771201E+00
  56.70000  0.190166897333E+00
  56.80000  0.212245088499E+00
  56.90000  0.196941680396E+00
  57.00000  0.214030291405E+00
  57.10000  0.205686705541E+00
  57.20000  0.213653610369E+00
  57.30000  0.214568969492E+00
  57.40000  0.214048414712E+00
  57.50000  0.221990063080E+00
  57.60000  0.217053848460E+00
  57.70000  0.226715817327E+00
  57.80000  0.222252487689E+00
  57.90000  0.228908894523E+00
  58.00000  0.228098216221E+00
  58.10000  0.230630306509E+00
  58.20000  0.233131354352E+00
  58.30000  0.234151688966E+00
  58.40000  0.236120346395E+00
  58.50000  0.239790932196E+00
  58.60000  0.236558848300E+00
  58.70000  0.246002338003E+00
  58.80000  0.235821528048E+00
  58.90000  0.251045825823E+00
  59.00000  0.236744400873E+00
  59.10000  0.253639814113E+00
  59.20000  0.241051260109E+00
  59.30000  0.252737046246E+00
  59.40000  0.247725495298E+00
  59.50000  0.248440465030E+00
  59.60000  0.254407251576E+00
  59.70000  0.243237152702E+00
  59.80000  0.259394101782E+00
  59.90000  0.240653678604E+00
  60.00000  0.261551396847E+00
  60.10000  0.241995633373E+00
  60.20000  0.259727619136E+00
  60.30000  0.245425817904E+00
  60.40000  0.254113472821E+00
  60.50000  0.248528606199E+00
  60.60000  0.247574549260E+00
  60.70000  0.250349632386E+00
  60.80000  0.243593128811E+00
  60.90000  0.250404059785E+00
  61.00000  0.242656671812E+00
  61.10000  0.247672498448E+00
  61.20000  0.242159039359E+00
  61.30000  0.242305580785E+00
  61.40000  0.239935175378E+00
  61.50000  0.237057289670E+00
  61.60000  0.236143714776E+00
  61.70000  0.234790050253E+00
  61.80000  0.231357134782E+00
  61.90000  0.234814892609E+00
  62.00000  0.225092075101E+00
  62.10000  0.233579238467E+00
  62.20000  0.217702554048E+00
  62.30000  0.228931282521E+00
  62.40000  0.211917501042E+00
  62.50000  0.221799651755E+00
  62.60000  0.210155737626E+00
  62.70000  0.213530582995E+00
  62.80000  0.210941994465E+00
  62.90000  0.204016733279E+00
  63.00000  0.210123450288E+00
  63.10000  0.193703810847E+00
  63.20000  0.205529106183E+00
  63.30000  0.185300990315E+00
  63.40000  0.198454517891E+00
  63.50000  0.181138500813E+00
  63.60000  0.190505219723E+00
  63.70000  0.179678231201E+00
  63.80000  0.181453628656E+00
  63.90000  0.176897763161E+00
  64.00000  0.171319793558E+00
  64.10000  0.170978450505E+00
  64.20000  0.162340837511E+00
  64.30000  0.163622023212E+00
  64.40000  0.156620717180E+00
  64.50000  0.156657299120E+00
  64.60000  0.152791649930E+00
  64.70000  0.149687375260E+00
  64.80000  0.147280846729E+00
  64.90000  0.142107216512E+00
  65.00000  0.138766014196E+00
  65.10000  0.135336640895E+00
  65.20000  0.129408772060E+00
  65.30000  0.130968683672E+00
  65.40000  0.121462764550E+00
  65.50000  0.127677429749E+00
  65.60000  0.114723680197E+00
  65.70000  0.122194719456E+00
  65.80000  0.108277750685E+00
  65.90000  0.113367060427E+00
  66.00000  0.102901310031E+00
  66.10000  0.103427895563E+00
  66.20000  0.998167494033E-01
  66.30000  0.948727892756E-01
  66.40000  0.979038897697E-01
  66.50000  0.877913821003E-01
  66.60000  0.942331509852E-01
  66.70000  0.812006316591E-01
  66.80000  0.875595044681E-01
  66.90000  0.754859391563E-01
  67.00000  0.797166918375E-01
  67.10000  0.717912471717E-01
  67.20000  0.730257127103E-01
  67.30000  0.695607708718E-01
  67.40000  0.676679097428E-01
  67.50000  0.665088098021E-01
  67.60000  0.625339877018E-01
  67.70000  0.613929221339E-01
  67.80000  0.575705832393E-01
  67.90000  0.555410086631E-01
  68.00000  0.537827745482E-01
  68.10000  0.509793568284E-01
  68.20000  0.511788376362E-01
  68.30000  0.479935533820E-01
  68.40000  0.481968179027E-01
  68.50000  0.454288603378E-01
  68.60000  0.436828919955E-01
  68.70000  0.427576350113E-01
  68.80000  0.385069603281E-01
  68.90000  0.406241771886E-01
  69.00000  0.344876965410E-01
  69.10000  0.393163409593E-01
  69.20000  0.322422740989E-01
  69.30000  0.378056857980E-01
  69.40000  0.308905468271E-01
  69.50000  0.349402438639E-01
  69.60000  0.296478145478E-01
  69.70000  0.310501311935E-01
  69.80000  0.287861965364E-01
  69.90000  0.276547696502E-01
  70.00000  0.287359068867E-01
  70.10000  0.257129802846E-01
  70.20000  0.289348089216E-01
  70.30000  0.247859798903E-01
  70.40000  0.282657518556E-01
  70.50000  0.240257222278E-01
  70.60000  0.264970599730E-01
  70.70000  0.233876672608E-01
  70.80000  0.246823740773E-01
  70.90000  0.233937400712E-01
  71.00000  0.239400821201E-01
  71.10000  0.239815897064E-01
  71.20000  0.242374763771E-01
  71.30000  0.242544608996E-01
  71.40000  0.247174122262E-01
  71.50000  0.235931490077E-01
  71.60000  0.249609571589E-01
  71.70000  0.225948526229E-01
  71.80000  0.253749361120E-01
  71.90000  0.224706646956E-01
  72.00000  0.262436432093E-01
  72.10000  0.236423941587E-01
  72.20000  0.269493442120E-01
  72.30000  0.253924077478E-01
  72.40000  0.266447917865E-01
  72.50000  0.269530776014E-01
  72.60000  0.255252200448E-01
  72.70000  0.284195742979E-01
  72.80000  0.248515859646E-01
  72.90000  0.301981095246E-01
  73.00000  0.255511346801E-01
  73.10000  0.319210814649E-01
  73.20000  0.272466474369E-01
  73.30000  0.326187723449E-01
  73.40000  0.289868081799E-01
  73.50000  0.320762295235E-01
  73.60000  0.305345615370E-01
  73.70000  0.314117047539E-01
  73.80000  0.323382859451E-01
  73.90000  0.318807174487E-01
  74.00000  0.343653261456E-01
  74.10000  0.334502816621E-01
  74.20000  0.357503568170E-01
  74.30000  0.350680970213E-01
  74.40000  0.359784140876E-01
  74.50000  0.361396322749E-01
  74.60000  0.358843371530E-01
  74.70000  0.370552506547E-01
  74.80000  0.368352637280E-01
  74.90000  0.381498000412E-01
  75.00000  0.390767330699E-01
  75.10000  0.388855545509E-01
  75.20000  0.415039164225E-01
  75.30000  0.386624624337E-01
  75.40000  0.431082454665E-01
  75.50000  0.380612218506E-01
  75.60000  0.440011329534E-01
  75.70000  0.385012526123E-01
  75.80000  0.446929292269E-01
  75.90000  0.405789002708E-01
  76.00000  0.449715365992E-01
  76.10000  0.433504438128E-01
  76.20000  0.442405678953E-01
  76.30000  0.455247709155E-01
  76.40000  0.428104022702E-01
  76.50000  0.468446424146E-01
  76.60000  0.420398022252E-01
  76.70000  0.478215310911E-01
  76.80000  0.428674766781E-01
  76.90000  0.485154274271E-01
  77.00000  0.447008221681E-01
  77.10000  0.483788853574E-01
  77.20000  0.461969822833E-01
  77.30000  0.473912870906E-01
  77.40000  0.468155919858E-01
  77.50000  0.466100365924E-01
  77.60000  0.470537835298E-01
  77.70000  0.470733299826E-01
  77.80000  0.473165024588E-01
  77.90000  0.484814056189E-01
  78.00000  0.473020430688E-01
  78.10000  0.495121043283E-01
  78.20000  0.467918032789E-01
  78.30000  0.493510624877E-01
  78.40000  0.464635858550E-01
  78.50000  0.483852461154E-01
  78.60000  0.472712013069E-01
  78.70000  0.473302047639E-01
  78.80000  0.491291019505E-01
  78.90000  0.462774843498E-01
  79.00000  0.507823719652E-01
  79.10000  0.450296615357E-01
  79.20000  0.511247440883E-01
  79.30000  0.439913183800E-01
  79.40000  0.502340487290E-01
  79.50000  0.440303456873E-01
  79.60000  0.488873441753E-01
  79.70000  0.453409921391E-01
  79.80000  0.474694160564E-01
  79.90000  0.469393630126E-01
  80.00000  0.458517828135E-01
  80.10000  0.476092097470E-01
  80.20000  0.441856197021E-01
  80.30000  0.471000036268E-01
  80.40000  0.431677900187E-01
  80.50000  0.460807654141E-01
  80.60000  0.432190762121E-01
  80.70000  0.451166572810E-01
  80.80000  0.437470590489E-01
  80.90000  0.441652951287E-01
  81.00000  0.436470391830E-01
  81.10000  0.431217342167E-01
  81.20000  0.424689363391E-01
  81.30000  0.423488062146E-01
  81.40000  0.407647945358E-01
  81.50000  0.422541005495E-01
  81.60000  0.392906620595E-01
  81.70000  0.425167107377E-01
  81.80000  0.382395350265E-01
  81.90000  0.421814373219E-01
  82.00000  0.374358994242E-01
  82.10000  0.406343622386E-01
  82.20000  0.369450170960E-01
  82.30000  0.382285645207E-01
  82.40000  0.370410711635E-01
  82.50000  0.358105900476E-01
  82.60000  0.375742971184E-01
  82.70000  0.338579920223E-01
  82.80000  0.377646653614E-01
  82.90000  0.323152657483E-01
  83.00000  0.368747552358E-01
  83.10000  0.311076045230E-01
  83.20000  0.349520528060E-01
  83.30000  0.304033577366E-01
  83.40000  0.327070382009E-01
  83.50000  0.302269777866E-01
  83.60000  0.307420955258E-01
  83.70000  0.300899931234E-01
  83.80000  0.291238229987E-01
  83.90000  0.293171608716E-01
  84.00000  0.276886464298E-01
  84.10000  0.277312307035E-01
  84.20000  0.264551346513E-01
  84.30000  0.258194752715E-01
  84.40000  0.255143079888E-01
  84.50000  0.241875486449E-01
  84.60000  0.246536653174E-01
  84.70000  0.230113687952E-01
  84.80000  0.233897635376E-01
  84.90000  0.220943613357E-01
  85.00000  0.214695494707E-01
  85.10000  0.212743962204E-01
  85.20000  0.191961693783E-01
  85.30000  0.205469843633E-01
  85.40000  0.171482139493E-01
  85.50000  0.198139717481E-01
  85.60000  0.156507359349E-01
  85.70000  0.187515235597E-01
  85.80000  0.146171297242E-01
  85.90000  0.170866874122E-01
  86.00000  0.138279511933E-01
  86.10000  0.149414788396E-01
  86.20000  0.131780363677E-01
  86.30000  0.127759205314E-01
  86.40000  0.126002054988E-01
  86.50000  0.109865313267E-01
  86.60000  0.119019807175E-01
  86.70000  0.963586834120E-02
  86.80000  0.108494988150E-01
  86.90000  0.856276673779E-02
  87.00000  0.942224857155E-02
  87.10000  0.763214070014E-02
  87.20000  0.788408476394E-02
  87.30000  0.679677596665E-02
  87.40000  0.655460542288E-02
  87.50000  0.598861111147E-02
  87.60000  0.555057928102E-02
  87.70000  0.508848395744E-02
  87.80000  0.477222108302E-02
  87.90000  0.405066684296E-02
  88.00000  0.407920725980E-02
  88.10000  0.299545514644E-02
  88.20000  0.340983348438E-02
  88.30000  0.211882625800E-02
  88.40000  0.275049322457E-02
  88.50000  0.151975951560E-02
  88.60000  0.208048985211E-02
  88.70000  0.114325611601E-02
  88.80000  0.139920772030E-02
  88.90000  0.872210997322E-03
  89.00000  0.775237543029E-03
  89.10000  0.631244680991E-03
  89.20000  0.314759641944E-03
  89.30000  0.403403334373E-03
  89.40000  0.725024396449E-04
  89.50000  0.200539486375E-03
  89.60000  0.149270502109E-04
  89.70000  0.577643239685E-04
  89.80000  0.711631359295E-04
  89.90000  0.378755465031E-04
  90.00000  0.197657823630E-03
  90.10000  0.196504372339E-03
  90.20000  0.391413046537E-03
  90.30000  0.528508728303E-03
  90.40000  0.673577111084E-03
  90.50000  0.967618400492E-03
  90.60000  0.108716612981E-02
  90.70000  0.145219727597E-02
  90.80000  0.169279240115E-02
  90.90000  0.198383289778E-02
  91.00000  0.252273284800E-02
  91.10000  0.261880680040E-02
  91.20000  0.351984699576E-02
  91.30000  0.342277559858E-02
  91.40000  0.454301511643E-02
  91.50000  0.445283455549E-02
  91.60000  0.546399374335E-02
  91.70000  0.576516502209E-02
  91.80000  0.627087887111E-02
  91.90000  0.738930010996E-02
  92.00000  0.707647016217E-02
  92.10000  0.925884804855E-02
  92.20000  0.803487095893E-02
  92.30000  0.111808228644E-01
  92.40000  0.926387979283E-02
  92.50000  0.129207019990E-01
  92.60000  0.108363786505E-01
  92.70000  0.143581964747E-01
  92.80000  0.127954661288E-01
  92.90000  0.155730032979E-01
  93.00000  0.151188438552E-01
  93.10000  0.167783504592E-01
  93.20000  0.176530001807E-01
  93.30000  0.181746938942E-01
  93.40000  0.201267396683E-01
  93.50000  0.198651656387E-01
  93.60000  0.222978544252E-01
  93.70000  0.218776729473E-01
  93.80000  0.241293112816E-01
  93.90000  0.242019235535E-01
  94.00000  0.258236449551E-01
  94.10000  0.267520369050E-01
  94.20000  0.276710093941E-01
  94.30000  0.293064851471E-01
  94.40000  0.298564500650E-01
  94.50000  0.315635134838E-01
  94.60000  0.324007664470E-01
  94.70000  0.333395558850E-01
  94.80000  0.352381934293E-01
  94.90000  0.347434834306E-01
  95.00000  0.382760138442E-01
  95.10000  0.361328910162E-01
  95.20000  0.413416092713E-01
  95.30000  0.378697494546E-01
  95.40000  0.441249892268E-01
  95.50000  0.401076434054E-01
  95.60000  0.462882361419E-01
  95.70000  0.427946872451E-01
  95.80000  0.477172333404E-01
  95.90000  0.458145715238E-01
  96.00000  0.486669991054E-01
  96.10000  0.490421741788E-01
  96.20000  0.496101770319E-01
  96.30000  0.522519359513E-01
  96.40000  0.509110379440E-01
  96.50000  0.550721789253E-01
  96.60000  0.526428911195E-01
  96.70000  0.571660715919E-01
  96.80000  0.546895995267E-01
  96.90000  0.585195063990E-01
  97.00000  0.569341926541E-01
  97.10000  0.595124018749E-01
  97.20000  0.592700009115E-01
  97.30000  0.606444442235E-01
  97.40000  0.614601059700E-01
  97.50000  0.621743557065E-01
  97.60000  0.631275857444E-01
  97.70000  0.640301775990E-01
  97.80000  0.640153762807E-01
  97.90000  0.660185347448E-01
  98.00000  0.642728616803E-01
  98.10000  0.680143722363E-01
  98.20000  0.644143103678E-01
  98.30000  0.698925393914E-01
  98.40000  0.649395769070E-01
  98.50000  0.713589005463E-01
  98.60000  0.659997046254E-01
  98.70000  0.720157040213E-01
  98.80000  0.674300983751E-01
  98.90000  0.716959753261E-01
  99.00000  0.690286446905E-01
  99.10000  0.707044869341E-01
  99.20000  0.706896752634E-01
  99.30000  0.696448668243E-01
  99.40000  0.722527438174E-01
  99.50000  0.689768422640E-01
  99.60000  0.733514680624E-01
  99.70000  0.687609969815E-01
  99.80000  0.735774840130E-01
  99.90000  0.688117557507E-01
 100.00000  0.728522822825E-01
 100.10000  0.689912718521E-01
 100.20000  0.715751190110E-01
 100.30000  0.692545817114E-01
 100.40000  0.703312725609E-01
 100.50000  0.694397275947E-01
 100.60000  0.694513452218E-01
 100.70000  0.691699169302E-01
 100.80000  0.688767222990E-01
 100.90000  0.681014083279E-01
 101.00000  0.684048434466E-01
 101.10000  0.662800670631E-01
 101.20000  0.679462064587E-01
 101.30000  0.641773981497E-01
 101.40000  0.674726274607E-01
 101.50000  0.623270191325E-01
 101.60000  0.667874052871E-01
 101.70000  0.609438535803E-01
 101.80000  0.655048482590E-01
 101.90000  0.599076279119E-01
 102.00000  0.633559241170E-01
 102.10000  0.590429810826E-01
 102.20000  0.604925906215E-01
 102.30000  0.583007296294E-01
 102.40000  0.574212758621E-01
 102.50000  0.576331014110E-01
 102.60000  0.546163840035E-01
 102.70000  0.567907249683E-01
 102.80000  0.522247344444E-01
 102.90000  0.553833548446E-01
 103.00000  0.501355270117E-01
 103.10000  0.532011539529E-01
 103.20000  0.482476981044E-01
 103.30000  0.504390626176E-01
 103.40000  0.465711635865E-01
 103.50000  0.475549337788E-01
 103.60000  0.450662915926E-01
 103.70000  0.449099851717E-01
 103.80000  0.434885201287E-01
 103.90000  0.425714065074E-01
 104.00000  0.415005074054E-01
 104.10000  0.404356995083E-01
 104.20000  0.389650441583E-01
 104.30000  0.384529549871E-01
 104.40000  0.360894455132E-01
 104.50000  0.366586055286E-01
 104.60000  0.332551168087E-01
 104.70000  0.350076050579E-01
 104.80000  0.307221961903E-01
 104.90000  0.332709665966E-01
 105.00000  0.285152291706E-01
 105.10000  0.311710623761E-01
 105.20000  0.265556147739E-01
 105.30000  0.286257770160E-01
 105.40000  0.248252135372E-01
 105.50000  0.258307916901E-01
 105.60000  0.233550148414E-01
 105.70000  0.230948353691E-01
 105.80000  0.220858183039E-01
 105.90000  0.206144435900E-01
 106.00000  0.208131211287E-01
 106.10000  0.184122803743E-01
 106.20000  0.193150195398E-01
 106.30000  0.164506887241E-01
 106.40000  0.175318721936E-01
 106.50000  0.147431879638E-01
 106.60000  0.156044673956E-01
 106.70000  0.133308711768E-01
 106.80000  0.137416193648E-01
 106.90000  0.121801302262E-01
 107.00000  0.120679154249E-01
 107.10000  0.111509607411E-01
 107.20000  0.105955174470E-01
 107.30000  0.100874582184E-01
 107.40000  0.930686318654E-02
 107.50000  0.893408956600E-02
 107.60000  0.822488829231E-02
 107.70000  0.775917959927E-02
 107.80000  0.739377417895E-02
 107.90000  0.667657089583E-02
 108.00000  0.681248485095E-02
 108.10000  0.575670228655E-02
 108.20000  0.640978598952E-02
 108.30000  0.500631059141E-02
 108.40000  0.608918125139E-02
 108.50000  0.441050251218E-02
 108.60000  0.579419207093E-02
 108.70000  0.397672319476E-02
 108.80000  0.553351394502E-02
 108.90000  0.373920927069E-02
 109.00000  0.535397967118E-02
 109.10000  0.373091917187E-02
 109.20000  0.529401170964E-02
 109.30000  0.395373211640E-02
 109.40000  0.535597323064E-02
 109.50000  0.437007806026E-02
 109.60000  0.551496938906E-02
 109.70000  0.492134458933E-02
 109.80000  0.575613836497E-02
 109.90000  0.556105826628E-02
 110.00000  0.611114078548E-02
 110.10000  0.627650733719E-02
 110.20000  0.665805538077E-02
 110.30000  0.707564326283E-02
 110.40000  0.747336222152E-02
 110.50000  0.794832314529E-02
 110.60000  0.857146382972E-02
 110.70000  0.884717840438E-02
 110.80000  0.988951751128E-02
 110.90000  0.972488266329E-02
 111.00000  0.113361012504E-01
 111.10000  0.106032766199E-01
 111.20000  0.128529528130E-01
 111.30000  0.115989644380E-01
 111.40000  0.144204042454E-01
 111.50000  0.128597648733E-01
 111.60000  0.160027892205E-01
 111.70000  0.144595826495E-01
 111.80000  0.175102495014E-01
 111.90000  0.163528959928E-01
 112.00000  0.188463165555E-01
 112.10000  0.184322658069E-01
 112.20000  0.200103269869E-01
 112.30000  0.206193437444E-01
 112.40000  0.211433774425E-01
 112.50000  0.228832806648E-01
 112.60000  0.224504185979E-01
 112.70000  0.251712312752E-01
 112.80000  0.240616458593E-01
 112.90000  0.273518596371E-01
 113.00000  0.259656413204E-01
 113.10000  0.292707694895E-01
 113.20000  0.280691268736E-01
 113.30000  0.308861242136E-01
 113.40000  0.302989463537E-01
 113.50000  0.323418298935E-01
 113.60000  0.326229046063E-01
 113.70000  0.338835604430E-01
 113.80000  0.349740704742E-01
 113.90000  0.356878310624E-01
 114.00000  0.371905153779E-01
 114.10000  0.377699874657E-01
 114.20000  0.390757194789E-01
 114.30000  0.400477068354E-01
 114.40000  0.405463449076E-01
 114.50000  0.424612901972E-01
 114.60000  0.417217448288E-01
 114.70000  0.449960088878E-01
 114.80000  0.428553359589E-01
 114.90000  0.475837592691E-01
 115.00000  0.441663430119E-01
 115.10000  0.500234886137E-01
 115.20000  0.457295791779E-01
 115.30000  0.520524080642E-01
 115.40000  0.475123747900E-01
 115.50000  0.535252891146E-01
 115.60000  0.494856904900E-01
 115.70000  0.545247655779E-01
 115.80000  0.516597179019E-01
 115.90000  0.552922638627E-01
 116.00000  0.539935397629E-01
 116.10000  0.560560541196E-01
 116.20000  0.562960957062E-01
 116.30000  0.569244222676E-01
 116.40000  0.582713687526E-01
 116.50000  0.579187061740E-01
 116.60000  0.597037615823E-01
 116.70000  0.590658643798E-01
 116.80000  0.606058600502E-01
 116.90000  0.604213635835E-01
 117.00000  0.611780276900E-01
 117.10000  0.619847436220E-01
 117.20000  0.616360008865E-01
 117.30000  0.635999275227E-01
 117.40000  0.620964029196E-01
 117.50000  0.649719659259E-01
 117.60000  0.626119352061E-01
 117.70000  0.658286833705E-01
 117.80000  0.632601833113E-01
 117.90000  0.660941956889E-01
 118.00000  0.641484997825E-01
 118.10000  0.659039839607E-01
 118.20000  0.653189038044E-01
 118.30000  0.654565111639E-01
 118.40000  0.666512497944E-01
 118.50000  0.648797176178E-01
 118.60000  0.678687829175E-01
 118.70000  0.642476835284E-01
 118.80000  0.686718556657E-01
 118.90000  0.636724985152E-01
 119.00000  0.689097189872E-01
 119.10000  0.633146250283E-01
 119.20000  0.686352804548E-01
 119.30000  0.632865338303E-01
 119.40000  0.679916353753E-01
 119.50000  0.635511586986E-01
 119.60000  0.670770059776E-01
 119.70000  0.639041519932E-01
 119.80000  0.659507901880E-01
 119.90000  0.640643255073E-01
 120.00000  0.647311286377E-01
 120.10000  0.638274557434E-01
 120.20000  0.636138760888E-01
 120.30000  0.631573192410E-01
 120.40000  0.627762651675E-01
 120.50000  0.621229151665E-01
 120.60000  0.622663885684E-01
 120.70000  0.607811918818E-01
 120.80000  0.619575898759E-01
 120.90000  0.591705761251E-01
 121.00000  0.616029457317E-01
 121.10000  0.573906801703E-01
 121.20000  0.609815919681E-01
 121.30000  0.556228108509E-01
 121.40000  0.600104770221E-01
 121.50000  0.540657214603E-01
 121.60000  0.586992625808E-01
 121.70000  0.528481379948E-01
 121.80000  0.570468112281E-01
 121.90000  0.519499671067E-01
 122.00000  0.550466502072E-01
 122.10000  0.511998558939E-01
 122.20000  0.527602360603E-01
 122.30000  0.503973707158E-01
 122.40000  0.503376479510E-01
 122.50000  0.494285967367E-01
 122.60000  0.479862689398E-01
 122.70000  0.482452444855E-01
 122.80000  0.458965882433E-01
 122.90000  0.468025435104E-01
 123.00000  0.441329137582E-01
 123.10000  0.450617732614E-01
 123.20000  0.426121382756E-01
 123.30000  0.430169399899E-01
 123.40000  0.412077965954E-01
 123.50000  0.407347448710E-01
 123.60000  0.398206102068E-01
 123.70000  0.383905399437E-01
 123.80000  0.383687506550E-01
 123.90000  0.361927579081E-01
 124.00000  0.367881878796E-01
 124.10000  0.342505734562E-01
 124.20000  0.350231950998E-01
 124.30000  0.325607224079E-01
 124.40000  0.330124714863E-01
 124.50000  0.310692227237E-01
 124.60000  0.307555377252E-01
 124.70000  0.297006323794E-01
 124.80000  0.283651022511E-01
 124.90000  0.283897780222E-01
 125.00000  0.260019186392E-01
 125.10000  0.270849292373E-01
 125.20000  0.238006096754E-01
 125.30000  0.257027303326E-01
 125.40000  0.218345784200E-01
 125.50000  0.241527183797E-01
 125.60000  0.200963354356E-01
 125.70000  0.224011348574E-01
 125.80000  0.185491418800E-01
 125.90000  0.204759801790E-01
 126.00000  0.171749654625E-01
 126.10000  0.184713954206E-01
 126.20000  0.159344553006E-01
 126.30000  0.165218167727E-01
 126.40000  0.147573676987E-01
 126.50000  0.147130940562E-01
 126.60000  0.135727790781E-01
 126.70000  0.130723373001E-01
 126.80000  0.123111693550E-01
 126.90000  0.116142008618E-01
 127.00000  0.109443196266E-01
 127.10000  0.103374747499E-01
 127.20000  0.951598529698E-02
 127.30000  0.922987433711E-02
 127.40000  0.809816978724E-02
 127.50000  0.826492829080E-02
 127.60000  0.676006280227E-02
 127.70000  0.738085955632E-02
 127.80000  0.554899047397E-02
 127.90000  0.651379420261E-02
 128.00000  0.448090664104E-02
 128.10000  0.562316144558E-02
 128.20000  0.357063797614E-02
 128.30000  0.469865865768E-02
 128.40000  0.282581055578E-02
 128.50000  0.377792760998E-02
 128.60000  0.222977532577E-02
 128.70000  0.290938774982E-02
 128.80000  0.175534368697E-02
 128.90000  0.212413594617E-02
 129.00000  0.136058058005E-02
 129.10000  0.145085575891E-02
 129.20000  0.100604797598E-02
 129.30000  0.906605977897E-03
 129.40000  0.681134319009E-03
 129.50000  0.498080674020E-03
 129.60000  0.396045725569E-03
 129.70000  0.225046355062E-03
 129.80000  0.173352589595E-03
 129.90000  0.698824597465E-04
 130.00000  0.361732875337E-04
 130.10000  0.582913988286E-05
 130.20000  0.272801518601E-05
 130.30000  0.936288395324E-05
 130.40000  0.866584944797E-04
 130.50000  0.717318723656E-04
 130.60000  0.293342573316E-03
 130.70000  0.198694255627E-03
 130.80000  0.614485836343E-03
 130.90000  0.406171638513E-03
 131.00000  0.102092320889E-02
 131.10000  0.712228677742E-03
 131.20000  0.148059616745E-02
 131.30000  0.113305393131E-02
 131.40000  0.196501420842E-02
 131.50000  0.169113575886E-02
 131.60000  0.246296514219E-02
 131.70000  0.239633742673E-02
 131.80000  0.298932643009E-02
 131.90000  0.324142262038E-02
 132.00000  0.355780410064E-02
 132.10000  0.419464930052E-02
 132.20000  0.418960394792E-02
 132.30000  0.520218590406E-02
 132.40000  0.490805903722E-02
 132.50000  0.621848561302E-02
 132.60000  0.574628594592E-02
 132.70000  0.721395656379E-02
 132.80000  0.674328781293E-02
 132.90000  0.819348630126E-02
 133.00000  0.791894887031E-02
 133.10000  0.916392731947E-02
 133.20000  0.926851912230E-02
 133.30000  0.101402629759E-01
 133.40000  0.107288555847E-01
 133.50000  0.111468485654E-01
 133.60000  0.122360958544E-01
 133.70000  0.122071047608E-01
 133.80000  0.137269681497E-01
 133.90000  0.133938979058E-01
 134.00000  0.151594608448E-01
 134.10000  0.147603233372E-01
 134.20000  0.165347444415E-01
 134.30000  0.163438532555E-01
 134.40000  0.178299641828E-01
 134.50000  0.181310392436E-01
 134.60000  0.190480549806E-01
 134.70000  0.200484629522E-01
 134.80000  0.201934861023E-01
 134.90000  0.220253027815E-01
 135.00000  0.213164131341E-01
 135.10000  0.239922344208E-01
 135.20000  0.225062650218E-01
 135.30000  0.259183206699E-01
 135.40000  0.238601204586E-01
 135.50000  0.277618847110E-01
 135.60000  0.254376851427E-01
 135.70000  0.294923134097E-01
 135.80000  0.272310551399E-01
 135.90000  0.310517743665E-01
 136.00000  0.291987472911E-01
 136.10000  0.324440542766E-01
 136.20000  0.312594671410E-01
 136.30000  0.337178794235E-01
 136.40000  0.333867255966E-01
 136.50000  0.349795104188E-01
 136.60000  0.355161626618E-01
 136.70000  0.363593766876E-01
 136.80000  0.376066139406E-01
 136.90000  0.379114511108E-01
 137.00000  0.395591364217E-01
 137.10000  0.396717597082E-01
 137.20000  0.412880537764E-01
 137.30000  0.415948552221E-01
 137.40000  0.427594197661E-01
 137.50000  0.436758948816E-01
 137.60000  0.440087251242E-01
 137.70000  0.458891022940E-01
 137.80000  0.451523889285E-01
 137.90000  0.482177773770E-01
 138.00000  0.463011580674E-01
 138.10000  0.505727087790E-01
 138.20000  0.475377643080E-01
 138.30000  0.528356830981E-01
 138.40000  0.488882849843E-01
 138.50000  0.548547894848E-01
 138.60000  0.503733447151E-01
 138.70000  0.565735140923E-01
 138.80000  0.520156691606E-01
 138.90000  0.579862847744E-01
 139.00000  0.538719608462E-01
 139.10000  0.591989367268E-01
 139.20000  0.559291823433E-01
 139.30000  0.602840219986E-01
 139.40000  0.581436872684E-01
 139.50000  0.613182196105E-01
 139.60000  0.603447616756E-01
 139.70000  0.623276230763E-01
 139.80000  0.624092406616E-01
 139.90000  0.633716983006E-01
 140.00000  0.642049875719E-01
 140.10000  0.645427590523E-01
 140.20000  0.657416523788E-01
 140.30000  0.659445982830E-01
 140.40000  0.670256116418E-01
 140.50000  0.676344277316E-01
 140.60000  0.681097261970E-01
 140.70000  0.695663655743E-01
 140.80000  0.689840262602E-01
 140.90000  0.716086355372E-01
 141.00000  0.696699854678E-01
 141.10000  0.736135920488E-01
 141.20000  0.702174046945E-01
 141.30000  0.754638655926E-01
 141.40000  0.707618421074E-01
 141.50000  0.771358250941E-01
 141.60000  0.714572953551E-01
 141.70000  0.785969981110E-01
 141.80000  0.724204819906E-01
 141.90000  0.798466546311E-01
 142.00000  0.736626893437E-01
 142.10000  0.807919492545E-01
 142.20000  0.751089254461E-01
 142.30000  0.814269745995E-01
 142.40000  0.766539591034E-01
 142.50000  0.817427424131E-01
 142.60000  0.782225990308E-01
 142.70000  0.819099421024E-01
 142.80000  0.797832970847E-01
 142.90000  0.820600489336E-01
 143.00000  0.812928314137E-01
 143.10000  0.823765317237E-01
 143.20000  0.826750180258E-01
 143.30000  0.828746790622E-01
 143.40000  0.837926240024E-01
 143.50000  0.835710264899E-01
 143.60000  0.845505818770E-01
 143.70000  0.844025504298E-01
 143.80000  0.849121857068E-01
 143.90000  0.853878513726E-01
 144.00000  0.849768320888E-01
 144.10000  0.865297508543E-01
 144.20000  0.848764471601E-01
 144.30000  0.878191071252E-01
 144.40000  0.847500644750E-01
 144.50000  0.891607179948E-01
 144.60000  0.846609825789E-01
 144.70000  0.903849083715E-01
 144.80000  0.846229841108E-01
 144.90000  0.913329556618E-01
 145.00000  0.846697664202E-01
 145.10000  0.919076025697E-01
 145.20000  0.848427973036E-01
 145.30000  0.921254492978E-01
 145.40000  0.852580974881E-01
 145.50000  0.920756076403E-01
 145.60000  0.859328091102E-01
 145.70000  0.918227267340E-01
 145.80000  0.868577145602E-01
 145.90000  0.914344141437E-01
 146.00000  0.878699961321E-01
 146.10000  0.908847870384E-01
 146.20000  0.888260059375E-01
 146.30000  0.902654762726E-01
 146.40000  0.896032996603E-01
 146.50000  0.896346806655E-01
 146.60000  0.901531484300E-01
 146.70000  0.891858824045E-01
 146.80000  0.905088363338E-01
 146.90000  0.889974349580E-01
 147.00000  0.906348190729E-01
 147.10000  0.891143680672E-01
 147.20000  0.905361005544E-01
 147.30000  0.894556054118E-01
 147.40000  0.901276024997E-01
 147.50000  0.898962839020E-01
 147.60000  0.894430474297E-01
 147.70000  0.903599294296E-01
 147.80000  0.885531215172E-01
 147.90000  0.907899892240E-01
 148.00000  0.876254432360E-01
 148.10000  0.911910899450E-01
 148.20000  0.868204972797E-01
 148.30000  0.915175676462E-01
 148.40000  0.862298631106E-01
 148.50000  0.916777640595E-01
 148.60000  0.858546830161E-01
 148.70000  0.915516833711E-01
 148.80000  0.856604417706E-01
 148.90000  0.910681762734E-01
 149.00000  0.856001031794E-01
 149.10000  0.902269569837E-01
 149.20000  0.856899566687E-01
 149.30000  0.891609005431E-01
 149.40000  0.859506027133E-01
 149.50000  0.879746401500E-01
 149.60000  0.863435846604E-01
 149.70000  0.867979462298E-01
 149.80000  0.868138405233E-01
 149.90000  0.856683330678E-01
 150.00000  0.871764578626E-01
 150.10000  0.845814678452E-01
 150.20000  0.873331714186E-01
 150.30000  0.836019419637E-01
 150.40000  0.872050086814E-01
 150.50000  0.827529435817E-01
 150.60000  0.867952055672E-01
 150.70000  0.821539405645E-01
 150.80000  0.861985581818E-01
 150.90000  0.818327169524E-01
 151.00000  0.854212123073E-01
 151.10000  0.817375508599E-01
 151.20000  0.845039919343E-01
 151.30000  0.817818905718E-01
 151.40000  0.834329099384E-01
 151.50000  0.818063068572E-01
 151.60000  0.822288967620E-01
 151.70000  0.817389528849E-01
 151.80000  0.810011664096E-01
 151.90000  0.815451335626E-01
 152.00000  0.798671986866E-01
 152.10000  0.812288281391E-01
 152.20000  0.789554913028E-01
 152.30000  0.807861609089E-01
 152.40000  0.783133986285E-01
 152.50000  0.801746317906E-01
 152.60000  0.779231546865E-01
 152.70000  0.793364715056E-01
 152.80000  0.776990569181E-01
 152.90000  0.782213077442E-01
 153.00000  0.775769666266E-01
 153.10000  0.768862644794E-01
 153.20000  0.775390984618E-01
 153.30000  0.754160594273E-01
 153.40000  0.775533963651E-01
 153.50000  0.739373259925E-01
 153.60000  0.776339637755E-01
 153.70000  0.725785899512E-01
 153.80000  0.777089884774E-01
 153.90000  0.713469201099E-01
 154.00000  0.776529067827E-01
 154.10000  0.702616595977E-01
 154.20000  0.774003432432E-01
 154.30000  0.693274325582E-01
 154.40000  0.768678025373E-01
 154.50000  0.685304958673E-01
 154.60000  0.760686937527E-01
 154.70000  0.679397068561E-01
 154.80000  0.750931287197E-01
 154.90000  0.675757343083E-01
 155.00000  0.739827107542E-01
 155.10000  0.674022609243E-01
 155.20000  0.727899494084E-01
 155.30000  0.673603468360E-01
 155.40000  0.715347431012E-01
 155.50000  0.673315201737E-01
 155.60000  0.702207297313E-01
 155.70000  0.672287571630E-01
 155.80000  0.689091149337E-01
 155.90000  0.670126003063E-01
 156.00000  0.676799389520E-01
 156.10000  0.666775249547E-01
 156.20000  0.666321704044E-01
 156.30000  0.662460535155E-01
 156.40000  0.658232439678E-01
 156.50000  0.656960182189E-01
 156.60000  0.652342648565E-01
 156.70000  0.649999033991E-01
 156.80000  0.648309790863E-01
 156.90000  0.641415577617E-01
 157.00000  0.645332604168E-01
 157.10000  0.630935773919E-01
 157.20000  0.642688546569E-01
 157.30000  0.619169769206E-01
 157.40000  0.640506500135E-01
 157.50000  0.607306901659E-01
 157.60000  0.638711246092E-01
 157.70000  0.596064020066E-01
 157.80000  0.636845621169E-01
 157.90000  0.586098228640E-01
 158.00000  0.634552963555E-01
 158.10000  0.577800425799E-01
 158.20000  0.631019151028E-01
 158.30000  0.570885925344E-01
 158.40000  0.625358675189E-01
 158.50000  0.565222961157E-01
 158.60000  0.617403176768E-01
 158.70000  0.561022769621E-01
 158.80000  0.607415655304E-01
 158.90000  0.558490763878E-01
 159.00000  0.595972305211E-01
 159.10000  0.557868271200E-01
 159.20000  0.583784066842E-01
 159.30000  0.559013016745E-01
 159.40000  0.571163734555E-01
 159.50000  0.561227191390E-01
 159.60000  0.558264880208E-01
 159.70000  0.563769668596E-01
 159.80000  0.545365477379E-01
 159.90000  0.565897483143E-01
 160.00000  0.532691564722E-01
 160.10000  0.566952807367E-01
 160.20000  0.520733687132E-01
 160.30000  0.566852827032E-01
 160.40000  0.510343421124E-01
 160.50000  0.565757972017E-01
 160.60000  0.502007507715E-01
 160.70000  0.563452266557E-01
 160.80000  0.495648585597E-01
 160.90000  0.559622427461E-01
 161.00000  0.491070292926E-01
 161.10000  0.554166630937E-01
 161.20000  0.487974180844E-01
 161.30000  0.547020387862E-01
 161.40000  0.485916712461E-01
 161.50000  0.538322871466E-01
 161.60000  0.484665722539E-01
 161.70000  0.528703417675E-01
 161.80000  0.484238755331E-01
 161.90000  0.518967126702E-01
 162.00000  0.484505071890E-01
 162.10000  0.509655797584E-01
 162.20000  0.485029358194E-01
 162.30000  0.501013747578E-01
 162.40000  0.485209627354E-01
 162.50000  0.493099906511E-01
 162.60000  0.484444158456E-01
 162.70000  0.485931187509E-01
 162.80000  0.482367642858E-01
 162.90000  0.479693983619E-01
 163.00000  0.479008889327E-01
 163.10000  0.474741929413E-01
 163.20000  0.474640861377E-01
 163.30000  0.471340333132E-01
 163.40000  0.469547226785E-01
 163.50000  0.469501760100E-01
 163.60000  0.463947384463E-01
 163.70000  0.468968172571E-01
 163.80000  0.457951131068E-01
 163.90000  0.469192703539E-01
 164.00000  0.451526721399E-01
 164.10000  0.469454259664E-01
 164.20000  0.444679009673E-01
 164.30000  0.469185777570E-01
 164.40000  0.437721382137E-01
 164.50000  0.468196675367E-01
 164.60000  0.431281219450E-01
 164.70000  0.466542730374E-01
 164.80000  0.426013836929E-01
 164.90000  0.464242798304E-01
 165.00000  0.422331197698E-01
 165.10000  0.461132750706E-01
 165.20000  0.420319842814E-01
 165.30000  0.456898762432E-01
 165.40000  0.419800611118E-01
 165.50000  0.451217506211E-01
 165.60000  0.420478706919E-01
 165.70000  0.443954760342E-01
 165.80000  0.422137191800E-01
 165.90000  0.435315139496E-01
 166.00000  0.424735272061E-01
 166.10000  0.425804025551E-01
 166.20000  0.428309493218E-01
 166.30000  0.416018090020E-01
 166.40000  0.432774072147E-01
 166.50000  0.406440074968E-01
 166.60000  0.437801649637E-01
 166.70000  0.397364091067E-01
 166.80000  0.442846942557E-01
 166.90000  0.388934677830E-01
 167.00000  0.447262858708E-01
 167.10000  0.381242701915E-01
 167.20000  0.450461783106E-01
 167.30000  0.374443466220E-01
 167.40000  0.452076373028E-01
 167.50000  0.368835148964E-01
 167.60000  0.452026631160E-01
 167.70000  0.364814556427E-01
 167.80000  0.450424827436E-01
 167.90000  0.362710996805E-01
 168.00000  0.447385280914E-01
 168.10000  0.362619094372E-01
 168.20000  0.442900148790E-01
 168.30000  0.364359164515E-01
 168.40000  0.436876697322E-01
 168.50000  0.367581162552E-01
 168.60000  0.429287150253E-01
 168.70000  0.371922370895E-01
 168.80000  0.420307725598E-01
 168.90000  0.377117199523E-01
 169.00000  0.410355043585E-01
 169.10000  0.383009019492E-01
 169.20000  0.400003172672E-01
 169.30000  0.389473443634E-01
 169.40000  0.389826925262E-01
 169.50000  0.396304616445E-01
 169.60000  0.380255622480E-01
 169.70000  0.403138523515E-01
 169.80000  0.371517847568E-01
 169.90000  0.409475143075E-01
 170.00000  0.363704797376E-01
 170.10000  0.414800764323E-01
 170.20000  0.356898885496E-01
 170.30000  0.418739452480E-01
 170.40000  0.351266897586E-01
 170.50000  0.421136299237E-01
 170.60000  0.347046797153E-01
 170.70000  0.422022186581E-01
 170.80000  0.344443148019E-01
 170.90000  0.421496688884E-01
 171.00000  0.343512712631E-01
 171.10000  0.419620437876E-01
 171.20000  0.344122759988E-01
 171.30000  0.416389948522E-01
 171.40000  0.346004154021E-01
 171.50000  0.411802889060E-01
 171.60000  0.348857017718E-01
 171.70000  0.405959976921E-01
 171.80000  0.352443388804E-01
 171.90000  0.399131736771E-01
 172.00000  0.356618578929E-01
 172.10000  0.391742422921E-01
 172.20000  0.361292651889E-01
 172.30000  0.384271304163E-01
 172.40000  0.366351565892E-01
 172.50000  0.377122864932E-01
 172.60000  0.371589930938E-01
 172.70000  0.370542237271E-01
 172.80000  0.376702864027E-01
 172.90000  0.364626055729E-01
 173.00000  0.381348071504E-01
 173.10000  0.359414059549E-01
 173.20000  0.385242184295E-01
 173.30000  0.354987719324E-01
 173.40000  0.388231522305E-01
 173.50000  0.351498811579E-01
 173.60000  0.390294330859E-01
 173.70000  0.349106023960E-01
 173.80000  0.391476994109E-01
 173.90000  0.347867874640E-01
 174.00000  0.391809935191E-01
 174.10000  0.347673799791E-01
 174.20000  0.391261733409E-01
 174.30000  0.348267997732E-01
 174.40000  0.389764324779E-01
 174.50000  0.349354503218E-01
 174.60000  0.387293758451E-01
 174.70000  0.350716237857E-01
 174.80000  0.383952998624E-01
 174.90000  0.352274413913E-01
 175.00000  0.380001326294E-01
 175.10000  0.354058547694E-01
 175.20000  0.375805526474E-01
 175.30000  0.356115544347E-01
 175.40000  0.371733102418E-01
 175.50000  0.358419755522E-01
 175.60000  0.368044205563E-01
 175.70000  0.360840067746E-01
 175.80000  0.364845437408E-01
 175.90000  0.363182400161E-01
 176.00000  0.362134655256E-01
 176.10000  0.365277342304E-01
 176.20000  0.359905185960E-01
 176.30000  0.367053193747E-01
 176.40000  0.358230823681E-01
 176.50000  0.368546404557E-01
 176.60000  0.357262485670E-01
 176.70000  0.369843814318E-01
 176.80000  0.357128351713E-01
 176.90000  0.370994744479E-01
 177.00000  0.357802265005E-01
 177.10000  0.371946080738E-01
 177.20000  0.359035550967E-01
 177.30000  0.372540233694E-01
 177.40000  0.360415099012E-01
 177.50000  0.372580897052E-01
 177.60000  0.361528480850E-01
 177.70000  0.371933755277E-01
 177.80000  0.362138930610E-01
 177.90000  0.370607209731E-01
 178.00000  0.362259215382E-01
 178.10000  0.368769055101E-01
 178.20000  0.362079673640E-01
 178.30000  0.366691931383E-01
 178.40000  0.361804831067E-01
 178.50000  0.364657508402E-01
 178.60000  0.361513271504E-01
 178.70000  0.362869309558E-01
 178.80000  0.361143380233E-01
 178.90000  0.361430820339E-01
 179.00000  0.360635653156E-01
 179.10000  0.360435426203E-01
 179.20000  0.360187647741E-01
 179.30000  0.360200051199E-01
 179.40000  0.360586147314E-01
 179.50000  0.361768334585E-01
 179.60000  0.363968033991E-01
 179.70000  0.368797872867E-01
 179.80000  0.378906707170E-01
 179.90000  0.409295448744E-01
 180.00000  0.103430552274E+00
