   0.10000  0.360602412113E+07
   0.20000  0.229040149968E+07
   0.30000  0.109772978535E+07
   0.40000  0.436947540436E+06
   0.50000  0.189848946735E+06
   0.60000  0.115800904116E+06
   0.70000  0.847432639122E+05
   0.80000  0.580533592824E+05
   0.90000  0.322977196135E+05
   1.00000  0.151895013789E+05
   1.10000  0.106923005340E+05
   1.20000  0.129173152458E+05
   1.30000  0.139272644678E+05
   1.40000  0.114476048260E+05
   1.50000  0.723349685700E+04
   1.60000  0.321325935531E+04
   1.70000  0.614297530822E+03
   1.80000  0.480257309479E+02
   1.90000  0.110549601374E+04
   2.00000  0.251475930909E+04
   2.10000  0.325773073919E+04
   2.20000  0.316687898079E+04
   2.30000  0.249080517389E+04
   2.40000  0.149185369663E+04
   2.50000  0.539956714352E+03
   2.60000  0.122304304146E+03
   2.70000  0.424990071794E+03
   2.80000  0.113543388971E+04
   2.90000  0.179403719012E+04
   3.00000  0.209458278183E+04
   3.10000  0.189289546062E+04
   3.20000  0.124399350665E+04
   3.30000  0.487082740936E+03
   3.40000  0.522156409621E+02
   3.50000  0.984632801918E+02
   3.60000  0.463246624968E+03
   3.70000  0.880902347833E+03
   3.80000  0.112080804891E+04
   3.90000  0.104187649930E+04
   4.00000  0.684257299562E+03
   4.10000  0.279013715272E+03
   4.20000  0.566955044728E+02
   4.30000  0.708850676593E+02
   4.40000  0.232325577597E+03
   4.50000  0.415051063511E+03
   4.60000  0.502939700281E+03
   4.70000  0.431142729354E+03
   4.80000  0.246328520935E+03
   4.90000  0.820922377921E+02
   5.00000  0.366679245333E+02
   5.10000  0.107759675698E+03
   5.20000  0.235411474994E+03
   5.30000  0.353582369908E+03
   5.40000  0.405798142175E+03
   5.50000  0.368936693641E+03
   5.60000  0.286228970480E+03
   5.70000  0.239280403164E+03
   5.80000  0.272259272343E+03
   5.90000  0.364249092783E+03
   6.00000  0.465581197973E+03
   6.10000  0.533328685085E+03
   6.20000  0.536906415373E+03
   6.30000  0.470357029701E+03
   6.40000  0.373231221104E+03
   6.50000  0.309614199436E+03
   6.60000  0.315395350849E+03
   6.70000  0.377806398052E+03
   6.80000  0.462221825560E+03
   6.90000  0.536659734968E+03
   7.00000  0.570142061397E+03
   7.10000  0.540571049911E+03
   7.20000  0.456762638324E+03
   7.30000  0.355237162384E+03
   7.40000  0.269415040108E+03
   7.50000  0.212698300853E+03
   7.60000  0.189822510007E+03
   7.70000  0.201696473450E+03
   7.80000  0.234107646091E+03
   7.90000  0.261537038922E+03
   8.00000  0.267980925361E+03
   8.10000  0.254149711911E+03
   8.20000  0.224474671531E+03
   8.30000  0.181493300731E+03
   8.40000  0.134288086642E+03
   8.50000  0.962994244701E+02
   8.60000  0.725792334688E+02
   8.70000  0.591442242469E+02
   8.80000  0.540079319184E+02
   8.90000  0.588301663848E+02
   9.00000  0.699618998513E+02
   9.10000  0.794287978899E+02
   9.20000  0.842214140478E+02
   9.30000  0.855725868017E+02
   9.40000  0.816400405172E+02
   9.50000  0.692239431107E+02
   9.60000  0.517735731268E+02
   9.70000  0.373100622748E+02
   9.80000  0.293086852844E+02
   9.90000  0.265977281923E+02
  10.00000  0.289674036430E+02
  10.10000  0.363785746127E+02
  10.20000  0.446514855592E+02
  10.30000  0.483002431856E+02
  10.40000  0.469174629738E+02
  10.50000  0.434344585156E+02
  10.60000  0.386849975541E+02
  10.70000  0.322652598151E+02
  10.80000  0.261252700798E+02
  10.90000  0.229731244361E+02
  11.00000  0.223473076972E+02
  11.10000  0.223330784610E+02
  11.20000  0.231226054709E+02
  11.30000  0.253253233528E+02
  11.40000  0.273163204405E+02
  11.50000  0.271645764129E+02
  11.60000  0.256512609623E+02
  11.70000  0.246139281691E+02
  11.80000  0.240672504453E+02
  11.90000  0.237694736048E+02
  12.00000  0.251093329770E+02
  12.10000  0.289887796328E+02
  12.20000  0.335746830838E+02
  12.30000  0.363997574591E+02
  12.40000  0.374452530698E+02
  12.50000  0.377336693938E+02
  12.60000  0.367472687915E+02
  12.70000  0.335064515344E+02
  12.80000  0.287443611920E+02
  12.90000  0.241775238982E+02
  13.00000  0.203462769084E+02
  13.10000  0.171473042635E+02
  13.20000  0.154861797331E+02
  13.30000  0.163237779067E+02
  13.40000  0.188952138492E+02
  13.50000  0.212630791759E+02
  13.60000  0.224643276434E+02
  13.70000  0.228516654274E+02
  13.80000  0.225340421677E+02
  13.90000  0.210075722070E+02
  14.00000  0.181013259081E+02
  14.10000  0.144235080945E+02
  14.20000  0.107426554449E+02
  14.30000  0.740249995670E+01
  14.40000  0.459880455175E+01
  14.50000  0.253445268305E+01
  14.60000  0.125650757630E+01
  14.70000  0.612398064894E+00
  14.80000  0.340152046895E+00
  14.90000  0.320037121988E+00
  15.00000  0.578483779605E+00
  15.10000  0.114381812893E+01
  15.20000  0.190420334906E+01
  15.30000  0.258826695027E+01
  15.40000  0.312897322895E+01
  15.50000  0.371341147288E+01
  15.60000  0.438415448661E+01
  15.70000  0.482816864267E+01
  15.80000  0.469434049622E+01
  15.90000  0.409250705888E+01
  16.00000  0.337288905295E+01
  16.10000  0.264649409115E+01
  16.20000  0.185598956267E+01
  16.30000  0.107035867926E+01
  16.40000  0.513556256737E+00
  16.50000  0.245865991700E+00
  16.60000  0.144680476611E+00
  16.70000  0.170768640604E+00
  16.80000  0.313993419150E+00
  16.90000  0.470407298698E+00
  17.00000  0.495071855493E+00
  17.10000  0.380710054509E+00
  17.20000  0.246574689052E+00
  17.30000  0.131799698285E+00
  17.40000  0.718620510898E-01
  17.50000  0.180551353066E+00
  17.60000  0.524346670319E+00
  17.70000  0.103155784886E+01
  17.80000  0.156810992832E+01
  17.90000  0.209734262733E+01
  18.00000  0.256040884059E+01
  18.10000  0.279350040464E+01
  18.20000  0.275927022481E+01
  18.30000  0.262291940448E+01
  18.40000  0.253184198351E+01
  18.50000  0.241365790574E+01
  18.60000  0.221534784678E+01
  18.70000  0.219674075849E+01
  18.80000  0.264357574428E+01
  18.90000  0.349269782979E+01
  19.00000  0.442799654235E+01
  19.10000  0.527870163849E+01
  19.20000  0.608932764598E+01
  19.30000  0.678377259197E+01
  19.40000  0.714355715648E+01
  19.50000  0.707819172629E+01
  19.60000  0.668468051059E+01
  19.70000  0.603756459597E+01
  19.80000  0.508967323654E+01
  19.90000  0.392952468403E+01
  20.00000  0.285719980351E+01
  20.10000  0.209223828487E+01
  20.20000  0.159531777589E+01
  20.30000  0.122774818952E+01
  20.40000  0.102095809340E+01
  20.50000  0.109700766265E+01
  20.60000  0.142280753021E+01
  20.70000  0.182557799340E+01
  20.80000  0.215910036514E+01
  20.90000  0.240816206762E+01
  21.00000  0.259536118456E+01
  21.10000  0.269081935765E+01
  21.20000  0.266828678046E+01
  21.30000  0.252985347992E+01
  21.40000  0.230985853146E+01
  21.50000  0.204221853272E+01
  21.60000  0.174169691663E+01
  21.70000  0.143375341556E+01
  21.80000  0.113579811850E+01
  21.90000  0.866403614770E+00
  22.00000  0.635892212950E+00
  22.10000  0.434410109993E+00
  22.20000  0.271832952344E+00
  22.30000  0.167843334507E+00
  22.40000  0.134723658815E+00
  22.50000  0.146130186167E+00
  22.60000  0.154859194670E+00
  22.70000  0.172130727580E+00
  22.80000  0.238563661099E+00
  22.90000  0.355084693820E+00
  23.00000  0.458466519353E+00
  23.10000  0.491052206112E+00
  23.20000  0.489148323829E+00
  23.30000  0.514813859683E+00
  23.40000  0.568935197525E+00
  23.50000  0.594165521341E+00
  23.60000  0.555493021570E+00
  23.70000  0.501237709772E+00
  23.80000  0.484403522768E+00
  23.90000  0.501262393584E+00
  24.00000  0.512546237279E+00
  24.10000  0.499935838546E+00
  24.20000  0.497353238548E+00
  24.30000  0.526763845121E+00
  24.40000  0.574464910780E+00
  24.50000  0.622778345564E+00
  24.60000  0.671947275078E+00
  24.70000  0.735095396464E+00
  24.80000  0.790161351724E+00
  24.90000  0.808672565930E+00
  25.00000  0.807503334042E+00
  25.10000  0.821616463222E+00
  25.20000  0.847260338239E+00
  25.30000  0.824225851524E+00
  25.40000  0.735204167642E+00
  25.50000  0.659955690845E+00
  25.60000  0.674638827731E+00
  25.70000  0.759386557986E+00
  25.80000  0.832580778520E+00
  25.90000  0.889429728740E+00
  26.00000  0.101672809171E+01
  26.10000  0.125268589256E+01
  26.20000  0.153269649855E+01
  26.30000  0.177058243547E+01
  26.40000  0.195801936118E+01
  26.50000  0.212492526675E+01
  26.60000  0.224576457187E+01
  26.70000  0.227598653726E+01
  26.80000  0.221766070622E+01
  26.90000  0.210769951027E+01
  27.00000  0.194669287064E+01
  27.10000  0.170141749827E+01
  27.20000  0.140615642714E+01
  27.30000  0.115783773425E+01
  27.40000  0.100799162594E+01
  27.50000  0.911015192521E+00
  27.60000  0.809688829257E+00
  27.70000  0.746096974239E+00
  27.80000  0.799537605173E+00
  27.90000  0.964768927664E+00
  28.00000  0.115087755946E+01
  28.10000  0.128768630243E+01
  28.20000  0.139604657441E+01
  28.30000  0.150918277308E+01
  28.40000  0.160041228027E+01
  28.50000  0.162023112113E+01
  28.60000  0.155824571593E+01
  28.70000  0.144745849196E+01
  28.80000  0.130133195656E+01
  28.90000  0.111322746954E+01
  29.00000  0.907667775497E+00
  29.10000  0.731767338029E+00
  29.20000  0.606591191607E+00
  29.30000  0.503340472731E+00
  29.40000  0.406064913163E+00
  29.50000  0.357131780225E+00
  29.60000  0.394673407142E+00
  29.70000  0.491972413108E+00
  29.80000  0.577952116353E+00
  29.90000  0.624080872456E+00
  30.00000  0.665326622220E+00
  30.10000  0.721047426882E+00
  30.20000  0.759354849577E+00
  30.30000  0.736702361434E+00
  30.40000  0.655697072387E+00
  30.50000  0.555393367057E+00
  30.60000  0.453113429275E+00
  30.70000  0.345537771546E+00
  30.80000  0.235689490893E+00
  30.90000  0.142039146016E+00
  31.00000  0.787538683483E-01
  31.10000  0.383976312296E-01
  31.20000  0.188944786253E-01
  31.30000  0.282603901218E-01
  31.40000  0.661330518900E-01
  31.50000  0.115462849932E+00
  31.60000  0.152509913715E+00
  31.70000  0.175490497223E+00
  31.80000  0.193916687399E+00
  31.90000  0.206869010452E+00
  32.00000  0.204195289798E+00
  32.10000  0.176778930474E+00
  32.20000  0.134843761842E+00
  32.30000  0.954487328819E-01
  32.40000  0.666155122169E-01
  32.50000  0.477283527894E-01
  32.60000  0.321773526237E-01
  32.70000  0.250361871236E-01
  32.80000  0.386232268592E-01
  32.90000  0.769796865387E-01
  33.00000  0.128889645427E+00
  33.10000  0.171978459754E+00
  33.20000  0.202166307533E+00
  33.30000  0.233484616760E+00
  33.40000  0.270966939588E+00
  33.50000  0.296840535187E+00
  33.60000  0.285637155593E+00
  33.70000  0.243446000024E+00
  33.80000  0.199305590229E+00
  33.90000  0.165431229107E+00
  34.00000  0.129025595914E+00
  34.10000  0.783020507304E-01
  34.20000  0.317012920201E-01
  34.30000  0.128646368315E-01
  34.40000  0.206673244775E-01
  34.50000  0.466732065068E-01
  34.60000  0.959128039645E-01
  34.70000  0.179176529113E+00
  34.80000  0.280255925318E+00
  34.90000  0.368894739687E+00
  35.00000  0.449481883201E+00
  35.10000  0.549839532139E+00
  35.20000  0.666638300031E+00
  35.30000  0.747030093932E+00
  35.40000  0.753897205503E+00
  35.50000  0.721763851252E+00
  35.60000  0.701398559021E+00
  35.70000  0.685442665296E+00
  35.80000  0.621984021221E+00
  35.90000  0.498373997662E+00
  36.00000  0.367593449143E+00
  36.10000  0.272701874320E+00
  36.20000  0.203620372913E+00
  36.30000  0.137820215755E+00
  36.40000  0.881855902900E-01
  36.50000  0.827970399729E-01
  36.60000  0.115041098760E+00
  36.70000  0.165552444368E+00
  36.80000  0.244694233459E+00
  36.90000  0.372631436045E+00
  37.00000  0.528549496733E+00
  37.10000  0.655589396590E+00
  37.20000  0.736848767631E+00
  37.30000  0.813179453147E+00
  37.40000  0.907943631431E+00
  37.50000  0.978151270045E+00
  37.60000  0.964559715204E+00
  37.70000  0.876325168566E+00
  37.80000  0.774394373184E+00
  37.90000  0.684776882949E+00
  38.00000  0.579035034017E+00
  38.10000  0.434267946572E+00
  38.20000  0.280699934962E+00
  38.30000  0.162213926373E+00
  38.40000  0.852854994413E-01
  38.50000  0.396545949588E-01
  38.60000  0.337443625174E-01
  38.70000  0.854232690244E-01
  38.80000  0.183179563608E+00
  38.90000  0.295203800700E+00
  39.00000  0.419666020847E+00
  39.10000  0.578327894925E+00
  39.20000  0.763679325341E+00
  39.30000  0.922091969513E+00
  39.40000  0.101056282957E+01
  39.50000  0.104692007441E+01
  39.60000  0.106676903275E+01
  39.70000  0.106304439075E+01
  39.80000  0.996988246799E+00
  39.90000  0.860043780812E+00
  40.00000  0.693507054704E+00
  40.10000  0.534689596649E+00
  40.20000  0.387015609876E+00
  40.30000  0.247848722431E+00
  40.40000  0.135378791939E+00
  40.50000  0.730742303265E-01
  40.60000  0.590545779643E-01
  40.70000  0.829564445763E-01
  40.80000  0.151992749291E+00
  40.90000  0.274234757011E+00
  41.00000  0.430331901069E+00
  41.10000  0.579926238726E+00
  41.20000  0.705014535766E+00
  41.30000  0.817500376908E+00
  41.40000  0.919574323866E+00
  41.50000  0.987039047263E+00
  41.60000  0.994710900768E+00
  41.70000  0.948221339458E+00
  41.80000  0.870770733084E+00
  41.90000  0.771469381028E+00
  42.00000  0.650153165820E+00
  42.10000  0.515480325631E+00
  42.20000  0.386646301805E+00
  42.30000  0.274843734212E+00
  42.40000  0.178896015978E+00
  42.50000  0.105760886471E+00
  42.60000  0.699273635613E-01
  42.70000  0.750073815527E-01
  42.80000  0.106010422419E+00
  42.90000  0.146581246321E+00
  43.00000  0.198817656028E+00
  43.10000  0.268126999735E+00
  43.20000  0.345176653899E+00
  43.30000  0.411827224029E+00
  43.40000  0.458574329676E+00
  43.50000  0.489828387403E+00
  43.60000  0.506233264397E+00
  43.70000  0.501999952753E+00
  43.80000  0.477840852422E+00
  43.90000  0.442149917807E+00
  44.00000  0.400698598913E+00
  44.10000  0.348164695550E+00
  44.20000  0.283591307570E+00
  44.30000  0.221736752284E+00
  44.40000  0.176630800765E+00
  44.50000  0.145957839911E+00
  44.60000  0.115857840277E+00
  44.70000  0.846425275999E-01
  44.80000  0.663810429195E-01
  44.90000  0.676244321254E-01
  45.00000  0.788851435043E-01
  45.10000  0.868437985365E-01
  45.20000  0.910216761334E-01
  45.30000  0.986746057918E-01
  45.40000  0.108373427785E+00
  45.50000  0.114090629369E+00
  45.60000  0.114171637838E+00
  45.70000  0.112236144391E+00
  45.80000  0.108725895714E+00
  45.90000  0.983284780900E-01
  46.00000  0.825563310626E-01
  46.10000  0.692879420942E-01
  46.20000  0.621576110151E-01
  46.30000  0.558592203863E-01
  46.40000  0.436915454366E-01
  46.50000  0.300596048592E-01
  46.60000  0.230351814696E-01
  46.70000  0.230130750207E-01
  46.80000  0.234856030630E-01
  46.90000  0.191302519957E-01
  47.00000  0.135683657924E-01
  47.10000  0.118045855937E-01
  47.20000  0.136811519364E-01
  47.30000  0.155988805832E-01
  47.40000  0.139093591788E-01
  47.50000  0.108167985505E-01
  47.60000  0.106851774858E-01
  47.70000  0.150440938133E-01
  47.80000  0.209069559955E-01
  47.90000  0.226969360618E-01
  48.00000  0.216887499713E-01
  48.10000  0.241414234606E-01
  48.20000  0.323030817093E-01
  48.30000  0.403543426498E-01
  48.40000  0.402847803622E-01
  48.50000  0.347037849886E-01
  48.60000  0.319969659095E-01
  48.70000  0.337069098640E-01
  48.80000  0.333639283246E-01
  48.90000  0.258871103291E-01
  49.00000  0.166326750221E-01
  49.10000  0.118576702666E-01
  49.20000  0.103358100385E-01
  49.30000  0.982313745591E-02
  49.40000  0.129413278417E-01
  49.50000  0.244052615223E-01
  49.60000  0.406164816664E-01
  49.70000  0.548644715785E-01
  49.80000  0.715392227626E-01
  49.90000  0.100645681313E+00
  50.00000  0.141320010709E+00
  50.10000  0.177003222994E+00
  50.20000  0.196837510495E+00
  50.30000  0.212097970882E+00
  50.40000  0.237077061076E+00
  50.50000  0.265802160538E+00
  50.60000  0.276908426816E+00
  50.70000  0.263061639946E+00
  50.80000  0.240941280162E+00
  50.90000  0.224637014562E+00
  51.00000  0.208297141779E+00
  51.10000  0.179138708460E+00
  51.20000  0.139540501569E+00
  51.30000  0.104352645314E+00
  51.40000  0.791054119796E-01
  51.50000  0.599845524586E-01
  51.60000  0.482542789601E-01
  51.70000  0.521698213418E-01
  51.80000  0.730527540704E-01
  51.90000  0.998842406308E-01
  52.00000  0.128871109456E+00
  52.10000  0.171184744459E+00
  52.20000  0.233350451705E+00
  52.30000  0.300836446872E+00
  52.40000  0.351298476242E+00
  52.50000  0.383754774249E+00
  52.60000  0.414910892196E+00
  52.70000  0.449172645324E+00
  52.80000  0.469462789053E+00
  52.90000  0.459482175475E+00
  53.00000  0.426385569180E+00
  53.10000  0.387695932165E+00
  53.20000  0.347381758238E+00
  53.30000  0.298365175310E+00
  53.40000  0.239567875196E+00
  53.50000  0.181724789389E+00
  53.60000  0.132923614903E+00
  53.70000  0.921310067097E-01
  53.80000  0.607915115495E-01
  53.90000  0.460535034035E-01
  54.00000  0.514737147719E-01
  54.10000  0.693598890081E-01
  54.20000  0.911832788384E-01
  54.30000  0.120778866717E+00
  54.40000  0.164781250162E+00
  54.50000  0.218327972021E+00
  54.60000  0.266535832597E+00
  54.70000  0.300984396764E+00
  54.80000  0.327135326738E+00
  54.90000  0.349770477956E+00
  55.00000  0.364013572103E+00
  55.10000  0.362123149853E+00
  55.20000  0.343939472653E+00
  55.30000  0.316149068009E+00
  55.40000  0.281543046597E+00
  55.50000  0.239931333037E+00
  55.60000  0.194371383729E+00
  55.70000  0.150537718839E+00
  55.80000  0.111577690228E+00
  55.90000  0.757500292007E-01
  56.00000  0.443962578843E-01
  56.10000  0.236561267144E-01
  56.20000  0.165806530213E-01
  56.30000  0.199412345202E-01
  56.40000  0.283093106355E-01
  56.50000  0.416104959705E-01
  56.60000  0.619829179242E-01
  56.70000  0.867926479801E-01
  56.80000  0.111331415379E+00
  56.90000  0.132999223181E+00
  57.00000  0.152044316861E+00
  57.10000  0.166443816700E+00
  57.20000  0.171773426364E+00
  57.30000  0.168649661350E+00
  57.40000  0.161534508413E+00
  57.50000  0.152313607387E+00
  57.60000  0.137283691760E+00
  57.70000  0.113704714153E+00
  57.80000  0.872430049632E-01
  57.90000  0.650295277817E-01
  58.00000  0.478933822984E-01
  58.10000  0.318983682021E-01
  58.20000  0.160193032723E-01
  58.30000  0.502219052472E-02
  58.40000  0.120838816886E-02
  58.50000  0.221709890637E-02
  58.60000  0.606337983499E-02
  58.70000  0.134469963464E-01
  58.80000  0.247681100204E-01
  58.90000  0.356700264093E-01
  59.00000  0.428976784776E-01
  59.10000  0.492582193459E-01
  59.20000  0.579703630717E-01
  59.30000  0.664462248093E-01
  59.40000  0.676778340889E-01
  59.50000  0.608594349505E-01
  59.60000  0.530427312171E-01
  59.70000  0.485342248936E-01
  59.80000  0.441438858275E-01
  59.90000  0.345759419825E-01
  60.00000  0.216210120823E-01
  60.10000  0.116954884794E-01
  60.20000  0.645360605575E-02
  60.30000  0.330505739288E-02
  60.40000  0.780923290070E-03
  60.50000  0.116352436084E-02
  60.60000  0.548260960596E-02
  60.70000  0.105274968092E-01
  60.80000  0.153800158587E-01
  60.90000  0.230254331471E-01
  61.00000  0.350168881036E-01
  61.10000  0.466190189644E-01
  61.20000  0.515294123944E-01
  61.30000  0.518411531555E-01
  61.40000  0.543362723094E-01
  61.50000  0.600328581015E-01
  61.60000  0.619904850693E-01
  61.70000  0.548003520778E-01
  61.80000  0.434277700922E-01
  61.90000  0.354171490425E-01
  62.00000  0.310178571334E-01
  62.10000  0.250457511101E-01
  62.20000  0.156846271667E-01
  62.30000  0.796026963561E-02
  62.40000  0.521087193126E-02
  62.50000  0.563063382134E-02
  62.60000  0.793330988747E-02
  62.70000  0.141843006304E-01
  62.80000  0.259841761592E-01
  62.90000  0.390477212201E-01
  63.00000  0.492366561488E-01
  63.10000  0.600308174796E-01
  63.20000  0.767154638198E-01
  63.30000  0.966884631471E-01
  63.40000  0.109624708985E+00
  63.50000  0.111473075128E+00
  63.60000  0.110547958699E+00
  63.70000  0.114332935374E+00
  63.80000  0.118404125272E+00
  63.90000  0.112181722841E+00
  64.00000  0.949741009797E-01
  64.10000  0.774828757087E-01
  64.20000  0.663101012730E-01
  64.30000  0.576296244376E-01
  64.40000  0.460040449652E-01
  64.50000  0.344903074000E-01
  64.60000  0.299713804471E-01
  64.70000  0.326019247541E-01
  64.80000  0.394305172796E-01
  64.90000  0.521044628740E-01
  65.00000  0.746872473384E-01
  65.10000  0.104158983570E+00
  65.20000  0.130960459177E+00
  65.30000  0.153622824032E+00
  65.40000  0.180938300291E+00
  65.50000  0.216399097432E+00
  65.60000  0.248101630340E+00
  65.70000  0.261562556429E+00
  65.80000  0.260104010388E+00
  65.90000  0.258780592401E+00
  66.00000  0.261385418394E+00
  66.10000  0.255222373844E+00
  66.20000  0.230510443759E+00
  66.30000  0.196512605941E+00
  66.40000  0.168417089947E+00
  66.50000  0.148425059291E+00
  66.60000  0.129533854066E+00
  66.70000  0.111279686622E+00
  66.80000  0.102393160732E+00
  66.90000  0.106450350694E+00
  67.00000  0.118633638764E+00
  67.10000  0.138620654089E+00
  67.20000  0.173213642960E+00
  67.30000  0.222896949446E+00
  67.40000  0.273834723533E+00
  67.50000  0.314409172882E+00
  67.60000  0.351784983766E+00
  67.70000  0.398049582207E+00
  67.80000  0.446842906289E+00
  67.90000  0.476182420467E+00
  68.00000  0.477189877040E+00
  68.10000  0.465476404159E+00
  68.20000  0.456258105667E+00
  68.30000  0.443517735379E+00
  68.40000  0.412230009561E+00
  68.50000  0.363707300791E+00
  68.60000  0.315102368166E+00
  68.70000  0.276040477981E+00
  68.80000  0.242729972541E+00
  68.90000  0.213159056189E+00
  69.00000  0.194941699089E+00
  69.10000  0.193292872862E+00
  69.20000  0.201971679461E+00
  69.30000  0.216924723800E+00
  69.40000  0.246275387401E+00
  69.50000  0.296500434914E+00
  69.60000  0.356165617315E+00
  69.70000  0.405734254651E+00
  69.80000  0.443349078170E+00
  69.90000  0.483789259599E+00
  70.00000  0.531270017124E+00
  70.10000  0.568633031836E+00
  70.20000  0.578847301553E+00
  70.30000  0.567485851547E+00
  70.40000  0.550972254925E+00
  70.50000  0.532240703112E+00
  70.60000  0.501879939975E+00
  70.70000  0.457305821143E+00
  70.80000  0.408827182876E+00
  70.90000  0.364250628200E+00
  71.00000  0.321839240308E+00
  71.10000  0.282812683981E+00
  71.20000  0.256545282010E+00
  71.30000  0.248344190954E+00
  71.40000  0.249975498258E+00
  71.50000  0.252905054878E+00
  71.60000  0.264185419922E+00
  71.70000  0.295482854027E+00
  71.80000  0.342774539048E+00
  71.90000  0.388190666187E+00
  72.00000  0.422705814415E+00
  72.10000  0.454837224695E+00
  72.20000  0.491616017730E+00
  72.30000  0.525342714502E+00
  72.40000  0.544429705006E+00
  72.50000  0.548470357679E+00
  72.60000  0.544007289959E+00
  72.70000  0.530529373964E+00
  72.80000  0.504109030375E+00
  72.90000  0.469133920747E+00
  73.00000  0.434827062674E+00
  73.10000  0.401656689101E+00
  73.20000  0.361504532982E+00
  73.30000  0.315828237098E+00
  73.40000  0.279936132671E+00
  73.50000  0.263901971729E+00
  73.60000  0.260343922347E+00
  73.70000  0.257613672697E+00
  73.80000  0.259106932685E+00
  73.90000  0.276957809336E+00
  74.00000  0.312092187703E+00
  74.10000  0.353756176240E+00
  74.20000  0.395123827726E+00
  74.30000  0.438817206610E+00
  74.40000  0.484048727505E+00
  74.50000  0.521493357012E+00
  74.60000  0.546961226087E+00
  74.70000  0.566726506306E+00
  74.80000  0.583538857885E+00
  74.90000  0.585881271657E+00
  75.00000  0.562686962845E+00
  75.10000  0.522970690663E+00
  75.20000  0.485263786079E+00
  75.30000  0.452634099534E+00
  75.40000  0.411697914522E+00
  75.50000  0.357843006424E+00
  75.60000  0.307500835726E+00
  75.70000  0.277274239850E+00
  75.80000  0.265638075331E+00
  75.90000  0.263425433130E+00
  76.00000  0.272084595743E+00
  76.10000  0.299841466178E+00
  76.20000  0.344461816070E+00
  76.30000  0.396419582252E+00
  76.40000  0.455046567561E+00
  76.50000  0.525876331078E+00
  76.60000  0.601986565238E+00
  76.70000  0.662395228451E+00
  76.80000  0.697510551670E+00
  76.90000  0.720622740502E+00
  77.00000  0.743396627181E+00
  77.10000  0.753241231355E+00
  77.20000  0.728537779354E+00
  77.30000  0.671393867334E+00
  77.40000  0.606472032604E+00
  77.50000  0.548317791868E+00
  77.60000  0.489006116038E+00
  77.70000  0.420526951613E+00
  77.80000  0.354423828381E+00
  77.90000  0.308163095706E+00
  78.00000  0.284593263395E+00
  78.10000  0.279036721239E+00
  78.20000  0.295250524181E+00
  78.30000  0.340150427419E+00
  78.40000  0.406364184988E+00
  78.50000  0.476950924745E+00
  78.60000  0.549042430255E+00
  78.70000  0.633772269733E+00
  78.80000  0.729593732698E+00
  78.90000  0.811465544534E+00
  79.00000  0.857281976919E+00
  79.10000  0.873878452348E+00
  79.20000  0.880468235054E+00
  79.30000  0.876504682025E+00
  79.40000  0.842958438682E+00
  79.50000  0.772946788510E+00
  79.60000  0.684472102124E+00
  79.70000  0.597038180867E+00
  79.80000  0.513080194682E+00
  79.90000  0.429829153924E+00
  80.00000  0.355633238695E+00
  80.10000  0.303435777866E+00
  80.20000  0.274711395498E+00
  80.30000  0.265022777310E+00
  80.40000  0.279581093027E+00
  80.50000  0.327564939643E+00
  80.60000  0.403084302923E+00
  80.70000  0.485150107107E+00
  80.80000  0.562013506476E+00
  80.90000  0.641387078222E+00
  81.00000  0.728670868206E+00
  81.10000  0.808570342869E+00
  81.20000  0.858350365316E+00
  81.30000  0.873534361085E+00
  81.40000  0.866862095134E+00
  81.50000  0.844786420912E+00
  81.60000  0.800616837978E+00
  81.70000  0.730227900031E+00
  81.80000  0.642881458318E+00
  81.90000  0.550911230173E+00
  82.00000  0.458448380097E+00
  82.10000  0.368849989963E+00
  82.20000  0.292749860302E+00
  82.30000  0.240398110105E+00
  82.40000  0.210669565059E+00
  82.50000  0.196797056866E+00
  82.60000  0.201501065089E+00
  82.70000  0.233986561257E+00
  82.80000  0.293306593111E+00
  82.90000  0.364856783602E+00
  83.00000  0.435543799966E+00
  83.10000  0.504914752604E+00
  83.20000  0.574900157389E+00
  83.30000  0.638126846948E+00
  83.40000  0.683542401722E+00
  83.50000  0.707327289065E+00
  83.60000  0.711783235864E+00
  83.70000  0.695599917233E+00
  83.80000  0.655594670915E+00
  83.90000  0.596500941578E+00
  84.00000  0.528794571167E+00
  84.10000  0.457218617537E+00
  84.20000  0.378487206381E+00
  84.30000  0.294344897917E+00
  84.40000  0.218173926736E+00
  84.50000  0.162118260137E+00
  84.60000  0.125738678375E+00
  84.70000  0.102549265259E+00
  84.80000  0.935669876006E-01
  84.90000  0.105753197892E+00
  85.00000  0.139082537201E+00
  85.10000  0.186040824139E+00
  85.20000  0.241716084169E+00
  85.30000  0.305919229848E+00
  85.40000  0.373786379410E+00
  85.50000  0.433271599181E+00
  85.60000  0.478332249002E+00
  85.70000  0.514477065391E+00
  85.80000  0.545171507384E+00
  85.90000  0.560091912046E+00
  86.00000  0.545977424691E+00
  86.10000  0.506644526337E+00
  86.20000  0.459084558764E+00
  86.30000  0.410984313107E+00
  86.40000  0.354044789032E+00
  86.50000  0.281971182964E+00
  86.60000  0.205638859346E+00
  86.70000  0.141489546207E+00
  86.80000  0.937165005100E-01
  86.90000  0.573749526595E-01
  87.00000  0.326939243337E-01
  87.10000  0.267258863115E-01
  87.20000  0.409241304057E-01
  87.30000  0.689933765843E-01
  87.40000  0.108688329567E+00
  87.50000  0.163984307899E+00
  87.60000  0.232696058669E+00
  87.70000  0.300232017750E+00
  87.80000  0.354199409809E+00
  87.90000  0.398462220428E+00
  88.00000  0.441873336324E+00
  88.10000  0.479023195260E+00
  88.20000  0.492632248191E+00
  88.30000  0.475918029301E+00
  88.40000  0.441479820916E+00
  88.50000  0.402795194782E+00
  88.60000  0.358198664464E+00
  88.70000  0.299188889613E+00
  88.80000  0.228388241260E+00
  88.90000  0.159941471005E+00
  89.00000  0.103535760288E+00
  89.10000  0.588466365082E-01
  89.20000  0.246462941918E-01
  89.30000  0.512750678991E-02
  89.40000  0.430627891892E-02
  89.50000  0.196120466921E-01
  89.60000  0.471601325468E-01
  89.70000  0.872506171023E-01
  89.80000  0.139775299726E+00
  89.90000  0.197884413911E+00
  90.00000  0.251166245993E+00
  90.10000  0.295643674109E+00
  90.20000  0.333828911132E+00
  90.30000  0.365274750539E+00
  90.40000  0.383281018377E+00
  90.50000  0.381875943591E+00
  90.60000  0.363198131721E+00
  90.70000  0.333660513459E+00
  90.80000  0.296309325456E+00
  90.90000  0.251142355598E+00
  91.00000  0.199875822749E+00
  91.10000  0.147919795690E+00
  91.20000  0.100565110327E+00
  91.30000  0.604156809536E-01
  91.40000  0.293213584982E-01
  91.50000  0.899846824409E-02
  91.60000  0.411540361807E-03
  91.70000  0.308354570013E-02
  91.80000  0.157902570189E-01
  91.90000  0.371082241521E-01
  92.00000  0.638920037216E-01
  92.10000  0.925655459159E-01
  92.20000  0.121271005515E+00
  92.30000  0.149055787454E+00
  92.40000  0.173207176910E+00
  92.50000  0.188827554504E+00
  92.60000  0.194066935147E+00
  92.70000  0.192269717235E+00
  92.80000  0.186693980027E+00
  92.90000  0.175862525454E+00
  93.00000  0.156204836232E+00
  93.10000  0.129552310405E+00
  93.20000  0.102872076751E+00
  93.30000  0.803057407429E-01
  93.40000  0.601247803002E-01
  93.50000  0.397263249329E-01
  93.60000  0.213667933004E-01
  93.70000  0.920354896737E-02
  93.80000  0.341222436225E-02
  93.90000  0.151850895438E-02
  94.00000  0.261086557825E-02
  94.10000  0.772697907386E-02
  94.20000  0.157886459343E-01
  94.30000  0.233715427115E-01
  94.40000  0.299980086395E-01
  94.50000  0.384145922453E-01
  94.60000  0.492727151294E-01
  94.70000  0.582666382894E-01
  94.80000  0.614327537596E-01
  94.90000  0.614349851726E-01
  95.00000  0.634534789017E-01
  95.10000  0.676115752232E-01
  95.20000  0.689198952788E-01
  95.30000  0.646410930168E-01
  95.40000  0.584007482581E-01
  95.50000  0.542255126685E-01
  95.60000  0.512893771721E-01
  95.70000  0.463014653548E-01
  95.80000  0.385868560703E-01
  95.90000  0.307043260072E-01
  96.00000  0.239491906386E-01
  96.10000  0.175601871514E-01
  96.20000  0.114058319243E-01
  96.30000  0.660601392913E-02
  96.40000  0.403483942715E-02
  96.50000  0.304625729680E-02
  96.60000  0.358289756959E-02
  96.70000  0.701777104894E-02
  96.80000  0.138663483052E-01
  96.90000  0.232358261361E-01
  97.00000  0.340512354540E-01
  97.10000  0.464164845985E-01
  97.20000  0.600756697031E-01
  97.30000  0.729770675001E-01
  97.40000  0.839049163374E-01
  97.50000  0.936431396104E-01
  97.60000  0.102685197219E+00
  97.70000  0.108568168959E+00
  97.80000  0.107980522697E+00
  97.90000  0.101993503516E+00
  98.00000  0.947059989302E-01
  98.10000  0.874856563504E-01
  98.20000  0.773243938415E-01
  98.30000  0.620295466554E-01
  98.40000  0.450793134427E-01
  98.50000  0.314298690999E-01
  98.60000  0.217930199467E-01
  98.70000  0.137637549741E-01
  98.80000  0.688457459474E-02
  98.90000  0.392544279838E-02
  99.00000  0.600212394559E-02
  99.10000  0.113025203137E-01
  99.20000  0.190694819351E-01
  99.30000  0.307252684483E-01
  99.40000  0.462050094692E-01
  99.50000  0.612482484069E-01
  99.60000  0.725718491191E-01
  99.70000  0.828674759585E-01
  99.80000  0.960820831610E-01
  99.90000  0.110159950261E+00
 100.00000  0.118087357192E+00
 100.10000  0.117679227500E+00
 100.20000  0.115102743207E+00
 100.30000  0.115784696652E+00
 100.40000  0.116995634742E+00
 100.50000  0.112133947491E+00
 100.60000  0.100842837593E+00
 100.70000  0.896515027063E-01
 100.80000  0.824943375742E-01
 100.90000  0.765740778669E-01
 101.00000  0.676888496728E-01
 101.10000  0.565719106043E-01
 101.20000  0.469992987197E-01
 101.30000  0.397657075784E-01
 101.40000  0.330768344144E-01
 101.50000  0.263020375262E-01
 101.60000  0.208348657131E-01
 101.70000  0.172497276351E-01
 101.80000  0.141246806977E-01
 101.90000  0.115247024086E-01
 102.00000  0.117199793280E-01
 102.10000  0.160058901728E-01
 102.20000  0.227681717868E-01
 102.30000  0.297788129546E-01
 102.40000  0.380127948768E-01
 102.50000  0.498373861513E-01
 102.60000  0.651434883500E-01
 102.70000  0.813907588909E-01
 102.80000  0.965680494754E-01
 102.90000  0.111152977723E+00
 103.00000  0.125559032155E+00
 103.10000  0.138396761394E+00
 103.20000  0.148132881181E+00
 103.30000  0.154274823785E+00
 103.40000  0.156982253717E+00
 103.50000  0.155463238208E+00
 103.60000  0.148903415166E+00
 103.70000  0.138265305115E+00
 103.80000  0.125017949177E+00
 103.90000  0.109704211720E+00
 104.00000  0.919762419736E-01
 104.10000  0.725815627934E-01
 104.20000  0.538544067170E-01
 104.30000  0.372904913725E-01
 104.40000  0.232667847722E-01
 104.50000  0.123249244880E-01
 104.60000  0.582078278268E-02
 104.70000  0.452669234162E-02
 104.80000  0.724818908626E-02
 104.90000  0.133683562460E-01
 105.00000  0.242987650022E-01
 105.10000  0.410712279706E-01
 105.20000  0.614077718163E-01
 105.30000  0.809235929492E-01
 105.40000  0.986623099180E-01
 105.50000  0.117579467635E+00
 105.60000  0.138831546700E+00
 105.70000  0.158259866757E+00
 105.80000  0.170301090568E+00
 105.90000  0.175221694091E+00
 106.00000  0.178022449089E+00
 106.10000  0.180685848381E+00
 106.20000  0.179203746962E+00
 106.30000  0.169096726012E+00
 106.40000  0.152390061357E+00
 106.50000  0.135064809431E+00
 106.60000  0.119402329913E+00
 106.70000  0.102554047076E+00
 106.80000  0.820082987997E-01
 106.90000  0.604198608441E-01
 107.00000  0.422572889947E-01
 107.10000  0.284687920771E-01
 107.20000  0.172627602840E-01
 107.30000  0.793968253271E-02
 107.40000  0.224602905507E-02
 107.50000  0.101466972105E-02
 107.60000  0.276319570995E-02
 107.70000  0.684892592687E-02
 107.80000  0.144940203231E-01
 107.90000  0.261193494245E-01
 108.00000  0.387095578386E-01
 108.10000  0.489232133618E-01
 108.20000  0.581105700490E-01
 108.30000  0.699652096104E-01
 108.40000  0.842714047680E-01
 108.50000  0.955584039037E-01
 108.60000  0.100077089340E+00
 108.70000  0.101536855878E+00
 108.80000  0.105674395606E+00
 108.90000  0.112007304403E+00
 109.00000  0.114177871192E+00
 109.10000  0.108980396558E+00
 109.20000  0.101313034345E+00
 109.30000  0.969778218667E-01
 109.40000  0.949520286218E-01
 109.50000  0.894605996698E-01
 109.60000  0.784581498352E-01
 109.70000  0.664069903281E-01
 109.80000  0.572794471865E-01
 109.90000  0.498067852883E-01
 110.00000  0.406442694689E-01
 110.10000  0.296839410728E-01
 110.20000  0.199808944721E-01
 110.30000  0.128956893895E-01
 110.40000  0.758653808037E-02
 110.50000  0.406075773287E-02
 110.60000  0.389316913576E-02
 110.70000  0.786246219633E-02
 110.80000  0.143759763059E-01
 110.90000  0.227007764295E-01
 111.00000  0.347696382047E-01
 111.10000  0.519785797932E-01
 111.20000  0.722771288685E-01
 111.30000  0.916880538522E-01
 111.40000  0.109168193713E+00
 111.50000  0.126667617584E+00
 111.60000  0.144409617319E+00
 111.70000  0.159271920496E+00
 111.80000  0.167761278680E+00
 111.90000  0.169792802438E+00
 112.00000  0.167279494031E+00
 112.10000  0.160503522538E+00
 112.20000  0.148494874925E+00
 112.30000  0.131203338881E+00
 112.40000  0.110503207518E+00
 112.50000  0.883753381950E-01
 112.60000  0.657706935159E-01
 112.70000  0.442220215437E-01
 112.80000  0.258895532260E-01
 112.90000  0.124392160035E-01
 113.00000  0.427931394147E-02
 113.10000  0.146244338998E-02
 113.20000  0.492836752657E-02
 113.30000  0.148960174695E-01
 113.40000  0.301441769848E-01
 113.50000  0.491697273338E-01
 113.60000  0.709949610356E-01
 113.70000  0.944434830127E-01
 113.80000  0.116559360212E+00
 113.90000  0.134655464463E+00
 114.00000  0.148751701358E+00
 114.10000  0.159788027170E+00
 114.20000  0.166398340319E+00
 114.30000  0.164952110128E+00
 114.40000  0.154746077420E+00
 114.50000  0.140015629791E+00
 114.60000  0.124751420385E+00
 114.70000  0.108373472197E+00
 114.80000  0.880758285679E-01
 114.90000  0.652351791616E-01
 115.00000  0.455041380058E-01
 115.10000  0.322239675564E-01
 115.20000  0.238700207870E-01
 115.30000  0.179708122398E-01
 115.40000  0.155323965474E-01
 115.50000  0.188647187617E-01
 115.60000  0.271174628328E-01
 115.70000  0.377948521436E-01
 115.80000  0.501157041785E-01
 115.90000  0.645593406677E-01
 116.00000  0.792209967712E-01
 116.10000  0.901450071997E-01
 116.20000  0.968809486716E-01
 116.30000  0.102907319443E+00
 116.40000  0.109700735358E+00
 116.50000  0.113265629329E+00
 116.60000  0.109388211507E+00
 116.70000  0.100917894336E+00
 116.80000  0.944728955795E-01
 116.90000  0.916878414308E-01
 117.00000  0.878456324504E-01
 117.10000  0.796048346734E-01
 117.20000  0.706933400242E-01
 117.30000  0.663098001921E-01
 117.40000  0.661132161317E-01
 117.50000  0.659441101983E-01
 117.60000  0.641388696281E-01
 117.70000  0.630576920232E-01
 117.80000  0.637901121521E-01
 117.90000  0.644204416042E-01
 118.00000  0.640043155925E-01
 118.10000  0.641050335562E-01
 118.20000  0.655946574021E-01
 118.30000  0.659776509217E-01
 118.40000  0.635372133985E-01
 118.50000  0.614822300045E-01
 118.60000  0.639520352053E-01
 118.70000  0.701350603162E-01
 118.80000  0.751385183034E-01
 118.90000  0.775858260199E-01
 119.00000  0.820590073769E-01
 119.10000  0.919736434543E-01
 119.20000  0.104532324861E+00
 119.30000  0.114311436608E+00
 119.40000  0.120271642494E+00
 119.50000  0.125591499093E+00
 119.60000  0.131206890478E+00
 119.70000  0.134322834621E+00
 119.80000  0.132420715124E+00
 119.90000  0.126226162204E+00
 120.00000  0.117397100272E+00
 120.10000  0.105527331512E+00
 120.20000  0.904800092128E-01
 120.30000  0.744516643692E-01
 120.40000  0.600249737077E-01
 120.50000  0.473408939823E-01
 120.60000  0.351988897308E-01
 120.70000  0.253662932689E-01
 120.80000  0.217816472118E-01
 120.90000  0.259325684181E-01
 121.00000  0.355403802914E-01
 121.10000  0.480762196260E-01
 121.20000  0.643052225348E-01
 121.30000  0.856094102064E-01
 121.40000  0.110394075064E+00
 121.50000  0.135316372712E+00
 121.60000  0.158254585014E+00
 121.70000  0.178832115018E+00
 121.80000  0.195571441662E+00
 121.90000  0.205925633616E+00
 122.00000  0.209392359072E+00
 122.10000  0.207394620820E+00
 122.20000  0.200406842582E+00
 122.30000  0.186514641759E+00
 122.40000  0.165044969954E+00
 122.50000  0.139665995080E+00
 122.60000  0.114814044559E+00
 122.70000  0.914028069530E-01
 122.80000  0.676306714027E-01
 122.90000  0.440795260411E-01
 123.00000  0.250554285985E-01
 123.10000  0.135394977848E-01
 123.20000  0.869749906826E-02
 123.30000  0.857761302039E-02
 123.40000  0.133685530891E-01
 123.50000  0.240708004304E-01
 123.60000  0.390687301690E-01
 123.70000  0.559384914256E-01
 123.80000  0.745118717033E-01
 123.90000  0.955351334098E-01
 124.00000  0.116764254874E+00
 124.10000  0.133229227065E+00
 124.20000  0.143649452055E+00
 124.30000  0.152080912173E+00
 124.40000  0.161296206021E+00
 124.50000  0.167639293538E+00
 124.60000  0.165363662031E+00
 124.70000  0.155742731054E+00
 124.80000  0.146204558854E+00
 124.90000  0.140386906017E+00
 125.00000  0.133805902723E+00
 125.10000  0.120897306012E+00
 125.20000  0.103962074415E+00
 125.30000  0.901174297379E-01
 125.40000  0.815567251098E-01
 125.50000  0.737469539296E-01
 125.60000  0.625710593146E-01
 125.70000  0.501407657060E-01
 125.80000  0.406654509259E-01
 125.90000  0.342542280486E-01
 126.00000  0.281982049156E-01
 126.10000  0.215730988894E-01
 126.20000  0.163274738098E-01
 126.30000  0.134410942916E-01
 126.40000  0.117562515697E-01
 126.50000  0.115302497239E-01
 126.60000  0.150763798411E-01
 126.70000  0.235463148826E-01
 126.80000  0.346245398860E-01
 126.90000  0.459474787419E-01
 127.00000  0.594308696861E-01
 127.10000  0.783190519221E-01
 127.20000  0.101856666665E+00
 127.30000  0.125101389897E+00
 127.40000  0.144749856132E+00
 127.50000  0.162723485842E+00
 127.60000  0.181435499020E+00
 127.70000  0.198987241999E+00
 127.80000  0.210657568264E+00
 127.90000  0.214301530666E+00
 128.00000  0.212132837875E+00
 128.10000  0.206190229555E+00
 128.20000  0.195729088485E+00
 128.30000  0.179179174110E+00
 128.40000  0.157069029736E+00
 128.50000  0.132123460268E+00
 128.60000  0.106395645216E+00
 128.70000  0.808832764322E-01
 128.80000  0.566579342137E-01
 128.90000  0.351986545621E-01
 129.00000  0.181559418944E-01
 129.10000  0.650914825690E-02
 129.20000  0.100589644164E-02
 129.30000  0.185917645543E-02
 129.40000  0.830786395757E-02
 129.50000  0.198960586409E-01
 129.60000  0.367143685286E-01
 129.70000  0.583728975247E-01
 129.80000  0.823030435300E-01
 129.90000  0.104986669307E+00
 130.00000  0.125865715186E+00
 130.10000  0.146810121086E+00
 130.20000  0.167729045867E+00
 130.30000  0.184206809847E+00
 130.40000  0.192026511947E+00
 130.50000  0.193331128389E+00
 130.60000  0.193671237721E+00
 130.70000  0.194092158577E+00
 130.80000  0.189319564282E+00
 130.90000  0.175551636572E+00
 131.00000  0.157331042476E+00
 131.10000  0.141975010891E+00
 131.20000  0.130262185574E+00
 131.30000  0.116431191728E+00
 131.40000  0.972992265849E-01
 131.50000  0.775604944975E-01
 131.60000  0.629080904175E-01
 131.70000  0.526909810039E-01
 131.80000  0.421550706858E-01
 131.90000  0.297363604803E-01
 132.00000  0.188788707876E-01
 132.10000  0.119776568987E-01
 132.20000  0.773107379064E-02
 132.30000  0.482189853632E-02
 132.40000  0.451197537450E-02
 132.50000  0.836706843325E-02
 132.60000  0.149852332165E-01
 132.70000  0.229227350061E-01
 132.80000  0.343679185019E-01
 132.90000  0.522286217558E-01
 133.00000  0.751825930789E-01
 133.10000  0.981369463359E-01
 133.20000  0.119182678120E+00
 133.30000  0.141892802878E+00
 133.40000  0.168653772012E+00
 133.50000  0.195668669063E+00
 133.60000  0.216425329035E+00
 133.70000  0.229450327658E+00
 133.80000  0.238529472981E+00
 133.90000  0.245400193588E+00
 134.00000  0.246900530054E+00
 134.10000  0.239257197186E+00
 134.20000  0.223290357543E+00
 134.30000  0.202833916351E+00
 134.40000  0.179655849567E+00
 134.50000  0.153421809039E+00
 134.60000  0.124491937357E+00
 134.70000  0.952489642266E-01
 134.80000  0.681784945441E-01
 134.90000  0.442402241740E-01
 135.00000  0.244794267707E-01
 135.10000  0.102930168660E-01
 135.20000  0.244415935185E-02
 135.30000  0.670877516882E-03
 135.40000  0.441922825664E-02
 135.50000  0.137581773496E-01
 135.60000  0.277542504929E-01
 135.70000  0.444165789581E-01
 135.80000  0.628185853525E-01
 135.90000  0.832490519339E-01
 136.00000  0.104958438489E+00
 136.10000  0.124270868108E+00
 136.20000  0.138354531182E+00
 136.30000  0.149378773403E+00
 136.40000  0.161131074541E+00
 136.50000  0.172735386338E+00
 136.60000  0.178411639211E+00
 136.70000  0.175959545905E+00
 136.80000  0.171375150524E+00
 136.90000  0.171027890318E+00
 137.00000  0.172938077319E+00
 137.10000  0.169373081814E+00
 137.20000  0.158401748127E+00
 137.30000  0.147249076826E+00
 137.40000  0.141795990397E+00
 137.50000  0.138578198657E+00
 137.60000  0.129830140222E+00
 137.70000  0.114476412938E+00
 137.80000  0.989430994199E-01
 137.90000  0.871913048939E-01
 138.00000  0.762541948941E-01
 138.10000  0.618092913433E-01
 138.20000  0.448726637933E-01
 138.30000  0.299544739342E-01
 138.40000  0.186689016475E-01
 138.50000  0.992107422145E-02
 138.60000  0.379907938660E-02
 138.70000  0.239190175577E-02
 138.80000  0.662664586807E-02
 138.90000  0.148678059687E-01
 139.00000  0.267429808108E-01
 139.10000  0.441904794050E-01
 139.20000  0.678499661305E-01
 139.30000  0.946358744631E-01
 139.40000  0.120398930185E+00
 139.50000  0.144750634945E+00
 139.60000  0.169454910990E+00
 139.70000  0.193654928680E+00
 139.80000  0.213546044850E+00
 139.90000  0.226183884405E+00
 140.00000  0.232342332620E+00
 140.10000  0.233522313362E+00
 140.20000  0.229196357139E+00
 140.30000  0.218594679808E+00
 140.40000  0.202622900935E+00
 140.50000  0.183327516230E+00
 140.60000  0.161320363367E+00
 140.70000  0.136582577596E+00
 140.80000  0.111274695302E+00
 140.90000  0.884464291102E-01
 141.00000  0.691081096261E-01
 141.10000  0.515760762578E-01
 141.20000  0.350771639975E-01
 141.30000  0.219931821074E-01
 141.40000  0.142718532892E-01
 141.50000  0.107369000452E-01
 141.60000  0.861623177275E-02
 141.70000  0.716481958240E-02
 141.80000  0.778569074762E-02
 141.90000  0.103446851124E-01
 142.00000  0.132859148481E-01
 142.10000  0.162107041345E-01
 142.20000  0.203276619501E-01
 142.30000  0.258387350134E-01
 142.40000  0.305139181123E-01
 142.50000  0.339014431661E-01
 142.60000  0.393740965396E-01
 142.70000  0.498127582187E-01
 142.80000  0.630476051609E-01
 142.90000  0.740743899552E-01
 143.00000  0.829124921174E-01
 143.10000  0.950481889092E-01
 143.20000  0.113119878372E+00
 143.30000  0.132107960652E+00
 143.40000  0.144885758882E+00
 143.50000  0.151697406652E+00
 143.60000  0.158702635750E+00
 143.70000  0.168018902777E+00
 143.80000  0.174138638470E+00
 143.90000  0.170891029777E+00
 144.00000  0.159873867742E+00
 144.10000  0.147550205678E+00
 144.20000  0.136285163994E+00
 144.30000  0.122618077480E+00
 144.40000  0.103317574864E+00
 144.50000  0.810355871879E-01
 144.60000  0.611085170871E-01
 144.70000  0.454070593953E-01
 144.80000  0.321997763408E-01
 144.90000  0.199324418720E-01
 145.00000  0.101670660451E-01
 145.10000  0.534924777568E-02
 145.20000  0.568936831016E-02
 145.30000  0.964558870563E-02
 145.40000  0.154197201417E-01
 145.50000  0.226407135324E-01
 145.60000  0.317277785803E-01
 145.70000  0.423492800287E-01
 145.80000  0.531641844168E-01
 145.90000  0.619998109248E-01
 146.00000  0.681136844875E-01
 146.10000  0.728593909927E-01
 146.20000  0.775058874941E-01
 146.30000  0.812402068600E-01
 146.40000  0.814701586602E-01
 146.50000  0.780850973057E-01
 146.60000  0.746631583675E-01
 146.70000  0.740829629774E-01
 146.80000  0.748438175158E-01
 146.90000  0.728077807292E-01
 147.00000  0.678474438069E-01
 147.10000  0.648023157207E-01
 147.20000  0.667129167446E-01
 147.30000  0.704200352479E-01
 147.40000  0.701668766251E-01
 147.50000  0.656995962267E-01
 147.60000  0.623423075971E-01
 147.70000  0.628850941859E-01
 147.80000  0.636786019851E-01
 147.90000  0.593719254822E-01
 148.00000  0.506014547388E-01
 148.10000  0.429027057728E-01
 148.20000  0.389362366939E-01
 148.30000  0.360675471780E-01
 148.40000  0.309177792387E-01
 148.50000  0.249069202335E-01
 148.60000  0.223245025610E-01
 148.70000  0.245966976576E-01
 148.80000  0.298695735714E-01
 148.90000  0.362350992310E-01
 149.00000  0.443965013334E-01
 149.10000  0.557018743517E-01
 149.20000  0.693927989382E-01
 149.30000  0.839335118109E-01
 149.40000  0.983291983888E-01
 149.50000  0.112294446818E+00
 149.60000  0.124945775468E+00
 149.70000  0.134640392796E+00
 149.80000  0.141030716074E+00
 149.90000  0.144534488892E+00
 150.00000  0.145144622559E+00
 150.10000  0.142038927397E+00
 150.20000  0.134623186651E+00
 150.30000  0.124158057387E+00
 150.40000  0.112122098499E+00
 150.50000  0.990802531546E-01
 150.60000  0.850897119586E-01
 150.70000  0.705137071433E-01
 150.80000  0.567051439444E-01
 150.90000  0.443929077425E-01
 151.00000  0.336329578183E-01
 151.10000  0.246060800598E-01
 151.20000  0.174326314173E-01
 151.30000  0.122327421814E-01
 151.40000  0.836993604053E-02
 151.50000  0.539923396351E-02
 151.60000  0.353823692611E-02
 151.70000  0.258449269158E-02
 151.80000  0.221946196969E-02
 151.90000  0.211106081273E-02
 152.00000  0.261148671890E-02
 152.10000  0.418589144593E-02
 152.20000  0.638118797259E-02
 152.30000  0.946684370387E-02
 152.40000  0.147416561694E-01
 152.50000  0.233943415578E-01
 152.60000  0.347310901594E-01
 152.70000  0.466779465894E-01
 152.80000  0.596549784586E-01
 152.90000  0.762535801859E-01
 153.00000  0.972773400017E-01
 153.10000  0.119258470771E+00
 153.20000  0.137620044518E+00
 153.30000  0.152871596542E+00
 153.40000  0.168950568370E+00
 153.50000  0.186424142239E+00
 153.60000  0.199978862510E+00
 153.70000  0.204199866216E+00
 153.80000  0.201122981380E+00
 153.90000  0.196921252008E+00
 154.00000  0.193192881137E+00
 154.10000  0.184951522382E+00
 154.20000  0.167887381904E+00
 154.30000  0.145889995645E+00
 154.40000  0.126491962168E+00
 154.50000  0.111837198702E+00
 154.60000  0.974944470574E-01
 154.70000  0.797657244977E-01
 154.80000  0.622579947164E-01
 154.90000  0.511529199843E-01
 155.00000  0.473624694215E-01
 155.10000  0.460903859153E-01
 155.20000  0.431200680851E-01
 155.30000  0.403402189052E-01
 155.40000  0.418246475393E-01
 155.50000  0.475692734298E-01
 155.60000  0.531122738322E-01
 155.70000  0.544048358402E-01
 155.80000  0.528720335562E-01
 155.90000  0.525881525737E-01
 156.00000  0.546424514132E-01
 156.10000  0.558816874702E-01
 156.20000  0.528970208831E-01
 156.30000  0.477042105810E-01
 156.40000  0.456977895104E-01
 156.50000  0.491696782278E-01
 156.60000  0.547486736775E-01
 156.70000  0.578333114319E-01
 156.80000  0.600488423982E-01
 156.90000  0.674263441157E-01
 157.00000  0.819877137711E-01
 157.10000  0.981550515513E-01
 157.20000  0.108870827314E+00
 157.30000  0.115212736538E+00
 157.40000  0.124080047581E+00
 157.50000  0.137517189983E+00
 157.60000  0.148667688865E+00
 157.70000  0.149791315945E+00
 157.80000  0.143222886747E+00
 157.90000  0.137964585225E+00
 158.00000  0.137347400480E+00
 158.10000  0.135178738878E+00
 158.20000  0.124850167350E+00
 158.30000  0.110215137322E+00
 158.40000  0.101149043839E+00
 158.50000  0.101079072696E+00
 158.60000  0.104031951036E+00
 158.70000  0.103678023228E+00
 158.80000  0.102996714269E+00
 158.90000  0.109595290705E+00
 159.00000  0.124832584911E+00
 159.10000  0.142147774823E+00
 159.20000  0.154941815652E+00
 159.30000  0.164437571672E+00
 159.40000  0.175571901510E+00
 159.50000  0.188542328240E+00
 159.60000  0.198027296554E+00
 159.70000  0.199079276679E+00
 159.80000  0.193144123035E+00
 159.90000  0.184881608541E+00
 160.00000  0.175756820161E+00
 160.10000  0.163310675868E+00
 160.20000  0.145002184675E+00
 160.30000  0.123113115090E+00
 160.40000  0.102618335328E+00
 160.50000  0.858711306069E-01
 160.60000  0.713454091129E-01
 160.70000  0.563405474586E-01
 160.80000  0.420707557092E-01
 160.90000  0.325486428582E-01
 161.00000  0.293176774880E-01
 161.10000  0.294782381319E-01
 161.20000  0.284298397535E-01
 161.30000  0.260999723857E-01
 161.40000  0.263682437796E-01
 161.50000  0.308513104084E-01
 161.60000  0.361545949452E-01
 161.70000  0.372855457431E-01
 161.80000  0.350276336805E-01
 161.90000  0.351198781704E-01
 162.00000  0.406332989799E-01
 162.10000  0.487322837871E-01
 162.20000  0.548614654265E-01
 162.30000  0.606565115403E-01
 162.40000  0.724733739257E-01
 162.50000  0.929973907959E-01
 162.60000  0.118412240295E+00
 162.70000  0.143189259416E+00
 162.80000  0.167659500190E+00
 162.90000  0.195995385359E+00
 163.00000  0.228470838755E+00
 163.10000  0.260029975883E+00
 163.20000  0.284961820386E+00
 163.30000  0.302893264024E+00
 163.40000  0.316364381322E+00
 163.50000  0.324999708379E+00
 163.60000  0.325841867487E+00
 163.70000  0.316650294066E+00
 163.80000  0.299040331617E+00
 163.90000  0.275813165828E+00
 164.00000  0.247814606557E+00
 164.10000  0.215864401677E+00
 164.20000  0.181741369748E+00
 164.30000  0.148191511785E+00
 164.40000  0.116640413339E+00
 164.50000  0.870808917551E-01
 164.60000  0.612404703178E-01
 164.70000  0.412950656733E-01
 164.80000  0.277901865693E-01
 164.90000  0.185654315747E-01
 165.00000  0.111407685333E-01
 165.10000  0.629839035387E-02
 165.20000  0.516483821035E-02
 165.30000  0.660406943809E-02
 165.40000  0.749833455814E-02
 165.50000  0.586057717459E-02
 165.60000  0.350553385037E-02
 165.70000  0.231904497507E-02
 165.80000  0.247618132371E-02
 165.90000  0.349052340828E-02
 166.00000  0.601721358412E-02
 166.10000  0.128454254974E-01
 166.20000  0.255687117995E-01
 166.30000  0.446294014663E-01
 166.40000  0.704909785070E-01
 166.50000  0.103325992255E+00
 166.60000  0.143052690462E+00
 166.70000  0.187664328486E+00
 166.80000  0.235101195143E+00
 166.90000  0.283919288317E+00
 167.00000  0.331544874970E+00
 167.10000  0.374972844795E+00
 167.20000  0.410819651085E+00
 167.30000  0.437166983676E+00
 167.40000  0.452782963655E+00
 167.50000  0.455480742014E+00
 167.60000  0.444932841609E+00
 167.70000  0.422906308813E+00
 167.80000  0.392090988560E+00
 167.90000  0.353315343700E+00
 168.00000  0.306115961214E+00
 168.10000  0.254727501715E+00
 168.20000  0.206658068417E+00
 168.30000  0.166591369101E+00
 168.40000  0.132499752548E+00
 168.50000  0.100605635802E+00
 168.60000  0.749380853857E-01
 168.70000  0.632700435950E-01
 168.80000  0.665199676437E-01
 168.90000  0.756092026138E-01
 169.00000  0.812955614438E-01
 169.10000  0.859518182438E-01
 169.20000  0.966390405910E-01
 169.30000  0.112092164203E+00
 169.40000  0.121459286047E+00
 169.50000  0.116578669555E+00
 169.60000  0.102893131172E+00
 169.70000  0.902070609195E-01
 169.80000  0.801424535478E-01
 169.90000  0.667539800063E-01
 170.00000  0.474339611350E-01
 170.10000  0.304661549635E-01
 170.20000  0.254990103478E-01
 170.30000  0.345015639194E-01
 170.40000  0.537850643311E-01
 170.50000  0.810677285960E-01
 170.60000  0.119836325651E+00
 170.70000  0.172376820915E+00
 170.80000  0.235604082032E+00
 170.90000  0.303341295969E+00
 171.00000  0.369408915108E+00
 171.10000  0.431168805617E+00
 171.20000  0.486309001329E+00
 171.30000  0.531148106579E+00
 171.40000  0.560836751906E+00
 171.50000  0.570189532707E+00
 171.60000  0.559390733309E+00
 171.70000  0.532936996832E+00
 171.80000  0.495083016424E+00
 171.90000  0.445877208404E+00
 172.00000  0.383231765984E+00
 172.10000  0.313739629657E+00
 172.20000  0.251038983109E+00
 172.30000  0.203977930011E+00
 172.40000  0.169058675948E+00
 172.50000  0.138228231501E+00
 172.60000  0.116733537208E+00
 172.70000  0.118859025448E+00
 172.80000  0.148049771503E+00
 172.90000  0.188746455184E+00
 173.00000  0.222179165817E+00
 173.10000  0.249766189898E+00
 173.20000  0.284794409659E+00
 173.30000  0.327068934859E+00
 173.40000  0.356926053114E+00
 173.50000  0.356257463421E+00
 173.60000  0.331923852924E+00
 173.70000  0.302918147860E+00
 173.80000  0.274381232985E+00
 173.90000  0.235207955144E+00
 174.00000  0.178148579052E+00
 174.10000  0.117352444046E+00
 174.20000  0.732806697596E-01
 174.30000  0.523504728738E-01
 174.40000  0.487617393951E-01
 174.50000  0.585288935359E-01
 174.60000  0.893932736753E-01
 174.70000  0.148366365344E+00
 174.80000  0.231515571108E+00
 174.90000  0.328970692306E+00
 175.00000  0.430920945067E+00
 175.10000  0.532745775152E+00
 175.20000  0.628888672577E+00
 175.30000  0.710842612931E+00
 175.40000  0.770813229614E+00
 175.50000  0.800706814569E+00
 175.60000  0.798048885492E+00
 175.70000  0.765677663531E+00
 175.80000  0.708843933227E+00
 175.90000  0.631350120775E+00
 176.00000  0.532356091702E+00
 176.10000  0.420562968502E+00
 176.20000  0.316551852008E+00
 176.30000  0.238374831841E+00
 176.40000  0.187470160106E+00
 176.50000  0.152250762818E+00
 176.60000  0.138381767833E+00
 176.70000  0.170396962969E+00
 176.80000  0.259565543122E+00
 176.90000  0.382603298715E+00
 177.00000  0.500408000959E+00
 177.10000  0.606907512934E+00
 177.20000  0.725778522142E+00
 177.30000  0.860424927859E+00
 177.40000  0.971471125159E+00
 177.50000  0.101120623778E+01
 177.60000  0.982908938822E+00
 177.70000  0.927221357474E+00
 177.80000  0.860597852501E+00
 177.90000  0.758697648590E+00
 178.00000  0.597636796876E+00
 178.10000  0.407538382149E+00
 178.20000  0.245985479838E+00
 178.30000  0.139767832027E+00
 178.40000  0.840149631504E-01
 178.50000  0.769675723004E-01
 178.60000  0.151142219787E+00
 178.70000  0.337852426173E+00
 178.80000  0.633940137324E+00
 178.90000  0.102904045142E+01
 179.00000  0.151987261070E+01
 179.10000  0.210647258569E+01
 179.20000  0.275444892489E+01
 179.30000  0.340597190676E+01
 179.40000  0.404789823759E+01
 179.50000  0.468960189090E+01
 179.60000  0.531464005039E+01
 179.70000  0.583602437474E+01
 179.80000  0.615024619377E+01
 179.90000  0.628641729561E+01
 180.00000  0.632539746086E+01
