 # E =    2.7497681656574322       eV =    22180.000000000000       1/cm
 #  1801
# DFFCSO.  ACCUM LEV(I),J(I) =  1  0 LEV(F),J(F) =  1  0       , M =  0, WEIGHTED BY  1.00000
   0.10000  0.417089585346E+07
   0.20000  0.745612903983E+06
   0.30000  0.614612294932E+05
   0.40000  0.709940985968E+05
   0.50000  0.433869982524E+05
   0.60000  0.550979850022E+03
   0.70000  0.151525736198E+05
   0.80000  0.588028114271E+04
   0.90000  0.251891683615E+04
   1.00000  0.406192740554E+04
   1.10000  0.279102750644E+04
   1.20000  0.373460401378E+04
   1.30000  0.303665271058E+04
   1.40000  0.231681357242E+04
   1.50000  0.186431929381E+04
   1.60000  0.160417466545E+04
   1.70000  0.109894796622E+04
   1.80000  0.973479693364E+03
   1.90000  0.945108654502E+03
   2.00000  0.913178438805E+03
   2.10000  0.695868096354E+03
   2.20000  0.581656004315E+03
   2.30000  0.523025745258E+03
   2.40000  0.535259291142E+03
   2.50000  0.768634685347E+03
   2.60000  0.858543296539E+03
   2.70000  0.628148288869E+03
   2.80000  0.342734004927E+03
   2.90000  0.337011823302E+03
   3.00000  0.372953228997E+03
   3.10000  0.406008673732E+03
   3.20000  0.298026943386E+03
   3.30000  0.187361251080E+03
   3.40000  0.115187520227E+03
   3.50000  0.142247029888E+03
   3.60000  0.116132109894E+03
   3.70000  0.917110872559E+02
   3.80000  0.682502875411E+02
   3.90000  0.756090921694E+02
   4.00000  0.833767880820E+02
   4.10000  0.992898979464E+02
   4.20000  0.579841488814E+02
   4.30000  0.321310410470E+02
   4.40000  0.316414848741E+02
   4.50000  0.627504984281E+02
   4.60000  0.938057540682E+02
   4.70000  0.108635406795E+03
   4.80000  0.662773177220E+02
   4.90000  0.364970518516E+02
   5.00000  0.256534683508E+02
   5.10000  0.439747193374E+02
   5.20000  0.735833218868E+02
   5.30000  0.900429859763E+02
   5.40000  0.686757471084E+02
   5.50000  0.523349339312E+02
   5.60000  0.367797313553E+02
   5.70000  0.369354621147E+02
   5.80000  0.474569910708E+02
   5.90000  0.534573221301E+02
   6.00000  0.483977420501E+02
   6.10000  0.515734930196E+02
   6.20000  0.493737893903E+02
   6.30000  0.504261589202E+02
   6.40000  0.487333481527E+02
   6.50000  0.398026372788E+02
   6.60000  0.312778483656E+02
   6.70000  0.345070552034E+02
   6.80000  0.381783505850E+02
   6.90000  0.468661291294E+02
   7.00000  0.488854678270E+02
   7.10000  0.417268469665E+02
   7.20000  0.329058278000E+02
   7.30000  0.280471701809E+02
   7.40000  0.229829051319E+02
   7.50000  0.268442793130E+02
   7.60000  0.287320487313E+02
   7.70000  0.312030843618E+02
   7.80000  0.344983023830E+02
   7.90000  0.351231880690E+02
   8.00000  0.287463789203E+02
   8.10000  0.238172881003E+02
   8.20000  0.135949378908E+02
   8.30000  0.123582762415E+02
   8.40000  0.185520633440E+02
   8.50000  0.280282602167E+02
   8.60000  0.333978004994E+02
   8.70000  0.331650267640E+02
   8.80000  0.195721106520E+02
   8.90000  0.104679424589E+02
   9.00000  0.498572858860E+01
   9.10000  0.929792434641E+01
   9.20000  0.184350965858E+02
   9.30000  0.261556972228E+02
   9.40000  0.233139073241E+02
   9.50000  0.188696117032E+02
   9.60000  0.850469257217E+01
   9.70000  0.439428475515E+01
   9.80000  0.454303714009E+01
   9.90000  0.838291861604E+01
  10.00000  0.112936635600E+02
  10.10000  0.144461816293E+02
  10.20000  0.114955902456E+02
  10.30000  0.100850512753E+02
  10.40000  0.611836911936E+01
  10.50000  0.376632575711E+01
  10.60000  0.259199414352E+01
  10.70000  0.364681336703E+01
  10.80000  0.468960301890E+01
  10.90000  0.792180621060E+01
  11.00000  0.793585704481E+01
  11.10000  0.745228904355E+01
  11.20000  0.486227619066E+01
  11.30000  0.215071886318E+01
  11.40000  0.768027668853E+00
  11.50000  0.166517670916E+01
  11.60000  0.277445362729E+01
  11.70000  0.479214227417E+01
  11.80000  0.488814199449E+01
  11.90000  0.395213213401E+01
  12.00000  0.260140940076E+01
  12.10000  0.127933977566E+01
  12.20000  0.572875500928E+00
  12.30000  0.848773658982E+00
  12.40000  0.976714092469E+00
  12.50000  0.145011986945E+01
  12.60000  0.184038055588E+01
  12.70000  0.197718047994E+01
  12.80000  0.198436559807E+01
  12.90000  0.170111199618E+01
  13.00000  0.967479964268E+00
  13.10000  0.374299954076E+00
  13.20000  0.449095566742E-01
  13.30000  0.265006487337E+00
  13.40000  0.915088798784E+00
  13.50000  0.167923507087E+01
  13.60000  0.195617966558E+01
  13.70000  0.179116229798E+01
  13.80000  0.114815516456E+01
  13.90000  0.469000718389E+00
  14.00000  0.537394453857E-01
  14.10000  0.102379397079E+00
  14.20000  0.368414934889E+00
  14.30000  0.785457374664E+00
  14.40000  0.984791474545E+00
  14.50000  0.984150136439E+00
  14.60000  0.800466480949E+00
  14.70000  0.512311687176E+00
  14.80000  0.301077767617E+00
  14.90000  0.886741506750E-01
  15.00000  0.162725910751E-01
  15.10000  0.240776039593E-01
  15.20000  0.163089140725E+00
  15.30000  0.393374482997E+00
  15.40000  0.819070528079E+00
  15.50000  0.969692783553E+00
  15.60000  0.118590144936E+01
  15.70000  0.934838798746E+00
  15.80000  0.609104362447E+00
  15.90000  0.268445914853E+00
  16.00000  0.233265730490E+00
  16.10000  0.390631266137E+00
  16.20000  0.110188032592E+01
  16.30000  0.148939914360E+01
  16.40000  0.185224115092E+01
  16.50000  0.165578676545E+01
  16.60000  0.114734243690E+01
  16.70000  0.561229129905E+00
  16.80000  0.310173108038E+00
  16.90000  0.264840805140E+00
  17.00000  0.766706223310E+00
  17.10000  0.115565436097E+01
  17.20000  0.142401237107E+01
  17.30000  0.136940092345E+01
  17.40000  0.961862225579E+00
  17.50000  0.502682233374E+00
  17.60000  0.167030156215E+00
  17.70000  0.350074834988E-01
  17.80000  0.189403392847E+00
  17.90000  0.449928208153E+00
  18.00000  0.631096328768E+00
  18.10000  0.768964088654E+00
  18.20000  0.606778243543E+00
  18.30000  0.452073113731E+00
  18.40000  0.190714999373E+00
  18.50000  0.414227569677E-01
  18.60000  0.280417766642E-02
  18.70000  0.828674722963E-01
  18.80000  0.175596509924E+00
  18.90000  0.330521675613E+00
  19.00000  0.314247057699E+00
  19.10000  0.310774958633E+00
  19.20000  0.220079756254E+00
  19.30000  0.107322041252E+00
  19.40000  0.930765179405E-01
  19.50000  0.274065522213E-01
  19.60000  0.463056105779E-01
  19.70000  0.440903646296E-01
  19.80000  0.524401733845E-01
  19.90000  0.862206935960E-01
  20.00000  0.197190151947E+00
  20.10000  0.206966375668E+00
  20.20000  0.353361504504E+00
  20.30000  0.240811411848E+00
  20.40000  0.205186876261E+00
  20.50000  0.759816736647E-01
  20.60000  0.225007134293E-01
  20.70000  0.779159624498E-01
  20.80000  0.301739585707E+00
  20.90000  0.413457375013E+00
  21.00000  0.638358412276E+00
  21.10000  0.555621564931E+00
  21.20000  0.419962598425E+00
  21.30000  0.267174796337E+00
  21.40000  0.107475919515E+00
  21.50000  0.136320613321E+00
  21.60000  0.306856692623E+00
  21.70000  0.424379214728E+00
  21.80000  0.563924811468E+00
  21.90000  0.550681126402E+00
  22.00000  0.358630962101E+00
  22.10000  0.258582234873E+00
  22.20000  0.662686475961E-01
  22.30000  0.475835081187E-01
  22.40000  0.890859290087E-01
  22.50000  0.162745813044E+00
  22.60000  0.216183176071E+00
  22.70000  0.283884092174E+00
  22.80000  0.207460619478E+00
  22.90000  0.213620765500E+00
  23.00000  0.108243676367E+00
  23.10000  0.660663427435E-01
  23.20000  0.212887672663E-01
  23.30000  0.141988654479E-01
  23.40000  0.708351255695E-01
  23.50000  0.174381477657E+00
  23.60000  0.281133312204E+00
  23.70000  0.383912500205E+00
  23.80000  0.384384206564E+00
  23.90000  0.310706675404E+00
  24.00000  0.227247801315E+00
  24.10000  0.100706197317E+00
  24.20000  0.150662653991E+00
  24.30000  0.221379181046E+00
  24.40000  0.392132778771E+00
  24.50000  0.521121892229E+00
  24.60000  0.563423996421E+00
  24.70000  0.456023058665E+00
  24.80000  0.353319187819E+00
  24.90000  0.158148695356E+00
  25.00000  0.141311183073E+00
  25.10000  0.160573005352E+00
  25.20000  0.268602660520E+00
  25.30000  0.365515615488E+00
  25.40000  0.404594446137E+00
  25.50000  0.321955396756E+00
  25.60000  0.236039332588E+00
  25.70000  0.945431793016E-01
  25.80000  0.344497032385E-01
  25.90000  0.264725133713E-01
  26.00000  0.579237155353E-01
  26.10000  0.100650941303E+00
  26.20000  0.125853356220E+00
  26.30000  0.111281141816E+00
  26.40000  0.853863347142E-01
  26.50000  0.554659567485E-01
  26.60000  0.374632826499E-01
  26.70000  0.177712371951E-01
  26.80000  0.202010657473E-01
  26.90000  0.104908005791E-02
  27.00000  0.203182816326E-02
  27.10000  0.184769572740E-01
  27.20000  0.538279816670E-01
  27.30000  0.893599535560E-01
  27.40000  0.154408888600E+00
  27.50000  0.129281682333E+00
  27.60000  0.136147237745E+00
  27.70000  0.708106854141E-01
  27.80000  0.362127099179E-01
  27.90000  0.271589691648E-01
  28.00000  0.773709410120E-01
  28.10000  0.113058884745E+00
  28.20000  0.222860762437E+00
  28.30000  0.210791982323E+00
  28.40000  0.223277312290E+00
  28.50000  0.159069568046E+00
  28.60000  0.923594531495E-01
  28.70000  0.536341868235E-01
  28.80000  0.702390987937E-01
  28.90000  0.839231407064E-01
  29.00000  0.171693258572E+00
  29.10000  0.187200206528E+00
  29.20000  0.191264068750E+00
  29.30000  0.167445124844E+00
  29.40000  0.913950631003E-01
  29.50000  0.545759535527E-01
  29.60000  0.320568570639E-01
  29.70000  0.315165509229E-01
  29.80000  0.664744386837E-01
  29.90000  0.952466317411E-01
  30.00000  0.870429862318E-01
  30.10000  0.962723281445E-01
  30.20000  0.436260864560E-01
  30.30000  0.282403902103E-01
  30.40000  0.357170572889E-02
  30.50000  0.705578717722E-03
  30.60000  0.506890795124E-02
  30.70000  0.182151626657E-01
  30.80000  0.102648844579E-01
  30.90000  0.170440601962E-01
  31.00000  0.475503568306E-02
  31.10000  0.978662489008E-02
  31.20000  0.161415743581E-01
  31.30000  0.227230316581E-01
  31.40000  0.326052205538E-01
  31.50000  0.215730360662E-01
  31.60000  0.201768384863E-01
  31.70000  0.582442384918E-02
  31.80000  0.119329906036E-01
  31.90000  0.293420699546E-01
  32.00000  0.559361392195E-01
  32.10000  0.793764790250E-01
  32.20000  0.101915154867E+00
  32.30000  0.857179803010E-01
  32.40000  0.795875230586E-01
  32.50000  0.551080469479E-01
  32.60000  0.403487867414E-01
  32.70000  0.579759332255E-01
  32.80000  0.677870019370E-01
  32.90000  0.989613298312E-01
  33.00000  0.117517136535E+00
  33.10000  0.115344964251E+00
  33.20000  0.101315015024E+00
  33.30000  0.851370947952E-01
  33.40000  0.470798333888E-01
  33.50000  0.524085402564E-01
  33.60000  0.348941480578E-01
  33.70000  0.522887896029E-01
  33.80000  0.593295515827E-01
  33.90000  0.664418309294E-01
  34.00000  0.646458828282E-01
  34.10000  0.616342341596E-01
  34.20000  0.418663728596E-01
  34.30000  0.375810540627E-01
  34.40000  0.209558247906E-01
  34.50000  0.180352860462E-01
  34.60000  0.210104137601E-01
  34.70000  0.189054891088E-01
  34.80000  0.395627031087E-01
  34.90000  0.403342366607E-01
  35.00000  0.609852259943E-01
  35.10000  0.658249795166E-01
  35.20000  0.711546552129E-01
  35.30000  0.699769132424E-01
  35.40000  0.718729809800E-01
  35.50000  0.572065964685E-01
  35.60000  0.755027359657E-01
  35.70000  0.685018063893E-01
  35.80000  0.927083513963E-01
  35.90000  0.113721764524E+00
  36.00000  0.122528361011E+00
  36.10000  0.144105848659E+00
  36.20000  0.140845347620E+00
  36.30000  0.130076069422E+00
  36.40000  0.123510119263E+00
  36.50000  0.106967516336E+00
  36.60000  0.938049024491E-01
  36.70000  0.110709310741E+00
  36.80000  0.969009490889E-01
  36.90000  0.126416077818E+00
  37.00000  0.120411720747E+00
  37.10000  0.122756648573E+00
  37.20000  0.110165270200E+00
  37.30000  0.939841861044E-01
  37.40000  0.641512492108E-01
  37.50000  0.593610030063E-01
  37.60000  0.336010103580E-01
  37.70000  0.412169738808E-01
  37.80000  0.381124931479E-01
  37.90000  0.416781176006E-01
  38.00000  0.492885892010E-01
  38.10000  0.433979603379E-01
  38.20000  0.453985771490E-01
  38.30000  0.360163145820E-01
  38.40000  0.307752798168E-01
  38.50000  0.235102827649E-01
  38.60000  0.188570925301E-01
  38.70000  0.141366189372E-01
  38.80000  0.255807770201E-01
  38.90000  0.261569608857E-01
  39.00000  0.568898234641E-01
  39.10000  0.698164605495E-01
  39.20000  0.897832041571E-01
  39.30000  0.106059233942E+00
  39.40000  0.928246642830E-01
  39.50000  0.906576795146E-01
  39.60000  0.737247619630E-01
  39.70000  0.652722569025E-01
  39.80000  0.772989045869E-01
  39.90000  0.102257231324E+00
  40.00000  0.119314553043E+00
  40.10000  0.166123923922E+00
  40.20000  0.150861667491E+00
  40.30000  0.160912158390E+00
  40.40000  0.125452297610E+00
  40.50000  0.995386741153E-01
  40.60000  0.782359994122E-01
  40.70000  0.804768671705E-01
  40.80000  0.768938148184E-01
  40.90000  0.114836350614E+00
  41.00000  0.109168432308E+00
  41.10000  0.120486137548E+00
  41.20000  0.102936375738E+00
  41.30000  0.719170379103E-01
  41.40000  0.508678281414E-01
  41.50000  0.284210859217E-01
  41.60000  0.175081145682E-01
  41.70000  0.232039868735E-01
  41.80000  0.245866683351E-01
  41.90000  0.264422862946E-01
  42.00000  0.297748313681E-01
  42.10000  0.153106826513E-01
  42.20000  0.157498866546E-01
  42.30000  0.476357322721E-02
  42.40000  0.605673481349E-02
  42.50000  0.529866992299E-02
  42.60000  0.459120067877E-02
  42.70000  0.578187507516E-02
  42.80000  0.160188179201E-02
  42.90000  0.744965846820E-02
  43.00000  0.134491055485E-01
  43.10000  0.293220060903E-01
  43.20000  0.470898455732E-01
  43.30000  0.643300227689E-01
  43.40000  0.672301741198E-01
  43.50000  0.760387328974E-01
  43.60000  0.574705605019E-01
  43.70000  0.626925052902E-01
  43.80000  0.593764940386E-01
  43.90000  0.717988388382E-01
  44.00000  0.992426762526E-01
  44.10000  0.117485081423E+00
  44.20000  0.136419874188E+00
  44.30000  0.144705214227E+00
  44.40000  0.132001613912E+00
  44.50000  0.120567029050E+00
  44.60000  0.112120688554E+00
  44.70000  0.950942986809E-01
  44.80000  0.118676954713E+00
  44.90000  0.115777517092E+00
  45.00000  0.142383799688E+00
  45.10000  0.146034229086E+00
  45.20000  0.145008406244E+00
  45.30000  0.131355972052E+00
  45.40000  0.119690468081E+00
  45.50000  0.913390357677E-01
  45.60000  0.953362116522E-01
  45.70000  0.808186686667E-01
  45.80000  0.919282987798E-01
  45.90000  0.997692198026E-01
  46.00000  0.966228785515E-01
  46.10000  0.103213934807E+00
  46.20000  0.873684898214E-01
  46.30000  0.774444380902E-01
  46.40000  0.645106985329E-01
  46.50000  0.542582518855E-01
  46.60000  0.480851122346E-01
  46.70000  0.568918801436E-01
  46.80000  0.505440063288E-01
  46.90000  0.705049386579E-01
  47.00000  0.626931222300E-01
  47.10000  0.704774325785E-01
  47.20000  0.660314587858E-01
  47.30000  0.564784924250E-01
  47.40000  0.557216946392E-01
  47.50000  0.484952931274E-01
  47.60000  0.495563017689E-01
  47.70000  0.583334000704E-01
  47.80000  0.656599044384E-01
  47.90000  0.752578489612E-01
  48.00000  0.913320131045E-01
  48.10000  0.815013499876E-01
  48.20000  0.956325632525E-01
  48.30000  0.756508154199E-01
  48.40000  0.785689420824E-01
  48.50000  0.732979139283E-01
  48.60000  0.756435114861E-01
  48.70000  0.853190076899E-01
  48.80000  0.999477228084E-01
  48.90000  0.102976904699E+00
  49.00000  0.117447000224E+00
  49.10000  0.108588117138E+00
  49.20000  0.102071112639E+00
  49.30000  0.984089482145E-01
  49.40000  0.787205498466E-01
  49.50000  0.889243488999E-01
  49.60000  0.821441217018E-01
  49.70000  0.953296142143E-01
  49.80000  0.102428808438E+00
  49.90000  0.108270466899E+00
  50.00000  0.104337678205E+00
  50.10000  0.104896176936E+00
  50.20000  0.827910950786E-01
  50.30000  0.833010956566E-01
  50.40000  0.668859883580E-01
  50.50000  0.679884002495E-01
  50.60000  0.742741322438E-01
  50.70000  0.744400261027E-01
  50.80000  0.885626467775E-01
  50.90000  0.863610422080E-01
  51.00000  0.868960796800E-01
  51.10000  0.803015705024E-01
  51.20000  0.712598092813E-01
  51.30000  0.599872569962E-01
  51.40000  0.616581342145E-01
  51.50000  0.513101857443E-01
  51.60000  0.678375627022E-01
  51.70000  0.663337930624E-01
  51.80000  0.792352359111E-01
  51.90000  0.852851591942E-01
  52.00000  0.808417417515E-01
  52.10000  0.827385307928E-01
  52.20000  0.711002449326E-01
  52.30000  0.649714599964E-01
  52.40000  0.624000821265E-01
  52.50000  0.626030741909E-01
  52.60000  0.663626762795E-01
  52.70000  0.836018886397E-01
  52.80000  0.796243602793E-01
  52.90000  0.987878551180E-01
  53.00000  0.860544106189E-01
  53.10000  0.865924877901E-01
  53.20000  0.765621233283E-01
  53.30000  0.661596324443E-01
  53.40000  0.635977270184E-01
  53.50000  0.655368233397E-01
  53.60000  0.660516430113E-01
  53.70000  0.789224016822E-01
  53.80000  0.802564794658E-01
  53.90000  0.798717264621E-01
  54.00000  0.820950377897E-01
  54.10000  0.624694394908E-01
  54.20000  0.631697323067E-01
  54.30000  0.457693079877E-01
  54.40000  0.452164285826E-01
  54.50000  0.436632923321E-01
  54.60000  0.468523099875E-01
  54.70000  0.491759052785E-01
  54.80000  0.557286991221E-01
  54.90000  0.485751105851E-01
  55.00000  0.501163179745E-01
  55.10000  0.388191673142E-01
  55.20000  0.315992089405E-01
  55.30000  0.280193797340E-01
  55.40000  0.191487390298E-01
  55.50000  0.247474983129E-01
  55.60000  0.223045160054E-01
  55.70000  0.299574641408E-01
  55.80000  0.334124176254E-01
  55.90000  0.370800476806E-01
  56.00000  0.391582500116E-01
  56.10000  0.382802313657E-01
  56.20000  0.338863046511E-01
  56.30000  0.323040304412E-01
  56.40000  0.267865720125E-01
  56.50000  0.278177261628E-01
  56.60000  0.336298813169E-01
  56.70000  0.361251143821E-01
  56.80000  0.550789888171E-01
  56.90000  0.560986080195E-01
  57.00000  0.714869129198E-01
  57.10000  0.699857523397E-01
  57.20000  0.686169383980E-01
  57.30000  0.645412503792E-01
  57.40000  0.585529460466E-01
  57.50000  0.543099332859E-01
  57.60000  0.628621338564E-01
  57.70000  0.659176911866E-01
  57.80000  0.824512150852E-01
  57.90000  0.959733358012E-01
  58.00000  0.969428031426E-01
  58.10000  0.109287704778E+00
  58.20000  0.916858629216E-01
  58.30000  0.905567683243E-01
  58.40000  0.755817842549E-01
  58.50000  0.702747428586E-01
  58.60000  0.695886363994E-01
  58.70000  0.788540261709E-01
  58.80000  0.812275163651E-01
  58.90000  0.100429094089E+00
  59.00000  0.946972448614E-01
  59.10000  0.991897952748E-01
  59.20000  0.895905901954E-01
  59.30000  0.728416359591E-01
  59.40000  0.675527460749E-01
  59.50000  0.512133643766E-01
  59.60000  0.517436847698E-01
  59.70000  0.517371260985E-01
  59.80000  0.564918035871E-01
  59.90000  0.614576141567E-01
  60.00000  0.680065392198E-01
  60.10000  0.609730118534E-01
  60.20000  0.641009597252E-01
  60.30000  0.479503058371E-01
  60.40000  0.441915031469E-01
  60.50000  0.342979714319E-01
  60.60000  0.278122562421E-01
  60.70000  0.306226015258E-01
  60.80000  0.286992303161E-01
  60.90000  0.374859334296E-01
  61.00000  0.412492217817E-01
  61.10000  0.472135573152E-01
  61.20000  0.501299349413E-01
  61.30000  0.509987464354E-01
  61.40000  0.466232421421E-01
  61.50000  0.462872039283E-01
  61.60000  0.374632738572E-01
  61.70000  0.399872027264E-01
  61.80000  0.386571507237E-01
  61.90000  0.432138200532E-01
  62.00000  0.563556904297E-01
  62.10000  0.592202232907E-01
  62.20000  0.768403709363E-01
  62.30000  0.767017401660E-01
  62.40000  0.830872511560E-01
  62.50000  0.806315325916E-01
  62.60000  0.769803038250E-01
  62.70000  0.723253731160E-01
  62.80000  0.751217483755E-01
  62.90000  0.713716400555E-01
  63.00000  0.858837350405E-01
  63.10000  0.900721380476E-01
  63.20000  0.100844894816E+00
  63.30000  0.113297186583E+00
  63.40000  0.107810180529E+00
  63.50000  0.117179205967E+00
  63.60000  0.104170038725E+00
  63.70000  0.103267039751E+00
  63.80000  0.972189492377E-01
  63.90000  0.962057297462E-01
  64.00000  0.963467954476E-01
  64.10000  0.107339650969E+00
  64.20000  0.104542962839E+00
  64.30000  0.119991195365E+00
  64.40000  0.114460334375E+00
  64.50000  0.116288186687E+00
  64.60000  0.114913353811E+00
  64.70000  0.101556878159E+00
  64.80000  0.104560840387E+00
  64.90000  0.928691410363E-01
  65.00000  0.955630730137E-01
  65.10000  0.953128988037E-01
  65.20000  0.984421108305E-01
  65.30000  0.100008689102E+00
  65.40000  0.107186255967E+00
  65.50000  0.994832186604E-01
  65.60000  0.107189684730E+00
  65.70000  0.955551487024E-01
  65.80000  0.957892881703E-01
  65.90000  0.931793733986E-01
  66.00000  0.857741921611E-01
  66.10000  0.936903079465E-01
  66.20000  0.876755924542E-01
  66.30000  0.960560596170E-01
  66.40000  0.966544772674E-01
  66.50000  0.998420414794E-01
  66.60000  0.100804179264E+00
  66.70000  0.103699983401E+00
  66.80000  0.976075358636E-01
  66.90000  0.104587047385E+00
  67.00000  0.962006281489E-01
  67.10000  0.102326680825E+00
  67.20000  0.103451221934E+00
  67.30000  0.102083852594E+00
  67.40000  0.114096214342E+00
  67.50000  0.107980872037E+00
  67.60000  0.119176051520E+00
  67.70000  0.116257402717E+00
  67.80000  0.119269208945E+00
  67.90000  0.119796127459E+00
  68.00000  0.121720860912E+00
  68.10000  0.118872132477E+00
  68.20000  0.127669790472E+00
  68.30000  0.121415553144E+00
  68.40000  0.130972847122E+00
  68.50000  0.130631631074E+00
  68.60000  0.129508589254E+00
  68.70000  0.138851442231E+00
  68.80000  0.128659212529E+00
  68.90000  0.138840647740E+00
  69.00000  0.131895957492E+00
  69.10000  0.135251708812E+00
  69.20000  0.135354717497E+00
  69.30000  0.136816050699E+00
  69.40000  0.135008207409E+00
  69.50000  0.141669965753E+00
  69.60000  0.133427615469E+00
  69.70000  0.140480482994E+00
  69.80000  0.134788705096E+00
  69.90000  0.132169698536E+00
  70.00000  0.137292470130E+00
  70.10000  0.126154512723E+00
  70.20000  0.136337949972E+00
  70.30000  0.127929981280E+00
  70.40000  0.132643590177E+00
  70.50000  0.131280553494E+00
  70.60000  0.130651219099E+00
  70.70000  0.128458232003E+00
  70.80000  0.130138770172E+00
  70.90000  0.121841634164E+00
  71.00000  0.126475996784E+00
  71.10000  0.119764230223E+00
  71.20000  0.119477265596E+00
  71.30000  0.123746558220E+00
  71.40000  0.115238181559E+00
  71.50000  0.126652185055E+00
  71.60000  0.117118028891E+00
  71.70000  0.123741712393E+00
  71.80000  0.120221145165E+00
  71.90000  0.118937628785E+00
  72.00000  0.118482196512E+00
  72.10000  0.117550682484E+00
  72.20000  0.114071079804E+00
  72.30000  0.118480910113E+00
  72.40000  0.114690536761E+00
  72.50000  0.117786211691E+00
  72.60000  0.121850728230E+00
  72.70000  0.115981207877E+00
  72.80000  0.127649231594E+00
  72.90000  0.116830418210E+00
  73.00000  0.125924879986E+00
  73.10000  0.120596652246E+00
  73.20000  0.121219638333E+00
  73.30000  0.123388683818E+00
  73.40000  0.121611661202E+00
  73.50000  0.123786551337E+00
  73.60000  0.126708091299E+00
  73.70000  0.125604277899E+00
  73.80000  0.129250016638E+00
  73.90000  0.131329411080E+00
  74.00000  0.126854638285E+00
  74.10000  0.136703633071E+00
  74.20000  0.125413142408E+00
  74.30000  0.136512840977E+00
  74.40000  0.129667754420E+00
  74.50000  0.132995295515E+00
  74.60000  0.135923066583E+00
  74.70000  0.132635755865E+00
  74.80000  0.137884980365E+00
  74.90000  0.136042651654E+00
  75.00000  0.136304728776E+00
  75.10000  0.137398378084E+00
  75.20000  0.137225870798E+00
  75.30000  0.134334034967E+00
  75.40000  0.141766089430E+00
  75.50000  0.132220582114E+00
  75.60000  0.144089616707E+00
  75.70000  0.135833135606E+00
  75.80000  0.140676643721E+00
  75.90000  0.141304195709E+00
  76.00000  0.135631151787E+00
  76.10000  0.141437628354E+00
  76.20000  0.134153846455E+00
  76.30000  0.136971999882E+00
  76.40000  0.135506020318E+00
  76.50000  0.135963394937E+00
  76.60000  0.135876624833E+00
  76.70000  0.141104723092E+00
  76.80000  0.134893051092E+00
  76.90000  0.144623738206E+00
  77.00000  0.135129852357E+00
  77.10000  0.139527224912E+00
  77.20000  0.136633183557E+00
  77.30000  0.130318580757E+00
  77.40000  0.136584195594E+00
  77.50000  0.127090814792E+00
  77.60000  0.134956368027E+00
  77.70000  0.132047750384E+00
  77.80000  0.135663588926E+00
  77.90000  0.137460057198E+00
  78.00000  0.139526187060E+00
  78.10000  0.136553817678E+00
  78.20000  0.140687957165E+00
  78.30000  0.131740032851E+00
  78.40000  0.134586958855E+00
  78.50000  0.130107065697E+00
  78.60000  0.126365503852E+00
  78.70000  0.133850069004E+00
  78.80000  0.125689509678E+00
  78.90000  0.138693747271E+00
  79.00000  0.133780627408E+00
  79.10000  0.140415123324E+00
  79.20000  0.140788380836E+00
  79.30000  0.138811372068E+00
  79.40000  0.138168049239E+00
  79.50000  0.135387352644E+00
  79.60000  0.130203378912E+00
  79.70000  0.131440186841E+00
  79.80000  0.128803841783E+00
  79.90000  0.129444232281E+00
  80.00000  0.137621524066E+00
  80.10000  0.132305068706E+00
  80.20000  0.146899380950E+00
  80.30000  0.138756414167E+00
  80.40000  0.146243119641E+00
  80.50000  0.142305130814E+00
  80.60000  0.137516471708E+00
  80.70000  0.138559997353E+00
  80.80000  0.131048542597E+00
  80.90000  0.132646730309E+00
  81.00000  0.132522993166E+00
  81.10000  0.134438540273E+00
  81.20000  0.138324190867E+00
  81.30000  0.144968900695E+00
  81.40000  0.142255110681E+00
  81.50000  0.152816504045E+00
  81.60000  0.142285319009E+00
  81.70000  0.148071587807E+00
  81.80000  0.140260054636E+00
  81.90000  0.135876903511E+00
  82.00000  0.138661062524E+00
  82.10000  0.130443844734E+00
  82.20000  0.139609996991E+00
  82.30000  0.137366913228E+00
  82.40000  0.144308988095E+00
  82.50000  0.147516631351E+00
  82.60000  0.150372006540E+00
  82.70000  0.149243003913E+00
  82.80000  0.151650334347E+00
  82.90000  0.142336629108E+00
  83.00000  0.144832640004E+00
  83.10000  0.136853379545E+00
  83.20000  0.135621907417E+00
  83.30000  0.139909659174E+00
  83.40000  0.133979619745E+00
  83.50000  0.147816617696E+00
  83.60000  0.142098001008E+00
  83.70000  0.152147331243E+00
  83.80000  0.150556157639E+00
  83.90000  0.149673186095E+00
  84.00000  0.149141163222E+00
  84.10000  0.143702985859E+00
  84.20000  0.139798843746E+00
  84.30000  0.138634451502E+00
  84.40000  0.134814598702E+00
  84.50000  0.136740471044E+00
  84.60000  0.141230994972E+00
  84.70000  0.138631409253E+00
  84.80000  0.151436353723E+00
  84.90000  0.142993659055E+00
  85.00000  0.152855437282E+00
  85.10000  0.145825066324E+00
  85.20000  0.143758169711E+00
  85.30000  0.143406420546E+00
  85.40000  0.134260099798E+00
  85.50000  0.137661767626E+00
  85.60000  0.132972816085E+00
  85.70000  0.135775800015E+00
  85.80000  0.138001914133E+00
  85.90000  0.141458346596E+00
  86.00000  0.141896584144E+00
  86.10000  0.148535722285E+00
  86.20000  0.141222924807E+00
  86.30000  0.147465371836E+00
  86.40000  0.138604881285E+00
  86.50000  0.137715171877E+00
  86.60000  0.137406497153E+00
  86.70000  0.129199616315E+00
  86.80000  0.137938495742E+00
  86.90000  0.130320769553E+00
  87.00000  0.139140940962E+00
  87.10000  0.138112655234E+00
  87.20000  0.140675819139E+00
  87.30000  0.142629278335E+00
  87.40000  0.141565678076E+00
  87.50000  0.139323421040E+00
  87.60000  0.139429645622E+00
  87.70000  0.133782990707E+00
  87.80000  0.133829132971E+00
  87.90000  0.133461222124E+00
  88.00000  0.128882710591E+00
  88.10000  0.137905151269E+00
  88.20000  0.129510295245E+00
  88.30000  0.140406741227E+00
  88.40000  0.135001627050E+00
  88.50000  0.137558800487E+00
  88.60000  0.138861848830E+00
  88.70000  0.132771041220E+00
  88.80000  0.136502818826E+00
  88.90000  0.130284279246E+00
  89.00000  0.131253016807E+00
  89.10000  0.129875616548E+00
  89.20000  0.129952609277E+00
  89.30000  0.129135359951E+00
  89.40000  0.133462436010E+00
  89.50000  0.128098867491E+00
  89.60000  0.135472600848E+00
  89.70000  0.128817822237E+00
  89.80000  0.131456680828E+00
  89.90000  0.131163606818E+00
  90.00000  0.124903547550E+00
  90.10000  0.132028545719E+00
  90.20000  0.122386521928E+00
  90.30000  0.129712190465E+00
  90.40000  0.124992526990E+00
  90.50000  0.126674367441E+00
  90.60000  0.127648662618E+00
  90.70000  0.125886840646E+00
  90.80000  0.126425802547E+00
  90.90000  0.126301433886E+00
  91.00000  0.123612500480E+00
  91.10000  0.124660709119E+00
  91.20000  0.123839555502E+00
  91.30000  0.120911581590E+00
  91.40000  0.126961486177E+00
  91.50000  0.118900155238E+00
  91.60000  0.128054406473E+00
  91.70000  0.121060923850E+00
  91.80000  0.124445519255E+00
  91.90000  0.124550887378E+00
  92.00000  0.119359906167E+00
  92.10000  0.124661313002E+00
  92.20000  0.117327691434E+00
  92.30000  0.121329974312E+00
  92.40000  0.118570546101E+00
  92.50000  0.119403731572E+00
  92.60000  0.119875973940E+00
  92.70000  0.121588417359E+00
  92.80000  0.119570038446E+00
  92.90000  0.124141971122E+00
  93.00000  0.119233524038E+00
  93.10000  0.121925555574E+00
  93.20000  0.120314460710E+00
  93.30000  0.115738796047E+00
  93.40000  0.121296542246E+00
  93.50000  0.111715387998E+00
  93.60000  0.120060062373E+00
  93.70000  0.113810467421E+00
  93.80000  0.117677560221E+00
  93.90000  0.119184371024E+00
  94.00000  0.117152426024E+00
  94.10000  0.121956236089E+00
  94.20000  0.118662102657E+00
  94.30000  0.120251345565E+00
  94.40000  0.118830429542E+00
  94.50000  0.117581904269E+00
  94.60000  0.115621859799E+00
  94.70000  0.117325527544E+00
  94.80000  0.112016146062E+00
  94.90000  0.118462904464E+00
  95.00000  0.112952135514E+00
  95.10000  0.118203068676E+00
  95.20000  0.118865623742E+00
  95.30000  0.116589155205E+00
  95.40000  0.124223133985E+00
  95.50000  0.116054789138E+00
  95.60000  0.123802003246E+00
  95.70000  0.117343593210E+00
  95.80000  0.118998093934E+00
  95.90000  0.118360173452E+00
  96.00000  0.115702138696E+00
  96.10000  0.117668220113E+00
  96.20000  0.116804612771E+00
  96.30000  0.117328755637E+00
  96.40000  0.119539655504E+00
  96.50000  0.120259905107E+00
  96.60000  0.120292088460E+00
  96.70000  0.125250338027E+00
  96.80000  0.119403174438E+00
  96.90000  0.127279059309E+00
  97.00000  0.119837041858E+00
  97.10000  0.123800969263E+00
  97.20000  0.122437707314E+00
  97.30000  0.118513933659E+00
  97.40000  0.124707447036E+00
  97.50000  0.117191807761E+00
  97.60000  0.124771652331E+00
  97.70000  0.121066935343E+00
  97.80000  0.124446750439E+00
  97.90000  0.126045915673E+00
  98.00000  0.126360278825E+00
  98.10000  0.128076391583E+00
  98.20000  0.129331411384E+00
  98.30000  0.127611058685E+00
  98.40000  0.129423416175E+00
  98.50000  0.127855612595E+00
  98.60000  0.125663462385E+00
  98.70000  0.129786122931E+00
  98.80000  0.122370065552E+00
  98.90000  0.131172357402E+00
  99.00000  0.124516181846E+00
  99.10000  0.130651511569E+00
  99.20000  0.131636638153E+00
  99.30000  0.130140980453E+00
  99.40000  0.137880494464E+00
  99.50000  0.131763475772E+00
  99.60000  0.138565563652E+00
  99.70000  0.134222834810E+00
  99.80000  0.135277793498E+00
  99.90000  0.134418414247E+00
 100.00000  0.133152958051E+00
 100.10000  0.132351130858E+00
 100.20000  0.134426766922E+00
 100.30000  0.132320517173E+00
 100.40000  0.136905017645E+00
 100.50000  0.137719733027E+00
 100.60000  0.138215056823E+00
 100.70000  0.145592075103E+00
 100.80000  0.138940595319E+00
 100.90000  0.148941961884E+00
 101.00000  0.140739501537E+00
 101.10000  0.145022621789E+00
 101.20000  0.143177970783E+00
 101.30000  0.138962242425E+00
 101.40000  0.144383509198E+00
 101.50000  0.137830308635E+00
 101.60000  0.144571186564E+00
 101.70000  0.142833356087E+00
 101.80000  0.146538864350E+00
 101.90000  0.148974649737E+00
 102.00000  0.151263968316E+00
 102.10000  0.151481504857E+00
 102.20000  0.154967480825E+00
 102.30000  0.150723790202E+00
 102.40000  0.153173062799E+00
 102.50000  0.150331133281E+00
 102.60000  0.147098940193E+00
 102.70000  0.151958715544E+00
 102.80000  0.143502333174E+00
 102.90000  0.153880039833E+00
 103.00000  0.147353104450E+00
 103.10000  0.154450347553E+00
 103.20000  0.155895763613E+00
 103.30000  0.154426281135E+00
 103.40000  0.161365601937E+00
 103.50000  0.154870640169E+00
 103.60000  0.159617670213E+00
 103.70000  0.154836677545E+00
 103.80000  0.154485614377E+00
 103.90000  0.153043482129E+00
 104.00000  0.152558620908E+00
 104.10000  0.151069035223E+00
 104.20000  0.155302012873E+00
 104.30000  0.152673058739E+00
 104.40000  0.158472299032E+00
 104.50000  0.158870944585E+00
 104.60000  0.158393610303E+00
 104.70000  0.165025797949E+00
 104.80000  0.156210132566E+00
 104.90000  0.165156791375E+00
 105.00000  0.155473001652E+00
 105.10000  0.159224870726E+00
 105.20000  0.157394111111E+00
 105.30000  0.153814878117E+00
 105.40000  0.160027509913E+00
 105.50000  0.154619449272E+00
 105.60000  0.161635456409E+00
 105.70000  0.160051651441E+00
 105.80000  0.162799708033E+00
 105.90000  0.163708217824E+00
 106.00000  0.164186144866E+00
 106.10000  0.162159152968E+00
 106.20000  0.164122471707E+00
 106.30000  0.158568639516E+00
 106.40000  0.160718237926E+00
 106.50000  0.158161175509E+00
 106.60000  0.155672131620E+00
 106.70000  0.161480721111E+00
 106.80000  0.153548704193E+00
 106.90000  0.163999895697E+00
 107.00000  0.156567165077E+00
 107.10000  0.162159976343E+00
 107.20000  0.161373268067E+00
 107.30000  0.157502028609E+00
 107.40000  0.162336639470E+00
 107.50000  0.153945637252E+00
 107.60000  0.158070031440E+00
 107.70000  0.152860800734E+00
 107.80000  0.153163016198E+00
 107.90000  0.152531293129E+00
 108.00000  0.152372537395E+00
 108.10000  0.151684533916E+00
 108.20000  0.154594716363E+00
 108.30000  0.151462747171E+00
 108.40000  0.154683017264E+00
 108.50000  0.153011156302E+00
 108.60000  0.150403187096E+00
 108.70000  0.154529118356E+00
 108.80000  0.145205674901E+00
 108.90000  0.152837616149E+00
 109.00000  0.143812845991E+00
 109.10000  0.147805012646E+00
 109.20000  0.146587378309E+00
 109.30000  0.143177706643E+00
 109.40000  0.149324331516E+00
 109.50000  0.142207547933E+00
 109.60000  0.148391504782E+00
 109.70000  0.143734663538E+00
 109.80000  0.144748718887E+00
 109.90000  0.143779641280E+00
 110.00000  0.141790713826E+00
 110.10000  0.140650913996E+00
 110.20000  0.140391239689E+00
 110.30000  0.137101633805E+00
 110.40000  0.138328487710E+00
 110.50000  0.136533259340E+00
 110.60000  0.134319371523E+00
 110.70000  0.138067956065E+00
 110.80000  0.130303921162E+00
 110.90000  0.137333403718E+00
 111.00000  0.128952046861E+00
 111.10000  0.132133195733E+00
 111.20000  0.130009546176E+00
 111.30000  0.125402601030E+00
 111.40000  0.130255884357E+00
 111.50000  0.121640931585E+00
 111.60000  0.127351746706E+00
 111.70000  0.121596986185E+00
 111.80000  0.122686896902E+00
 111.90000  0.121843719801E+00
 112.00000  0.119173350549E+00
 112.10000  0.119368215712E+00
 112.20000  0.117183060558E+00
 112.30000  0.115193268753E+00
 112.40000  0.114583089347E+00
 112.50000  0.112612519475E+00
 112.60000  0.110360171133E+00
 112.70000  0.112534702720E+00
 112.80000  0.106454667484E+00
 112.90000  0.112078077928E+00
 113.00000  0.105394854495E+00
 113.10000  0.108329354949E+00
 113.20000  0.106623966940E+00
 113.30000  0.102206450923E+00
 113.40000  0.106392221534E+00
 113.50000  0.972217967684E-01
 113.60000  0.102162093738E+00
 113.70000  0.952550759147E-01
 113.80000  0.959541751522E-01
 113.90000  0.949719664817E-01
 114.00000  0.918718301437E-01
 114.10000  0.940561639667E-01
 114.20000  0.910976409297E-01
 114.30000  0.919151451342E-01
 114.40000  0.907477064266E-01
 114.50000  0.896233349872E-01
 114.60000  0.876611195672E-01
 114.70000  0.874549654257E-01
 114.80000  0.822520947367E-01
 114.90000  0.840258247331E-01
 115.00000  0.778880016874E-01
 115.10000  0.787165828921E-01
 115.20000  0.768480117700E-01
 115.30000  0.734526566417E-01
 115.40000  0.776758869189E-01
 115.50000  0.709341980701E-01
 115.60000  0.768738048390E-01
 115.70000  0.714515308286E-01
 115.80000  0.729293018485E-01
 115.90000  0.720409112020E-01
 116.00000  0.676268234723E-01
 116.10000  0.694702403931E-01
 116.20000  0.632769632423E-01
 116.30000  0.639983100628E-01
 116.40000  0.603112609758E-01
 116.50000  0.591048102139E-01
 116.60000  0.579599860053E-01
 116.70000  0.573338448266E-01
 116.80000  0.559944053671E-01
 116.90000  0.573800586369E-01
 117.00000  0.550127145518E-01
 117.10000  0.559790625727E-01
 117.20000  0.548653499390E-01
 117.30000  0.519444303455E-01
 117.40000  0.537115204897E-01
 117.50000  0.471445010926E-01
 117.60000  0.498857125679E-01
 117.70000  0.440723839548E-01
 117.80000  0.442812246128E-01
 117.90000  0.432926278267E-01
 118.00000  0.398767258362E-01
 118.10000  0.431510933981E-01
 118.20000  0.386359323647E-01
 118.30000  0.419338612875E-01
 118.40000  0.394056884976E-01
 118.50000  0.396241087733E-01
 118.60000  0.393085356580E-01
 118.70000  0.370508321729E-01
 118.80000  0.367198505221E-01
 118.90000  0.344003515679E-01
 119.00000  0.327443107635E-01
 119.10000  0.312975337153E-01
 119.20000  0.298414752662E-01
 119.30000  0.280320323088E-01
 119.40000  0.288784552226E-01
 119.50000  0.258609239841E-01
 119.60000  0.283650080950E-01
 119.70000  0.256497450584E-01
 119.80000  0.266649805307E-01
 119.90000  0.265196744121E-01
 120.00000  0.239024709812E-01
 120.10000  0.262047404302E-01
 120.20000  0.214099860272E-01
 120.30000  0.233883559613E-01
 120.40000  0.198908029453E-01
 120.50000  0.193754599809E-01
 120.60000  0.188909547817E-01
 120.70000  0.165299716134E-01
 120.80000  0.177494622929E-01
 120.90000  0.157331520593E-01
 121.00000  0.165179170632E-01
 121.10000  0.158783905491E-01
 121.20000  0.157596714015E-01
 121.30000  0.154401718779E-01
 121.40000  0.153204804940E-01
 121.50000  0.140089202362E-01
 121.60000  0.142041064970E-01
 121.70000  0.123266437051E-01
 121.80000  0.119486194455E-01
 121.90000  0.112157662390E-01
 122.00000  0.941355029410E-02
 122.10000  0.105496388371E-01
 122.20000  0.794402129954E-02
 122.30000  0.964029320957E-02
 122.40000  0.799422540849E-02
 122.50000  0.836610326394E-02
 122.60000  0.871319007609E-02
 122.70000  0.723708281303E-02
 122.80000  0.867760660399E-02
 122.90000  0.658135752171E-02
 123.00000  0.734643158717E-02
 123.10000  0.609167140272E-02
 123.20000  0.562108303527E-02
 123.30000  0.534571251451E-02
 123.40000  0.455893596261E-02
 123.50000  0.440699755627E-02
 123.60000  0.421356524091E-02
 123.70000  0.385161975395E-02
 123.80000  0.397727753624E-02
 123.90000  0.405980362636E-02
 124.00000  0.356210360060E-02
 124.10000  0.446767681455E-02
 124.20000  0.316714412227E-02
 124.30000  0.415693083788E-02
 124.40000  0.304618290186E-02
 124.50000  0.307013962517E-02
 124.60000  0.309752936835E-02
 124.70000  0.207377999376E-02
 124.80000  0.294240655221E-02
 124.90000  0.181074798943E-02
 125.00000  0.253309098150E-02
 125.10000  0.215090010811E-02
 125.20000  0.229024373905E-02
 125.30000  0.252548746345E-02
 125.40000  0.244650180841E-02
 125.50000  0.251995091855E-02
 125.60000  0.259356844988E-02
 125.70000  0.228742784013E-02
 125.80000  0.231653327408E-02
 125.90000  0.226281384043E-02
 126.00000  0.178002139887E-02
 126.10000  0.247495112788E-02
 126.20000  0.152451722623E-02
 126.30000  0.252385857776E-02
 126.40000  0.191157732417E-02
 126.50000  0.231026887561E-02
 126.60000  0.273868803764E-02
 126.70000  0.217269005823E-02
 126.80000  0.330473927971E-02
 126.90000  0.237780352607E-02
 127.00000  0.320325742459E-02
 127.10000  0.278675774412E-02
 127.20000  0.287733803482E-02
 127.30000  0.309551746036E-02
 127.40000  0.293908266633E-02
 127.50000  0.318060952843E-02
 127.60000  0.338009566184E-02
 127.70000  0.337851264337E-02
 127.80000  0.376757501547E-02
 127.90000  0.411917955160E-02
 128.00000  0.393821858826E-02
 128.10000  0.515705801427E-02
 128.20000  0.417498526971E-02
 128.30000  0.569177160332E-02
 128.40000  0.489633039637E-02
 128.50000  0.545343964987E-02
 128.60000  0.605508493082E-02
 128.70000  0.506181970837E-02
 128.80000  0.696729441748E-02
 128.90000  0.530794051384E-02
 129.00000  0.705061589854E-02
 129.10000  0.633478610648E-02
 129.20000  0.670708553202E-02
 129.30000  0.752535548011E-02
 129.40000  0.673897654799E-02
 129.50000  0.814690378018E-02
 129.60000  0.737766074295E-02
 129.70000  0.818233761426E-02
 129.80000  0.813490416702E-02
 129.90000  0.833475961548E-02
 130.00000  0.852856412371E-02
 130.10000  0.890360982350E-02
 130.20000  0.860184703454E-02
 130.30000  0.939162449153E-02
 130.40000  0.891743829048E-02
 130.50000  0.931185582813E-02
 130.60000  0.984072117414E-02
 130.70000  0.894402862352E-02
 130.80000  0.108916053056E-01
 130.90000  0.909735877274E-02
 131.00000  0.112365639269E-01
 131.10000  0.103316022395E-01
 131.20000  0.108641686967E-01
 131.30000  0.122331264351E-01
 131.40000  0.106134929043E-01
 131.50000  0.135473848510E-01
 131.60000  0.112703366474E-01
 131.70000  0.134780059528E-01
 131.80000  0.126834372190E-01
 131.90000  0.126633734971E-01
 132.00000  0.139506831993E-01
 132.10000  0.123326961076E-01
 132.20000  0.142846252074E-01
 132.30000  0.129741369324E-01
 132.40000  0.140562195758E-01
 132.50000  0.140559976508E-01
 132.60000  0.142632912524E-01
 132.70000  0.148668031212E-01
 132.80000  0.151601815839E-01
 132.90000  0.152267386655E-01
 133.00000  0.158851021121E-01
 133.10000  0.155997566461E-01
 133.20000  0.157036266757E-01
 133.30000  0.162704063392E-01
 133.40000  0.149059664991E-01
 133.50000  0.167454813089E-01
 133.60000  0.145728748050E-01
 133.70000  0.164110984820E-01
 133.80000  0.155484128530E-01
 133.90000  0.155445843283E-01
 134.00000  0.174531957722E-01
 134.10000  0.152231720123E-01
 134.20000  0.188009978657E-01
 134.30000  0.161622347001E-01
 134.40000  0.185617764110E-01
 134.50000  0.179782308326E-01
 134.60000  0.173028526008E-01
 134.70000  0.192755534779E-01
 134.80000  0.164170172880E-01
 134.90000  0.190578935928E-01
 135.00000  0.166696363884E-01
 135.10000  0.178534511296E-01
 135.20000  0.177151033796E-01
 135.30000  0.172566151887E-01
 135.40000  0.187391091625E-01
 135.50000  0.179703844919E-01
 135.60000  0.193120475441E-01
 135.70000  0.192477761608E-01
 135.80000  0.197159410485E-01
 135.90000  0.198786643634E-01
 136.00000  0.201593618133E-01
 136.10000  0.194590143733E-01
 136.20000  0.202051118011E-01
 136.30000  0.186799501206E-01
 136.40000  0.193385355608E-01
 136.50000  0.186504553861E-01
 136.60000  0.179663082008E-01
 136.70000  0.195970240133E-01
 136.80000  0.172750243253E-01
 136.90000  0.204676579312E-01
 137.00000  0.181842143265E-01
 137.10000  0.202573601415E-01
 137.20000  0.203346222208E-01
 137.30000  0.192009621966E-01
 137.40000  0.219681255750E-01
 137.50000  0.183701039719E-01
 137.60000  0.215136785003E-01
 137.70000  0.184347925638E-01
 137.80000  0.192628404780E-01
 137.90000  0.190807696686E-01
 138.00000  0.171981057702E-01
 138.10000  0.195108731204E-01
 138.20000  0.168819170015E-01
 138.30000  0.193738075924E-01
 138.40000  0.182811338026E-01
 138.50000  0.192415911418E-01
 138.60000  0.201078506024E-01
 138.70000  0.196172485832E-01
 138.80000  0.209818340853E-01
 138.90000  0.201544949180E-01
 139.00000  0.205363019193E-01
 139.10000  0.199849959617E-01
 139.20000  0.195339225255E-01
 139.30000  0.188353916634E-01
 139.40000  0.188199477376E-01
 139.50000  0.174247175617E-01
 139.60000  0.183498952379E-01
 139.70000  0.170147049322E-01
 139.80000  0.177566029908E-01
 139.90000  0.181756823518E-01
 140.00000  0.171886211544E-01
 140.10000  0.198267819924E-01
 140.20000  0.172125325563E-01
 140.30000  0.201492738942E-01
 140.40000  0.180539015985E-01
 140.50000  0.186021482765E-01
 140.60000  0.190352909785E-01
 140.70000  0.163812766300E-01
 140.80000  0.189699371044E-01
 140.90000  0.151141928712E-01
 141.00000  0.174730919558E-01
 141.10000  0.154607345904E-01
 141.20000  0.155862037760E-01
 141.30000  0.168131676459E-01
 141.40000  0.148302089873E-01
 141.50000  0.178894999088E-01
 141.60000  0.156463983851E-01
 141.70000  0.178755618716E-01
 141.80000  0.171833601117E-01
 141.90000  0.171233389722E-01
 142.00000  0.180220901040E-01
 142.10000  0.163083415793E-01
 142.20000  0.173080225307E-01
 142.30000  0.156352876675E-01
 142.40000  0.156389211707E-01
 142.50000  0.148821558896E-01
 142.60000  0.143662321368E-01
 142.70000  0.140105273364E-01
 142.80000  0.141062201403E-01
 142.90000  0.134707636451E-01
 143.00000  0.142461610191E-01
 143.10000  0.138147448899E-01
 143.20000  0.140829871952E-01
 143.30000  0.149208201416E-01
 143.40000  0.136444772130E-01
 143.50000  0.156403629565E-01
 143.60000  0.134036686564E-01
 143.70000  0.149336127152E-01
 143.80000  0.136755434532E-01
 143.90000  0.130837477455E-01
 144.00000  0.141000071739E-01
 144.10000  0.113887043315E-01
 144.20000  0.138566943099E-01
 144.30000  0.109640075642E-01
 144.40000  0.126578469818E-01
 144.50000  0.119181548981E-01
 144.60000  0.112734585387E-01
 144.70000  0.132227824059E-01
 144.80000  0.106917510109E-01
 144.90000  0.135015317867E-01
 145.00000  0.111622606562E-01
 145.10000  0.124293248514E-01
 145.20000  0.120445619800E-01
 145.30000  0.109163744062E-01
 145.40000  0.122820962755E-01
 145.50000  0.995802119155E-02
 145.60000  0.113957383150E-01
 145.70000  0.975706488190E-02
 145.80000  0.100245470168E-01
 145.90000  0.986703362240E-02
 146.00000  0.922332268566E-02
 146.10000  0.983344483831E-02
 146.20000  0.927145490145E-02
 146.30000  0.962881211811E-02
 146.40000  0.957976388118E-02
 146.50000  0.964208246557E-02
 146.60000  0.960288167673E-02
 146.70000  0.998467671323E-02
 146.80000  0.927119410313E-02
 146.90000  0.100367843005E-01
 147.00000  0.890896971937E-02
 147.10000  0.927216047730E-02
 147.20000  0.888921966866E-02
 147.30000  0.799405012992E-02
 147.40000  0.899262291307E-02
 147.50000  0.697725115750E-02
 147.60000  0.856153790052E-02
 147.70000  0.683863265307E-02
 147.80000  0.746362358512E-02
 147.90000  0.755148082534E-02
 148.00000  0.636408261917E-02
 148.10000  0.829692576197E-02
 148.20000  0.601905310930E-02
 148.30000  0.816185518268E-02
 148.40000  0.663119512381E-02
 148.50000  0.715680492325E-02
 148.60000  0.767199954426E-02
 148.70000  0.614447535779E-02
 148.80000  0.812937278186E-02
 148.90000  0.582515916447E-02
 149.00000  0.743793792735E-02
 149.10000  0.620024224845E-02
 149.20000  0.619245307627E-02
 149.30000  0.670574613684E-02
 149.40000  0.539400234038E-02
 149.50000  0.668944947261E-02
 149.60000  0.535374503909E-02
 149.70000  0.613472913122E-02
 149.80000  0.571102828148E-02
 149.90000  0.565570573323E-02
 150.00000  0.595926473117E-02
 150.10000  0.556897782776E-02
 150.20000  0.581599984149E-02
 150.30000  0.556736541253E-02
 150.40000  0.545928836856E-02
 150.50000  0.532684986159E-02
 150.60000  0.525686160377E-02
 150.70000  0.485581994270E-02
 150.80000  0.519040637431E-02
 150.90000  0.440147066214E-02
 151.00000  0.492454793978E-02
 151.10000  0.436661196339E-02
 151.20000  0.440442279349E-02
 151.30000  0.491992137771E-02
 151.40000  0.398743371349E-02
 151.50000  0.553363168541E-02
 151.60000  0.409910839061E-02
 151.70000  0.548177604767E-02
 151.80000  0.488055886749E-02
 151.90000  0.478281413254E-02
 152.00000  0.582736909510E-02
 152.10000  0.409881236909E-02
 152.20000  0.598283793928E-02
 152.30000  0.395563712703E-02
 152.40000  0.503081204609E-02
 152.50000  0.436872605688E-02
 152.60000  0.376977424225E-02
 152.70000  0.485370072922E-02
 152.80000  0.314254129022E-02
 152.90000  0.483128608740E-02
 153.00000  0.342265595198E-02
 153.10000  0.432509447806E-02
 153.20000  0.431458144567E-02
 153.30000  0.390993673782E-02
 153.40000  0.514168494902E-02
 153.50000  0.393903212771E-02
 153.60000  0.524027731698E-02
 153.70000  0.429984292348E-02
 153.80000  0.467801002305E-02
 153.90000  0.466386628222E-02
 154.00000  0.412019534952E-02
 154.10000  0.465430120332E-02
 154.20000  0.394224789247E-02
 154.30000  0.426544528952E-02
 154.40000  0.402250751738E-02
 154.50000  0.409669648389E-02
 154.60000  0.417741466039E-02
 154.70000  0.454157468312E-02
 154.80000  0.436516938610E-02
 154.90000  0.513558361707E-02
 155.00000  0.470035274418E-02
 155.10000  0.525806001732E-02
 155.20000  0.528429360778E-02
 155.30000  0.490443178125E-02
 155.40000  0.578671806448E-02
 155.50000  0.446392820126E-02
 155.60000  0.562642779489E-02
 155.70000  0.435819337234E-02
 155.80000  0.477958218208E-02
 155.90000  0.482969497891E-02
 156.00000  0.391515748389E-02
 156.10000  0.553865943695E-02
 156.20000  0.374784291251E-02
 156.30000  0.576467914126E-02
 156.40000  0.459623888127E-02
 156.50000  0.532178535107E-02
 156.60000  0.609467760467E-02
 156.70000  0.478552478000E-02
 156.80000  0.712725455793E-02
 156.90000  0.478585389890E-02
 157.00000  0.680773007870E-02
 157.10000  0.546140709924E-02
 157.20000  0.554729521585E-02
 157.30000  0.635071287117E-02
 157.40000  0.454674712157E-02
 157.50000  0.669959073489E-02
 157.60000  0.458745697812E-02
 157.70000  0.629910802377E-02
 157.80000  0.568123789320E-02
 157.90000  0.581154696173E-02
 158.00000  0.718647373860E-02
 158.10000  0.593362854595E-02
 158.20000  0.809932915440E-02
 158.30000  0.668764446244E-02
 158.40000  0.794134829837E-02
 158.50000  0.759878358897E-02
 158.60000  0.722126773256E-02
 158.70000  0.801540284561E-02
 158.80000  0.665204522291E-02
 158.90000  0.755413022944E-02
 159.00000  0.645059408678E-02
 159.10000  0.670251301299E-02
 159.20000  0.653519957870E-02
 159.30000  0.639560654336E-02
 159.40000  0.679099085718E-02
 159.50000  0.686690355320E-02
 159.60000  0.720117697626E-02
 159.70000  0.763978642065E-02
 159.80000  0.795760297550E-02
 159.90000  0.833854155678E-02
 160.00000  0.903013696353E-02
 160.10000  0.881001043751E-02
 160.20000  0.979083470519E-02
 160.30000  0.904084596543E-02
 160.40000  0.967298841286E-02
 160.50000  0.931974785621E-02
 160.60000  0.887547798203E-02
 160.70000  0.977242911745E-02
 160.80000  0.811497508271E-02
 160.90000  0.990734066709E-02
 161.00000  0.815781790712E-02
 161.10000  0.935158061775E-02
 161.20000  0.933043463010E-02
 161.30000  0.857099949346E-02
 161.40000  0.108601048477E-01
 161.50000  0.838735653010E-02
 161.60000  0.113652514361E-01
 161.70000  0.923686489986E-02
 161.80000  0.104825957830E-01
 161.90000  0.108115404282E-01
 162.00000  0.922172248063E-02
 162.10000  0.120157607839E-01
 162.20000  0.875627327651E-02
 162.30000  0.118328306645E-01
 162.40000  0.963930641194E-02
 162.50000  0.105384045349E-01
 162.60000  0.115833560498E-01
 162.70000  0.949358039803E-02
 162.80000  0.133207177598E-01
 162.90000  0.986280945684E-02
 163.00000  0.135504781922E-01
 163.10000  0.118011595670E-01
 163.20000  0.124020572151E-01
 163.30000  0.141857172696E-01
 163.40000  0.112195418236E-01
 163.50000  0.151538769840E-01
 163.60000  0.110930434466E-01
 163.70000  0.138788426645E-01
 163.80000  0.121000357192E-01
 163.90000  0.115684931272E-01
 164.00000  0.133678919188E-01
 164.10000  0.101080243154E-01
 164.20000  0.137198227952E-01
 164.30000  0.104483201537E-01
 164.40000  0.129205986535E-01
 164.50000  0.124005898435E-01
 164.60000  0.120348660062E-01
 164.70000  0.148021731347E-01
 164.80000  0.122080648432E-01
 164.90000  0.160774536979E-01
 165.00000  0.136595335341E-01
 165.10000  0.157022285870E-01
 165.20000  0.156857203075E-01
 165.30000  0.146652236866E-01
 165.40000  0.169639855249E-01
 165.50000  0.140942966077E-01
 165.60000  0.165249608455E-01
 165.70000  0.142767713293E-01
 165.80000  0.149391547360E-01
 165.90000  0.148896065482E-01
 166.00000  0.137037551997E-01
 166.10000  0.153184035098E-01
 166.20000  0.135747596376E-01
 166.30000  0.151976196520E-01
 166.40000  0.143761676918E-01
 166.50000  0.149917694324E-01
 166.60000  0.156507804434E-01
 166.70000  0.153528562515E-01
 166.80000  0.167193022867E-01
 166.90000  0.161801349290E-01
 167.00000  0.171197139328E-01
 167.10000  0.169856888411E-01
 167.20000  0.172142256883E-01
 167.30000  0.174625092767E-01
 167.40000  0.174353164986E-01
 167.50000  0.174273036058E-01
 167.60000  0.175074570408E-01
 167.70000  0.171150794545E-01
 167.80000  0.171717499757E-01
 167.90000  0.171820042044E-01
 168.00000  0.167120276801E-01
 168.10000  0.176583742827E-01
 168.20000  0.165054980646E-01
 168.30000  0.178255829327E-01
 168.40000  0.169345406295E-01
 168.50000  0.174795231225E-01
 168.60000  0.181883126449E-01
 168.70000  0.171721724841E-01
 168.80000  0.195142103043E-01
 168.90000  0.174293214994E-01
 169.00000  0.197698250220E-01
 169.10000  0.185548238216E-01
 169.20000  0.189314809405E-01
 169.30000  0.202672372199E-01
 169.40000  0.179971239613E-01
 169.50000  0.212456199407E-01
 169.60000  0.178573801516E-01
 169.70000  0.204168698458E-01
 169.80000  0.188769722413E-01
 169.90000  0.184684175688E-01
 170.00000  0.204994163759E-01
 170.10000  0.170270363629E-01
 170.20000  0.212182362890E-01
 170.30000  0.172208382436E-01
 170.40000  0.201992290925E-01
 170.50000  0.193061772119E-01
 170.60000  0.184669328089E-01
 170.70000  0.221574300004E-01
 170.80000  0.177543198219E-01
 170.90000  0.235074037836E-01
 171.00000  0.190587848757E-01
 171.10000  0.222780032312E-01
 171.20000  0.220341536559E-01
 171.30000  0.198886227453E-01
 171.40000  0.246054553193E-01
 171.50000  0.185062317743E-01
 171.60000  0.243364750297E-01
 171.70000  0.191863816955E-01
 171.80000  0.212405095826E-01
 171.90000  0.214457049284E-01
 172.00000  0.178770881891E-01
 172.10000  0.233415523746E-01
 172.20000  0.166936970706E-01
 172.30000  0.229441583629E-01
 172.40000  0.186285573964E-01
 172.50000  0.205965090412E-01
 172.60000  0.228475583342E-01
 172.70000  0.186513974366E-01
 172.80000  0.264331456091E-01
 172.90000  0.191588550671E-01
 173.00000  0.264599543433E-01
 173.10000  0.224605742660E-01
 173.20000  0.232885444059E-01
 173.30000  0.265932178051E-01
 173.40000  0.200194500703E-01
 173.50000  0.279949939846E-01
 173.60000  0.191555175645E-01
 173.70000  0.249622502913E-01
 173.80000  0.210544331305E-01
 173.90000  0.198897022775E-01
 174.00000  0.240001527102E-01
 174.10000  0.166136415148E-01
 174.20000  0.251528444563E-01
 174.30000  0.172433171199E-01
 174.40000  0.232869774473E-01
 174.50000  0.217458914052E-01
 174.60000  0.203569787777E-01
 174.70000  0.275229825877E-01
 174.80000  0.193493221469E-01
 174.90000  0.300882732362E-01
 175.00000  0.217538876647E-01
 175.10000  0.274221105947E-01
 175.20000  0.266199184184E-01
 175.30000  0.223956748229E-01
 175.40000  0.302621243276E-01
 175.50000  0.192286542814E-01
 175.60000  0.288608475433E-01
 175.70000  0.198088767043E-01
 175.80000  0.230624443712E-01
 175.90000  0.233116307223E-01
 176.00000  0.175302981384E-01
 176.10000  0.266159877603E-01
 176.20000  0.160513478040E-01
 176.30000  0.264601511067E-01
 176.40000  0.197029206914E-01
 176.50000  0.231371500269E-01
 176.60000  0.269738942345E-01
 176.70000  0.201661547971E-01
 176.80000  0.328121243217E-01
 176.90000  0.204916608056E-01
 177.00000  0.319998077886E-01
 177.10000  0.247331303488E-01
 177.20000  0.254889341564E-01
 177.30000  0.304534628526E-01
 177.40000  0.191945943443E-01
 177.50000  0.322840375569E-01
 177.60000  0.174078546716E-01
 177.70000  0.272472241466E-01
 177.80000  0.208499790153E-01
 177.90000  0.193200422976E-01
 178.00000  0.271451797064E-01
 178.10000  0.147817753153E-01
 178.20000  0.308072769025E-01
 178.30000  0.166312816739E-01
 178.40000  0.281571273808E-01
 178.50000  0.251787011465E-01
 178.60000  0.222809649523E-01
 178.70000  0.363752427843E-01
 178.80000  0.187577176135E-01
 178.90000  0.402711893226E-01
 179.00000  0.204413232013E-01
 179.10000  0.314008165553E-01
 179.20000  0.282056318996E-01
 179.30000  0.175090495393E-01
 179.40000  0.381630345954E-01
 179.50000  0.924256181992E-02
 179.60000  0.391130441032E-01
 179.70000  0.101576292448E-01
 179.80000  0.239453323447E-01
 179.90000  0.288696928493E-01
 180.00000  0.111300801931E-01

