   0.10000  0.409656044448E+07
   0.20000  0.619602807236E+06
   0.30000  0.336404006479E+05
   0.40000  0.774850064956E+05
   0.50000  0.127349777974E+05
   0.60000  0.116028645165E+05
   0.70000  0.970108485372E+04
   0.80000  0.159337882263E+04
   0.90000  0.405496213944E+04
   1.00000  0.350343426097E+04
   1.10000  0.333977801338E+04
   1.20000  0.209490017546E+04
   1.30000  0.151183399264E+04
   1.40000  0.130627261468E+04
   1.50000  0.122982563111E+04
   1.60000  0.912098254485E+03
   1.70000  0.761136848551E+03
   1.80000  0.991021790554E+03
   1.90000  0.817523829948E+03
   2.00000  0.801972667710E+03
   2.10000  0.672687244599E+03
   2.20000  0.648621660969E+03
   2.30000  0.728882661834E+03
   2.40000  0.559158509389E+03
   2.50000  0.312742444740E+03
   2.60000  0.258870567525E+03
   2.70000  0.391064800921E+03
   2.80000  0.310046158027E+03
   2.90000  0.187749618246E+03
   3.00000  0.120784661607E+03
   3.10000  0.119525118887E+03
   3.20000  0.193869012188E+03
   3.30000  0.150716609016E+03
   3.40000  0.107664842639E+03
   3.50000  0.883807516765E+02
   3.60000  0.112032437774E+03
   3.70000  0.142381632176E+03
   3.80000  0.133904016204E+03
   3.90000  0.927254506534E+02
   4.00000  0.899206731412E+02
   4.10000  0.132841115726E+03
   4.20000  0.144659877663E+03
   4.30000  0.148668271713E+03
   4.40000  0.834135755753E+02
   4.50000  0.728873526986E+02
   4.60000  0.959418272675E+02
   4.70000  0.128519105373E+03
   4.80000  0.142639492861E+03
   4.90000  0.102310140773E+03
   5.00000  0.655930633331E+02
   5.10000  0.575009219068E+02
   5.20000  0.796243055396E+02
   5.30000  0.998192456982E+02
   5.40000  0.104055940417E+03
   5.50000  0.724069452685E+02
   5.60000  0.595692176619E+02
   5.70000  0.439380820817E+02
   5.80000  0.512523149435E+02
   5.90000  0.584254045801E+02
   6.00000  0.568148353737E+02
   6.10000  0.578000307856E+02
   6.20000  0.447463059072E+02
   6.30000  0.346434022930E+02
   6.40000  0.255272593458E+02
   6.50000  0.256471100388E+02
   6.60000  0.321642313947E+02
   6.70000  0.415752639709E+02
   6.80000  0.336771337394E+02
   6.90000  0.256605110775E+02
   7.00000  0.108377462347E+02
   7.10000  0.103748209823E+02
   7.20000  0.188999513564E+02
   7.30000  0.228419243389E+02
   7.40000  0.236058652885E+02
   7.50000  0.126612779540E+02
   7.60000  0.581902323722E+01
   7.70000  0.468917268681E+01
   7.80000  0.907451411239E+01
   7.90000  0.118209141015E+02
   8.00000  0.114097775830E+02
   8.10000  0.549824598424E+01
   8.20000  0.342178769283E+01
   8.30000  0.269209063461E+01
   8.40000  0.431682459499E+01
   8.50000  0.555877569504E+01
   8.60000  0.357567277948E+01
   8.70000  0.279866455850E+01
   8.80000  0.146973566848E+01
   8.90000  0.196891514438E+01
   9.00000  0.212930444409E+01
   9.10000  0.187903447081E+01
   9.20000  0.127274262724E+01
   9.30000  0.126942821511E+01
   9.40000  0.925785319533E+00
   9.50000  0.129691516943E+01
   9.60000  0.777512338074E+00
   9.70000  0.552647640437E+00
   9.80000  0.792517646949E+00
   9.90000  0.586051131253E+00
  10.00000  0.103725828410E+01
  10.10000  0.443300899701E+00
  10.20000  0.258414989791E+00
  10.30000  0.185112181446E+00
  10.40000  0.432014434844E+00
  10.50000  0.641355879713E+00
  10.60000  0.725979270165E+00
  10.70000  0.241263433938E+00
  10.80000  0.117108860447E+00
  10.90000  0.127648976768E+00
  11.00000  0.182796002206E+00
  11.10000  0.555383222728E+00
  11.20000  0.222749892589E+00
  11.30000  0.264757214855E+00
  11.40000  0.566155659667E-01
  11.50000  0.105530232298E+00
  11.60000  0.137265519648E+00
  11.70000  0.831791098822E-01
  11.80000  0.342350687468E-01
  11.90000  0.104501472592E+00
  12.00000  0.221026032238E+00
  12.10000  0.400202743093E+00
  12.20000  0.280680940506E+00
  12.30000  0.220662287535E+00
  12.40000  0.197755371047E-01
  12.50000  0.195147646460E+00
  12.60000  0.469205024228E+00
  12.70000  0.637145333816E+00
  12.80000  0.752712733239E+00
  12.90000  0.449234868564E+00
  13.00000  0.303991520536E+00
  13.10000  0.244389408794E+00
  13.20000  0.392177827715E+00
  13.30000  0.577626927430E+00
  13.40000  0.711730349930E+00
  13.50000  0.467379003563E+00
  13.60000  0.426528360212E+00
  13.70000  0.115104198248E+00
  13.80000  0.185717954997E+00
  13.90000  0.198251342210E+00
  14.00000  0.219181397881E+00
  14.10000  0.256734424973E+00
  14.20000  0.133338133229E+00
  14.30000  0.879061748538E-01
  14.40000  0.227158592382E-01
  14.50000  0.337924147785E-02
  14.60000  0.621813259870E-02
  14.70000  0.838058011374E-02
  14.80000  0.295336903910E-01
  14.90000  0.317657080826E-01
  15.00000  0.795222753847E-01
  15.10000  0.676724483401E-01
  15.20000  0.809672496897E-01
  15.30000  0.755012340785E-01
  15.40000  0.417729094058E-01
  15.50000  0.861479956972E-01
  15.60000  0.696781534035E-01
  15.70000  0.120121692205E+00
  15.80000  0.134880006715E+00
  15.90000  0.135405674951E+00
  16.00000  0.147481302605E+00
  16.10000  0.149972422241E+00
  16.20000  0.128986915461E+00
  16.30000  0.213496381423E+00
  16.40000  0.142731259472E+00
  16.50000  0.284435816286E+00
  16.60000  0.193394910882E+00
  16.70000  0.297079551121E+00
  16.80000  0.271762867890E+00
  16.90000  0.309851115690E+00
  17.00000  0.362345646410E+00
  17.10000  0.378780330870E+00
  17.20000  0.379044967634E+00
  17.30000  0.409963109927E+00
  17.40000  0.322808848451E+00
  17.50000  0.376314800232E+00
  17.60000  0.354802668158E+00
  17.70000  0.357895124613E+00
  17.80000  0.437628156746E+00
  17.90000  0.305203438114E+00
  18.00000  0.358815663660E+00
  18.10000  0.191139601663E+00
  18.20000  0.193162644024E+00
  18.30000  0.137585845039E+00
  18.40000  0.140640593563E+00
  18.50000  0.144744746445E+00
  18.60000  0.150642389707E+00
  18.70000  0.116195229334E+00
  18.80000  0.126716228226E+00
  18.90000  0.636627595774E-01
  19.00000  0.908150684457E-01
  19.10000  0.346571416280E-01
  19.20000  0.966076080981E-01
  19.30000  0.989071398514E-01
  19.40000  0.196555971125E+00
  19.50000  0.256881553988E+00
  19.60000  0.292498586196E+00
  19.70000  0.299404837501E+00
  19.80000  0.250511692326E+00
  19.90000  0.206142238779E+00
  20.00000  0.242437667671E+00
  20.10000  0.264469739860E+00
  20.20000  0.378163848683E+00
  20.30000  0.415346123229E+00
  20.40000  0.371982233505E+00
  20.50000  0.344463710197E+00
  20.60000  0.178025787716E+00
  20.70000  0.183477162017E+00
  20.80000  0.122390234412E+00
  20.90000  0.173171419451E+00
  21.00000  0.180025988516E+00
  21.10000  0.161235112923E+00
  21.20000  0.110094163106E+00
  21.30000  0.576404335727E-01
  21.40000  0.120937459263E-01
  21.50000  0.315372018121E-02
  21.60000  0.344230232379E-02
  21.70000  0.626019878756E-03
  21.80000  0.570269034752E-04
  21.90000  0.300630333930E-01
  22.00000  0.414090735033E-01
  22.10000  0.141467548512E+00
  22.20000  0.153153534073E+00
  22.30000  0.208103792784E+00
  22.40000  0.185149879345E+00
  22.50000  0.175392573778E+00
  22.60000  0.188527532049E+00
  22.70000  0.278049015417E+00
  22.80000  0.336253616977E+00
  22.90000  0.512732074309E+00
  23.00000  0.478152922931E+00
  23.10000  0.550780489785E+00
  23.20000  0.448653417778E+00
  23.30000  0.416936990982E+00
  23.40000  0.448272233264E+00
  23.50000  0.445704865641E+00
  23.60000  0.586678552800E+00
  23.70000  0.595509803769E+00
  23.80000  0.624126990210E+00
  23.90000  0.575349642379E+00
  24.00000  0.488074935412E+00
  24.10000  0.430471249244E+00
  24.20000  0.423661241339E+00
  24.30000  0.389315072496E+00
  24.40000  0.498870789733E+00
  24.50000  0.423683665767E+00
  24.60000  0.507786166686E+00
  24.70000  0.385686581569E+00
  24.80000  0.382692247556E+00
  24.90000  0.305397163945E+00
  25.00000  0.283345947065E+00
  25.10000  0.286871984451E+00
  25.20000  0.302343162357E+00
  25.30000  0.314498364434E+00
  25.40000  0.358188775930E+00
  25.50000  0.314024103256E+00
  25.60000  0.361470120472E+00
  25.70000  0.291513656542E+00
  25.80000  0.335386609237E+00
  25.90000  0.321168476471E+00
  26.00000  0.354005776645E+00
  26.10000  0.419120507926E+00
  26.20000  0.424417506512E+00
  26.30000  0.502955958949E+00
  26.40000  0.491503549269E+00
  26.50000  0.521386570972E+00
  26.60000  0.537319427477E+00
  26.70000  0.538355187097E+00
  26.80000  0.581808079183E+00
  26.90000  0.610745321020E+00
  27.00000  0.611136283133E+00
  27.10000  0.687219262567E+00
  27.20000  0.608813050071E+00
  27.30000  0.702125038998E+00
  27.40000  0.604832157716E+00
  27.50000  0.662879128551E+00
  27.60000  0.609803625503E+00
  27.70000  0.606466847665E+00
  27.80000  0.584052991209E+00
  27.90000  0.557661978118E+00
  28.00000  0.518122134672E+00
  28.10000  0.524196869422E+00
  28.20000  0.450298073742E+00
  28.30000  0.483053109407E+00
  28.40000  0.398676920875E+00
  28.50000  0.408963095990E+00
  28.60000  0.355374506750E+00
  28.70000  0.327004452984E+00
  28.80000  0.325188906615E+00
  28.90000  0.287161264714E+00
  29.00000  0.314707575231E+00
  29.10000  0.296640604949E+00
  29.20000  0.309842316726E+00
  29.30000  0.315758707207E+00
  29.40000  0.298364917725E+00
  29.50000  0.314928694642E+00
  29.60000  0.302414177049E+00
  29.70000  0.313000978229E+00
  29.80000  0.351604723221E+00
  29.90000  0.337778616022E+00
  30.00000  0.414153628746E+00
  30.10000  0.367081654222E+00
  30.20000  0.419085676506E+00
  30.30000  0.366254917597E+00
  30.40000  0.372575776281E+00
  30.50000  0.353552400854E+00
  30.60000  0.352311980715E+00
  30.70000  0.349692341658E+00
  30.80000  0.365239306803E+00
  30.90000  0.321470092529E+00
  31.00000  0.340013469608E+00
  31.10000  0.254339192527E+00
  31.20000  0.264557531212E+00
  31.30000  0.197272093739E+00
  31.40000  0.198856726819E+00
  31.50000  0.178870523916E+00
  31.60000  0.168983772911E+00
  31.70000  0.169598238578E+00
  31.80000  0.153714916070E+00
  31.90000  0.147420901621E+00
  32.00000  0.143324578764E+00
  32.10000  0.127897073470E+00
  32.20000  0.151934057608E+00
  32.30000  0.140935694858E+00
  32.40000  0.195885421909E+00
  32.50000  0.205696043695E+00
  32.60000  0.265105895138E+00
  32.70000  0.297138165095E+00
  32.80000  0.321140431574E+00
  32.90000  0.364766045519E+00
  33.00000  0.362307464793E+00
  33.10000  0.413307900194E+00
  33.20000  0.439521192489E+00
  33.30000  0.486559512161E+00
  33.40000  0.545903141471E+00
  33.50000  0.566781106107E+00
  33.60000  0.593926914917E+00
  33.70000  0.603627662858E+00
  33.80000  0.567226025134E+00
  33.90000  0.613460109871E+00
  34.00000  0.553882844917E+00
  34.10000  0.628012106888E+00
  34.20000  0.580043825283E+00
  34.30000  0.611412969659E+00
  34.40000  0.570179959756E+00
  34.50000  0.539150097252E+00
  34.60000  0.498040212651E+00
  34.70000  0.467236070556E+00
  34.80000  0.424312153774E+00
  34.90000  0.436652368368E+00
  35.00000  0.380470064335E+00
  35.10000  0.407271865255E+00
  35.20000  0.340129572681E+00
  35.30000  0.343320854071E+00
  35.40000  0.294785353307E+00
  35.50000  0.277397496910E+00
  35.60000  0.269436131976E+00
  35.70000  0.255834110795E+00
  35.80000  0.273755327165E+00
  35.90000  0.278009243153E+00
  36.00000  0.287103984353E+00
  36.10000  0.308191821458E+00
  36.20000  0.293471553499E+00
  36.30000  0.325640898623E+00
  36.40000  0.312921926326E+00
  36.50000  0.348449776529E+00
  36.60000  0.374373295237E+00
  36.70000  0.395551936203E+00
  36.80000  0.454726411327E+00
  36.90000  0.446061986578E+00
  37.00000  0.496004060651E+00
  37.10000  0.476311924309E+00
  37.20000  0.497574220413E+00
  37.30000  0.504924478918E+00
  37.40000  0.518045551840E+00
  37.50000  0.545162609985E+00
  37.60000  0.568123465321E+00
  37.70000  0.559792999631E+00
  37.80000  0.590666325591E+00
  37.90000  0.527620653440E+00
  38.00000  0.564089162131E+00
  38.10000  0.496211947764E+00
  38.20000  0.531824579594E+00
  38.30000  0.502707286602E+00
  38.40000  0.515554163628E+00
  38.50000  0.505882298045E+00
  38.60000  0.488168947950E+00
  38.70000  0.459916458401E+00
  38.80000  0.442976102911E+00
  38.90000  0.395152330496E+00
  39.00000  0.411294961625E+00
  39.10000  0.366511768355E+00
  39.20000  0.401145644666E+00
  39.30000  0.369889912873E+00
  39.40000  0.381488604811E+00
  39.50000  0.362469595922E+00
  39.60000  0.340374827777E+00
  39.70000  0.335218829777E+00
  39.80000  0.311804009091E+00
  39.90000  0.318584947397E+00
  40.00000  0.324179987913E+00
  40.10000  0.326713303234E+00
  40.20000  0.352322956265E+00
  40.30000  0.336609888119E+00
  40.40000  0.351127259822E+00
  40.50000  0.331808329880E+00
  40.60000  0.323229181500E+00
  40.70000  0.331868850732E+00
  40.80000  0.313860397528E+00
  40.90000  0.352832327639E+00
  41.00000  0.337259556397E+00
  41.10000  0.368417579804E+00
  41.20000  0.354174000839E+00
  41.30000  0.349651100100E+00
  41.40000  0.337220899913E+00
  41.50000  0.319150793548E+00
  41.60000  0.311419861867E+00
  41.70000  0.318527305543E+00
  41.80000  0.305085456841E+00
  41.90000  0.338662357400E+00
  42.00000  0.304015730597E+00
  42.10000  0.333183141856E+00
  42.20000  0.285368276386E+00
  42.30000  0.293268437202E+00
  42.40000  0.261819047076E+00
  42.50000  0.260866366938E+00
  42.60000  0.258612858777E+00
  42.70000  0.265154938829E+00
  42.80000  0.269455355462E+00
  42.90000  0.285196843576E+00
  43.00000  0.267090711963E+00
  43.10000  0.287639531663E+00
  43.20000  0.249400729925E+00
  43.30000  0.275293665801E+00
  43.40000  0.247757079562E+00
  43.50000  0.278221891979E+00
  43.60000  0.282061351040E+00
  43.70000  0.306128332373E+00
  43.80000  0.326281907380E+00
  43.90000  0.334274365038E+00
  44.00000  0.340669815722E+00
  44.10000  0.344555759612E+00
  44.20000  0.330823925595E+00
  44.30000  0.355221727010E+00
  44.40000  0.341628534648E+00
  44.50000  0.385896468068E+00
  44.60000  0.386818821491E+00
  44.70000  0.415478786464E+00
  44.80000  0.424128243476E+00
  44.90000  0.412213171538E+00
  45.00000  0.419745515098E+00
  45.10000  0.390316650359E+00
  45.20000  0.397957960858E+00
  45.30000  0.390878177616E+00
  45.40000  0.396322635371E+00
  45.50000  0.412419414080E+00
  45.60000  0.405895426496E+00
  45.70000  0.409534794500E+00
  45.80000  0.394032230096E+00
  45.90000  0.365319779822E+00
  46.00000  0.361733514884E+00
  46.10000  0.319014325488E+00
  46.20000  0.337865414431E+00
  46.30000  0.306952392754E+00
  46.40000  0.329422493275E+00
  46.50000  0.313438903605E+00
  46.60000  0.314809014003E+00
  46.70000  0.301568971350E+00
  46.80000  0.284748929714E+00
  46.90000  0.267675894947E+00
  47.00000  0.260293160152E+00
  47.10000  0.241631912456E+00
  47.20000  0.262579942128E+00
  47.30000  0.243906757231E+00
  47.40000  0.282223169415E+00
  47.50000  0.262237837752E+00
  47.60000  0.291117380603E+00
  47.70000  0.272900518137E+00
  47.80000  0.280606190921E+00
  47.90000  0.273416256182E+00
  48.00000  0.275708324804E+00
  48.10000  0.282816735080E+00
  48.20000  0.302499629146E+00
  48.30000  0.309746655837E+00
  48.40000  0.348381999918E+00
  48.50000  0.336001649832E+00
  48.60000  0.373868983990E+00
  48.70000  0.344015197289E+00
  48.80000  0.366255550562E+00
  48.90000  0.346621239370E+00
  49.00000  0.357556997660E+00
  49.10000  0.366624484771E+00
  49.20000  0.375996157596E+00
  49.30000  0.394732570179E+00
  49.40000  0.403447595731E+00
  49.50000  0.397936438650E+00
  49.60000  0.404527552897E+00
  49.70000  0.371492173577E+00
  49.80000  0.380026054604E+00
  49.90000  0.350751064792E+00
  50.00000  0.361174166865E+00
  50.10000  0.359211391371E+00
  50.20000  0.359313027045E+00
  50.30000  0.372817585350E+00
  50.40000  0.353368907495E+00
  50.50000  0.356393611122E+00
  50.60000  0.329442510456E+00
  50.70000  0.315829233446E+00
  50.80000  0.304233884294E+00
  50.90000  0.288983159153E+00
  51.00000  0.297488086984E+00
  51.10000  0.293233610265E+00
  51.20000  0.301098606136E+00
  51.30000  0.306177457218E+00
  51.40000  0.292682669817E+00
  51.50000  0.300845479871E+00
  51.60000  0.271096501115E+00
  51.70000  0.281752527543E+00
  51.80000  0.260749075328E+00
  51.90000  0.274865622353E+00
  52.00000  0.277790891160E+00
  52.10000  0.290235932708E+00
  52.20000  0.305093543467E+00
  52.30000  0.309854129174E+00
  52.40000  0.312815362154E+00
  52.50000  0.315670135549E+00
  52.60000  0.299254812867E+00
  52.70000  0.315677245275E+00
  52.80000  0.294519149504E+00
  52.90000  0.328749148507E+00
  53.00000  0.318191204672E+00
  53.10000  0.351612260458E+00
  53.20000  0.350121021025E+00
  53.30000  0.361353964185E+00
  53.40000  0.358158919938E+00
  53.50000  0.352017394719E+00
  53.60000  0.342916804723E+00
  53.70000  0.346609084189E+00
  53.80000  0.333695652658E+00
  53.90000  0.361933141334E+00
  54.00000  0.344175272285E+00
  54.10000  0.380131416532E+00
  54.20000  0.355740133395E+00
  54.30000  0.373398648225E+00
  54.40000  0.349541310312E+00
  54.50000  0.345701513286E+00
  54.60000  0.333947277586E+00
  54.70000  0.328355223834E+00
  54.80000  0.327636842124E+00
  54.90000  0.336421251874E+00
  55.00000  0.330050528152E+00
  55.10000  0.349797197592E+00
  55.20000  0.325577103750E+00
  55.30000  0.343422547689E+00
  55.40000  0.311117804578E+00
  55.50000  0.320902569425E+00
  55.60000  0.302353648486E+00
  55.70000  0.306648558255E+00
  55.80000  0.309969180838E+00
  55.90000  0.312522256120E+00
  56.00000  0.322674619711E+00
  56.10000  0.325728699081E+00
  56.20000  0.322547403417E+00
  56.30000  0.329853240704E+00
  56.40000  0.310840282763E+00
  56.50000  0.326215256796E+00
  56.60000  0.307505993171E+00
  56.70000  0.327650109346E+00
  56.80000  0.324422549673E+00
  56.90000  0.337945140932E+00
  57.00000  0.348843723834E+00
  57.10000  0.347949414023E+00
  57.20000  0.359721343896E+00
  57.30000  0.351725910692E+00
  57.40000  0.354590688913E+00
  57.50000  0.356054797007E+00
  57.60000  0.350991077826E+00
  57.70000  0.368399947771E+00
  57.80000  0.362230108682E+00
  57.90000  0.382777387252E+00
  58.00000  0.381370743573E+00
  58.10000  0.386716043998E+00
  58.20000  0.392898370296E+00
  58.30000  0.379879987587E+00
  58.40000  0.392687108438E+00
  58.50000  0.376187143030E+00
  58.60000  0.389476563084E+00
  58.70000  0.385167749069E+00
  58.80000  0.390518085598E+00
  58.90000  0.398706721841E+00
  59.00000  0.393931546338E+00
  59.10000  0.401528728125E+00
  59.20000  0.395464445276E+00
  59.30000  0.390675935032E+00
  59.40000  0.395679320170E+00
  59.50000  0.378402893894E+00
  59.60000  0.396912464027E+00
  59.70000  0.376608815599E+00
  59.80000  0.397405352582E+00
  59.90000  0.383835351292E+00
  60.00000  0.393390919342E+00
  60.10000  0.389284226759E+00
  60.20000  0.385975159887E+00
  60.30000  0.385951234352E+00
  60.40000  0.381640012787E+00
  60.50000  0.376791825059E+00
  60.60000  0.384559000939E+00
  60.70000  0.369511006301E+00
  60.80000  0.390812716298E+00
  60.90000  0.368420065514E+00
  61.00000  0.392314178531E+00
  61.10000  0.371794153938E+00
  61.20000  0.385899131531E+00
  61.30000  0.375035048411E+00
  61.40000  0.376977747363E+00
  61.50000  0.374916802720E+00
  61.60000  0.373821259468E+00
  61.70000  0.371395806518E+00
  61.80000  0.378873776736E+00
  61.90000  0.366717726652E+00
  62.00000  0.386152071344E+00
  62.10000  0.363386568290E+00
  62.20000  0.387230472448E+00
  62.30000  0.362616835154E+00
  62.40000  0.379716887583E+00
  62.50000  0.363893727370E+00
  62.60000  0.369633675205E+00
  62.70000  0.365250836325E+00
  62.80000  0.365117667249E+00
  62.90000  0.364000307585E+00
  63.00000  0.367889718670E+00
  63.10000  0.358380227590E+00
  63.20000  0.371648313922E+00
  63.30000  0.349725309777E+00
  63.40000  0.369119580332E+00
  63.50000  0.342591359725E+00
  63.60000  0.359705253174E+00
  63.70000  0.340871860184E+00
  63.80000  0.349202272671E+00
  63.90000  0.342902649859E+00
  64.00000  0.342772365290E+00
  64.10000  0.341845347608E+00
  64.20000  0.340030423165E+00
  64.30000  0.332744805778E+00
  64.40000  0.337251129943E+00
  64.50000  0.318813664530E+00
  64.60000  0.332247420186E+00
  64.70000  0.308694644940E+00
  64.80000  0.325382911386E+00
  64.90000  0.306853619365E+00
  65.00000  0.317138010124E+00
  65.10000  0.308387504630E+00
  65.20000  0.307456190532E+00
  65.30000  0.304762089432E+00
  65.40000  0.297850985270E+00
  65.50000  0.293566238488E+00
  65.60000  0.291512548275E+00
  65.70000  0.280556560906E+00
  65.80000  0.289293365823E+00
  65.90000  0.272279543221E+00
  66.00000  0.286906992262E+00
  66.10000  0.269042919942E+00
  66.20000  0.278822422281E+00
  66.30000  0.266251398306E+00
  66.40000  0.265271395398E+00
  66.50000  0.260694095018E+00
  66.60000  0.253109055150E+00
  66.70000  0.253129247915E+00
  66.80000  0.248244946754E+00
  66.90000  0.245299981541E+00
  67.00000  0.248557384680E+00
  67.10000  0.237305196487E+00
  67.20000  0.246284830329E+00
  67.30000  0.229127156612E+00
  67.40000  0.237063157491E+00
  67.50000  0.222628415711E+00
  67.60000  0.224501118044E+00
  67.70000  0.219513661597E+00
  67.80000  0.215221499750E+00
  67.90000  0.217756053084E+00
  68.00000  0.211279636424E+00
  68.10000  0.212638954897E+00
  68.20000  0.209127546055E+00
  68.30000  0.202472478699E+00
  68.40000  0.204959041009E+00
  68.50000  0.191632647714E+00
  68.60000  0.198650967903E+00
  68.70000  0.186065130579E+00
  68.80000  0.192072942691E+00
  68.90000  0.186244588890E+00
  69.00000  0.185794233660E+00
  69.10000  0.186441888477E+00
  69.20000  0.179327775248E+00
  69.30000  0.181392900868E+00
  69.40000  0.173593649460E+00
  69.50000  0.172155408776E+00
  69.60000  0.170644442487E+00
  69.70000  0.164246088686E+00
  69.80000  0.170287970457E+00
  69.90000  0.161013964396E+00
  70.00000  0.168846801383E+00
  70.10000  0.160591952649E+00
  70.20000  0.163042205310E+00
  70.30000  0.159293865933E+00
  70.40000  0.154559640823E+00
  70.50000  0.156074641160E+00
  70.60000  0.148903101999E+00
  70.70000  0.152461659058E+00
  70.80000  0.149152476862E+00
  70.90000  0.149347700916E+00
  71.00000  0.152157787882E+00
  71.10000  0.145965033064E+00
  71.20000  0.152072678605E+00
  71.30000  0.142236048091E+00
  71.40000  0.147023147501E+00
  71.50000  0.140174019886E+00
  71.60000  0.140858279523E+00
  71.70000  0.141358499954E+00
  71.80000  0.138231981289E+00
  71.90000  0.143774862140E+00
  72.00000  0.139436597940E+00
  72.10000  0.143167990376E+00
  72.20000  0.141066445251E+00
  72.30000  0.138197912860E+00
  72.40000  0.140754414194E+00
  72.50000  0.132876719958E+00
  72.60000  0.139457197188E+00
  72.70000  0.132435760764E+00
  72.80000  0.138916926302E+00
  72.90000  0.137132286477E+00
  73.00000  0.138719537195E+00
  73.10000  0.141661102435E+00
  73.20000  0.137402922980E+00
  73.30000  0.141192210442E+00
  73.40000  0.135687372288E+00
  73.50000  0.136804926598E+00
  73.60000  0.136437202155E+00
  73.70000  0.133820352459E+00
  73.80000  0.140598510859E+00
  73.90000  0.135386419975E+00
  74.00000  0.144707250406E+00
  74.10000  0.139325628764E+00
  74.20000  0.144315796157E+00
  74.30000  0.141644567573E+00
  74.40000  0.139756505735E+00
  74.50000  0.141539609420E+00
  74.60000  0.136654897748E+00
  74.70000  0.141421260287E+00
  74.80000  0.139656933753E+00
  74.90000  0.142698994981E+00
  75.00000  0.146695934816E+00
  75.10000  0.143740899869E+00
  75.20000  0.151089617160E+00
  75.30000  0.142892924488E+00
  75.40000  0.149234691294E+00
  75.50000  0.141862506777E+00
  75.60000  0.144597532730E+00
  75.70000  0.143953506341E+00
  75.80000  0.143264871809E+00
  75.90000  0.149023514651E+00
  76.00000  0.146794879800E+00
  76.10000  0.152375767548E+00
  76.20000  0.151124768609E+00
  76.30000  0.150128044661E+00
  76.40000  0.152222574569E+00
  76.50000  0.144630252686E+00
  76.60000  0.150753962519E+00
  76.70000  0.142484700913E+00
  76.80000  0.150074953740E+00
  76.90000  0.146835018669E+00
  77.00000  0.151089551937E+00
  77.10000  0.153298888228E+00
  77.20000  0.151348633179E+00
  77.30000  0.154866420900E+00
  77.40000  0.149347635747E+00
  77.50000  0.150003340513E+00
  77.60000  0.147471208391E+00
  77.70000  0.144161891217E+00
  77.80000  0.148912062758E+00
  77.90000  0.143107026829E+00
  78.00000  0.152585526200E+00
  78.10000  0.146446871377E+00
  78.20000  0.153454934096E+00
  78.30000  0.148980453824E+00
  78.40000  0.148703850176E+00
  78.50000  0.147403000289E+00
  78.60000  0.141968463255E+00
  78.70000  0.143660262344E+00
  78.80000  0.139643341381E+00
  78.90000  0.141368735630E+00
  79.00000  0.143277999127E+00
  79.10000  0.140843026477E+00
  79.20000  0.147423834729E+00
  79.30000  0.139402629813E+00
  79.40000  0.145821050236E+00
  79.50000  0.135923294573E+00
  79.60000  0.138549683941E+00
  79.70000  0.132835226899E+00
  79.80000  0.131635833819E+00
  79.90000  0.132599068709E+00
  80.00000  0.129905555827E+00
  80.10000  0.133605707570E+00
  80.20000  0.131847423263E+00
  80.30000  0.131538646737E+00
  80.40000  0.132207926533E+00
  80.50000  0.124924778312E+00
  80.60000  0.128397766031E+00
  80.70000  0.117660582343E+00
  80.80000  0.122758722902E+00
  80.90000  0.114801175982E+00
  81.00000  0.118713266440E+00
  81.10000  0.116494750417E+00
  81.20000  0.116470390587E+00
  81.30000  0.117551513514E+00
  81.40000  0.113661508149E+00
  81.50000  0.113326291845E+00
  81.60000  0.109271315002E+00
  81.70000  0.104921740161E+00
  81.80000  0.105119070641E+00
  81.90000  0.976798066090E-01
  82.00000  0.102980843556E+00
  82.10000  0.950674325647E-01
  82.20000  0.101584173501E+00
  82.30000  0.952356490680E-01
  82.40000  0.978658429701E-01
  82.50000  0.937969689922E-01
  82.60000  0.910527130667E-01
  82.70000  0.888978560098E-01
  82.80000  0.841777821133E-01
  82.90000  0.826034339424E-01
  83.00000  0.807816493883E-01
  83.10000  0.777294195930E-01
  83.20000  0.806851614901E-01
  83.30000  0.746093654288E-01
  83.40000  0.800080582950E-01
  83.50000  0.715314653475E-01
  83.60000  0.754875909102E-01
  83.70000  0.675169167235E-01
  83.80000  0.680423730333E-01
  83.90000  0.634884902538E-01
  84.00000  0.615745628196E-01
  84.10000  0.605618780329E-01
  84.20000  0.586463710309E-01
  84.30000  0.581377327366E-01
  84.40000  0.580252800429E-01
  84.50000  0.545287063399E-01
  84.60000  0.565132423190E-01
  84.70000  0.493006117498E-01
  84.80000  0.525030727677E-01
  84.90000  0.441759374255E-01
  85.00000  0.472225559888E-01
  85.10000  0.411832898057E-01
  85.20000  0.428100180957E-01
  85.30000  0.402468992076E-01
  85.40000  0.399444433224E-01
  85.50000  0.391438141292E-01
  85.60000  0.376616710842E-01
  85.70000  0.359099093485E-01
  85.80000  0.349865158404E-01
  85.90000  0.309237161657E-01
  86.00000  0.320507528881E-01
  86.10000  0.263892587147E-01
  86.20000  0.295076346894E-01
  86.30000  0.239672952977E-01
  86.40000  0.273763695028E-01
  86.50000  0.232256100173E-01
  86.60000  0.249667401166E-01
  86.70000  0.223883242082E-01
  86.80000  0.219045496480E-01
  86.90000  0.202622416791E-01
  87.00000  0.188134364201E-01
  87.10000  0.172099787903E-01
  87.20000  0.167103319480E-01
  87.30000  0.144225642752E-01
  87.40000  0.158305858880E-01
  87.50000  0.126099944588E-01
  87.60000  0.152930711592E-01
  87.70000  0.115309329943E-01
  87.80000  0.139948830161E-01
  87.90000  0.105668568303E-01
  88.00000  0.117233243732E-01
  88.10000  0.944426540923E-02
  88.20000  0.930855502922E-02
  88.30000  0.833314750424E-02
  88.40000  0.775225998792E-02
  88.50000  0.743645575660E-02
  88.60000  0.730419847195E-02
  88.70000  0.669072322053E-02
  88.80000  0.736125893466E-02
  88.90000  0.589532276999E-02
  89.00000  0.713156536065E-02
  89.10000  0.502409751055E-02
  89.20000  0.631796187569E-02
  89.30000  0.431718335337E-02
  89.40000  0.523032026524E-02
  89.50000  0.405800014273E-02
  89.60000  0.438021677201E-02
  89.70000  0.428020242858E-02
  89.80000  0.403158123758E-02
  89.90000  0.468958794447E-02
  90.00000  0.407786520093E-02
  90.10000  0.487193868738E-02
  90.20000  0.424334807139E-02
  90.30000  0.462341906279E-02
  90.40000  0.435264370286E-02
  90.50000  0.414505439746E-02
  90.60000  0.443051384595E-02
  90.70000  0.392422456092E-02
  90.80000  0.458683760335E-02
  90.90000  0.435130490271E-02
  91.00000  0.483587838646E-02
  91.10000  0.536325518960E-02
  91.20000  0.505545820283E-02
  91.30000  0.644900448626E-02
  91.40000  0.515262468369E-02
  91.50000  0.706922594671E-02
  91.60000  0.526231598892E-02
  91.70000  0.713444940157E-02
  91.80000  0.570747442773E-02
  91.90000  0.707541229276E-02
  92.00000  0.666724523120E-02
  92.10000  0.741881085545E-02
  92.20000  0.786980160349E-02
  92.30000  0.829679508713E-02
  92.40000  0.871625724440E-02
  92.50000  0.939198560235E-02
  92.60000  0.883653874127E-02
  92.70000  0.103317233334E-01
  92.80000  0.854508334393E-02
  92.90000  0.110457298913E-01
  93.00000  0.864475815262E-02
  93.10000  0.116901315437E-01
  93.20000  0.966930737664E-02
  93.30000  0.123124684324E-01
  93.40000  0.113105257737E-01
  93.50000  0.127624011473E-01
  93.60000  0.126664269369E-01
  93.70000  0.129990424169E-01
  93.80000  0.131027204810E-01
  93.90000  0.133514661588E-01
  94.00000  0.128476651116E-01
  94.10000  0.142617860496E-01
  94.20000  0.127143341805E-01
  94.30000  0.156992595942E-01
  94.40000  0.132806434870E-01
  94.50000  0.169732961562E-01
  94.60000  0.144063470820E-01
  94.70000  0.173311324220E-01
  94.80000  0.155269392288E-01
  94.90000  0.167981777084E-01
  95.00000  0.162837729735E-01
  95.10000  0.163043139636E-01
  95.20000  0.167576184693E-01
  95.30000  0.168316632477E-01
  95.40000  0.171539248331E-01
  95.50000  0.184141176450E-01
  95.60000  0.174719037638E-01
  95.70000  0.200597224978E-01
  95.80000  0.176251823340E-01
  95.90000  0.207146196469E-01
  96.00000  0.177938429673E-01
  96.10000  0.202716689142E-01
  96.20000  0.184070966207E-01
  96.30000  0.195945332595E-01
  96.40000  0.196258070016E-01
  96.50000  0.196054873331E-01
  96.60000  0.209404557990E-01
  96.70000  0.204492083419E-01
  96.80000  0.215171112659E-01
  96.90000  0.215453769746E-01
  97.00000  0.210690645008E-01
  97.10000  0.222990193245E-01
  97.20000  0.202997903985E-01
  97.30000  0.225972360376E-01
  97.40000  0.203136291728E-01
  97.50000  0.226516358101E-01
  97.60000  0.215228696942E-01
  97.70000  0.225955365093E-01
  97.80000  0.232023156652E-01
  97.90000  0.224344820677E-01
  98.00000  0.241893686761E-01
  98.10000  0.223282953524E-01
  98.20000  0.240031666975E-01
  98.30000  0.226532867537E-01
  98.40000  0.232343453034E-01
  98.50000  0.235905791606E-01
  98.60000  0.228825509441E-01
  98.70000  0.247178359403E-01
  98.80000  0.234205301316E-01
  98.90000  0.252398447696E-01
  99.00000  0.245267400046E-01
  99.10000  0.247768151622E-01
  99.20000  0.255865772247E-01
  99.30000  0.238776147007E-01
  99.40000  0.262697283149E-01
  99.50000  0.236043357860E-01
  99.60000  0.266071997311E-01
  99.70000  0.245259347314E-01
  99.80000  0.267157059734E-01
  99.90000  0.261478938393E-01
 100.00000  0.266811222963E-01
 100.10000  0.273806085454E-01
 100.20000  0.267243564333E-01
 100.30000  0.275625995908E-01
 100.40000  0.272508729680E-01
 100.50000  0.270051056955E-01
 100.60000  0.284942390378E-01
 100.70000  0.265857149369E-01
 100.80000  0.300911812924E-01
 100.90000  0.269142706570E-01
 101.00000  0.312066620116E-01
 101.10000  0.279240208075E-01
 101.20000  0.312781440107E-01
 101.30000  0.291438333616E-01
 101.40000  0.306582523986E-01
 101.50000  0.301753371465E-01
 101.60000  0.303993164410E-01
 101.70000  0.308576123495E-01
 101.80000  0.312960840068E-01
 101.90000  0.311481228887E-01
 102.00000  0.331321885659E-01
 102.10000  0.310922051282E-01
 102.20000  0.348980434398E-01
 102.30000  0.309783374467E-01
 102.40000  0.357377838715E-01
 102.50000  0.313428557951E-01
 102.60000  0.356609957726E-01
 102.70000  0.325717761812E-01
 102.80000  0.353844398810E-01
 102.90000  0.344103148392E-01
 103.00000  0.356083542407E-01
 103.10000  0.359921825443E-01
 103.20000  0.365143289063E-01
 103.30000  0.365456862123E-01
 103.40000  0.378561235178E-01
 103.50000  0.361575703230E-01
 103.60000  0.393137029940E-01
 103.70000  0.357882967165E-01
 103.80000  0.406344056714E-01
 103.90000  0.364385894696E-01
 104.00000  0.415513675617E-01
 104.10000  0.382496171132E-01
 104.20000  0.418397178718E-01
 104.30000  0.404113414299E-01
 104.40000  0.416263727233E-01
 104.50000  0.419335360932E-01
 104.60000  0.415551765947E-01
 104.70000  0.424820679247E-01
 104.80000  0.423876680460E-01
 104.90000  0.425012652397E-01
 105.00000  0.442543706395E-01
 105.10000  0.426514840189E-01
 105.20000  0.463324452483E-01
 105.30000  0.432535898156E-01
 105.40000  0.474416789351E-01
 105.50000  0.442539444877E-01
 105.60000  0.471053089810E-01
 105.70000  0.455243439965E-01
 105.80000  0.460425057759E-01
 105.90000  0.469784052720E-01
 106.00000  0.455556981452E-01
 106.10000  0.483778912093E-01
 106.20000  0.463782785089E-01
 106.30000  0.492432478980E-01
 106.40000  0.480880341587E-01
 106.50000  0.492175759082E-01
 106.60000  0.495976592623E-01
 106.70000  0.485972092569E-01
 106.80000  0.501572219404E-01
 106.90000  0.483443097160E-01
 107.00000  0.498786780596E-01
 107.10000  0.493329609073E-01
 107.20000  0.493976886884E-01
 107.30000  0.514563921231E-01
 107.40000  0.491923519022E-01
 107.50000  0.535390654953E-01
 107.60000  0.493064188684E-01
 107.70000  0.542875913518E-01
 107.80000  0.496233053300E-01
 107.90000  0.534474893517E-01
 108.00000  0.501755515412E-01
 108.10000  0.520471858976E-01
 108.20000  0.510219470325E-01
 108.30000  0.514700263131E-01
 108.40000  0.518752915465E-01
 108.50000  0.522426767017E-01
 108.60000  0.520851671531E-01
 108.70000  0.536779001445E-01
 108.80000  0.512077917777E-01
 108.90000  0.546210908321E-01
 109.00000  0.496263365720E-01
 109.10000  0.544778960212E-01
 109.20000  0.484516165820E-01
 109.30000  0.535422721700E-01
 109.40000  0.486093879913E-01
 109.50000  0.524724466268E-01
 109.60000  0.499292574910E-01
 109.70000  0.516192081820E-01
 109.80000  0.511746964824E-01
 109.90000  0.509094867585E-01
 110.00000  0.510802127356E-01
 110.10000  0.502453369400E-01
 110.20000  0.494581778587E-01
 110.30000  0.497926226199E-01
 110.40000  0.473425203039E-01
 110.50000  0.497445485137E-01
 110.60000  0.460565980168E-01
 110.70000  0.498580635929E-01
 110.80000  0.460989763154E-01
 110.90000  0.494215531688E-01
 111.00000  0.468472022254E-01
 111.10000  0.478682172775E-01
 111.20000  0.472412330006E-01
 111.30000  0.454647825662E-01
 111.40000  0.467052783706E-01
 111.50000  0.432796097600E-01
 111.60000  0.454604805046E-01
 111.70000  0.423078606318E-01
 111.80000  0.440781542659E-01
 111.90000  0.425379903471E-01
 112.00000  0.428627877775E-01
 112.10000  0.428885610219E-01
 112.20000  0.417124785832E-01
 112.30000  0.421218718305E-01
 112.40000  0.404921235044E-01
 112.50000  0.398950920205E-01
 112.60000  0.393672688135E-01
 112.70000  0.370019562453E-01
 112.80000  0.386339097090E-01
 112.90000  0.346462405586E-01
 113.00000  0.382330054725E-01
 113.10000  0.334541762802E-01
 113.20000  0.375831594836E-01
 113.30000  0.330839211949E-01
 113.40000  0.360458101042E-01
 113.50000  0.326775807197E-01
 113.60000  0.336007387858E-01
 113.70000  0.316453283881E-01
 113.80000  0.310109729786E-01
 113.90000  0.300504697207E-01
 114.00000  0.292411646732E-01
 114.10000  0.283366889026E-01
 114.20000  0.286300440345E-01
 114.30000  0.268033615012E-01
 114.40000  0.285653572003E-01
 114.50000  0.254045126288E-01
 114.60000  0.279729313934E-01
 114.70000  0.239913129781E-01
 114.80000  0.262107650980E-01
 114.90000  0.226147880240E-01
 115.00000  0.235769668765E-01
 115.10000  0.215085516907E-01
 115.20000  0.209874471749E-01
 115.30000  0.207797738660E-01
 115.40000  0.191711822890E-01
 115.50000  0.201650562846E-01
 115.60000  0.181492831004E-01
 115.70000  0.191618286099E-01
 115.80000  0.173897126514E-01
 115.90000  0.174780138402E-01
 116.00000  0.163576608002E-01
 116.10000  0.153747934366E-01
 116.20000  0.149192386832E-01
 116.30000  0.135156823499E-01
 116.40000  0.133131416675E-01
 116.50000  0.124206674723E-01
 116.60000  0.118236596819E-01
 116.70000  0.120355205455E-01
 116.80000  0.105206262841E-01
 116.90000  0.117945732490E-01
 117.00000  0.930449003140E-02
 117.10000  0.110858113853E-01
 117.20000  0.813017103797E-02
 117.30000  0.972062662112E-02
 117.40000  0.710341610494E-02
 117.50000  0.803753902281E-02
 117.60000  0.635371138984E-02
 117.70000  0.656993013720E-02
 117.80000  0.585877383766E-02
 117.90000  0.560220552653E-02
 118.00000  0.541191151170E-02
 118.10000  0.502189989681E-02
 118.20000  0.477230740589E-02
 118.30000  0.452408961022E-02
118.40000  0.387471091352E-02
 118.50000  0.389925473866E-02
 118.60000  0.289745014039E-02
 118.70000  0.315583112603E-02
 118.80000  0.211368489317E-02
 118.90000  0.243055624454E-02
 119.00000  0.167630470846E-02
 119.10000  0.182386665711E-02
 119.20000  0.153189249861E-02
 119.30000  0.133903813778E-02
 119.40000  0.149917064354E-02
 119.50000  0.945657989993E-03
 119.60000  0.141244271823E-02
 119.70000  0.639918590168E-03
 119.80000  0.121896743243E-02
 119.90000  0.436343245104E-03
 120.00000  0.971406041851E-03
 120.10000  0.341929001062E-03
 120.20000  0.750959771534E-03
 120.30000  0.359747329933E-03
 120.40000  0.613265686166E-03
 120.50000  0.508798649574E-03
 120.60000  0.585529261142E-03
 120.70000  0.812745673851E-03
 120.80000  0.676698414130E-03
 120.90000  0.124779064994E-02
 121.00000  0.877536547063E-03
 121.10000  0.171036683265E-02
 121.20000  0.116401181847E-02
 121.30000  0.206246592741E-02
 121.40000  0.151940806201E-02
 121.50000  0.225597447148E-02
 121.60000  0.195571355381E-02
 121.70000  0.243106063432E-02
 121.80000  0.250954922319E-02
 121.90000  0.284075792851E-02
 122.00000  0.319989550525E-02
 122.10000  0.364500834986E-02
 122.20000  0.396245623487E-02
 122.30000  0.476199584901E-02
 122.40000  0.466004975836E-02
 122.50000  0.590014469309E-02
 122.60000  0.521716600212E-02
 122.70000  0.678051114377E-02
 122.80000  0.574815225326E-02
 122.90000  0.735809503765E-02
 123.00000  0.654001102639E-02
 123.10000  0.781647724249E-02
 123.20000  0.784451304370E-02
 123.30000  0.839346211829E-02
 123.40000  0.959631229606E-02
 123.50000  0.920332969738E-02
 123.60000  0.113791371996E-01
 123.70000  0.101764675687E-01
 123.80000  0.127206598572E-01
 123.90000  0.112103810529E-01
 124.00000  0.134432016753E-01
 124.10000  0.123317733140E-01
 124.20000  0.138522486004E-01
 124.30000  0.136377647540E-01
 124.40000  0.145481845517E-01
 124.50000  0.151451834068E-01
 124.60000  0.159385059401E-01
 124.70000  0.166797219344E-01
 124.80000  0.179409524865E-01
 124.90000  0.179371251529E-01
 125.00000  0.200635961950E-01
 125.10000  0.187766041162E-01
 125.20000  0.217851242508E-01
 125.30000  0.194267996143E-01
 125.40000  0.229462316003E-01
 125.50000  0.204091703761E-01
 125.60000  0.237491927569E-01
 125.70000  0.221798449907E-01
 125.80000  0.245176662110E-01
 125.90000  0.246760374711E-01
 126.00000  0.254405187505E-01
 126.10000  0.273016946821E-01
 126.20000  0.264628258407E-01
 126.30000  0.293346320923E-01
 126.40000  0.275282158142E-01
 126.50000  0.304063837571E-01
 126.60000  0.287364566718E-01
 126.70000  0.308383154403E-01
 126.80000  0.302290880655E-01
 126.90000  0.313828864224E-01
 127.00000  0.320234296974E-01
 127.10000  0.326437917423E-01
 127.20000  0.338311700961E-01
 127.30000  0.347043289636E-01
 127.40000  0.352038872262E-01
 127.50000  0.371012630687E-01
 127.60000  0.359067017255E-01
 127.70000  0.392463245678E-01
 127.80000  0.361796567475E-01
 127.90000  0.408034186298E-01
 128.00000  0.367000157308E-01
 128.10000  0.418156555276E-01
 128.20000  0.380741056686E-01
 128.30000  0.425412547004E-01
 128.40000  0.404089065371E-01
 128.50000  0.431176244360E-01
 128.60000  0.431736168685E-01
 128.70000  0.436094379019E-01
 128.80000  0.454826807011E-01
 128.90000  0.440893477900E-01
 129.00000  0.467905079574E-01
 129.10000  0.447302851861E-01
 129.20000  0.471669953192E-01
 129.30000  0.457975651473E-01
 129.40000  0.472276176037E-01
 129.50000  0.473034594712E-01
 129.60000  0.477024651333E-01
 129.70000  0.489269979712E-01
 129.80000  0.489148587509E-01
 129.90000  0.501299894538E-01
 130.00000  0.507118351977E-01
 130.10000  0.505349687508E-01
 130.20000  0.526307836386E-01
 130.30000  0.502557508203E-01
 130.40000  0.542718727979E-01
 130.50000  0.498871625755E-01
 130.60000  0.554128121062E-01
 130.70000  0.501750858813E-01
 130.80000  0.560336604294E-01
 130.90000  0.514512754479E-01
 131.00000  0.561741129906E-01
 131.10000  0.534929044287E-01
 131.20000  0.558798358842E-01
 131.30000  0.555756622326E-01
 131.40000  0.553803153557E-01
 131.50000  0.569907082297E-01
 131.60000  0.549777227315E-01
 131.70000  0.574713347208E-01
 131.80000  0.550535833635E-01
 131.90000  0.572182488332E-01
 132.00000  0.557374118210E-01
 132.10000  0.568018168486E-01
 132.20000  0.567791553611E-01
 132.30000  0.566993927680E-01
 132.40000  0.576650434874E-01
 132.50000  0.571520018145E-01
 132.60000  0.578853767548E-01
 132.70000  0.580832382764E-01
 132.80000  0.573080522840E-01
 132.90000  0.592434911526E-01
 133.00000  0.562555830771E-01
 133.10000  0.602923536527E-01
 133.20000  0.553541085194E-01
 133.30000  0.609248050309E-01
 133.40000  0.551180478699E-01
 133.50000  0.608805944936E-01
 133.60000  0.557304520344E-01
 133.70000  0.600805868174E-01
 133.80000  0.568681317882E-01
 133.90000  0.587113924037E-01
 134.00000  0.580277285625E-01
 134.10000  0.571651593415E-01
 134.20000  0.586906608710E-01
 134.30000  0.559727969942E-01
 134.40000  0.586402405740E-01
 134.50000  0.554174804361E-01
 134.60000  0.579582709970E-01
 134.70000  0.555051064860E-01
 134.80000  0.569413018775E-01
 134.90000  0.558434029937E-01
 135.00000  0.559943267965E-01
 135.10000  0.559629576074E-01
 135.20000  0.554270027148E-01
 135.30000  0.555014135967E-01
 135.40000  0.554014197754E-01
 135.50000  0.544323768697E-01
 135.60000  0.558000629628E-01
 135.70000  0.530138175170E-01
 135.80000  0.562706532880E-01
 135.90000  0.516734233474E-01
 136.00000  0.563316000290E-01
 136.10000  0.507529955804E-01
 136.20000  0.556080535944E-01
 136.30000  0.504343422323E-01
 136.40000  0.540203580057E-01
 136.50000  0.506085321746E-01
 136.60000  0.518749317140E-01
 136.70000  0.510275964612E-01
 136.80000  0.496711501914E-01
 136.90000  0.512937557079E-01
 137.00000  0.479192214310E-01
 137.10000  0.510958424963E-01
 137.20000  0.468228957866E-01
 137.30000  0.502389246359E-01
 137.40000  0.463266945253E-01
 137.50000  0.488214561981E-01
 137.60000  0.460963392260E-01
 137.70000  0.471644914193E-01
 137.80000  0.458099056364E-01
 137.90000  0.457242730026E-01
 138.00000  0.451925127082E-01
 138.10000  0.448256711949E-01
 138.20000  0.441738602799E-01
 138.30000  0.444877761868E-01
 138.40000  0.428021038000E-01
 138.50000  0.443643823609E-01
 138.60000  0.412653596280E-01
 138.70000  0.439534938763E-01
 138.80000  0.398110313241E-01
 138.90000  0.428527985959E-01
 139.00000  0.386980344291E-01
 139.10000  0.410252689838E-01
 139.20000  0.381026472920E-01
 139.30000  0.387452628916E-01
 139.40000  0.379885730195E-01
 139.50000  0.364853361552E-01
 139.60000  0.381018856445E-01
 139.70000  0.345991240288E-01
 139.80000  0.379960742714E-01
 139.90000  0.332682963808E-01
 140.00000  0.373005079650E-01
 140.10000  0.324162158206E-01
 140.20000  0.358600353326E-01
 140.30000  0.318929687102E-01
 140.40000  0.339228236792E-01
 140.50000  0.314862687033E-01
 140.60000  0.319355180646E-01
 140.70000  0.310386136298E-01
 140.80000  0.303692290051E-01
 140.90000  0.303837829770E-01
 141.00000  0.293624581344E-01
 141.10000  0.294096712604E-01
 141.20000  0.287363918249E-01
 141.30000  0.280821501706E-01
 141.40000  0.280775470723E-01
 141.50000  0.265289997808E-01
 141.60000  0.270673776334E-01
 141.70000  0.250363490268E-01
 141.80000  0.256230363505E-01
 141.90000  0.239261269636E-01
 142.00000  0.239145012543E-01
 142.10000  0.233824049708E-01
 142.20000  0.222171497841E-01
 142.30000  0.232957929205E-01
 142.40000  0.207321082336E-01
 142.50000  0.232784989919E-01
 142.60000  0.195508672755E-01
 142.70000  0.228673662448E-01
 142.80000  0.186411295968E-01
 142.90000  0.217585742961E-01
 143.00000  0.179681762785E-01
 143.10000  0.200375415268E-01
 143.20000  0.174909121787E-01
 143.30000  0.180581364753E-01
 143.40000  0.171624793699E-01
 143.50000  0.162971373833E-01
 143.60000  0.168722877583E-01
 143.70000  0.150003254655E-01
 143.80000  0.164214756101E-01
 143.90000  0.141645065794E-01
 144.00000  0.156516729688E-01
 144.10000  0.135567260207E-01
 144.20000  0.145001219971E-01
 144.30000  0.129475691128E-01
 144.40000  0.131500363930E-01
 144.50000  0.122242692000E-01
 144.60000  0.118917171400E-01
 144.70000  0.114002370745E-01
 144.80000  0.110230780474E-01
 144.90000  0.105654409298E-01
 145.00000  0.106157805104E-01
 145.10000  0.976675242354E-02
 145.20000  0.104764616057E-01
 145.30000  0.901488733156E-02
 145.40000  0.102459742112E-01
 145.50000  0.828835952403E-02
 145.60000  0.962548155324E-02
 145.70000  0.760994386911E-02
 145.80000  0.855961978980E-02
 145.90000  0.705412155961E-02
 146.00000  0.725498829476E-02
 146.10000  0.669975535742E-02
 146.20000  0.601387801700E-02
 146.30000  0.653548906361E-02
 146.40000  0.506400106399E-02
 146.50000  0.643922790795E-02
 146.60000  0.445566267958E-02
 146.70000  0.619818093609E-02
 146.80000  0.409649700737E-02
 146.90000  0.566831780307E-02
 147.00000  0.386478026903E-02
 147.10000  0.485200952426E-02
 147.20000  0.365442927240E-02
 147.30000  0.392694631360E-02
 147.40000  0.343871671149E-02
 147.50000  0.315106639692E-02
 147.60000  0.321018669554E-02
 147.70000  0.267427365688E-02
 147.80000  0.296113743768E-02
 147.90000  0.247785122330E-02
 148.00000  0.266834784853E-02
 148.10000  0.237920881503E-02
 148.20000  0.229774551757E-02
 148.30000  0.219298384091E-02
 148.40000  0.187875627391E-02
 148.50000  0.185213554939E-02
 148.60000  0.149148118460E-02
 148.70000  0.141614174620E-02
 148.80000  0.123944367289E-02
 148.90000  0.100530211969E-02
 149.00000  0.116919486872E-02
 149.10000  0.702594746465E-03
 149.20000  0.122214646284E-02
 149.30000  0.526368181696E-03
 149.40000  0.126112130376E-02
 149.50000  0.445733174579E-03
 149.60000  0.116069463991E-02
 149.70000  0.420472444400E-03
 149.80000  0.902147965163E-03
 149.90000  0.423069555554E-03
 150.00000  0.588335027652E-03
 150.10000  0.448290103383E-03
 150.20000  0.381160734945E-03
 150.30000  0.499326058914E-03
 150.40000  0.369257230693E-03
 150.50000  0.555448271894E-03
 150.60000  0.510438022898E-03
 150.70000  0.582326479994E-03
 150.80000  0.677691426281E-03
 150.90000  0.555836899947E-03
 151.00000  0.759506662068E-03
 151.10000  0.505830562333E-03
 151.20000  0.736705288349E-03
 151.30000  0.524750809155E-03
 151.40000  0.666104002593E-03
 151.50000  0.706864057879E-03
 151.60000  0.623224046476E-03
 151.70000  0.107555262014E-02
 151.80000  0.651970270281E-03
 151.90000  0.153505918274E-02
 152.00000  0.759442183381E-03
 152.10000  0.192122112305E-02
 152.20000  0.938068083426E-03
 152.30000  0.209747152364E-02
 152.40000  0.117920989707E-02
 152.50000  0.205547952360E-02
 152.60000  0.149895889095E-02
 152.70000  0.194195930588E-02
 152.80000  0.192191868113E-02
 152.90000  0.194091749945E-02
 153.00000  0.243291634171E-02
 153.10000  0.215642658220E-02
 153.20000  0.296317244080E-02
 153.30000  0.255569912831E-02
 153.40000  0.339296810859E-02
 153.50000  0.300274329321E-02
 153.60000  0.362563516181E-02
 153.70000  0.337775703787E-02
 153.80000  0.369037866553E-02
 153.90000  0.364531285974E-02
 154.00000  0.374393839053E-02
 154.10000  0.384945679385E-02
 154.20000  0.399685621952E-02
 154.30000  0.407386246678E-02
 154.40000  0.457666970864E-02
 154.50000  0.437909542421E-02
 154.60000  0.541767088144E-02
 154.70000  0.477479170060E-02
 154.80000  0.628599614003E-02
 154.90000  0.522727259633E-02
 155.00000  0.689656558720E-02
 155.10000  0.569889575562E-02
 155.20000  0.709199348095E-02
 155.30000  0.621993598265E-02
 155.40000  0.694077435927E-02
 155.50000  0.687875968236E-02
 155.60000  0.666254235646E-02
 155.70000  0.773466192239E-02
 155.80000  0.651496744010E-02
 155.90000  0.874894843044E-02
 156.00000  0.668320433575E-02
 156.10000  0.973465978589E-02
 156.20000  0.720217153723E-02
 156.30000  0.104197461589E-01
 156.40000  0.799751863342E-02
 156.50000  0.106320468030E-01
 156.60000  0.896235982774E-02
 156.70000  0.104087037337E-01
 156.80000  0.999387024447E-02
 156.90000  0.998996339760E-02
 157.00000  0.110311426866E-01
 157.10000  0.972527737773E-02
 157.20000  0.120437777956E-01
 157.30000  0.988573270620E-02
 157.40000  0.129600612828E-01
 157.50000  0.105322058766E-01
 157.60000  0.136558304317E-01
 157.70000  0.115245411030E-01
 157.80000  0.140135430618E-01
 157.90000  0.126085967665E-01
 158.00000  0.140122249336E-01
 158.10000  0.135567078358E-01
 158.20000  0.138107478691E-01
 158.30000  0.142778519101E-01
 158.40000  0.136993976182E-01
 158.50000  0.148122368901E-01
 158.60000  0.139387443982E-01
 158.70000  0.152791003344E-01
 158.80000  0.146365350073E-01
 158.90000  0.158136195978E-01
 159.00000  0.156884043040E-01
 159.10000  0.164693270868E-01
 159.20000  0.168006537573E-01
 159.30000  0.171870000313E-01
 159.40000  0.176466754935E-01
 159.50000  0.178842508882E-01
 159.60000  0.180484209611E-01
 159.70000  0.185312371291E-01
 159.80000  0.180461214917E-01
 159.90000  0.191495069557E-01
 160.00000  0.178770529129E-01
 160.10000  0.197821695677E-01
 160.20000  0.178880009632E-01
 160.30000  0.204294429052E-01
 160.40000  0.183710726418E-01
 160.50000  0.209955067907E-01
 160.60000  0.194208865983E-01
 160.70000  0.213379626028E-01
 160.80000  0.209118473197E-01
 160.90000  0.213718526560E-01
 161.00000  0.225627536810E-01
 161.10000  0.211348834266E-01
 161.20000  0.240453531773E-01
 161.30000  0.208110897576E-01
 161.40000  0.251168147133E-01
 161.50000  0.207051648192E-01
 161.60000  0.256896168939E-01
 161.70000  0.211274673897E-01
 161.80000  0.257903509161E-01
 161.90000  0.222340112706E-01
 162.00000  0.254981448152E-01
 162.10000  0.239351066175E-01
 162.20000  0.249373519837E-01
 162.30000  0.259204809742E-01
 162.40000  0.242863575396E-01
 162.50000  0.277689321083E-01
 162.60000  0.237664584486E-01
 162.70000  0.291038226136E-01
 162.80000  0.236200137943E-01
 162.90000  0.297381425368E-01
 163.00000  0.240674020031E-01
 163.10000  0.297246750015E-01
 163.20000  0.252256103528E-01
 163.30000  0.292846870883E-01
 163.40000  0.270193154525E-01
 163.50000  0.286841805128E-01
 163.60000  0.291472712810E-01
 163.70000  0.281396347471E-01
 163.80000  0.311475170062E-01
 163.90000  0.277870422936E-01
 164.00000  0.325593811421E-01
 164.10000  0.277095214177E-01
 164.20000  0.331204836547E-01
 164.30000  0.279841264418E-01
 164.40000  0.328877701882E-01
 164.50000  0.286901397306E-01
 164.60000  0.322004309364E-01
 164.70000  0.298590995314E-01
 164.80000  0.315099262613E-01
 164.90000  0.314053974561E-01
 165.00000  0.311825859044E-01
 165.10000  0.330941561628E-01
 165.20000  0.313699333969E-01
 165.30000  0.345831131281E-01
 165.40000  0.319877792878E-01
 165.50000  0.355416215344E-01
 165.60000  0.327992586600E-01
 165.70000  0.358045192200E-01
 165.80000  0.335572737327E-01
 165.90000  0.354752664899E-01
 166.00000  0.341295067857E-01
 166.10000  0.348985570191E-01
 166.20000  0.345374751621E-01
 166.30000  0.345017571590E-01
 166.40000  0.349001478634E-01
 166.50000  0.345978901092E-01
 166.60000  0.353359365630E-01
 166.70000  0.352600907865E-01
 166.80000  0.358924746915E-01
 166.90000  0.363130518927E-01
 167.00000  0.365397949704E-01
 167.10000  0.374196626087E-01
 167.20000  0.372142901867E-01
 167.30000  0.382197635485E-01
 167.40000  0.378706550506E-01
 167.50000  0.384765081611E-01
 167.60000  0.385011560311E-01
 167.70000  0.381773312764E-01
 167.80000  0.391130420255E-01
 167.90000  0.375426255122E-01
 168.00000  0.396924785892E-01
 168.10000  0.369387660261E-01
 168.20000  0.401923719751E-01
 168.30000  0.367436170339E-01
 168.40000  0.405505559891E-01
 168.50000  0.372239895404E-01
 168.60000  0.407115205373E-01
 168.70000  0.384545507044E-01
 168.80000  0.406328346802E-01
 168.90000  0.402811458324E-01
 169.00000  0.402934284912E-01
 169.10000  0.423361557442E-01
 169.20000  0.397289601022E-01
 169.30000  0.441256092545E-01
 169.40000  0.390811149258E-01
 169.50000  0.451871364739E-01
 169.60000  0.386104632276E-01
 169.70000  0.452653620648E-01
 169.80000  0.386368104306E-01
 169.90000  0.444160111604E-01
 170.00000  0.394234519702E-01
 170.10000  0.429764821414E-01
 170.20000  0.410562402368E-01
 170.30000  0.414187889480E-01
 170.40000  0.433618123764E-01
 170.50000  0.401715616229E-01
 170.60000  0.458934048587E-01
 170.70000  0.395062653322E-01
 170.80000  0.480126464807E-01
 170.90000  0.395256015003E-01
 171.00000  0.490822742951E-01
 171.10000  0.402185514746E-01
 171.20000  0.487213753402E-01
 171.30000  0.415147229861E-01
 171.40000  0.469972987019E-01
 171.50000  0.432973639563E-01
 171.60000  0.444297810039E-01
 171.70000  0.453843759276E-01
 171.80000  0.417954587248E-01
 171.90000  0.475114704787E-01
 172.00000  0.398512833804E-01
 172.10000  0.493396333975E-01
 172.20000  0.391207267070E-01
 172.30000  0.504923804066E-01
 172.40000  0.398002413566E-01
 172.50000  0.506322770243E-01
 172.60000  0.417553077670E-01
 172.70000  0.495843349672E-01
 172.80000  0.445676166850E-01
 172.90000  0.474687102786E-01
 173.00000  0.476318924494E-01
 173.10000  0.447498242339E-01
 173.20000  0.503050420656E-01
 173.30000  0.421310255382E-01
 173.40000  0.520720104733E-01
 173.50000  0.403367379542E-01
 173.60000  0.526651049403E-01
 173.70000  0.399088624733E-01
 173.80000  0.520910261253E-01
 173.90000  0.410951106916E-01
 174.00000  0.505682942549E-01
 174.10000  0.437943471645E-01
 174.20000  0.484261975110E-01
 174.30000  0.475131834845E-01
 174.40000  0.460329294257E-01
 174.50000  0.513949791534E-01
 174.60000  0.437815008763E-01
 174.70000  0.544274812489E-01
 174.80000  0.420921992504E-01
 174.90000  0.558025287069E-01
 175.00000  0.413685176049E-01
 175.10000  0.552284027011E-01
 175.20000  0.419046346805E-01
 175.30000  0.530002059677E-01
 175.40000  0.438012706971E-01
 175.50000  0.498171047808E-01
 175.60000  0.469120942870E-01
 175.70000  0.464952499868E-01
 175.80000  0.507825025129E-01
 175.90000  0.437314951865E-01
 176.00000  0.546007477149E-01
 176.10000  0.419880885747E-01
 176.20000  0.573096355768E-01
 176.30000  0.414934583156E-01
 176.40000  0.579841398659E-01
 176.50000  0.423046164024E-01
 176.60000  0.563037054047E-01
 176.70000  0.443531905205E-01
 176.80000  0.527508106975E-01
 176.90000  0.474334557881E-01
 177.00000  0.483578626303E-01
 177.10000  0.511639246646E-01
 177.20000  0.442304461090E-01
 177.30000  0.549713794300E-01
 177.40000  0.412210172952E-01
 177.50000  0.581044672430E-01
 177.60000  0.398712607881E-01
 177.70000  0.597016238242E-01
 177.80000  0.404531822667E-01
 177.90000  0.590142970857E-01
 178.00000  0.429557577125E-01
 178.10000  0.558116946808E-01
 178.20000  0.470529783183E-01
 178.30000  0.507079918097E-01
 178.40000  0.521361241830E-01
 178.50000  0.450201140790E-01
 178.60000  0.573927943753E-01
 178.70000  0.401361765918E-01
 178.80000  0.618856884238E-01
 178.90000  0.369394278122E-01
 179.00000  0.646499030111E-01
 179.10000  0.358478602486E-01
 179.20000  0.648183632089E-01
 179.30000  0.373576253110E-01
 179.40000  0.616917799868E-01
 179.50000  0.424758329280E-01
 179.60000  0.546149767951E-01
 179.70000  0.531452042934E-01
 179.80000  0.420190514915E-01
 179.90000  0.792903923134E-01
 180.00000  0.981045594883E-02
