 # E =   0.61987560091466010       eV =    5000.0000000000000       1/cm
 #  1801
# DFFCSO.  ACCUM LEV(I),J(I) =  1  0 LEV(F),J(F) =  1  0       , M =  0, WEIGHTED BY  1.00000
   0.10000  0.366240549217E+07
   0.20000  0.160621768766E+07
   0.30000  0.497620477743E+06
   0.40000  0.224371679768E+06
   0.50000  0.128671068008E+06
   0.60000  0.499752981732E+05
   0.70000  0.108297224561E+05
   0.80000  0.764073617994E+04
   0.90000  0.167075129609E+05
   1.00000  0.159756022559E+05
   1.10000  0.715898758186E+04
   1.20000  0.159813685758E+04
   1.30000  0.514867286684E+03
   1.40000  0.840596797566E+03
   1.50000  0.152200781131E+04
   1.60000  0.214295291675E+04
   1.70000  0.227369821770E+04
   1.80000  0.185360822170E+04
   1.90000  0.941034460072E+03
   2.00000  0.246880089550E+03
   2.10000  0.582257748459E+03
   2.20000  0.139582932620E+04
   2.30000  0.162159044816E+04
   2.40000  0.121058742763E+04
   2.50000  0.687611975120E+03
   2.60000  0.602113419572E+03
   2.70000  0.107099203816E+04
   2.80000  0.141780881570E+04
   2.90000  0.117795176366E+04
   3.00000  0.754545706376E+03
   3.10000  0.597962378840E+03
   3.20000  0.843092209920E+03
   3.30000  0.131411253693E+04
   3.40000  0.147694399370E+04
   3.50000  0.110193812032E+04
   3.60000  0.596467268057E+03
   3.70000  0.339175834155E+03
   3.80000  0.412544592005E+03
   3.90000  0.717403405724E+03
   4.00000  0.935134303510E+03
   4.10000  0.840841778583E+03
   4.20000  0.582410200362E+03
   4.30000  0.359486885818E+03
   4.40000  0.241117762234E+03
   4.50000  0.258860989338E+03
   4.60000  0.344336602128E+03
   4.70000  0.378450245822E+03
   4.80000  0.367912140873E+03
   4.90000  0.351157156427E+03
   5.00000  0.309461110425E+03
   5.10000  0.254592132348E+03
   5.20000  0.211255768533E+03
   5.30000  0.169015962206E+03
   5.40000  0.149245100937E+03
   5.50000  0.175942523614E+03
   5.60000  0.215379560853E+03
   5.70000  0.235335593224E+03
   5.80000  0.232423044410E+03
   5.90000  0.196725693660E+03
   6.00000  0.144345457535E+03
   6.10000  0.114484522108E+03
   6.20000  0.112879141612E+03
   6.30000  0.126828119318E+03
   6.40000  0.154305213446E+03
   6.50000  0.176230432611E+03
   6.60000  0.173194014280E+03
   6.70000  0.154254527397E+03
   6.80000  0.129024324189E+03
   6.90000  0.994543042968E+02
   7.00000  0.832892432624E+02
   7.10000  0.891612150861E+02
   7.20000  0.101345559511E+03
   7.30000  0.109493557726E+03
   7.40000  0.112970861213E+03
   7.50000  0.104498983556E+03
   7.60000  0.852664429587E+02
   7.70000  0.664950552893E+02
   7.80000  0.502939886145E+02
   7.90000  0.353023471636E+02
   8.00000  0.286946192991E+02
   8.10000  0.318201749597E+02
   8.20000  0.368714878851E+02
   8.30000  0.396696933349E+02
   8.40000  0.400713653627E+02
   8.50000  0.359743262829E+02
   8.60000  0.283120962737E+02
   8.70000  0.206655963379E+02
   8.80000  0.139538645990E+02
   8.90000  0.767184935996E+01
   9.00000  0.393135453852E+01
   9.10000  0.415363153932E+01
   9.20000  0.683193410728E+01
   9.30000  0.989971525397E+01
   9.40000  0.134562398602E+02
   9.50000  0.173428063931E+02
   9.60000  0.197543761371E+02
   9.70000  0.194278225958E+02
   9.80000  0.171993674856E+02
   9.90000  0.134947846871E+02
  10.00000  0.919082504006E+01
  10.10000  0.688296251205E+01
  10.20000  0.775489550825E+01
  10.30000  0.102303035986E+02
  10.40000  0.143819152881E+02
  10.50000  0.205619594564E+02
  10.60000  0.256957214847E+02
  10.70000  0.269428398234E+02
  10.80000  0.251970121079E+02
  10.90000  0.212189884105E+02
  11.00000  0.159139175156E+02
  11.10000  0.126727692671E+02
  11.20000  0.132550591708E+02
  11.30000  0.158577821100E+02
  11.40000  0.202968881703E+02
  11.50000  0.268276280129E+02
  11.60000  0.320603397643E+02
  11.70000  0.329495234100E+02
  11.80000  0.303034492547E+02
  11.90000  0.250272180425E+02
  12.00000  0.181685773885E+02
  12.10000  0.129834548394E+02
  12.20000  0.113178867840E+02
  12.30000  0.119364597245E+02
  12.40000  0.146590605967E+02
  12.50000  0.196906091084E+02
  12.60000  0.244523188227E+02
  12.70000  0.262751997645E+02
  12.80000  0.252429010608E+02
  12.90000  0.218960460765E+02
  13.00000  0.166570422159E+02
  13.10000  0.112026611962E+02
  13.20000  0.703223294259E+01
  13.30000  0.418045145328E+01
  13.40000  0.292997283604E+01
  13.50000  0.389191757967E+01
  13.60000  0.629070968993E+01
  13.70000  0.859575660687E+01
  13.80000  0.103730534378E+02
  13.90000  0.117210760620E+02
  14.00000  0.121719034437E+02
  14.10000  0.113906343634E+02
  14.20000  0.981348505615E+01
  14.30000  0.782078809630E+01
  14.40000  0.559719260212E+01
  14.50000  0.380155829650E+01
  14.60000  0.293687929546E+01
  14.70000  0.261666525120E+01
  14.80000  0.269616348586E+01
  14.90000  0.366643028814E+01
  15.00000  0.519343089284E+01
  15.10000  0.629300336257E+01
  15.20000  0.688211333768E+01
  15.30000  0.724517020627E+01
  15.40000  0.710649702272E+01
  15.50000  0.657940311219E+01
  15.60000  0.614574717500E+01
  15.70000  0.554126443948E+01
  15.80000  0.458081977354E+01
  15.90000  0.398490235658E+01
  16.00000  0.385422750886E+01
  16.10000  0.340630811324E+01
  16.20000  0.269056151396E+01
  16.30000  0.235792152730E+01
  16.40000  0.227825116867E+01
  16.50000  0.225798887503E+01
  16.60000  0.259529972191E+01
  16.70000  0.311080663280E+01
  16.80000  0.337645937885E+01
  16.90000  0.371602786616E+01
  17.00000  0.423944514958E+01
  17.10000  0.420584217524E+01
  17.20000  0.343438655833E+01
  17.30000  0.266810730811E+01
  17.40000  0.206867982834E+01
  17.50000  0.129234363163E+01
  17.60000  0.595619308019E+00
  17.70000  0.383199405635E+00
  17.80000  0.495302590174E+00
  17.90000  0.919196757418E+00
  18.00000  0.179441458401E+01
  18.10000  0.267171771649E+01
  18.20000  0.308308096139E+01
  18.30000  0.335595992198E+01
  18.40000  0.362290600910E+01
  18.50000  0.334719804560E+01
  18.60000  0.247557631659E+01
  18.70000  0.165398574093E+01
  18.80000  0.106358706194E+01
  18.90000  0.568875264261E+00
  19.00000  0.394899577713E+00
  19.10000  0.651440757863E+00
  19.20000  0.104366918555E+01
  19.30000  0.160102706226E+01
  19.40000  0.240814059376E+01
  19.50000  0.298825018097E+01
  19.60000  0.299851998254E+01
  19.70000  0.282150220651E+01
  19.80000  0.264108331445E+01
  19.90000  0.220824536585E+01
  20.00000  0.162086914809E+01
  20.10000  0.123452198255E+01
  20.20000  0.102057814293E+01
  20.30000  0.961928370762E+00
  20.40000  0.121023818444E+01
  20.50000  0.157655491074E+01
  20.60000  0.173755657650E+01
  20.70000  0.187673419881E+01
  20.80000  0.214747597161E+01
  20.90000  0.224657006248E+01
  21.00000  0.205097351171E+01
  21.10000  0.187736412985E+01
  21.20000  0.179999207872E+01
  21.30000  0.170200863060E+01
  21.40000  0.168040194911E+01
  21.50000  0.177513808204E+01
  21.60000  0.178104854004E+01
  21.70000  0.177197888595E+01
  21.80000  0.193816066816E+01
  21.90000  0.206144966239E+01
  22.00000  0.189640554675E+01
  22.10000  0.171713388853E+01
  22.20000  0.172632215714E+01
  22.30000  0.171928240010E+01
  22.40000  0.163042767445E+01
  22.50000  0.166422758330E+01
  22.60000  0.178337703277E+01
  22.70000  0.189087068231E+01
  22.80000  0.208326860081E+01
  22.90000  0.229445792821E+01
  23.00000  0.226558153450E+01
  23.10000  0.211902428371E+01
  23.20000  0.210275452044E+01
  23.30000  0.204456850241E+01
  23.40000  0.174660442400E+01
  23.50000  0.147337866354E+01
  23.60000  0.140799782200E+01
  23.70000  0.138757899256E+01
  23.80000  0.135942447646E+01
  23.90000  0.143646307573E+01
  24.00000  0.152528504517E+01
  24.10000  0.156133826516E+01
  24.20000  0.166141023338E+01
  24.30000  0.176337927035E+01
  24.40000  0.165007885246E+01
  24.50000  0.144359276241E+01
  24.60000  0.136844209914E+01
  24.70000  0.130699601073E+01
  24.80000  0.110058672540E+01
  24.90000  0.914179394524E+00
  25.00000  0.858725215904E+00
  25.10000  0.822419384260E+00
  25.20000  0.771462503758E+00
  25.30000  0.770760311814E+00
  25.40000  0.751880344853E+00
  25.50000  0.692924909493E+00
  25.60000  0.699650449743E+00
  25.70000  0.747252560985E+00
  25.80000  0.692878883852E+00
  25.90000  0.602637384895E+00
  26.00000  0.609692890278E+00
  26.10000  0.639327352415E+00
  26.20000  0.580759972995E+00
  26.30000  0.505928560341E+00
  26.40000  0.464047707501E+00
  26.50000  0.402307203175E+00
  26.60000  0.319840374521E+00
  26.70000  0.259374171697E+00
  26.80000  0.191076717154E+00
  26.90000  0.123112027499E+00
  27.00000  0.120655643049E+00
  27.10000  0.171031563741E+00
  27.20000  0.206902165990E+00
  27.30000  0.246651626829E+00
  27.40000  0.311738144728E+00
  27.50000  0.357998726338E+00
  27.60000  0.361983095370E+00
  27.70000  0.342149078055E+00
  27.80000  0.280715229996E+00
  27.90000  0.183447622333E+00
  28.00000  0.104556809857E+00
  28.10000  0.592997683202E-01
  28.20000  0.290123619306E-01
  28.30000  0.453913265975E-01
  28.40000  0.122793589082E+00
  28.50000  0.226552877250E+00
  28.60000  0.356922540291E+00
  28.70000  0.514317062138E+00
  28.80000  0.612529246932E+00
  28.90000  0.616922426731E+00
  29.00000  0.609252119889E+00
  29.10000  0.593816631300E+00
  29.20000  0.478491035450E+00
  29.30000  0.304404256455E+00
  29.40000  0.197138417280E+00
  29.50000  0.155164619567E+00
  29.60000  0.142658962690E+00
  29.70000  0.215655409547E+00
  29.80000  0.374015832561E+00
  29.90000  0.552464865855E+00
  30.00000  0.787034032957E+00
  30.10000  0.108926311716E+01
  30.20000  0.129905075028E+01
  30.30000  0.135154595454E+01
  30.40000  0.139474611636E+01
  30.50000  0.144054940776E+01
  30.60000  0.132232307054E+01
  30.70000  0.107179498228E+01
  30.80000  0.879761117717E+00
  30.90000  0.753693293560E+00
  31.00000  0.631146134180E+00
  31.10000  0.593479808120E+00
  31.20000  0.679992367465E+00
  31.30000  0.822696732440E+00
  31.40000  0.106910587766E+01
  31.50000  0.146148364229E+01
  31.60000  0.182368561233E+01
  31.70000  0.204625457176E+01
  31.80000  0.227804689692E+01
  31.90000  0.253384301313E+01
  32.00000  0.259307025710E+01
  32.10000  0.243308815843E+01
  32.20000  0.225044739189E+01
  32.30000  0.206321880824E+01
  32.40000  0.179320425279E+01
  32.50000  0.153126362418E+01
  32.60000  0.136635133827E+01
  32.70000  0.126429825546E+01
  32.80000  0.129315400000E+01
  32.90000  0.153983623060E+01
  33.00000  0.186874922292E+01
  33.10000  0.215835625274E+01
  33.20000  0.253136843738E+01
  33.30000  0.300160778850E+01
  33.40000  0.333277956963E+01
  33.50000  0.343964277094E+01
  33.60000  0.346188625288E+01
  33.70000  0.339969483102E+01
  33.80000  0.316528630742E+01
  33.90000  0.283302210026E+01
  34.00000  0.249595584512E+01
  34.10000  0.214389314693E+01
  34.20000  0.187522566543E+01
  34.30000  0.182189454959E+01
  34.40000  0.190081812442E+01
  34.50000  0.201249466007E+01
  34.60000  0.227987713322E+01
  34.70000  0.273603287562E+01
  34.80000  0.316633580317E+01
  34.90000  0.345805805532E+01
  35.00000  0.369385606483E+01
  35.10000  0.384328054385E+01
  35.20000  0.380983577304E+01
  35.30000  0.364004001219E+01
  35.40000  0.338590632283E+01
  35.50000  0.301660355738E+01
  35.60000  0.263954706404E+01
  35.70000  0.241073112111E+01
  35.80000  0.227001520537E+01
  35.90000  0.213230693365E+01
  36.00000  0.214141054337E+01
  36.10000  0.237261506673E+01
  36.20000  0.265372254516E+01
  36.30000  0.288295553331E+01
  36.40000  0.313217805910E+01
  36.50000  0.336711598494E+01
  36.60000  0.349207385777E+01
  36.70000  0.353652698892E+01
  36.80000  0.351176231520E+01
  36.90000  0.334035875849E+01
  37.00000  0.310242439663E+01
  37.10000  0.294913894060E+01
  37.20000  0.281003022923E+01
  37.30000  0.257731186192E+01
  37.40000  0.239817240545E+01
  37.50000  0.239107940674E+01
  37.60000  0.242278811070E+01
  37.70000  0.240905722355E+01
  37.80000  0.244998460143E+01
  37.90000  0.255063456873E+01
  38.00000  0.263181140841E+01
  38.10000  0.272331354306E+01
  38.20000  0.283597647627E+01
  38.30000  0.286871643487E+01
  38.40000  0.285603657479E+01
  38.50000  0.292456667806E+01
  38.60000  0.298922967116E+01
  38.70000  0.289771961414E+01
  38.80000  0.275782728866E+01
  38.90000  0.270191744234E+01
  39.00000  0.261852546626E+01
  39.10000  0.241835813114E+01
  39.20000  0.222082154897E+01
  39.30000  0.208646807253E+01
  39.40000  0.196272116458E+01
  39.50000  0.188359560926E+01
  39.60000  0.189526173077E+01
  39.70000  0.192516769022E+01
  39.80000  0.197748163582E+01
  39.90000  0.215170617005E+01
  40.00000  0.237735133850E+01
  40.10000  0.248689552119E+01
  40.20000  0.252614180010E+01
  40.30000  0.260345151020E+01
  40.40000  0.262172325681E+01
  40.50000  0.247468938652E+01
  40.60000  0.225569937036E+01
  40.70000  0.204460608546E+01
  40.80000  0.180909906622E+01
  40.90000  0.157780335360E+01
  41.00000  0.142001272764E+01
  41.10000  0.130850696694E+01
  41.20000  0.124532449174E+01
  41.30000  0.131521341151E+01
  41.40000  0.148548855861E+01
  41.50000  0.162013135646E+01
  41.60000  0.172768175496E+01
  41.70000  0.188537591378E+01
  41.80000  0.201768524169E+01
  41.90000  0.201961182660E+01
  42.00000  0.193861285025E+01
  42.10000  0.183119111753E+01
  42.20000  0.166991718459E+01
  42.30000  0.147168082846E+01
  42.40000  0.129462446432E+01
  42.50000  0.112660183233E+01
  42.60000  0.973574298428E+00
  42.70000  0.914989834015E+00
  42.80000  0.949093773128E+00
  42.90000  0.981875694107E+00
  43.00000  0.101751201963E+01
  43.10000  0.112137757355E+01
  43.20000  0.124596344786E+01
  43.30000  0.130716789458E+01
  43.40000  0.132481506505E+01
  43.50000  0.132746534526E+01
  43.60000  0.128483971723E+01
  43.70000  0.120326791155E+01
  43.80000  0.111730685546E+01
  43.90000  0.100434711330E+01
  44.00000  0.863201253383E+00
  44.10000  0.765458552192E+00
  44.20000  0.723258039670E+00
  44.30000  0.669369745663E+00
  44.40000  0.612398547363E+00
  44.50000  0.618455947642E+00
  44.60000  0.666664322698E+00
  44.70000  0.698939074754E+00
  44.80000  0.729059305376E+00
  44.90000  0.773177205889E+00
  45.00000  0.800893257803E+00
  45.10000  0.813746685174E+00
  45.20000  0.829720680134E+00
  45.30000  0.811462412563E+00
  45.40000  0.742494088819E+00
  45.50000  0.681774478291E+00
  45.60000  0.643449340709E+00
  45.70000  0.568611605182E+00
  45.80000  0.462840184215E+00
  45.90000  0.394347691993E+00
  46.00000  0.362254485667E+00
  46.10000  0.326647307664E+00
  46.20000  0.304704400520E+00
  46.30000  0.318039062974E+00
  46.40000  0.343962899271E+00
  46.50000  0.383147527853E+00
  46.60000  0.449925597001E+00
  46.70000  0.505199988497E+00
  46.80000  0.519058480240E+00
  46.90000  0.533960119395E+00
  47.00000  0.561899203386E+00
  47.10000  0.543035841556E+00
  47.20000  0.467735402978E+00
  47.30000  0.397971557628E+00
  47.40000  0.343874281584E+00
  47.50000  0.269373212318E+00
  47.60000  0.188666047583E+00
  47.70000  0.138081997152E+00
  47.80000  0.110924996377E+00
  47.90000  0.104411686690E+00
  48.00000  0.135285904919E+00
  48.10000  0.185827305724E+00
  48.20000  0.228314857620E+00
  48.30000  0.284538207065E+00
  48.40000  0.364044475368E+00
  48.50000  0.418475302885E+00
  48.60000  0.423774031047E+00
  48.70000  0.418010585867E+00
  48.80000  0.410765412547E+00
  48.90000  0.368500708331E+00
  49.00000  0.292408108248E+00
  49.10000  0.218202232939E+00
  49.20000  0.152628247467E+00
  49.30000  0.917479303590E-01
  49.40000  0.507646297082E-01
  49.50000  0.369681844108E-01
  49.60000  0.408149914232E-01
  49.70000  0.707682750320E-01
  49.80000  0.133499339573E+00
  49.90000  0.205805282576E+00
  50.00000  0.266620750309E+00
  50.10000  0.325005300605E+00
  50.20000  0.379256061358E+00
  50.30000  0.406435294163E+00
  50.40000  0.398361485170E+00
  50.50000  0.368012057379E+00
  50.60000  0.318595390009E+00
  50.70000  0.251334606952E+00
  50.80000  0.177800110895E+00
  50.90000  0.109569979368E+00
  51.00000  0.511719517304E-01
  51.10000  0.141508945026E-01
  51.20000  0.655764172622E-02
  51.30000  0.249341160450E-01
  51.40000  0.637754871232E-01
  51.50000  0.122070282004E+00
  51.60000  0.189593105793E+00
  51.70000  0.255139631626E+00
  51.80000  0.312802110188E+00
  51.90000  0.353846934973E+00
  52.00000  0.365531237428E+00
  52.10000  0.351693791908E+00
  52.20000  0.321725544038E+00
  52.30000  0.273617549045E+00
  52.40000  0.206302450337E+00
  52.50000  0.137642930994E+00
  52.60000  0.811234857802E-01
  52.70000  0.368382539889E-01
  52.80000  0.740926456441E-02
  52.90000  0.955625351022E-03
  53.00000  0.133585954458E-01
  53.10000  0.401164546960E-01
  53.20000  0.823619095064E-01
  53.30000  0.131502978042E+00
  53.40000  0.169236852125E+00
  53.50000  0.196615459027E+00
  53.60000  0.221997941777E+00
  53.70000  0.234579425411E+00
  53.80000  0.220204510549E+00
  53.90000  0.192028651771E+00
  54.00000  0.165111605945E+00
  54.10000  0.133823541795E+00
  54.20000  0.929732650515E-01
  54.30000  0.561801002222E-01
  54.40000  0.312133229616E-01
  54.50000  0.138005226618E-01
  54.60000  0.287818406265E-02
  54.70000  0.195658230284E-02
  54.80000  0.619347900790E-02
  54.90000  0.131024915945E-01
  55.00000  0.255243681045E-01
  55.10000  0.402219978002E-01
  55.20000  0.475969268753E-01
  55.30000  0.502069838066E-01
  55.40000  0.551664209905E-01
  55.50000  0.588370018360E-01
  55.60000  0.532933076659E-01
  55.70000  0.439884144209E-01
  55.80000  0.388197747590E-01
  55.90000  0.352197155216E-01
  56.00000  0.268116028864E-01
  56.10000  0.180015389837E-01
  56.20000  0.154185429656E-01
  56.30000  0.168474247483E-01
  56.40000  0.151557163069E-01
  56.50000  0.128560522101E-01
  56.60000  0.163027044174E-01
  56.70000  0.227625703506E-01
  56.80000  0.234763356008E-01
  56.90000  0.207000535710E-01
  57.00000  0.214006532302E-01
  57.10000  0.226526111747E-01
  57.20000  0.173239773764E-01
  57.30000  0.962041408719E-02
  57.40000  0.527053881676E-02
  57.50000  0.231476281496E-02
  57.60000  0.265205446045E-03
  57.70000  0.407461341966E-02
  57.80000  0.117223821301E-01
  57.90000  0.210231230033E-01
  58.00000  0.394066642040E-01
  58.10000  0.677581898337E-01
  58.20000  0.907523685390E-01
  58.30000  0.105454063026E+00
  58.40000  0.126528296075E+00
  58.50000  0.150571496060E+00
  58.60000  0.154843269289E+00
  58.70000  0.140760483811E+00
  58.80000  0.129461030801E+00
  58.90000  0.118582933915E+00
  59.00000  0.911937570285E-01
  59.10000  0.559488710252E-01
  59.20000  0.320482304377E-01
  59.30000  0.178510122607E-01
  59.40000  0.776970765738E-02
  59.50000  0.102188526718E-01
  59.60000  0.272804233746E-01
  59.70000  0.521099896851E-01
  59.80000  0.886160385072E-01
  59.90000  0.138151802836E+00
  60.00000  0.181997637192E+00
  60.10000  0.210700752443E+00
  60.20000  0.239145051286E+00
  60.30000  0.266741784031E+00
  60.40000  0.268457567697E+00
  60.50000  0.242501691147E+00
  60.60000  0.214438877248E+00
  60.70000  0.187598938515E+00
  60.80000  0.144726743146E+00
  60.90000  0.926126749615E-01
  61.00000  0.544580877723E-01
  61.10000  0.318529905324E-01
  61.20000  0.162415423333E-01
  61.30000  0.132926840529E-01
  61.40000  0.283433382759E-01
  61.50000  0.545438073790E-01
  61.60000  0.900037916810E-01
  61.70000  0.135447174477E+00
  61.80000  0.178910052544E+00
  61.90000  0.210234181327E+00
  62.00000  0.237225483769E+00
  62.10000  0.261584275074E+00
  62.20000  0.267387908266E+00
  62.30000  0.250228384667E+00
  62.40000  0.227050228016E+00
  62.50000  0.203351205910E+00
  62.60000  0.167986371861E+00
  62.70000  0.122429589082E+00
  62.80000  0.833753009756E-01
  62.90000  0.550733021652E-01
  63.00000  0.305789909058E-01
  63.10000  0.112918923200E-01
  63.20000  0.502884267352E-02
  63.30000  0.108692610378E-01
  63.40000  0.240976443926E-01
  63.50000  0.435448565251E-01
  63.60000  0.688373893511E-01
  63.70000  0.964002724059E-01
  63.80000  0.124005795401E+00
  63.90000  0.149746826920E+00
  64.00000  0.171311008869E+00
  64.10000  0.186732575310E+00
  64.20000  0.195989850698E+00
  64.30000  0.198058612435E+00
  64.40000  0.193052455468E+00
  64.50000  0.181772910920E+00
  64.60000  0.164960990806E+00
  64.70000  0.142831240888E+00
  64.80000  0.118150649903E+00
  64.90000  0.927155814481E-01
  65.00000  0.676254049279E-01
  65.10000  0.448119493492E-01
  65.20000  0.268889852389E-01
  65.30000  0.134563713538E-01
  65.40000  0.691004506058E-02
  65.50000  0.112839746590E-01
  65.60000  0.246274983100E-01
  65.70000  0.409101754746E-01
  65.80000  0.647947554524E-01
  65.90000  0.102179197934E+00
  66.00000  0.143460938895E+00
  66.10000  0.176065249181E+00
  66.20000  0.208053611643E+00
  66.30000  0.247418046637E+00
  66.40000  0.278927064583E+00
  66.50000  0.287869258425E+00
  66.60000  0.287207090265E+00
  66.70000  0.287617095582E+00
  66.80000  0.275053120018E+00
  66.90000  0.240270331166E+00
  67.00000  0.199867407797E+00
  67.10000  0.164367367593E+00
  67.20000  0.126476983035E+00
  67.30000  0.866115267210E-01
  67.40000  0.574505956478E-01
  67.50000  0.407933335418E-01
  67.60000  0.359228918919E-01
  67.70000  0.510015979911E-01
  67.80000  0.848896170534E-01
  67.90000  0.122745907941E+00
  68.00000  0.168438866697E+00
  68.10000  0.235344008070E+00
  68.20000  0.306800939416E+00
  68.30000  0.354510464137E+00
  68.40000  0.389297057195E+00
  68.50000  0.431101664348E+00
  68.60000  0.457945558450E+00
  68.70000  0.442375778717E+00
  68.80000  0.405352908682E+00
  68.90000  0.372509069525E+00
  69.00000  0.328106652397E+00
  69.10000  0.257751127724E+00
  69.20000  0.186341764855E+00
  69.30000  0.133735389981E+00
  69.40000  0.918323961876E-01
  69.50000  0.598155519362E-01
  69.60000  0.514961139213E-01
  69.70000  0.650400477921E-01
  69.80000  0.951624461672E-01
  69.90000  0.150078776115E+00
  70.00000  0.224094155899E+00
  70.10000  0.290891313088E+00
  70.20000  0.349488743302E+00
  70.30000  0.417989766722E+00
  70.40000  0.479619344353E+00
  70.50000  0.499475143593E+00
  70.60000  0.488472303186E+00
  70.70000  0.476428483136E+00
  70.80000  0.449940114251E+00
  70.90000  0.384033204601E+00
  71.00000  0.300841598517E+00
  71.10000  0.231866399866E+00
  71.20000  0.170272996109E+00
  71.30000  0.105512480013E+00
  71.40000  0.566616966108E-01
  71.50000  0.374737810222E-01
  71.60000  0.406321938867E-01
  71.70000  0.647219584851E-01
  71.80000  0.113140778150E+00
  71.90000  0.172980976148E+00
  72.00000  0.235169796021E+00
  72.10000  0.306852737439E+00
  72.20000  0.379856344407E+00
  72.30000  0.426976017547E+00
  72.40000  0.446496997427E+00
  72.50000  0.458149458119E+00
  72.60000  0.455639056947E+00
  72.70000  0.416712069402E+00
  72.80000  0.352077172844E+00
  72.90000  0.289056869174E+00
  73.00000  0.227361614642E+00
  73.10000  0.156080010230E+00
  73.20000  0.892186238424E-01
  73.30000  0.455139752598E-01
  73.40000  0.230384980565E-01
  73.50000  0.164333181329E-01
  73.60000  0.306342806250E-01
  73.70000  0.650793416280E-01
  73.80000  0.111959563651E+00
  73.90000  0.168456815701E+00
  74.00000  0.230526970176E+00
  74.10000  0.285336336758E+00
  74.20000  0.326139405893E+00
  74.30000  0.356677933649E+00
  74.40000  0.373935923869E+00
  74.50000  0.367802012694E+00
  74.60000  0.340000258161E+00
  74.70000  0.301518197904E+00
  74.80000  0.255156072780E+00
  74.90000  0.199032143627E+00
  75.00000  0.140014074139E+00
  75.10000  0.885019963735E-01
  75.20000  0.478951823605E-01
  75.30000  0.183562089716E-01
  75.40000  0.278397830754E-02
  75.50000  0.393115914148E-02
  75.60000  0.205960667271E-01
  75.70000  0.487514105425E-01
  75.80000  0.844779367570E-01
  75.90000  0.125862034115E+00
  76.00000  0.169649199156E+00
  76.10000  0.208408458259E+00
  76.20000  0.236723197987E+00
  76.30000  0.256767187517E+00
  76.40000  0.268810181587E+00
  76.50000  0.265767744037E+00
  76.60000  0.246073616591E+00
  76.70000  0.219440456761E+00
  76.80000  0.190119586114E+00
  76.90000  0.152748952406E+00
  77.00000  0.109506818073E+00
  77.10000  0.719881814800E-01
  77.20000  0.432793867544E-01
  77.30000  0.195521833637E-01
  77.40000  0.366392524647E-02
  77.50000  0.226549450151E-03
  77.60000  0.638096589833E-02
  77.70000  0.214344628639E-01
  77.80000  0.476868600553E-01
  77.90000  0.784137512970E-01
  78.00000  0.105152269954E+00
  78.10000  0.133863948571E+00
  78.20000  0.168007661736E+00
  78.30000  0.192511160065E+00
  78.40000  0.198264910817E+00
  78.50000  0.199651949494E+00
  78.60000  0.202917938885E+00
  78.70000  0.191837929476E+00
  78.80000  0.161654936666E+00
  78.90000  0.131208055142E+00
  79.00000  0.107300801772E+00
  79.10000  0.783528599712E-01
  79.20000  0.448466090619E-01
  79.30000  0.207643395730E-01
  79.40000  0.771008475071E-02
  79.50000  0.671550462234E-03
  79.60000  0.295692374582E-02
  79.70000  0.156700586938E-01
  79.80000  0.316726299328E-01
  79.90000  0.529509904930E-01
  80.00000  0.844373817737E-01
  80.10000  0.114942612224E+00
  80.20000  0.132164302777E+00
  80.30000  0.145875011484E+00
  80.40000  0.163774731064E+00
  80.50000  0.170797719189E+00
  80.60000  0.157103293890E+00
  80.70000  0.138344386292E+00
  80.80000  0.123929979387E+00
  80.90000  0.102690771710E+00
  81.00000  0.711770979610E-01
  81.10000  0.436126194827E-01
  81.20000  0.254019508989E-01
  81.30000  0.109523339742E-01
  81.40000  0.136048957343E-02
  81.50000  0.148451715695E-02
  81.60000  0.789866816913E-02
  81.70000  0.194156527863E-01
  81.80000  0.392867646762E-01
  81.90000  0.623517119670E-01
  82.00000  0.789062725611E-01
  82.10000  0.925224627882E-01
  82.20000  0.108799607652E+00
  82.30000  0.119283227353E+00
  82.40000  0.115456755535E+00
  82.50000  0.105471626169E+00
  82.60000  0.965385706491E-01
  82.70000  0.829916985892E-01
  82.80000  0.616816394260E-01
  82.90000  0.410371782962E-01
  83.00000  0.256009432481E-01
  83.10000  0.129919020912E-01
  83.20000  0.375315649517E-02
  83.30000  0.108448596975E-02
  83.40000  0.331188454055E-02
  83.50000  0.960849994989E-02
  83.60000  0.215560817308E-01
  83.70000  0.365584186291E-01
  83.80000  0.488534022145E-01
  83.90000  0.593606097248E-01
  84.00000  0.704348899114E-01
  84.10000  0.781775600297E-01
  84.20000  0.782088563833E-01
  84.30000  0.737379177601E-01
  84.40000  0.677117538369E-01
  84.50000  0.585876757273E-01
  84.60000  0.458821213817E-01
  84.70000  0.330545344997E-01
  84.80000  0.215507697614E-01
  84.90000  0.117242523136E-01
  85.00000  0.498319933325E-02
  85.10000  0.219012766547E-02
  85.20000  0.191101705250E-02
  85.30000  0.451569905708E-02
  85.40000  0.106258480724E-01
  85.50000  0.186292743702E-01
  85.60000  0.262628746267E-01
  85.70000  0.336760947487E-01
  85.80000  0.400663476545E-01
  85.90000  0.441171714133E-01
  86.00000  0.460839778372E-01
  86.10000  0.464298553959E-01
  86.20000  0.432576965484E-01
  86.30000  0.372570800345E-01
  86.40000  0.317699648247E-01
  86.50000  0.269830664036E-01
  86.60000  0.200046698367E-01
  86.70000  0.126587525387E-01
  86.80000  0.877688732365E-02
  86.90000  0.733060779746E-02
  87.00000  0.524927397279E-02
  87.10000  0.405786639287E-02
  87.20000  0.541431503007E-02
  87.30000  0.760169702174E-02
  87.40000  0.944037140338E-02
  87.50000  0.118613409361E-01
  87.60000  0.136365217364E-01
  87.70000  0.138854531793E-01
  87.80000  0.147902035185E-01
  87.90000  0.167953138364E-01
  88.00000  0.163783014934E-01
  88.10000  0.140282419798E-01
  88.20000  0.142963414312E-01
  88.30000  0.167656979292E-01
  88.40000  0.166809609629E-01
  88.50000  0.151122699309E-01
  88.60000  0.164722593947E-01
  88.70000  0.194344801884E-01
  88.80000  0.197458440040E-01
  88.90000  0.184449494781E-01
  89.00000  0.182359694961E-01
  89.10000  0.178924339247E-01
  89.20000  0.154883199897E-01
  89.30000  0.121218268867E-01
  89.40000  0.888507490351E-02
  89.50000  0.557167022437E-02
  89.60000  0.258569229117E-02
  89.70000  0.759479287783E-03
  89.80000  0.202137283453E-03
  89.90000  0.126848537781E-02
  90.00000  0.444387471515E-02
  90.10000  0.937726537636E-02
  90.20000  0.158593741566E-01
  90.30000  0.238631003293E-01
  90.40000  0.320252997470E-01
  90.50000  0.389778622657E-01
  90.60000  0.453524270747E-01
  90.70000  0.509314482381E-01
  90.80000  0.532694812571E-01
  90.90000  0.517762801476E-01
  91.00000  0.486772474907E-01
  91.10000  0.442286869658E-01
  91.20000  0.372507887874E-01
  91.30000  0.291363938828E-01
  91.40000  0.219500408213E-01
  91.50000  0.155782650524E-01
  91.60000  0.114384821810E-01
  91.70000  0.118946449473E-01
  91.80000  0.150849306515E-01
  91.90000  0.186942767785E-01
  92.00000  0.268633592497E-01
  92.10000  0.415339362132E-01
  92.20000  0.552071867908E-01
  92.30000  0.635077234752E-01
  92.40000  0.735643964658E-01
  92.50000  0.872931969948E-01
  92.60000  0.944428244023E-01
  92.70000  0.914109607298E-01
  92.80000  0.879102489000E-01
  92.90000  0.865124079320E-01
  93.00000  0.789058617154E-01
  93.10000  0.645785233295E-01
  93.20000  0.525808367344E-01
  93.30000  0.444652569914E-01
  93.40000  0.362498924652E-01
  93.50000  0.298898819910E-01
  93.60000  0.287442961795E-01
  93.70000  0.305986851710E-01
  93.80000  0.359652760197E-01
  93.90000  0.476762477098E-01
  94.00000  0.611267171687E-01
  94.10000  0.703162995349E-01
  94.20000  0.805286219208E-01
  94.30000  0.956121538788E-01
  94.40000  0.105830754343E+00
  94.50000  0.104576066085E+00
  94.60000  0.101697009321E+00
  94.70000  0.102633132882E+00
  94.80000  0.974120623297E-01
  94.90000  0.816394799172E-01
  95.00000  0.666971871026E-01
  95.10000  0.578661874370E-01
  95.20000  0.476832627104E-01
  95.30000  0.340925051744E-01
  95.40000  0.252452829665E-01
  95.50000  0.232781138762E-01
  95.60000  0.235446802060E-01
  95.70000  0.252628714793E-01
  95.80000  0.309613732461E-01
  95.90000  0.390171594429E-01
  96.00000  0.476833934268E-01
  96.10000  0.572937583956E-01
  96.20000  0.663661828564E-01
  96.30000  0.718198398250E-01
  96.40000  0.749820965321E-01
  96.50000  0.776003455797E-01
  96.60000  0.772470285846E-01
  96.70000  0.716253581218E-01
  96.80000  0.640483167464E-01
  96.90000  0.570490328256E-01
  97.00000  0.488409150244E-01
  97.10000  0.380591068471E-01
  97.20000  0.279672782851E-01
  97.30000  0.208073684070E-01
  97.40000  0.152316179893E-01
  97.50000  0.962012702948E-02
  97.60000  0.613305624501E-02
  97.70000  0.668419475913E-02
  97.80000  0.960784659418E-02
  97.90000  0.119631605706E-01
  98.00000  0.154486291892E-01
  98.10000  0.226839542891E-01
  98.20000  0.311075913231E-01
  98.30000  0.360847952342E-01
  98.40000  0.401202301660E-01
  98.50000  0.474018139297E-01
  98.60000  0.543016429606E-01
  98.70000  0.549242310306E-01
  98.80000  0.532142837205E-01
  98.90000  0.547464960331E-01
  99.00000  0.553761569710E-01
  99.10000  0.492679926131E-01
  99.20000  0.412964372449E-01
  99.30000  0.370183075381E-01
  99.40000  0.328156389950E-01
  99.50000  0.246481165490E-01
  99.60000  0.169204229929E-01
  99.70000  0.130085077994E-01
  99.80000  0.105307267490E-01
  99.90000  0.833220598291E-02
 100.00000  0.882851998711E-02
 100.10000  0.115500280029E-01
 100.20000  0.155255902166E-01
 100.30000  0.225035612990E-01
 100.40000  0.322093397601E-01
 100.50000  0.403248839877E-01
 100.60000  0.473619210592E-01
 100.70000  0.574600988455E-01
 100.80000  0.683621632688E-01
 100.90000  0.735686623567E-01
 101.00000  0.750503952707E-01
 101.10000  0.786448494782E-01
 101.20000  0.817238103093E-01
 101.30000  0.777873743921E-01
 101.40000  0.698447055132E-01
 101.50000  0.644810342515E-01
 101.60000  0.598325037776E-01
 101.70000  0.505112024341E-01
 101.80000  0.397103082065E-01
 101.90000  0.337897988932E-01
 102.00000  0.315054175515E-01
 102.10000  0.279024864547E-01
 102.20000  0.253488608497E-01
 102.30000  0.294720035732E-01
 102.40000  0.387599604111E-01
 102.50000  0.472282703639E-01
 102.60000  0.559191881353E-01
 102.70000  0.699853552612E-01
 102.80000  0.872763960807E-01
 102.90000  0.100501974683E+00
 103.00000  0.110056561010E+00
 103.10000  0.121315347784E+00
 103.20000  0.132209146210E+00
 103.30000  0.135962588929E+00
 103.40000  0.133831673280E+00
 103.50000  0.131374544707E+00
 103.60000  0.127410835668E+00
 103.70000  0.118189619358E+00
 103.80000  0.106466478739E+00
 103.90000  0.960206011012E-01
 104.00000  0.861700874729E-01
 104.10000  0.774777959303E-01
 104.20000  0.728826476340E-01
 104.30000  0.709840662778E-01
 104.40000  0.703030149283E-01
 104.50000  0.758024044979E-01
 104.60000  0.889996870329E-01
 104.70000  0.101389684898E+00
 104.80000  0.110284159330E+00
 104.90000  0.124893387466E+00
 105.00000  0.145512982227E+00
 105.10000  0.158501410452E+00
 105.20000  0.161534569944E+00
 105.30000  0.167634093392E+00
 105.40000  0.177189968673E+00
 105.50000  0.175631141303E+00
 105.60000  0.162733032032E+00
 105.70000  0.153427330341E+00
 105.80000  0.148650790870E+00
 105.90000  0.136091916358E+00
 106.00000  0.117127572449E+00
 106.10000  0.104672416107E+00
 106.20000  0.991628512861E-01
 106.30000  0.918899553981E-01
 106.40000  0.841344460984E-01
 106.50000  0.831393511312E-01
 106.60000  0.876481136012E-01
 106.70000  0.929473131510E-01
 106.80000  0.996929433656E-01
 106.90000  0.108978921275E+00
 107.00000  0.118246307325E+00
 107.10000  0.126984247314E+00
 107.20000  0.136034312984E+00
 107.30000  0.142514988268E+00
 107.40000  0.143940272249E+00
 107.50000  0.143828734112E+00
 107.60000  0.144115109242E+00
 107.70000  0.140189443593E+00
 107.80000  0.130124322751E+00
 107.90000  0.120309180361E+00
 108.00000  0.113824159793E+00
 108.10000  0.105158856860E+00
 108.20000  0.922328585349E-01
 108.30000  0.827382806889E-01
 108.40000  0.802301775751E-01
 108.50000  0.778140114562E-01
 108.60000  0.722343426977E-01
 108.70000  0.716718943336E-01
 108.80000  0.797257907721E-01
 108.90000  0.875536401143E-01
 109.00000  0.902656822855E-01
 109.10000  0.965183467293E-01
 109.20000  0.110165699757E+00
 109.30000  0.121070638397E+00
 109.40000  0.123549500472E+00
 109.50000  0.126834530130E+00
 109.60000  0.135185726144E+00
 109.70000  0.138856286264E+00
 109.80000  0.133132397079E+00
 109.90000  0.127449517432E+00
 110.00000  0.125953202702E+00
 110.10000  0.120871680448E+00
 110.20000  0.109539430403E+00
 110.30000  0.999728954474E-01
 110.40000  0.948870864756E-01
 110.50000  0.894677367803E-01
 110.60000  0.831416387803E-01
 110.70000  0.801502222346E-01
 110.80000  0.801811852140E-01
 110.90000  0.816569026105E-01
 111.00000  0.859459387068E-01
 111.10000  0.925275485156E-01
 111.20000  0.977514884666E-01
 111.30000  0.103289091579E+00
 111.40000  0.112462793025E+00
 111.50000  0.121038369678E+00
 111.60000  0.123289799082E+00
 111.70000  0.124001709655E+00
 111.80000  0.128494905587E+00
 111.90000  0.130843543119E+00
 112.00000  0.124725845093E+00
 112.10000  0.117033247480E+00
 112.20000  0.114486437040E+00
 112.30000  0.110955964302E+00
 112.40000  0.100224130793E+00
 112.50000  0.898105275000E-01
 112.60000  0.868060434826E-01
 112.70000  0.851467071762E-01
 112.80000  0.783330582910E-01
 112.90000  0.734006565706E-01
 113.00000  0.773197873204E-01
 113.10000  0.839040705134E-01
 113.20000  0.857275596629E-01
 113.30000  0.888564044412E-01
 113.40000  0.100102672313E+00
 113.50000  0.113074859951E+00
 113.60000  0.119574834335E+00
 113.70000  0.125116901141E+00
 113.80000  0.136472408342E+00
 113.90000  0.147282201761E+00
 114.00000  0.149541137130E+00
 114.10000  0.148901338807E+00
 114.20000  0.152094221190E+00
 114.30000  0.153772359795E+00
 114.40000  0.147755456364E+00
 114.50000  0.139603963433E+00
 114.60000  0.134788229213E+00
 114.70000  0.129825589605E+00
 114.80000  0.121964741347E+00
 114.90000  0.115497254918E+00
 115.00000  0.112306491419E+00
 115.10000  0.110671054039E+00
 115.20000  0.111721157113E+00
 115.30000  0.116907620967E+00
 115.40000  0.122684223546E+00
 115.50000  0.128863241651E+00
 115.60000  0.140412856602E+00
 115.70000  0.155460597506E+00
 115.80000  0.165218141555E+00
 115.90000  0.171272733890E+00
 116.00000  0.182332794625E+00
 116.10000  0.194496343206E+00
 116.20000  0.196079567655E+00
 116.30000  0.190914511825E+00
 116.40000  0.190812490923E+00
 116.50000  0.191559948202E+00
 116.60000  0.181018662640E+00
 116.70000  0.164574666343E+00
 116.80000  0.155349815133E+00
 116.90000  0.149700936452E+00
 117.00000  0.136360430970E+00
 117.10000  0.120562411797E+00
 117.20000  0.114296793998E+00
 117.30000  0.114169844155E+00
 117.40000  0.109830481879E+00
 117.50000  0.105119401865E+00
 117.60000  0.109780552210E+00
 117.70000  0.120463567189E+00
 117.80000  0.127437700809E+00
 117.90000  0.132828175963E+00
 118.00000  0.144401255754E+00
 118.10000  0.159210912064E+00
 118.20000  0.168567151796E+00
 118.30000  0.173778938535E+00
 118.40000  0.181418104140E+00
 118.50000  0.189252763414E+00
 118.60000  0.190352016805E+00
 118.70000  0.186313344724E+00
 118.80000  0.182879688282E+00
 118.90000  0.178792188416E+00
 119.00000  0.169960546235E+00
 119.10000  0.158586066068E+00
 119.20000  0.148366380823E+00
 119.30000  0.138539676018E+00
 119.40000  0.128782501845E+00
 119.50000  0.121515392306E+00
 119.60000  0.116281412462E+00
 119.70000  0.111813545250E+00
 119.80000  0.111750781910E+00
 119.90000  0.117858448582E+00
 120.00000  0.123998486365E+00
 120.10000  0.127890606823E+00
 120.20000  0.137109906218E+00
 120.30000  0.152640835042E+00
 120.40000  0.163297263585E+00
 120.50000  0.166481088798E+00
 120.60000  0.173452032664E+00
 120.70000  0.185165594572E+00
 120.80000  0.187930253138E+00
 120.90000  0.179969528680E+00
 121.00000  0.175184778404E+00
 121.10000  0.175214328665E+00
 121.20000  0.166698425626E+00
 121.30000  0.148912565970E+00
 121.40000  0.135876183519E+00
 121.50000  0.129414664935E+00
 121.60000  0.117999987623E+00
 121.70000  0.101316631401E+00
 121.80000  0.910886894064E-01
 121.90000  0.885494371289E-01
 122.00000  0.842499619701E-01
 122.10000  0.773571786829E-01
 122.20000  0.762276350255E-01
 122.30000  0.814337349748E-01
 122.40000  0.856131022673E-01
 122.50000  0.874256857885E-01
 122.60000  0.925475207528E-01
 122.70000  0.101320685158E+00
 122.80000  0.108066231149E+00
 122.90000  0.111286220690E+00
 123.00000  0.115325453316E+00
 123.10000  0.120789084558E+00
 123.20000  0.123425211830E+00
 123.30000  0.122072814610E+00
 123.40000  0.120406213350E+00
 123.50000  0.119123287130E+00
 123.60000  0.115406373834E+00
 123.70000  0.109034268955E+00
 123.80000  0.102855632682E+00
 123.90000  0.970918721475E-01
 124.00000  0.908092925191E-01
 124.10000  0.850381217470E-01
 124.20000  0.806120980653E-01
 124.30000  0.762824122843E-01
 124.40000  0.734610719777E-01
 124.50000  0.745130322936E-01
 124.60000  0.770250695879E-01
 124.70000  0.775231206646E-01
 124.80000  0.799531779404E-01
 124.90000  0.879079872593E-01
 125.00000  0.955414129544E-01
 125.10000  0.974188196308E-01
 125.20000  0.100010107578E+00
 125.30000  0.108163701293E+00
 125.40000  0.113827784576E+00
 125.50000  0.110819125730E+00
 125.60000  0.107661962501E+00
 125.70000  0.110227904717E+00
 125.80000  0.109943629072E+00
 125.90000  0.100862005981E+00
 126.00000  0.922243653492E-01
 126.10000  0.901384582819E-01
 126.20000  0.866887693358E-01
 126.30000  0.765164163260E-01
 126.40000  0.680427387920E-01
 126.50000  0.667065855430E-01
 126.60000  0.655680725932E-01
 126.70000  0.595936586928E-01
 126.80000  0.556216345847E-01
 126.90000  0.582914070132E-01
 127.00000  0.616872369903E-01
 127.10000  0.609012494653E-01
 127.20000  0.613773138500E-01
 127.30000  0.672930835123E-01
 127.40000  0.734633067995E-01
 127.50000  0.749620858629E-01
 127.60000  0.765033409319E-01
 127.70000  0.822147755193E-01
 127.80000  0.874922557880E-01
 127.90000  0.876367092197E-01
 128.00000  0.870093815534E-01
 128.10000  0.895143714096E-01
 128.20000  0.912308880305E-01
 128.30000  0.884318203718E-01
 128.40000  0.851331259406E-01
 128.50000  0.843769457308E-01
 128.60000  0.834056821916E-01
 128.70000  0.803405529124E-01
 128.80000  0.780828433051E-01
 128.90000  0.775485795585E-01
 129.00000  0.774155388556E-01
 129.10000  0.782084096548E-01
 129.20000  0.808396383814E-01
 129.30000  0.831018770789E-01
 129.40000  0.852140506631E-01
 129.50000  0.902111164057E-01
 129.60000  0.966970435412E-01
 129.70000  0.994036292216E-01
 129.80000  0.100203728760E+00
 129.90000  0.104574941031E+00
 130.00000  0.109565600394E+00
 130.10000  0.108024428077E+00
 130.20000  0.103410640707E+00
 130.30000  0.103137782422E+00
 130.40000  0.103723647995E+00
 130.50000  0.973717388061E-01
 130.60000  0.884285131991E-01
 130.70000  0.852131932864E-01
 130.80000  0.842628299409E-01
 130.90000  0.776214776417E-01
 131.00000  0.695359604827E-01
 131.10000  0.683437875499E-01
 131.20000  0.707229990781E-01
 131.30000  0.684410284206E-01
 131.40000  0.650235975600E-01
 131.50000  0.686424593389E-01
 131.60000  0.760907108916E-01
 131.70000  0.785417004157E-01
 131.80000  0.788554964564E-01
 131.90000  0.854533109663E-01
 132.00000  0.952668369135E-01
 132.10000  0.988351327590E-01
 132.20000  0.987067181954E-01
 132.30000  0.103733528162E+00
 132.40000  0.111002080482E+00
 132.50000  0.110982781978E+00
 132.60000  0.106365263033E+00
 132.70000  0.106083449474E+00
 132.80000  0.107675567656E+00
 132.90000  0.102928105965E+00
 133.00000  0.948168772944E-01
 133.10000  0.910378797917E-01
 133.20000  0.896316168142E-01
 133.30000  0.850372260127E-01
 133.40000  0.800552103593E-01
 133.50000  0.792696186930E-01
 133.60000  0.809579053486E-01
 133.70000  0.829319304368E-01
 133.80000  0.869865304740E-01
 133.90000  0.931147924447E-01
 134.00000  0.995270783283E-01
 134.10000  0.107463984502E+00
 134.20000  0.117515821241E+00
 134.30000  0.125448663354E+00
 134.40000  0.129836447771E+00
 134.50000  0.135202431090E+00
 134.60000  0.141689689103E+00
 134.70000  0.142754826867E+00
 134.80000  0.137914758972E+00
 134.90000  0.134169304401E+00
 135.00000  0.131945391078E+00
 135.10000  0.124220243268E+00
 135.20000  0.111295629243E+00
 135.30000  0.101269384564E+00
 135.40000  0.949717298532E-01
 135.50000  0.854822591586E-01
 135.60000  0.729551431924E-01
 135.70000  0.654348431130E-01
 135.80000  0.639416107570E-01
 135.90000  0.611373975807E-01
 136.00000  0.561868829662E-01
 136.10000  0.571617184905E-01
 136.20000  0.653553373058E-01
 136.30000  0.720973878409E-01
 136.40000  0.752476433751E-01
 136.50000  0.837788144809E-01
 136.60000  0.994154933340E-01
 136.70000  0.111451440247E+00
 136.80000  0.116614105612E+00
 136.90000  0.125467045070E+00
 137.00000  0.140228137808E+00
 137.10000  0.148492055842E+00
 137.20000  0.146691606396E+00
 137.30000  0.146954080643E+00
 137.40000  0.152060093485E+00
 137.50000  0.149713164226E+00
 137.60000  0.137287628990E+00
 137.70000  0.127237422088E+00
 137.80000  0.122472455785E+00
 137.90000  0.112926086055E+00
 138.00000  0.975177536481E-01
 138.10000  0.865476594770E-01
 138.20000  0.818292815643E-01
 138.30000  0.767099637855E-01
 138.40000  0.711859216819E-01
 138.50000  0.708214497892E-01
 138.60000  0.751193063236E-01
 138.70000  0.809610119923E-01
 138.80000  0.887922362802E-01
 138.90000  0.989184745036E-01
 139.00000  0.108852155984E+00
 139.10000  0.118849887713E+00
 139.20000  0.129926154414E+00
 139.30000  0.139108330453E+00
 139.40000  0.143538667718E+00
 139.50000  0.146230743240E+00
 139.60000  0.148979049232E+00
 139.70000  0.148113850363E+00
 139.80000  0.141557716082E+00
 139.90000  0.133592588440E+00
 140.00000  0.126456895950E+00
 140.10000  0.117114189960E+00
 140.20000  0.104058395490E+00
 140.30000  0.914705464498E-01
 140.40000  0.818238214717E-01
 140.50000  0.725628751675E-01
 140.60000  0.616810153933E-01
 140.70000  0.531359119218E-01
 140.80000  0.501918216715E-01
 140.90000  0.496601120115E-01
 141.00000  0.477022111499E-01
 141.10000  0.489961385798E-01
 141.20000  0.584142320154E-01
 141.30000  0.704880991175E-01
 141.40000  0.783092224599E-01
 141.50000  0.881966960473E-01
 141.60000  0.106984173090E+00
 141.70000  0.125991580829E+00
 141.80000  0.135253299818E+00
 141.90000  0.143325597916E+00
 142.00000  0.159030667089E+00
 142.10000  0.171500843605E+00
 142.20000  0.169602930803E+00
 142.30000  0.164139577023E+00
 142.40000  0.165409368437E+00
 142.50000  0.162763092714E+00
 142.60000  0.146467572242E+00
 142.70000  0.128188871180E+00
 142.80000  0.117895552411E+00
 142.90000  0.106872407760E+00
 143.00000  0.879480382747E-01
 143.10000  0.708899632260E-01
 143.20000  0.628371915803E-01
 143.30000  0.573132632331E-01
 143.40000  0.493927816938E-01
 143.50000  0.449923767997E-01
 143.60000  0.475270128238E-01
 143.70000  0.526690833299E-01
 143.80000  0.571080874818E-01
 143.90000  0.633853836119E-01
 144.00000  0.727628088132E-01
 144.10000  0.828676858996E-01
 144.20000  0.911899398453E-01
 144.30000  0.988083896179E-01
 144.40000  0.107134558612E+00
 144.50000  0.114847571376E+00
 144.60000  0.119057526129E+00
 144.70000  0.120969903405E+00
 144.80000  0.123358956256E+00
 144.90000  0.124797508630E+00
 145.00000  0.121474364741E+00
 145.10000  0.115458129208E+00
 145.20000  0.110632650833E+00
 145.30000  0.105195560607E+00
 145.40000  0.955403421125E-01
 145.50000  0.846237674081E-01
 145.60000  0.759655123650E-01
 145.70000  0.680372271062E-01
 145.80000  0.594697942083E-01
 145.90000  0.530491401446E-01
 146.00000  0.493178952130E-01
 146.10000  0.473751746303E-01
 146.20000  0.492935242701E-01
 146.30000  0.558813068419E-01
 146.40000  0.624235430953E-01
 146.50000  0.687468700964E-01
 146.60000  0.806256492501E-01
 146.70000  0.962584466986E-01
 146.80000  0.106056035664E+00
 146.90000  0.111226413146E+00
 147.00000  0.120971250013E+00
 147.10000  0.132128024459E+00
 147.20000  0.133190896418E+00
 147.30000  0.127258725021E+00
 147.40000  0.125518660974E+00
 147.50000  0.124944127321E+00
 147.60000  0.115056567605E+00
 147.70000  0.999350425425E-01
 147.80000  0.900776911663E-01
 147.90000  0.830262579844E-01
 148.00000  0.704979077123E-01
 148.10000  0.558526953258E-01
 148.20000  0.469886701006E-01
 148.30000  0.420514799031E-01
 148.40000  0.346486527742E-01
 148.50000  0.266123061071E-01
 148.60000  0.238395913895E-01
 148.70000  0.253986162023E-01
 148.80000  0.255014469523E-01
 148.90000  0.246857669054E-01
 149.00000  0.290671564050E-01
 149.10000  0.385832232752E-01
 149.20000  0.459073466586E-01
 149.30000  0.505361805151E-01
 149.40000  0.605754811976E-01
 149.50000  0.761194687941E-01
 149.60000  0.866361575443E-01
 149.70000  0.909558695292E-01
 149.80000  0.998376005866E-01
 149.90000  0.113244501923E+00
 150.00000  0.118161473611E+00
 150.10000  0.113823061987E+00
 150.20000  0.113154227226E+00
 150.30000  0.116362258519E+00
 150.40000  0.110624402044E+00
 150.50000  0.964093519738E-01
 150.60000  0.866728979940E-01
 150.70000  0.817520079984E-01
 150.80000  0.713549699059E-01
 150.90000  0.566809733785E-01
 151.00000  0.476191519952E-01
 151.10000  0.438713508460E-01
 151.20000  0.385391229202E-01
 151.30000  0.324572763058E-01
 151.40000  0.308261209295E-01
 151.50000  0.326578508455E-01
 151.60000  0.342990053254E-01
 151.70000  0.358856662798E-01
 151.80000  0.392222159802E-01
 151.90000  0.436693761194E-01
 152.00000  0.477537902374E-01
 152.10000  0.510447924901E-01
 152.20000  0.546185980358E-01
 152.30000  0.589175034681E-01
 152.40000  0.625393379149E-01
 152.50000  0.642598592046E-01
 152.60000  0.663011992288E-01
 152.70000  0.699275159400E-01
 152.80000  0.720519310962E-01
 152.90000  0.706858476135E-01
 153.00000  0.697644309935E-01
 153.10000  0.708608793640E-01
 153.20000  0.695401562395E-01
 153.30000  0.640804515969E-01
 153.40000  0.594630737986E-01
 153.50000  0.570227891684E-01
 153.60000  0.529590545571E-01
 153.70000  0.469409647396E-01
 153.80000  0.428951281991E-01
 153.90000  0.408018806680E-01
 154.00000  0.392003252815E-01
 154.10000  0.392655962053E-01
 154.20000  0.413909304982E-01
 154.30000  0.432030213632E-01
 154.40000  0.463015315105E-01
 154.50000  0.530066801571E-01
 154.60000  0.595912708641E-01
 154.70000  0.618797499685E-01
 154.80000  0.645324114635E-01
 154.90000  0.708117136622E-01
 155.00000  0.747037762907E-01
 155.10000  0.719659210235E-01
 155.20000  0.692207930402E-01
 155.30000  0.700496920105E-01
 155.40000  0.685232250413E-01
 155.50000  0.614716418168E-01
 155.60000  0.552618578681E-01
 155.70000  0.526493406206E-01
 155.80000  0.490999952963E-01
 155.90000  0.424283534527E-01
 156.00000  0.370549255292E-01
 156.10000  0.346069837823E-01
 156.20000  0.322058746266E-01
 156.30000  0.279941756466E-01
 156.40000  0.247927936248E-01
 156.50000  0.243365973846E-01
 156.60000  0.247097667843E-01
 156.70000  0.232845674007E-01
 156.80000  0.228924079232E-01
 156.90000  0.268751739744E-01
 157.00000  0.325038029949E-01
 157.10000  0.348222653118E-01
 157.20000  0.379588534396E-01
 157.30000  0.474528065228E-01
 157.40000  0.580915160087E-01
 157.50000  0.618755143449E-01
 157.60000  0.648880895838E-01
 157.70000  0.747719240842E-01
 157.80000  0.840038994118E-01
 157.90000  0.828313253848E-01
 158.00000  0.793477297291E-01
 158.10000  0.826161989483E-01
 158.20000  0.845541411761E-01
 158.30000  0.758660640898E-01
 158.40000  0.654844076169E-01
 158.50000  0.622322416097E-01
 158.60000  0.589971388930E-01
 158.70000  0.481756205668E-01
 158.80000  0.374674184408E-01
 158.90000  0.337290226782E-01
 159.00000  0.314280212520E-01
 159.10000  0.245742876989E-01
 159.20000  0.184864300621E-01
 159.30000  0.181067549640E-01
 159.40000  0.195925379980E-01
 159.50000  0.176828824214E-01
 159.60000  0.159821984003E-01
 159.70000  0.194318856263E-01
 159.80000  0.252905991897E-01
 159.90000  0.273276207296E-01
 160.00000  0.287369909931E-01
 160.10000  0.363690211797E-01
 160.20000  0.471108107843E-01
 160.30000  0.518747948990E-01
 160.40000  0.543276223302E-01
 160.50000  0.639619836469E-01
 160.60000  0.762300835637E-01
 160.70000  0.790053627475E-01
 160.80000  0.770763948696E-01
 160.90000  0.822229384664E-01
 161.00000  0.889984596458E-01
 161.10000  0.844247092797E-01
 161.20000  0.745697966123E-01
 161.30000  0.718622018282E-01
 161.40000  0.711861729678E-01
 161.50000  0.613756325400E-01
 161.60000  0.486094669649E-01
 161.70000  0.432029319854E-01
 161.80000  0.409478694405E-01
 161.90000  0.337393337145E-01
 162.00000  0.260794380630E-01
 162.10000  0.243305855985E-01
 162.20000  0.254388173503E-01
 162.30000  0.241617495598E-01
 162.40000  0.227672292382E-01
 162.50000  0.247423720358E-01
 162.60000  0.286256226183E-01
 162.70000  0.306591952546E-01
 162.80000  0.316817268143E-01
 162.90000  0.353161327587E-01
 163.00000  0.414603861758E-01
 163.10000  0.452117924650E-01
 163.20000  0.467220397991E-01
 163.30000  0.521267997331E-01
 163.40000  0.614343182941E-01
 163.50000  0.661987255324E-01
 163.60000  0.663536008769E-01
 163.70000  0.712684147981E-01
 163.80000  0.802265645908E-01
 163.90000  0.815821320785E-01
 164.00000  0.759814749892E-01
 164.10000  0.751733351075E-01
 164.20000  0.780364013935E-01
 164.30000  0.728364032688E-01
 164.40000  0.615954288071E-01
 164.50000  0.556886218926E-01
 164.60000  0.538271253116E-01
 164.70000  0.473327921213E-01
 164.80000  0.387805576939E-01
 164.90000  0.354284912522E-01
 165.00000  0.354616758422E-01
 165.10000  0.346161337200E-01
 165.20000  0.346391424030E-01
 165.30000  0.370589339520E-01
 165.40000  0.399301745640E-01
 165.50000  0.431455718017E-01
 165.60000  0.473267269737E-01
 165.70000  0.505654117559E-01
 165.80000  0.521626720560E-01
 165.90000  0.541824884710E-01
 166.00000  0.563497211317E-01
 166.10000  0.573231963460E-01
 166.20000  0.581802860054E-01
 166.30000  0.594473229554E-01
 166.40000  0.595599363935E-01
 166.50000  0.604104416067E-01
 166.60000  0.639462787433E-01
 166.70000  0.662463286350E-01
 166.80000  0.644996915980E-01
 166.90000  0.644742356706E-01
 167.00000  0.681401758379E-01
 167.10000  0.680423557737E-01
 167.20000  0.617831192797E-01
 167.30000  0.576555439672E-01
 167.40000  0.571712839150E-01
 167.50000  0.532696963561E-01
 167.60000  0.456761721752E-01
 167.70000  0.414119202962E-01
 167.80000  0.402237269357E-01
 167.90000  0.389156615177E-01
 168.00000  0.392619198114E-01
 168.10000  0.425380387045E-01
 168.20000  0.454236101479E-01
 168.30000  0.500607118394E-01
 168.40000  0.593633010264E-01
 168.50000  0.677965094853E-01
 168.60000  0.700832355052E-01
 168.70000  0.734603427688E-01
 168.80000  0.814495020318E-01
 168.90000  0.852682233983E-01
 169.00000  0.806851225026E-01
 169.10000  0.773670158973E-01
 169.20000  0.781803115181E-01
 169.30000  0.758066470807E-01
 169.40000  0.687930239374E-01
 169.50000  0.643152811767E-01
 169.60000  0.623684027354E-01
 169.70000  0.598109162833E-01
 169.80000  0.575422185007E-01
 169.90000  0.568463601672E-01
 170.00000  0.545500007625E-01
 170.10000  0.523282486752E-01
 170.20000  0.523400852679E-01
 170.30000  0.515281490693E-01
 170.40000  0.466485001799E-01
 170.50000  0.425694591465E-01
 170.60000  0.407710184809E-01
 170.70000  0.384956676917E-01
 170.80000  0.359736274209E-01
 170.90000  0.365638698208E-01
 171.00000  0.375013717561E-01
 171.10000  0.399907226571E-01
 171.20000  0.489037553564E-01
 171.30000  0.609369147608E-01
 171.40000  0.666545841855E-01
 171.50000  0.729502467798E-01
 171.60000  0.888864306963E-01
 171.70000  0.103885102540E+00
 171.80000  0.104171138458E+00
 171.90000  0.102453128059E+00
 172.00000  0.110536765032E+00
 172.10000  0.114982282023E+00
 172.20000  0.103093218780E+00
 172.30000  0.903402510410E-01
 172.40000  0.874257244412E-01
 172.50000  0.828947303218E-01
 172.60000  0.687400480745E-01
 172.70000  0.572267830599E-01
 172.80000  0.531876156594E-01
 172.90000  0.497017336160E-01
 173.00000  0.438237992828E-01
 173.10000  0.407860397130E-01
 173.20000  0.391289396874E-01
 173.30000  0.374529575734E-01
 173.40000  0.362063662303E-01
 173.50000  0.355601117672E-01
 173.60000  0.332461983087E-01
 173.70000  0.320268737105E-01
 173.80000  0.312757203197E-01
 173.90000  0.308735134836E-01
 174.00000  0.341667642778E-01
 174.10000  0.428287094931E-01
 174.20000  0.481553670991E-01
 174.30000  0.531040479413E-01
 174.40000  0.697348612735E-01
 174.50000  0.930049919020E-01
 174.60000  0.102363836645E+00
 174.70000  0.106001062780E+00
 174.80000  0.124661758704E+00
 174.90000  0.146423616209E+00
 175.00000  0.143501947552E+00
 175.10000  0.130442217323E+00
 175.20000  0.133075589337E+00
 175.30000  0.137308732638E+00
 175.40000  0.117567651147E+00
 175.50000  0.916743330913E-01
 175.60000  0.819162487107E-01
 175.70000  0.761022758951E-01
 175.80000  0.576742182621E-01
 175.90000  0.406698578573E-01
 176.00000  0.349546250027E-01
 176.10000  0.324080106531E-01
 176.20000  0.271896559374E-01
 176.30000  0.252583026151E-01
 176.40000  0.243756829073E-01
 176.50000  0.228665173420E-01
 176.60000  0.222793967942E-01
 176.70000  0.226950530125E-01
 176.80000  0.209742093220E-01
 176.90000  0.220082651939E-01
 177.00000  0.239923315899E-01
 177.10000  0.250637139941E-01
 177.20000  0.346234098085E-01
 177.30000  0.582661125127E-01
 177.40000  0.748436599215E-01
 177.50000  0.825811520440E-01
 177.60000  0.111865830919E+00
 177.70000  0.161793085428E+00
 177.80000  0.183348044591E+00
 177.90000  0.178540101984E+00
 178.00000  0.200548309607E+00
 178.10000  0.241285499791E+00
 178.20000  0.233798897290E+00
 178.30000  0.189962608490E+00
 178.40000  0.176299687945E+00
 178.50000  0.181048601957E+00
 178.60000  0.143164423372E+00
 178.70000  0.852495634846E-01
 178.80000  0.603851867662E-01
 178.90000  0.523740284089E-01
 179.00000  0.322001713612E-01
 179.10000  0.262086979766E-01
 179.20000  0.366838257074E-01
 179.30000  0.387041965107E-01
 179.40000  0.613796532692E-01
 179.50000  0.131799310020E+00
 179.60000  0.169362149989E+00
 179.70000  0.135426458709E+00
 179.80000  0.154845479804E+00
 179.90000  0.301218293144E+00
 180.00000  0.420945645338E+00

