 # E =    3.2497598253551967       eV =    26213.000000000000       1/cm
 #  1801
# DFFCSO.  ACCUM LEV(I),J(I) =  1  0 LEV(F),J(F) =  1  0       , M =  0, WEIGHTED BY  1.00000
   0.10000  0.412113697523E+07
   0.20000  0.654922998243E+06
   0.30000  0.372746094018E+05
   0.40000  0.797151071617E+05
   0.50000  0.211972208207E+05
   0.60000  0.684095340016E+04
   0.70000  0.130706770685E+05
   0.80000  0.222995523791E+04
   0.90000  0.336597160087E+04
   1.00000  0.371310345077E+04
   1.10000  0.323465589681E+04
   1.20000  0.271130786216E+04
   1.30000  0.191672583841E+04
   1.40000  0.139625581140E+04
   1.50000  0.133984274965E+04
   1.60000  0.863190334970E+03
   1.70000  0.741662028848E+03
   1.80000  0.825409509230E+03
   1.90000  0.909520296543E+03
   2.00000  0.789834169825E+03
   2.10000  0.668679807868E+03
   2.20000  0.641628843711E+03
   2.30000  0.648747786125E+03
   2.40000  0.845831727936E+03
   2.50000  0.593192667330E+03
   2.60000  0.328591882803E+03
   2.70000  0.298066982930E+03
   2.80000  0.363866625509E+03
   2.90000  0.327989033329E+03
   3.00000  0.209100353027E+03
   3.10000  0.137333918082E+03
   3.20000  0.111520641143E+03
   3.30000  0.160798580675E+03
   3.40000  0.118248258338E+03
   3.50000  0.868649824209E+02
   3.60000  0.806571337576E+02
   3.70000  0.994799837419E+02
   3.80000  0.124545840879E+03
   3.90000  0.110076793656E+03
   4.00000  0.651095758958E+02
   4.10000  0.553943299517E+02
   4.20000  0.986530678688E+02
   4.30000  0.123734643932E+03
   4.40000  0.147026338004E+03
   4.50000  0.888092864750E+02
   4.60000  0.579583276432E+02
   4.70000  0.568016280895E+02
   4.80000  0.904433405447E+02
   4.90000  0.116708477752E+03
   5.00000  0.115869209566E+03
   5.10000  0.745775166748E+02
   5.20000  0.575562391456E+02
   5.30000  0.548996539991E+02
   5.40000  0.690256323577E+02
   5.50000  0.865377605900E+02
   5.60000  0.733589945172E+02
   5.70000  0.654634446027E+02
   5.80000  0.534632776196E+02
   5.90000  0.512704665145E+02
   6.00000  0.511531152389E+02
   6.10000  0.515036392652E+02
   6.20000  0.439171031885E+02
   6.30000  0.487232408989E+02
   6.40000  0.398592284205E+02
   6.50000  0.399384985570E+02
   6.60000  0.319877471594E+02
   6.70000  0.283188675372E+02
   6.80000  0.299703265994E+02
   6.90000  0.319433248436E+02
   7.00000  0.286784337076E+02
   7.10000  0.245811488957E+02
   7.20000  0.166284065465E+02
   7.30000  0.161262790423E+02
   7.40000  0.216635296747E+02
   7.50000  0.213266412785E+02
   7.60000  0.210622344621E+02
   7.70000  0.116734285609E+02
   7.80000  0.735096241650E+01
   7.90000  0.825923258408E+01
   8.00000  0.136335294843E+02
   8.10000  0.156034815578E+02
   8.20000  0.147134365485E+02
   8.30000  0.653945300957E+01
   8.40000  0.362205548299E+01
   8.50000  0.362182999942E+01
   8.60000  0.711596358766E+01
   8.70000  0.104748801151E+02
   8.80000  0.879368639963E+01
   8.90000  0.533224766688E+01
   9.00000  0.239592160899E+01
   9.10000  0.155451697787E+01
   9.20000  0.298092848862E+01
   9.30000  0.484631830844E+01
   9.40000  0.424311615994E+01
   9.50000  0.424275005373E+01
   9.60000  0.211367424711E+01
   9.70000  0.177822095427E+01
   9.80000  0.116231415251E+01
   9.90000  0.125233937871E+01
  10.00000  0.158846568804E+01
  10.10000  0.243011136941E+01
  10.20000  0.219474407264E+01
  10.30000  0.252723756780E+01
  10.40000  0.100748682130E+01
  10.50000  0.519132409173E+00
  10.60000  0.366913815441E+00
  10.70000  0.802074879481E+00
  10.80000  0.189296291680E+01
  10.90000  0.198687396370E+01
  11.00000  0.141230427472E+01
  11.10000  0.703020863825E+00
  11.20000  0.714298320349E-01
  11.30000  0.125693920609E+00
  11.40000  0.843572882742E+00
  11.50000  0.777539180810E+00
  11.60000  0.112201919596E+01
  11.70000  0.516951391814E+00
  11.80000  0.357723162033E+00
  11.90000  0.161464707108E+00
  12.00000  0.134269844326E+00
  12.10000  0.103334274688E+00
  12.20000  0.247380675816E+00
  12.30000  0.251497819542E+00
  12.40000  0.587746483161E+00
  12.50000  0.531981577533E+00
  12.60000  0.535658021314E+00
  12.70000  0.182765546713E+00
  12.80000  0.455337073432E-01
  12.90000  0.114952908312E+00
  13.00000  0.455226406137E+00
  13.10000  0.776023112421E+00
  13.20000  0.952632977906E+00
  13.30000  0.602903134357E+00
  13.40000  0.431940809884E+00
  13.50000  0.841898267171E-01
  13.60000  0.241701924552E+00
  13.70000  0.476060208382E+00
  13.80000  0.629441143416E+00
  13.90000  0.661181175099E+00
  14.00000  0.441808088828E+00
  14.10000  0.167758281555E+00
  14.20000  0.747248634760E-01
  14.30000  0.532719931874E-01
  14.40000  0.114747221759E+00
  14.50000  0.213402964348E+00
  14.60000  0.130754312298E+00
  14.70000  0.119248431360E+00
  14.80000  0.530853030514E-01
  14.90000  0.382527216139E-01
  15.00000  0.389693588131E-01
  15.10000  0.310564096848E-01
  15.20000  0.605834963490E-02
  15.30000  0.197902296682E-02
  15.40000  0.999204316288E-01
  15.50000  0.120926853848E+00
  15.60000  0.289329822289E+00
  15.70000  0.243161218247E+00
  15.80000  0.240491429029E+00
  15.90000  0.163202404475E+00
  16.00000  0.121457742077E+00
  16.10000  0.140982334404E+00
  16.20000  0.282073268781E+00
  16.30000  0.301447042612E+00
  16.40000  0.465412091230E+00
  16.50000  0.365075073839E+00
  16.60000  0.351638436836E+00
  16.70000  0.277537707578E+00
  16.80000  0.210863003658E+00
  16.90000  0.300149246450E+00
  17.00000  0.361326200711E+00
  17.10000  0.452257564290E+00
  17.20000  0.562958269740E+00
  17.30000  0.485837537956E+00
  17.40000  0.486789705240E+00
  17.50000  0.423771910742E+00
  17.60000  0.358785162083E+00
  17.70000  0.517969198704E+00
  17.80000  0.485990719593E+00
  17.90000  0.652927436322E+00
  18.00000  0.612217810073E+00
  18.10000  0.557456189623E+00
  18.20000  0.486502634034E+00
  18.30000  0.428397841529E+00
  18.40000  0.361258542758E+00
  18.50000  0.489872439016E+00
  18.60000  0.374954491460E+00
  18.70000  0.489135427876E+00
  18.80000  0.324472190165E+00
  18.90000  0.290505155935E+00
  19.00000  0.194166980117E+00
  19.10000  0.152597646444E+00
  19.20000  0.130930390768E+00
  19.30000  0.165820774114E+00
  19.40000  0.117875491041E+00
  19.50000  0.179927116031E+00
  19.60000  0.941788881836E-01
  19.70000  0.140732864444E+00
  19.80000  0.698030208777E-01
  19.90000  0.943465156450E-01
  20.00000  0.899558951220E-01
  20.10000  0.133539856670E+00
  20.20000  0.193994570628E+00
  20.30000  0.277446974525E+00
  20.40000  0.270813011350E+00
  20.50000  0.338551989840E+00
  20.60000  0.211967900408E+00
  20.70000  0.262126625484E+00
  20.80000  0.197613326704E+00
  20.90000  0.271717375539E+00
  21.00000  0.325932241047E+00
  21.10000  0.361396620504E+00
  21.20000  0.334014704898E+00
  21.30000  0.298884384876E+00
  21.40000  0.160525739134E+00
  21.50000  0.154908521354E+00
  21.60000  0.842594533426E-01
  21.70000  0.120743397871E+00
  21.80000  0.127650326765E+00
  21.90000  0.120541003756E+00
  22.00000  0.105396000563E+00
  22.10000  0.729690502010E-01
  22.20000  0.486477927119E-01
  22.30000  0.367097457553E-01
  22.40000  0.235961795727E-01
  22.50000  0.317923868758E-01
  22.60000  0.242860501723E-01
  22.70000  0.111415521915E+00
  22.80000  0.147376659539E+00
  22.90000  0.293874398994E+00
  23.00000  0.336965882801E+00
  23.10000  0.375239091064E+00
  23.20000  0.351239249043E+00
  23.30000  0.328680390979E+00
  23.40000  0.315275831180E+00
  23.50000  0.482003154104E+00
  23.60000  0.535278087876E+00
  23.70000  0.802507798148E+00
  23.80000  0.782947638386E+00
  23.90000  0.827727915125E+00
  24.00000  0.708842927643E+00
  24.10000  0.616921836056E+00
  24.20000  0.589878963704E+00
  24.30000  0.691965108534E+00
  24.40000  0.751828881234E+00
  24.50000  0.969332884816E+00
  24.60000  0.888291723519E+00
  24.70000  0.910756370280E+00
  24.80000  0.714758250456E+00
  24.90000  0.593080240389E+00
  25.00000  0.539490212780E+00
  25.10000  0.537581177703E+00
  25.20000  0.619288892124E+00
  25.30000  0.725901875787E+00
  25.40000  0.689318986352E+00
  25.50000  0.710857777167E+00
  25.60000  0.527282094700E+00
  25.70000  0.454150606324E+00
  25.80000  0.356010318324E+00
  25.90000  0.327371492027E+00
  26.00000  0.403431169790E+00
  26.10000  0.452297434936E+00
  26.20000  0.523874490262E+00
  26.30000  0.561158958334E+00
  26.40000  0.480440903906E+00
  26.50000  0.465907452647E+00
  26.60000  0.337237182028E+00
  26.70000  0.338405470499E+00
  26.80000  0.356627923395E+00
  26.90000  0.422511448663E+00
  27.00000  0.567243172070E+00
  27.10000  0.626852130831E+00
  27.20000  0.675221566446E+00
  27.30000  0.658855203835E+00
  27.40000  0.546637967623E+00
  27.50000  0.537510199300E+00
  27.60000  0.483472955652E+00
  27.70000  0.571613818680E+00
  27.80000  0.697669977733E+00
  27.90000  0.770460485396E+00
  28.00000  0.876431238259E+00
  28.10000  0.803341784341E+00
  28.20000  0.731088532131E+00
  28.30000  0.634549656789E+00
  28.40000  0.543793741169E+00
  28.50000  0.585944351837E+00
  28.60000  0.633838054695E+00
  28.70000  0.697583650125E+00
  28.80000  0.766174719513E+00
  28.90000  0.670309792952E+00
  29.00000  0.626995277018E+00
  29.10000  0.465791436287E+00
  29.20000  0.392788018426E+00
  29.30000  0.355721870009E+00
  29.40000  0.355231126479E+00
  29.50000  0.404059731497E+00
  29.60000  0.428641194241E+00
  29.70000  0.406851085971E+00
  29.80000  0.388892142034E+00
  29.90000  0.285697647196E+00
  30.00000  0.253242321801E+00
  30.10000  0.183472898695E+00
  30.20000  0.190712377996E+00
  30.30000  0.218355550427E+00
  30.40000  0.257660120077E+00
  30.50000  0.325916596564E+00
  30.60000  0.340943797743E+00
  30.70000  0.348645341426E+00
  30.80000  0.323558147659E+00
  30.90000  0.264838808772E+00
  31.00000  0.265134315376E+00
  31.10000  0.245013384607E+00
  31.20000  0.307458600648E+00
  31.30000  0.367839103143E+00
  31.40000  0.409935755151E+00
  31.50000  0.450971981158E+00
  31.60000  0.405130914278E+00
  31.70000  0.359440518303E+00
  31.80000  0.307151951947E+00
  31.90000  0.247688177928E+00
  32.00000  0.279756867506E+00
  32.10000  0.274935291716E+00
  32.20000  0.329503432859E+00
  32.30000  0.339501292173E+00
  32.40000  0.317467426155E+00
  32.50000  0.293894399691E+00
  32.60000  0.223799291230E+00
  32.70000  0.187342915653E+00
  32.80000  0.164702069057E+00
  32.90000  0.152023455455E+00
  33.00000  0.201215142030E+00
  33.10000  0.215260471417E+00
  33.20000  0.274392283141E+00
  33.30000  0.293867067782E+00
  33.40000  0.294625819997E+00
  33.50000  0.304976039669E+00
  33.60000  0.262722644464E+00
  33.70000  0.283118606174E+00
  33.80000  0.295704143200E+00
  33.90000  0.348406187050E+00
  34.00000  0.450751339440E+00
  34.10000  0.500809153546E+00
  34.20000  0.582925174174E+00
  34.30000  0.584517451587E+00
  34.40000  0.559648034795E+00
  34.50000  0.551808285856E+00
  34.60000  0.508443923686E+00
  34.70000  0.550650623938E+00
  34.80000  0.598541625222E+00
  34.90000  0.641094545310E+00
  35.00000  0.720113672804E+00
  35.10000  0.678959650287E+00
  35.20000  0.673512233225E+00
  35.30000  0.589501215354E+00
  35.40000  0.523101346548E+00
  35.50000  0.496367541443E+00
  35.60000  0.467915176490E+00
  35.70000  0.484392838952E+00
  35.80000  0.502743525604E+00
  35.90000  0.470351009103E+00
  36.00000  0.472678983858E+00
  36.10000  0.383555680011E+00
  36.20000  0.350947902130E+00
  36.30000  0.283920666511E+00
  36.40000  0.250958668526E+00
  36.50000  0.246713873563E+00
  36.60000  0.237892600787E+00
  36.70000  0.260708008857E+00
  36.80000  0.270089258217E+00
  36.90000  0.272099672078E+00
  37.00000  0.284824970985E+00
  37.10000  0.259579824630E+00
  37.20000  0.269615110295E+00
  37.30000  0.254775005229E+00
  37.40000  0.267362260128E+00
  37.50000  0.303190232617E+00
  37.60000  0.323266247651E+00
  37.70000  0.395112990465E+00
  37.80000  0.417476721126E+00
  37.90000  0.461680946280E+00
  38.00000  0.480951743096E+00
  38.10000  0.470501856791E+00
  38.20000  0.490440117613E+00
  38.30000  0.476935213561E+00
  38.40000  0.497014589192E+00
  38.50000  0.532450334767E+00
  38.60000  0.539915925007E+00
  38.70000  0.595213172692E+00
  38.80000  0.585211992004E+00
  38.90000  0.593146941910E+00
  39.00000  0.580824173246E+00
  39.10000  0.534655763721E+00
  39.20000  0.532377964922E+00
  39.30000  0.491339232593E+00
  39.40000  0.488440973243E+00
  39.50000  0.491091759851E+00
  39.60000  0.470728894998E+00
  39.70000  0.487507513973E+00
  39.80000  0.453175415223E+00
  39.90000  0.436765251439E+00
  40.00000  0.408621692280E+00
  40.10000  0.359979743987E+00
  40.20000  0.349287879433E+00
  40.30000  0.311558991504E+00
  40.40000  0.308888644123E+00
  40.50000  0.310135310274E+00
  40.60000  0.299153484025E+00
  40.70000  0.322444815632E+00
  40.80000  0.299782081894E+00
  40.90000  0.309374437048E+00
  41.00000  0.288701983672E+00
  41.10000  0.273800410283E+00
  41.20000  0.271166809704E+00
  41.30000  0.257893746941E+00
  41.40000  0.272421091982E+00
  41.50000  0.291082741003E+00
  41.60000  0.301359096948E+00
  41.70000  0.345620987909E+00
  41.80000  0.332185808341E+00
  41.90000  0.363928273336E+00
  42.00000  0.337056321585E+00
  42.10000  0.336930488611E+00
  42.20000  0.328663930325E+00
  42.30000  0.322998474737E+00
  42.40000  0.342208286314E+00
  42.50000  0.363746679386E+00
  42.60000  0.376035167136E+00
  42.70000  0.415670076337E+00
  42.80000  0.388224198517E+00
  42.90000  0.410519617395E+00
  43.00000  0.362952510951E+00
  43.10000  0.358818635508E+00
  43.20000  0.339491533068E+00
  43.30000  0.335242849418E+00
  43.40000  0.351649973606E+00
  43.50000  0.367464298039E+00
  43.60000  0.373990509781E+00
  43.70000  0.399062707929E+00
  43.80000  0.362276551910E+00
  43.90000  0.377348812440E+00
  44.00000  0.324216320741E+00
  44.10000  0.329647501307E+00
  44.20000  0.310563051996E+00
  44.30000  0.320711038767E+00
  44.40000  0.340674957034E+00
  44.50000  0.360989094550E+00
  44.60000  0.373277800469E+00
  44.70000  0.396131675617E+00
  44.80000  0.365870059735E+00
  44.90000  0.386610260515E+00
  45.00000  0.338490799390E+00
  45.10000  0.362526918829E+00
  45.20000  0.347292345820E+00
  45.30000  0.376683694117E+00
  45.40000  0.400163310462E+00
  45.50000  0.425198647312E+00
  45.60000  0.438805740613E+00
  45.70000  0.453780511747E+00
  45.80000  0.422388025430E+00
  45.90000  0.439664080090E+00
  46.00000  0.390242399040E+00
  46.10000  0.422108645557E+00
  46.20000  0.402541460515E+00
  46.30000  0.436132308024E+00
  46.40000  0.446538409699E+00
  46.50000  0.458400792971E+00
  46.60000  0.455397690099E+00
  46.70000  0.449214761727E+00
  46.80000  0.410328044186E+00
  46.90000  0.415717174594E+00
  47.00000  0.366374304106E+00
  47.10000  0.395019059590E+00
  47.20000  0.367303673660E+00
  47.30000  0.393947290371E+00
  47.40000  0.385640416865E+00
  47.50000  0.385059305820E+00
  47.60000  0.371799738367E+00
  47.70000  0.356233343190E+00
  47.80000  0.326991333713E+00
  47.90000  0.329435494451E+00
  48.00000  0.295485042074E+00
  48.10000  0.325123137566E+00
  48.20000  0.301455912794E+00
  48.30000  0.333211269157E+00
  48.40000  0.322973475984E+00
  48.50000  0.331882299946E+00
  48.60000  0.328160516801E+00
  48.70000  0.321793773942E+00
  48.80000  0.317052643304E+00
  48.90000  0.325698088892E+00
  49.00000  0.317105796616E+00
  49.10000  0.354575165089E+00
  49.20000  0.344134425009E+00
  49.30000  0.388627568501E+00
  49.40000  0.381923281756E+00
  49.50000  0.403322144431E+00
  49.60000  0.406090494863E+00
  49.70000  0.405660313346E+00
  49.80000  0.416250609956E+00
  49.90000  0.424374834360E+00
  50.00000  0.430384700212E+00
  50.10000  0.463847206694E+00
  50.20000  0.454045885942E+00
  50.30000  0.492622013182E+00
  50.40000  0.473801494668E+00
  50.50000  0.488721549602E+00
  50.60000  0.480585178186E+00
  50.70000  0.472659471997E+00
  50.80000  0.480489134139E+00
  50.90000  0.475080136521E+00
  51.00000  0.478448509628E+00
  51.10000  0.489565967634E+00
  51.20000  0.468881992390E+00
  51.30000  0.484187667429E+00
  51.40000  0.449826673523E+00
  51.50000  0.451069853257E+00
  51.60000  0.431098774911E+00
  51.70000  0.416531549630E+00
  51.80000  0.418701556830E+00
  51.90000  0.401106124187E+00
  52.00000  0.403272863767E+00
  52.10000  0.393725411316E+00
  52.20000  0.375395135937E+00
  52.30000  0.374063268624E+00
  52.40000  0.343994569430E+00
  52.50000  0.343164566206E+00
  52.60000  0.326952844032E+00
  52.70000  0.319112154297E+00
  52.80000  0.326581156123E+00
  52.90000  0.311052124776E+00
  53.00000  0.326071985977E+00
  53.10000  0.310326342585E+00
  53.20000  0.312675424782E+00
  53.30000  0.306168666059E+00
  53.40000  0.296090877862E+00
  53.50000  0.300250426360E+00
  53.60000  0.296718313374E+00
  53.70000  0.301283152915E+00
  53.80000  0.317851792867E+00
  53.90000  0.310510796082E+00
  54.00000  0.338639500526E+00
  54.10000  0.320028872616E+00
  54.20000  0.339983703661E+00
  54.30000  0.325416751395E+00
  54.40000  0.330515656490E+00
  54.50000  0.331936362563E+00
  54.60000  0.335175133729E+00
  54.70000  0.343592592756E+00
  54.80000  0.359253596475E+00
  54.90000  0.353145003809E+00
  55.00000  0.378750042397E+00
  55.10000  0.351755838069E+00
  55.20000  0.373021734639E+00
  55.30000  0.344344804075E+00
  55.40000  0.353559041414E+00
  55.50000  0.343841548109E+00
  55.60000  0.346878150471E+00
  55.70000  0.350296203965E+00
  55.80000  0.356800901412E+00
  55.90000  0.348204610116E+00
  56.00000  0.360880647429E+00
  56.10000  0.329397492430E+00
  56.20000  0.343957511149E+00
  56.30000  0.307618649411E+00
  56.40000  0.318783188584E+00
  56.50000  0.300960624394E+00
  56.60000  0.306428154929E+00
  56.70000  0.306437502229E+00
  56.80000  0.307936031926E+00
  56.90000  0.303840612399E+00
  57.00000  0.306627860612E+00
  57.10000  0.284212065490E+00
  57.20000  0.293551046129E+00
  57.30000  0.263406654413E+00
  57.40000  0.278776390603E+00
  57.50000  0.261944014367E+00
  57.60000  0.275592411521E+00
  57.70000  0.277926940747E+00
  57.80000  0.282362990940E+00
  57.90000  0.288922269783E+00
  58.00000  0.286716554790E+00
  58.10000  0.281023372886E+00
  58.20000  0.284063456596E+00
  58.30000  0.267650899353E+00
  58.40000  0.283434407611E+00
  58.50000  0.272535946723E+00
  58.60000  0.292767623896E+00
  58.70000  0.297654016461E+00
  58.80000  0.305750491428E+00
  58.90000  0.318840526651E+00
  59.00000  0.310520811484E+00
  59.10000  0.317024435189E+00
  59.20000  0.307948744931E+00
  59.30000  0.303963408474E+00
  59.40000  0.311131364336E+00
  59.50000  0.306303950845E+00
  59.60000  0.324861414683E+00
  59.70000  0.328643817698E+00
  59.80000  0.335877138361E+00
  59.90000  0.346825756023E+00
  60.00000  0.331045940465E+00
  60.10000  0.341163171946E+00
  60.20000  0.318025889630E+00
  60.30000  0.323049964589E+00
  60.40000  0.316156700916E+00
  60.50000  0.318166522055E+00
  60.60000  0.328439690155E+00
  60.70000  0.331057014846E+00
  60.80000  0.335462771783E+00
  60.90000  0.340644928057E+00
  61.00000  0.322137212090E+00
  61.10000  0.330820745345E+00
  61.20000  0.300156163726E+00
  61.30000  0.311909425650E+00
  61.40000  0.293500934290E+00
  61.50000  0.304728873025E+00
  61.60000  0.305984025320E+00
  61.70000  0.312085065319E+00
  61.80000  0.315534640042E+00
  61.90000  0.317194820266E+00
  62.00000  0.303648991209E+00
  62.10000  0.308531271214E+00
  62.20000  0.280602367473E+00
  62.30000  0.295121710424E+00
  62.40000  0.272594380445E+00
  62.50000  0.292493528088E+00
  62.60000  0.287583125129E+00
  62.70000  0.300801256821E+00
  62.80000  0.304640274578E+00
  62.90000  0.305664112272E+00
  63.00000  0.300904918373E+00
  63.10000  0.299223854013E+00
  63.20000  0.281226949232E+00
  63.30000  0.291118793204E+00
  63.40000  0.271943455194E+00
  63.50000  0.294153256377E+00
  63.60000  0.286677441529E+00
  63.70000  0.305363036435E+00
  63.80000  0.308516542406E+00
  63.90000  0.309684631206E+00
  64.00000  0.311796881364E+00
  64.10000  0.301418604413E+00
  64.20000  0.295096687339E+00
  64.30000  0.292969605084E+00
  64.40000  0.282469322020E+00
  64.50000  0.297660366712E+00
  64.60000  0.291753737154E+00
  64.70000  0.310238055856E+00
  64.80000  0.311761214813E+00
  64.90000  0.313013909222E+00
  65.00000  0.317614597863E+00
  65.10000  0.300173521727E+00
  65.20000  0.303026127396E+00
  65.30000  0.286703321056E+00
  65.40000  0.287206225615E+00
  65.50000  0.288719205419E+00
  65.60000  0.288917307268E+00
  65.70000  0.301377205856E+00
  65.80000  0.302873243109E+00
  65.90000  0.304609692038E+00
  66.00000  0.308352637351E+00
  66.10000  0.289628142500E+00
  66.20000  0.296575538031E+00
  66.30000  0.271020048643E+00
  66.40000  0.280637078498E+00
  66.50000  0.268200286768E+00
  66.60000  0.277076386389E+00
  66.70000  0.280371561346E+00
  66.80000  0.285002385001E+00
  66.90000  0.287499039538E+00
  67.00000  0.289208816224E+00
  67.10000  0.275885910567E+00
  67.20000  0.280830762040E+00
  67.30000  0.255525785055E+00
  67.40000  0.267744188454E+00
  67.50000  0.247473210853E+00
  67.60000  0.262786495751E+00
  67.70000  0.257614575656E+00
  67.80000  0.267062684221E+00
  67.90000  0.269705219029E+00
  68.00000  0.269939541531E+00
  68.10000  0.265744625069E+00
  68.20000  0.263951192543E+00
  68.30000  0.247944443223E+00
  68.40000  0.254090776333E+00
  68.50000  0.235496182789E+00
  68.60000  0.250118964856E+00
  68.70000  0.240919748457E+00
  68.80000  0.253338908427E+00
  68.90000  0.255258874047E+00
  69.00000  0.255474975480E+00
  69.10000  0.259547157347E+00
  69.20000  0.250277280226E+00
  69.30000  0.247727326544E+00
  69.40000  0.241841939725E+00
  69.50000  0.233208347867E+00
  69.60000  0.238810368293E+00
  69.70000  0.232075240282E+00
  69.80000  0.242626058159E+00
  69.90000  0.244027913629E+00
  70.00000  0.245558406856E+00
  70.10000  0.253642247495E+00
  70.20000  0.240976152275E+00
  70.30000  0.249248301460E+00
  70.40000  0.232245414791E+00
  70.50000  0.236191845017E+00
  70.60000  0.228557235927E+00
  70.70000  0.229406146461E+00
  70.80000  0.233041501386E+00
  70.90000  0.235471836280E+00
  71.00000  0.238502212026E+00
  71.10000  0.245771969194E+00
  71.20000  0.236360705011E+00
  71.30000  0.247676776054E+00
  71.40000  0.227571320579E+00
  71.50000  0.239254391543E+00
  71.60000  0.221718335060E+00
  71.70000  0.230342214953E+00
  71.80000  0.225275629919E+00
  71.90000  0.230198264148E+00
  72.00000  0.233520174248E+00
  72.10000  0.237239814543E+00
  72.20000  0.236116354830E+00
  72.30000  0.242192724572E+00
  72.40000  0.229618750520E+00
  72.50000  0.239385969471E+00
  72.60000  0.221718345400E+00
  72.70000  0.232450788605E+00
  72.80000  0.222106551702E+00
  72.90000  0.228915942778E+00
  73.00000  0.230946416963E+00
  73.10000  0.231429703098E+00
  73.20000  0.238685635556E+00
  73.30000  0.235833750388E+00
  73.40000  0.237306423138E+00
  73.50000  0.236943636167E+00
  73.60000  0.229626135770E+00
  73.70000  0.234229360286E+00
  73.80000  0.225838266288E+00
  73.90000  0.231272907932E+00
  74.00000  0.231621818897E+00
  74.10000  0.231033754300E+00
  74.20000  0.241763495822E+00
  74.30000  0.233060084590E+00
  74.40000  0.246388016045E+00
  74.50000  0.235073057068E+00
  74.60000  0.242198878705E+00
  74.70000  0.235862147719E+00
  74.80000  0.235826534517E+00
  74.90000  0.235924975996E+00
  75.00000  0.235973192797E+00
  75.10000  0.236060948035E+00
  75.20000  0.243741495723E+00
  75.30000  0.236471896658E+00
  75.40000  0.251883234464E+00
  75.50000  0.237276080779E+00
  75.60000  0.253115078067E+00
  75.70000  0.238923320597E+00
  75.80000  0.247829277434E+00
  75.90000  0.241452500612E+00
  76.00000  0.243077266955E+00
  76.10000  0.243799100412E+00
  76.20000  0.244716651722E+00
  76.30000  0.244692679088E+00
  76.40000  0.251498230752E+00
  76.50000  0.244358531091E+00
  76.60000  0.256893632599E+00
  76.70000  0.244654214584E+00
  76.80000  0.256031230671E+00
  76.90000  0.247020317504E+00
  77.00000  0.250402901663E+00
  77.10000  0.250601153837E+00
  77.20000  0.246001854608E+00
  77.30000  0.253003086409E+00
  77.40000  0.247234577124E+00
  77.50000  0.252972567268E+00
  77.60000  0.252673590747E+00
  77.70000  0.251816345535E+00
  77.80000  0.256582406379E+00
  77.90000  0.251867637630E+00
  78.00000  0.254621572103E+00
  78.10000  0.253865706340E+00
  78.20000  0.248234040775E+00
  78.30000  0.256285509541E+00
  78.40000  0.243355136025E+00
  78.50000  0.257146145503E+00
  78.60000  0.244471263344E+00
  78.70000  0.255994100377E+00
  78.80000  0.249851769743E+00
  78.90000  0.253989264424E+00
  79.00000  0.253061106681E+00
  79.10000  0.252508697018E+00
  79.20000  0.249625696922E+00
  79.30000  0.252041700559E+00
  79.40000  0.242003166990E+00
  79.50000  0.252132267307E+00
  79.60000  0.237241947358E+00
  79.70000  0.251781935073E+00
  79.80000  0.239412036084E+00
  79.90000  0.249898320228E+00
  80.00000  0.244959351758E+00
  80.10000  0.246065165650E+00
  80.20000  0.246391994470E+00
  80.30000  0.241365066037E+00
  80.40000  0.240526623916E+00
  80.50000  0.237967646564E+00
  80.60000  0.232108712609E+00
  80.70000  0.237017164398E+00
  80.80000  0.228552464355E+00
  80.90000  0.236818405124E+00
  81.00000  0.231615970217E+00
  81.10000  0.234003586619E+00
  81.20000  0.235466911559E+00
  81.30000  0.227260468333E+00
  81.40000  0.233341046767E+00
  81.50000  0.219511625081E+00
  81.60000  0.225119088239E+00
  81.70000  0.215298478772E+00
  81.80000  0.217177833466E+00
  81.90000  0.215599240856E+00
  82.00000  0.214928588218E+00
  82.10000  0.216082077963E+00
  82.20000  0.216834532357E+00
  82.30000  0.211546444709E+00
  82.40000  0.216626754905E+00
  82.50000  0.202020742565E+00
  82.60000  0.210677918927E+00
  82.70000  0.193323690318E+00
  82.80000  0.201772666600E+00
  82.90000  0.190796518060E+00
  83.00000  0.195303168765E+00
  83.10000  0.193031399572E+00
  83.20000  0.192957875128E+00
  83.30000  0.193028922611E+00
  83.40000  0.191370544040E+00
  83.50000  0.185944057110E+00
  83.60000  0.186679118770E+00
  83.70000  0.174743820234E+00
  83.80000  0.178979991070E+00
  83.90000  0.167093730965E+00
  84.00000  0.171530425903E+00
  84.10000  0.166749513808E+00
  84.20000  0.166409742804E+00
  84.30000  0.169220848627E+00
  84.40000  0.162335213245E+00
  84.50000  0.166755867124E+00
  84.60000  0.156945782817E+00
  84.70000  0.157034497048E+00
  84.80000  0.150064360017E+00
  84.90000  0.145690466202E+00
  85.00000  0.143653959316E+00
  85.10000  0.139879878344E+00
  85.20000  0.138883778189E+00
  85.30000  0.140322366640E+00
  85.40000  0.134470063857E+00
  85.50000  0.140777127979E+00
  85.60000  0.128524608401E+00
  85.70000  0.135237665543E+00
  85.80000  0.121360441862E+00
  85.90000  0.124477007376E+00
  86.00000  0.115398092581E+00
  86.10000  0.114759273644E+00
  86.20000  0.112108091315E+00
  86.30000  0.110679919952E+00
  86.40000  0.109872275317E+00
  86.50000  0.110421038864E+00
  86.60000  0.105671004285E+00
  86.70000  0.108356531487E+00
  86.80000  0.987585853209E-01
  86.90000  0.101457819886E+00
  87.00000  0.918497120566E-01
  87.10000  0.921983695219E-01
  87.20000  0.881482004077E-01
  87.30000  0.852694278936E-01
  87.40000  0.875373684888E-01
  87.50000  0.824016762624E-01
  87.60000  0.864462773968E-01
  87.70000  0.810425517130E-01
  87.80000  0.817531789528E-01
  87.90000  0.777123105778E-01
  88.00000  0.743552535722E-01
  88.10000  0.717666686389E-01
  88.20000  0.682757960575E-01
  88.30000  0.655452240605E-01
  88.40000  0.662202000929E-01
  88.50000  0.613868775623E-01
  88.60000  0.665582549513E-01
  88.70000  0.592278518447E-01
  88.80000  0.651155571210E-01
  88.90000  0.572039436040E-01
  89.00000  0.597406792146E-01
  89.10000  0.540232540783E-01
  89.20000  0.525738475739E-01
  89.30000  0.502095864386E-01
  89.40000  0.476346199890E-01
  89.50000  0.470930568351E-01
  89.60000  0.465418402835E-01
  89.70000  0.451090808999E-01
  89.80000  0.470145533779E-01
  89.90000  0.434613120661E-01
  90.00000  0.455135440254E-01
  90.10000  0.413167044741E-01
  90.20000  0.409427447187E-01
  90.30000  0.388977814982E-01
  90.40000  0.355500988545E-01
  90.50000  0.371418170554E-01
  90.60000  0.324263931310E-01
  90.70000  0.364242609154E-01
  90.80000  0.324449711659E-01
  90.90000  0.359603576760E-01
  91.00000  0.336617317438E-01
  91.10000  0.346594340831E-01
  91.20000  0.334463612401E-01
  91.30000  0.324572736915E-01
  91.40000  0.310202791250E-01
  91.50000  0.305342331335E-01
  91.60000  0.279987449237E-01
  91.70000  0.300615668974E-01
  91.80000  0.266462253656E-01
  91.90000  0.308218242584E-01
  92.00000  0.276742826469E-01
  92.10000  0.312850885124E-01
  92.20000  0.296696583277E-01
  92.30000  0.301714348587E-01
  92.40000  0.305727369128E-01
  92.50000  0.278720343246E-01
  92.60000  0.296665220764E-01
  92.70000  0.261727192640E-01
  92.80000  0.281298351334E-01
  92.90000  0.264854483313E-01
  93.00000  0.277095472398E-01
  93.10000  0.283762802541E-01
  93.20000  0.289498516837E-01
  93.30000  0.299184370891E-01
  93.40000  0.307707322973E-01
  93.50000  0.295747447747E-01
  93.60000  0.317020483208E-01
  93.70000  0.277752719600E-01
  93.80000  0.313752833980E-01
  93.90000  0.266097932075E-01
  94.00000  0.307381292901E-01
  94.10000  0.278486626235E-01
  94.20000  0.309189101691E-01
  94.30000  0.311515621761E-01
  94.40000  0.320671944130E-01
  94.50000  0.342542625607E-01
  94.60000  0.333713229243E-01
  94.70000  0.350967718579E-01
  94.80000  0.340798692761E-01
  94.90000  0.338996791451E-01
  95.00000  0.343062909535E-01
  95.10000  0.330604831183E-01
  95.20000  0.347632173545E-01
  95.30000  0.347972487078E-01
  95.40000  0.358392843453E-01
  95.50000  0.388219286396E-01
  95.60000  0.371444937847E-01
  95.70000  0.424839061167E-01
  95.80000  0.380443414405E-01
  95.90000  0.433742955656E-01
  96.00000  0.385109392683E-01
  96.10000  0.417659760839E-01
  96.20000  0.392263499210E-01
  96.30000  0.403359321692E-01
  96.40000  0.407521439850E-01
  96.50000  0.414292458360E-01
  96.60000  0.427303697061E-01
  96.70000  0.447009017325E-01
  96.80000  0.441387942168E-01
  96.90000  0.475412320036E-01
  97.00000  0.444355007509E-01
  97.10000  0.477585642956E-01
  97.20000  0.443139705858E-01
  97.30000  0.457241715159E-01
  97.40000  0.450913925424E-01
  97.50000  0.438875270271E-01
  97.60000  0.472560837834E-01
  97.70000  0.443167570679E-01
  97.80000  0.497577166519E-01
  97.90000  0.467899365257E-01
  98.00000  0.509569057444E-01
  98.10000  0.492080629151E-01
  98.20000  0.503571611721E-01
  98.30000  0.497294837863E-01
  98.40000  0.492649022363E-01
  98.50000  0.484685967256E-01
  98.60000  0.495409666927E-01
  98.70000  0.472212695408E-01
  98.80000  0.516423148646E-01
  98.90000  0.476572589321E-01
  99.00000  0.540195508172E-01
  99.10000  0.497913438204E-01
  99.20000  0.546041319892E-01
  99.30000  0.521136749983E-01
  99.40000  0.529219225563E-01
  99.50000  0.530967922146E-01
  99.60000  0.506448769614E-01
  99.70000  0.525543705642E-01
  99.80000  0.499626149861E-01
  99.90000  0.516228695157E-01
 100.00000  0.514022752190E-01
 100.10000  0.515476702815E-01
 100.20000  0.533011312551E-01
 100.30000  0.525371361621E-01
 100.40000  0.534568912877E-01
 100.50000  0.537167765422E-01
 100.60000  0.512992497298E-01
 100.70000  0.540563746066E-01
 100.80000  0.484492775136E-01
 100.90000  0.532794442941E-01
 101.00000  0.471626073588E-01
 101.10000  0.519569913475E-01
 101.20000  0.481996523370E-01
 101.30000  0.508681426205E-01
 101.40000  0.501508285178E-01
 101.50000  0.503336820905E-01
 101.60000  0.508039884694E-01
 101.70000  0.500861166346E-01
 101.80000  0.492242396830E-01
 101.90000  0.496427922794E-01
 102.00000  0.466032010715E-01
 102.10000  0.487413564298E-01
 102.20000  0.451180372786E-01
 102.30000  0.474791904954E-01
 102.40000  0.458838314309E-01
 102.50000  0.461504963647E-01
 102.60000  0.479040542956E-01
 102.70000  0.450098711605E-01
 102.80000  0.489904991053E-01
 102.90000  0.441527239544E-01
 103.00000  0.477930426747E-01
 103.10000  0.435281982817E-01
 103.20000  0.450389909995E-01
 103.30000  0.429985363780E-01
 103.40000  0.428171244052E-01
 103.50000  0.423935502141E-01
 103.60000  0.425873014265E-01
 103.70000  0.415803316913E-01
 103.80000  0.438085977063E-01
 103.90000  0.405606940114E-01
 104.00000  0.444840349877E-01
 104.10000  0.395273645988E-01
 104.20000  0.430792208911E-01
 104.30000  0.387747786842E-01
 104.40000  0.399671924436E-01
 104.50000  0.384641530420E-01
 104.60000  0.370411833209E-01
 104.70000  0.384191856658E-01
 104.80000  0.359164315779E-01
 104.90000  0.381834622907E-01
 105.00000  0.364634558209E-01
 105.10000  0.373786680014E-01
 105.20000  0.370307908467E-01
 105.30000  0.360892945321E-01
 105.40000  0.360691574037E-01
 105.50000  0.348810502576E-01
 105.60000  0.335798177041E-01
 105.70000  0.343358145716E-01
 105.80000  0.310576059531E-01
 105.90000  0.344680912920E-01
 106.00000  0.300562509598E-01
 106.10000  0.346017277223E-01
 106.20000  0.307603475609E-01
 106.30000  0.339293086253E-01
 106.40000  0.318761740458E-01
 106.50000  0.323052535532E-01
 106.60000  0.318879601424E-01
 106.70000  0.304948330634E-01
 106.80000  0.304658373468E-01
 106.90000  0.295350194272E-01
 107.00000  0.287091345787E-01
 107.10000  0.297338042658E-01
 107.20000  0.280360395280E-01
 107.30000  0.302875919524E-01
 107.40000  0.288150703526E-01
 107.50000  0.299849342938E-01
 107.60000  0.300522841697E-01
 107.70000  0.283960128624E-01
 107.80000  0.303972483367E-01
 107.90000  0.263830494668E-01
 108.00000  0.294426387076E-01
 108.10000  0.253567415883E-01
 108.20000  0.280378627947E-01
 108.30000  0.259333409570E-01
 108.40000  0.273611728089E-01
 108.50000  0.272902544711E-01
 108.60000  0.277466284572E-01
 108.70000  0.278931281950E-01
 108.80000  0.284525962675E-01
 108.90000  0.269531428447E-01
 109.00000  0.285179914839E-01
 109.10000  0.252351444328E-01
 109.20000  0.277292677603E-01
 109.30000  0.243986255923E-01
 109.40000  0.267128138523E-01
 109.50000  0.254241210606E-01
 109.60000  0.261882762152E-01
 109.70000  0.275977112182E-01
 109.80000  0.262697623507E-01
 109.90000  0.290904485714E-01
 110.00000  0.265051455125E-01
 110.10000  0.286808792282E-01
 110.20000  0.264692549776E-01
 110.30000  0.269836687988E-01
 110.40000  0.261995450600E-01
 110.50000  0.259061421697E-01
 110.60000  0.260547519344E-01
 110.70000  0.267792958409E-01
 110.80000  0.262430008809E-01
 110.90000  0.290116398529E-01
 111.00000  0.265872661794E-01
 111.10000  0.306435612061E-01
 111.20000  0.267923119321E-01
 111.30000  0.302541532596E-01
 111.40000  0.268830468107E-01
 111.50000  0.283248405332E-01
 111.60000  0.272460902563E-01
 111.70000  0.267522886837E-01
 111.80000  0.281541028802E-01
 111.90000  0.270291171727E-01
 112.00000  0.293186214692E-01
 112.10000  0.288603720495E-01
 112.20000  0.300683686126E-01
 112.30000  0.305162795142E-01
 112.40000  0.300493886568E-01
 112.50000  0.305230957267E-01
 112.60000  0.296964496704E-01
 112.70000  0.290273494664E-01
 112.80000  0.298906962115E-01
 112.90000  0.275737676173E-01
 113.00000  0.310443407548E-01
 113.10000  0.276230663011E-01
 113.20000  0.325239579481E-01
 113.30000  0.292580565456E-01
 113.40000  0.331283826650E-01
 113.50000  0.312039733879E-01
 113.60000  0.322873592491E-01
 113.70000  0.320396647836E-01
 113.80000  0.307491822119E-01
 113.90000  0.314670525258E-01
 114.00000  0.299429749616E-01
 114.10000  0.304947438548E-01
 114.20000  0.306143777709E-01
 114.30000  0.304025856376E-01
 114.40000  0.320936025789E-01
 114.50000  0.315379022029E-01
 114.60000  0.328933284637E-01
 114.70000  0.330994581208E-01
 114.80000  0.320961131395E-01
 114.90000  0.339787315802E-01
 115.00000  0.302725615666E-01
 115.10000  0.337532123364E-01
 115.20000  0.290343383359E-01
 115.30000  0.329494771631E-01
 115.40000  0.295846723164E-01
 115.50000  0.324212469600E-01
 115.60000  0.316128662629E-01
 115.70000  0.325067305848E-01
 115.80000  0.335371231719E-01
 115.90000  0.328312784627E-01
 116.00000  0.338632089753E-01
 116.10000  0.328483171680E-01
 116.20000  0.325018763399E-01
 116.30000  0.323959985183E-01
 116.40000  0.308827400450E-01
 116.50000  0.317297336422E-01
 116.60000  0.306504462356E-01
 116.70000  0.311613879058E-01
 116.80000  0.321067798273E-01
 116.90000  0.307285528356E-01
 117.00000  0.339227873141E-01
 117.10000  0.302399109528E-01
 117.20000  0.343535071409E-01
 117.30000  0.296384096077E-01
 117.40000  0.327856914895E-01
 117.50000  0.291687160008E-01
 117.60000  0.302630019280E-01
 117.70000  0.291002420879E-01
 117.80000  0.285099012312E-01
 117.90000  0.293810494326E-01
 118.00000  0.283787093687E-01
 118.10000  0.295999345403E-01
 118.20000  0.292302017746E-01
 118.30000  0.293055896475E-01
 118.40000  0.296663916893E-01
 118.50000  0.284794554872E-01
 118.60000  0.287709182185E-01
 118.70000  0.276588515028E-01
 118.80000  0.268281120386E-01
 118.90000  0.274393384248E-01
 119.00000  0.249882803951E-01
 119.10000  0.278490138589E-01
 119.20000  0.242305512233E-01
 119.30000  0.282146147353E-01
 119.40000  0.246103938708E-01
 119.50000  0.276701777136E-01
 119.60000  0.253325655122E-01
 119.70000  0.259790004973E-01
 119.80000  0.254266217509E-01
 119.90000  0.238407637316E-01
 120.00000  0.245202030187E-01
 120.10000  0.222643489333E-01
 120.20000  0.230661048322E-01
 120.30000  0.216977976656E-01
 120.40000  0.218202102504E-01
 120.50000  0.216955933690E-01
 120.60000  0.211952249633E-01
 120.70000  0.213349630534E-01
 120.80000  0.210178079032E-01
 120.90000  0.200571378020E-01
 121.00000  0.207585582043E-01
 121.10000  0.181422104870E-01
 121.20000  0.200321983727E-01
 121.30000  0.164467330732E-01
 121.40000  0.188473677186E-01
 121.50000  0.157380115495E-01
 121.60000  0.174740803886E-01
 121.70000  0.160716302720E-01
 121.80000  0.162193771708E-01
 121.90000  0.167100948562E-01
 122.00000  0.152149857592E-01
 122.10000  0.167249344014E-01
 122.20000  0.143978592611E-01
 122.30000  0.157027380861E-01
 122.40000  0.136740145364E-01
 122.50000  0.140398017255E-01
 122.60000  0.129610694385E-01
 122.70000  0.126102885981E-01
 122.80000  0.121829516493E-01
 122.90000  0.119673506083E-01
 123.00000  0.112994381473E-01
 123.10000  0.118863029377E-01
 123.20000  0.103173517431E-01
 123.30000  0.116340637335E-01
 123.40000  0.934320935116E-02
 123.50000  0.106405756934E-01
 123.60000  0.854225503672E-02
 123.70000  0.899708026990E-02
 123.80000  0.801535221639E-02
 123.90000  0.728741932115E-02
 124.00000  0.772124299274E-02
 124.10000  0.607535302869E-02
 124.20000  0.743675297436E-02
 124.30000  0.553460103356E-02
 124.40000  0.691249131561E-02
 124.50000  0.539444510608E-02
 124.60000  0.608970093650E-02
 124.70000  0.523687954191E-02
 124.80000  0.513067189357E-02
 124.90000  0.480223476503E-02
 125.00000  0.432224350928E-02
 125.10000  0.409561736358E-02
 125.20000  0.383249701847E-02
 125.30000  0.334946102370E-02
 125.40000  0.355627818830E-02
 125.50000  0.281632075861E-02
 125.60000  0.322844257583E-02
 125.70000  0.257060203722E-02
 125.80000  0.265879926131E-02
 125.90000  0.246354664738E-02
 126.00000  0.190970654322E-02
 126.10000  0.225600984436E-02
 126.20000  0.120903449704E-02
 126.30000  0.183843082445E-02
 126.40000  0.748804236914E-03
 126.50000  0.128699112465E-02
 126.60000  0.553550390675E-03
 126.70000  0.782537380236E-03
 126.80000  0.501415855941E-03
 126.90000  0.445650099142E-03
 127.00000  0.462863559690E-03
 127.10000  0.261418934698E-03
 127.20000  0.372507942109E-03
 127.30000  0.153996561793E-03
 127.40000  0.232529999165E-03
 127.50000  0.691168351284E-04
 127.60000  0.952517817114E-04
 127.70000  0.111401640617E-04
 127.80000  0.156843611248E-04
 127.90000  0.819985972186E-05
 128.00000  0.911525757233E-05
 128.10000  0.693128707702E-04
 128.20000  0.309837663142E-04
 128.30000  0.175028130113E-03
 128.40000  0.405123312686E-04
 128.50000  0.298098911943E-03
 128.60000  0.942681148012E-04
 128.70000  0.420855528415E-03
 128.80000  0.335567701505E-03
 128.90000  0.552058847739E-03
 129.00000  0.831352780057E-03
 129.10000  0.713429687844E-03
 129.20000  0.144350526565E-02
 129.30000  0.938306822838E-03
 129.40000  0.189801197749E-02
 129.50000  0.126174075766E-02
 129.60000  0.207330650362E-02
 129.70000  0.169392434432E-02
 129.80000  0.214369328744E-02
 129.90000  0.222414887145E-02
 130.00000  0.243266313387E-02
 130.10000  0.279198861937E-02
 130.20000  0.309762863942E-02
 130.30000  0.332903578215E-02
 130.40000  0.395296175525E-02
 130.50000  0.379931949144E-02
 130.60000  0.464164316314E-02
 130.70000  0.425176460321E-02
 130.80000  0.492902688718E-02
 130.90000  0.481509448437E-02
 131.00000  0.489676051501E-02
 131.10000  0.561768577987E-02
 131.20000  0.488276614888E-02
 131.30000  0.666029602318E-02
 131.40000  0.530011781055E-02
 131.50000  0.776347286950E-02
 131.60000  0.636404542361E-02
 131.70000  0.865699345546E-02
 131.80000  0.795993151275E-02
 131.90000  0.915437082447E-02
 132.00000  0.962640949031E-02
 132.10000  0.936642485239E-02
 132.20000  0.108626876046E-01
 132.30000  0.961642800235E-02
 132.40000  0.115002761365E-01
 132.50000  0.102839428667E-01
 132.60000  0.118433858736E-01
 132.70000  0.114649291007E-01
 132.80000  0.124502297163E-01
 132.90000  0.129140727618E-01
 133.00000  0.136030237886E-01
 133.10000  0.141695125927E-01
 133.20000  0.150974207427E-01
 133.30000  0.148957399668E-01
 133.40000  0.163838837301E-01
 133.50000  0.151593993766E-01
 133.60000  0.170579547988E-01
 133.70000  0.154636743237E-01
 133.80000  0.171604640780E-01
 133.90000  0.164441890948E-01
 134.00000  0.171552006339E-01
 134.10000  0.184071921775E-01
 134.20000  0.175736364050E-01
 134.30000  0.209617505314E-01
 134.40000  0.187027284048E-01
 134.50000  0.232012863750E-01
 134.60000  0.203834589587E-01
 134.70000  0.242775559010E-01
 134.80000  0.222137648318E-01
 134.90000  0.241003918242E-01
 135.00000  0.237611157562E-01
 135.10000  0.234509865945E-01
 135.20000  0.249333023387E-01
 135.30000  0.234298034431E-01
 135.40000  0.258956045844E-01
 135.50000  0.246461275288E-01
 135.60000  0.269574677321E-01
 135.70000  0.267625160811E-01
 135.80000  0.281975928268E-01
 135.90000  0.288063935031E-01
 136.00000  0.294775246510E-01
 136.10000  0.298659181367E-01
 136.20000  0.305422123902E-01
 136.30000  0.297828982127E-01
 136.40000  0.313189670855E-01
 136.50000  0.292883929558E-01
 136.60000  0.319384775156E-01
 136.70000  0.295732507506E-01
 136.80000  0.326213694382E-01
 136.90000  0.314730362331E-01
 137.00000  0.334339967185E-01
 137.10000  0.347576133161E-01
 137.20000  0.342644988509E-01
 137.30000  0.381759419043E-01
 137.40000  0.349414978668E-01
 137.50000  0.401941821661E-01
 137.60000  0.354944820021E-01
 137.70000  0.401826153378E-01
 137.80000  0.361898916976E-01
 137.90000  0.388025009054E-01
 138.00000  0.373960445768E-01
 138.10000  0.376087169581E-01
 138.20000  0.392151301734E-01
 138.30000  0.377936129876E-01
 138.40000  0.413151426254E-01
 138.50000  0.395021739660E-01
 138.60000  0.430310202793E-01
 138.70000  0.417554028494E-01
 138.80000  0.438401570446E-01
 138.90000  0.433560424858E-01
 139.00000  0.437910667731E-01
 139.10000  0.436471146514E-01
 139.20000  0.435477749905E-01
 139.30000  0.430202719881E-01
 139.40000  0.439326593075E-01
 139.50000  0.425590382316E-01
 139.60000  0.452497124224E-01
 139.70000  0.433385724017E-01
 139.80000  0.470111488126E-01
 139.90000  0.456233860502E-01
 140.00000  0.482371403937E-01
 140.10000  0.486205470871E-01
 140.20000  0.482204603832E-01
 140.30000  0.510147994055E-01
 140.40000  0.471043375827E-01
 140.50000  0.518192116986E-01
 140.60000  0.458718357381E-01
 140.70000  0.510989254588E-01
 140.80000  0.457799431281E-01
 140.90000  0.497603417017E-01
 141.00000  0.474638415356E-01
 141.10000  0.489225314556E-01
 141.20000  0.505234413499E-01
 141.30000  0.491074253825E-01
 141.40000  0.535527271946E-01
 141.50000  0.500718560831E-01
 141.60000  0.551298677861E-01
 141.70000  0.511447353838E-01
 141.80000  0.546405730718E-01
 141.90000  0.517560988050E-01
 142.00000  0.528788316862E-01
 142.10000  0.518680048201E-01
 142.20000  0.513826840149E-01
 142.30000  0.518252316490E-01
 142.40000  0.514017172233E-01
 142.50000  0.521403526573E-01
 142.60000  0.529584523123E-01
 142.70000  0.529894892711E-01
 142.80000  0.549030998873E-01
 142.90000  0.541909026464E-01
 143.00000  0.558188673249E-01
 143.10000  0.552939496404E-01
 143.20000  0.550072407320E-01
 143.30000  0.559580505803E-01
 143.40000  0.529934860873E-01
 143.50000  0.561334883254E-01
 143.60000  0.511714349907E-01
 143.70000  0.559980244290E-01
 143.80000  0.509313107815E-01
 143.90000  0.557085767191E-01
 144.00000  0.527762651460E-01
 144.10000  0.552818016689E-01
 144.20000  0.559070463452E-01
 144.30000  0.545994920472E-01
 144.40000  0.586517946126E-01
 144.50000  0.537197229085E-01
 144.60000  0.595337021216E-01
 144.70000  0.529034989618E-01
 144.80000  0.581524651053E-01
 144.90000  0.525951164837E-01
 145.00000  0.555227859636E-01
 145.10000  0.531184689140E-01
 145.20000  0.532054925292E-01
 145.30000  0.543572960120E-01
 145.40000  0.523871190516E-01
 145.50000  0.558273634934E-01
 145.60000  0.531413114404E-01
 145.70000  0.567615139326E-01
 145.80000  0.545530573682E-01
 145.90000  0.567217143979E-01
 146.00000  0.554977273153E-01
 146.10000  0.558142712753E-01
 146.20000  0.552406651522E-01
 146.30000  0.546638679637E-01
 146.40000  0.539627699892E-01
 146.50000  0.539932216064E-01
 146.60000  0.524801342498E-01
 146.70000  0.539845847192E-01
 146.80000  0.517380750756E-01
 146.90000  0.542422784453E-01
 147.00000  0.522166012120E-01
 147.10000  0.540467492762E-01
 147.20000  0.535741967532E-01
 147.30000  0.529596079207E-01
 147.40000  0.549301185852E-01
 147.50000  0.511783989871E-01
 147.60000  0.553805636430E-01
 147.70000  0.494593053706E-01
 147.80000  0.545602673228E-01
 147.90000  0.487194341961E-01
 148.00000  0.527769876348E-01
 148.10000  0.494818402330E-01
 148.20000  0.507804515311E-01
 148.30000  0.514949381401E-01
 148.40000  0.492718505127E-01
 148.50000  0.536830953318E-01
 148.60000  0.485730287098E-01
 148.70000  0.547447681951E-01
 148.80000  0.485960132630E-01
 148.90000  0.538830582137E-01
 149.00000  0.489266260281E-01
 149.10000  0.513332876906E-01
 149.20000  0.491832810992E-01
 149.30000  0.482677786547E-01
 149.40000  0.491385392174E-01
 149.50000  0.459418767559E-01
 149.60000  0.487419134237E-01
 149.70000  0.450637183006E-01
 149.80000  0.481651950799E-01
 149.90000  0.454968637644E-01
 150.00000  0.475666935885E-01
 150.10000  0.464379761128E-01
 150.20000  0.470673483892E-01
 150.30000  0.470320222577E-01
 150.40000  0.467268704489E-01
 150.50000  0.467459339373E-01
 150.60000  0.464324431548E-01
 150.70000  0.456392287097E-01
 150.80000  0.460269702978E-01
 150.90000  0.443635812221E-01
 151.00000  0.453340274776E-01
 151.10000  0.436487323344E-01
 151.20000  0.442240544504E-01
 151.30000  0.438052252652E-01
 151.40000  0.427643911405E-01
 151.50000  0.444555164365E-01
 151.60000  0.412015501136E-01
 151.70000  0.447557773762E-01
 151.80000  0.399154517867E-01
 151.90000  0.440168536594E-01
 152.00000  0.392835103842E-01
 152.10000  0.421434401652E-01
 152.20000  0.394967860334E-01
 152.30000  0.396960006945E-01
 152.40000  0.404355297802E-01
 152.50000  0.375359278232E-01
 152.60000  0.415824301759E-01
 152.70000  0.363636078518E-01
 152.80000  0.422063024930E-01
 152.90000  0.364476754550E-01
 153.00000  0.417198230432E-01
 153.10000  0.374694475823E-01
 153.20000  0.399738238427E-01
 153.30000  0.386660936840E-01
 153.40000  0.374423722099E-01
 153.50000  0.392557555478E-01
 153.60000  0.349679454637E-01
 153.70000  0.387671745937E-01
 153.80000  0.332574838105E-01
 153.90000  0.372662290901E-01
 154.00000  0.326351429339E-01
 154.10000  0.353193577535E-01
 154.20000  0.329653520266E-01
 154.30000  0.335793190004E-01
 154.40000  0.337318531138E-01
 154.50000  0.324596000687E-01
 154.60000  0.343190977550E-01
 154.70000  0.320307543001E-01
 154.80000  0.342727868957E-01
 154.90000  0.320300410056E-01
 155.00000  0.335068224253E-01
 155.10000  0.320581510540E-01
 155.20000  0.323906218669E-01
 155.30000  0.317977878386E-01
 155.40000  0.314554210381E-01
 155.50000  0.311150346657E-01
 155.60000  0.309429443795E-01
 155.70000  0.301053146202E-01
 155.80000  0.306314160325E-01
 155.90000  0.290250518756E-01
 156.00000  0.300370947690E-01
 156.10000  0.281458987503E-01
 156.20000  0.288560063307E-01
 156.30000  0.276580503116E-01
 156.40000  0.272181392995E-01
 156.50000  0.275747375728E-01
 156.60000  0.255517243626E-01
 156.70000  0.276950798460E-01
 156.80000  0.243658627749E-01
 156.90000  0.277169271074E-01
 157.00000  0.240804053374E-01
 157.10000  0.273524115257E-01
 157.20000  0.247977031740E-01
 157.30000  0.264188940566E-01
 157.40000  0.261307013339E-01
 157.50000  0.249763828713E-01
 157.60000  0.272838505300E-01
 157.70000  0.233445547643E-01
 157.80000  0.274084005874E-01
 157.90000  0.219428583297E-01
 158.00000  0.261088939724E-01
 158.10000  0.211293674196E-01
 158.20000  0.237373540580E-01
 158.30000  0.210737637924E-01
 158.40000  0.211516966010E-01
 158.50000  0.216541703765E-01
 158.60000  0.191916843100E-01
 158.70000  0.224686953456E-01
 158.80000  0.183273914791E-01
 158.90000  0.229725137921E-01
 159.00000  0.185696060185E-01
 159.10000  0.226979826386E-01
 159.20000  0.195335471624E-01
 159.30000  0.215219767467E-01
 159.40000  0.205999430314E-01
 159.50000  0.197913266129E-01
 159.60000  0.211501383428E-01
 159.70000  0.181164783904E-01
 159.80000  0.208326479626E-01
 159.90000  0.169947975427E-01
 160.00000  0.197424016694E-01
 160.10000  0.165838417117E-01
 160.20000  0.183277882001E-01
 160.30000  0.167161977725E-01
 160.40000  0.170514268498E-01
 160.50000  0.170488889618E-01
 160.60000  0.161340984842E-01
 160.70000  0.172206774600E-01
 160.80000  0.155706406443E-01
 160.90000  0.169734172633E-01
 161.00000  0.152609921591E-01
 161.10000  0.162734891362E-01
 161.20000  0.150887083866E-01
 161.30000  0.153950569487E-01
 161.40000  0.149508834464E-01
 161.50000  0.147949601110E-01
 161.60000  0.147804507748E-01
 161.70000  0.147334029934E-01
 161.80000  0.145504403298E-01
 161.90000  0.149730043824E-01
 162.00000  0.142533607597E-01
 162.10000  0.149487974374E-01
 162.20000  0.138855980878E-01
 162.30000  0.142713684306E-01
 162.40000  0.134513978593E-01
 162.50000  0.130224754704E-01
 162.60000  0.129735482495E-01
 162.70000  0.116110284870E-01
 162.80000  0.124992285968E-01
 162.90000  0.104803260367E-01
 163.00000  0.120843024325E-01
 163.10000  0.998407884330E-02
 163.20000  0.117503635751E-01
 163.30000  0.103512378542E-01
 163.40000  0.114515734595E-01
 163.50000  0.115056958877E-01
 163.60000  0.110951022410E-01
 163.70000  0.128680544274E-01
 163.80000  0.106100379503E-01
 163.90000  0.135400911315E-01
 164.00000  0.100157219756E-01
 164.10000  0.129057956209E-01
 164.20000  0.944098568762E-02
 164.30000  0.111115816789E-01
 164.40000  0.907522623438E-02
 164.50000  0.893453638908E-02
 164.60000  0.906477801299E-02
 164.70000  0.721154221571E-02
 164.80000  0.939854162487E-02
 164.90000  0.642003652053E-02
 165.00000  0.985267067888E-02
 165.10000  0.665874473280E-02
 165.20000  0.100603285425E-01
 165.30000  0.774499268624E-02
 165.40000  0.970744779470E-02
 165.50000  0.919128526506E-02
 165.60000  0.874544171819E-02
 165.70000  0.102571291249E-01
 165.80000  0.745609685953E-02
 165.90000  0.103132740600E-01
 166.00000  0.630109781278E-02
 166.10000  0.928757143888E-02
 166.20000  0.567622511158E-02
 166.30000  0.771047238676E-02
 166.40000  0.575454887348E-02
 166.50000  0.628360969901E-02
 166.60000  0.645970748740E-02
 166.70000  0.542380009878E-02
 166.80000  0.747516567350E-02
 166.90000  0.517810027231E-02
 167.00000  0.828125756015E-02
 167.10000  0.540782935701E-02
 167.20000  0.835049476087E-02
 167.30000  0.591314081052E-02
 167.40000  0.749861648573E-02
 167.50000  0.642925131254E-02
 167.60000  0.608719820976E-02
 167.70000  0.667807823370E-02
 167.80000  0.479277463884E-02
 167.90000  0.653171810957E-02
 168.00000  0.411384856640E-02
 168.10000  0.610074461387E-02
 168.20000  0.410943263001E-02
 168.30000  0.561127753759E-02
 168.40000  0.456447270906E-02
 168.50000  0.520294757165E-02
 168.60000  0.524359030167E-02
 168.70000  0.486718185315E-02
 168.80000  0.589004924155E-02
 168.90000  0.454865373697E-02
 169.00000  0.613777913667E-02
 169.10000  0.424962445705E-02
 169.20000  0.570369047765E-02
 169.30000  0.402861678766E-02
 169.40000  0.474747553627E-02
 169.50000  0.393928905872E-02
 169.60000  0.386381188927E-02
 169.70000  0.399242372134E-02
 169.80000  0.355775271915E-02
 169.90000  0.414973251494E-02
 170.00000  0.378064543447E-02
 170.10000  0.432269345990E-02
 170.20000  0.408962521691E-02
 170.30000  0.438874680558E-02
 170.40000  0.418422152431E-02
 170.50000  0.425125699979E-02
 170.60000  0.410971601140E-02
 170.70000  0.391245876550E-02
 170.80000  0.396241477187E-02
 170.90000  0.348466274062E-02
 171.00000  0.365971217123E-02
 171.10000  0.311534114024E-02
 171.20000  0.316215735444E-02
 171.30000  0.289552554099E-02
 171.40000  0.275521935132E-02
 171.50000  0.283577689986E-02
 171.60000  0.283990705761E-02
 171.70000  0.290382664261E-02
 171.80000  0.341797773562E-02
 171.90000  0.304455384567E-02
 172.00000  0.398226988486E-02
 172.10000  0.315836348023E-02
 172.20000  0.401917550529E-02
 172.30000  0.312119483845E-02
 172.40000  0.350527511757E-02
 172.50000  0.289945930613E-02
 172.60000  0.281208347087E-02
 172.70000  0.264061898078E-02
 172.80000  0.224394041481E-02
 172.90000  0.256608465518E-02
 173.00000  0.185245886924E-02
 173.10000  0.272312198043E-02
 173.20000  0.166455809853E-02
 173.30000  0.289733224898E-02
 173.40000  0.184443121125E-02
 173.50000  0.284304661352E-02
 173.60000  0.247362950011E-02
 173.70000  0.256315495209E-02
 173.80000  0.326981077505E-02
 173.90000  0.226331800256E-02
 174.00000  0.370949808968E-02
 174.10000  0.205187505992E-02
 174.20000  0.347878953277E-02
 174.30000  0.184716827517E-02
 174.40000  0.273371967663E-02
 174.50000  0.165188034662E-02
 174.60000  0.190038249336E-02
 174.70000  0.173846849912E-02
 174.80000  0.130069762112E-02
 174.90000  0.233210546279E-02
 175.00000  0.101926630811E-02
 175.10000  0.314827642019E-02
 175.20000  0.104458641686E-02
 175.30000  0.351465243618E-02
 175.40000  0.138987125103E-02
 175.50000  0.307686774828E-02
 175.60000  0.201606175570E-02
 175.70000  0.220121205084E-02
 175.80000  0.270571490085E-02
 175.90000  0.150680811821E-02
 176.00000  0.311841538268E-02
 176.10000  0.116352577865E-02
 176.20000  0.302192620022E-02
 176.30000  0.940917384944E-03
 176.40000  0.246701054923E-02
 176.50000  0.874569381925E-03
 176.60000  0.173167260609E-02
 176.70000  0.143026878700E-02
 176.80000  0.110862542810E-02
 176.90000  0.275282871317E-02
 177.00000  0.748827016914E-03
 177.10000  0.406235673778E-02
 177.20000  0.671328032643E-03
 177.30000  0.426813345790E-02
 177.40000  0.862378820178E-03
 177.50000  0.319104473020E-02
 177.60000  0.132766683333E-02
 177.70000  0.177930491106E-02
 177.80000  0.204660541656E-02
 177.90000  0.966123585595E-03
 178.00000  0.287501687142E-02
 178.10000  0.698281823009E-03
 178.20000  0.348965431961E-02
 178.30000  0.453183432069E-03
 178.40000  0.348673239906E-02
 178.50000  0.430964885853E-03
 178.60000  0.267786230737E-02
 178.70000  0.155177794057E-02
 178.80000  0.139057132767E-02
 178.90000  0.402595704649E-02
 179.00000  0.380683210008E-03
 179.10000  0.641969381169E-02
 179.20000  0.220166406676E-03
 179.30000  0.675903883286E-02
 179.40000  0.709261095226E-03
 179.50000  0.464718582396E-02
 179.60000  0.118745702994E-02
 179.70000  0.205275255360E-02
 179.80000  0.219759780326E-02
 179.90000  0.366173876917E-02
 180.00000  0.677743990377E-01

