   0.10000  0.415552070375E+07
   0.20000  0.881691423252E+06
   0.30000  0.135789846873E+06
   0.40000  0.403120797846E+05
   0.50000  0.585852643880E+05
   0.60000  0.110789780392E+05
   0.70000  0.526570029049E+04
   0.80000  0.112468703337E+05
   0.90000  0.335772157636E+04
   1.00000  0.337394768990E+04
   1.10000  0.471349120611E+04
   1.20000  0.317783567503E+04
   1.30000  0.410733191073E+04
   1.40000  0.328830570043E+04
   1.50000  0.247229003141E+04
   1.60000  0.240365473292E+04
   1.70000  0.251755606605E+04
   1.80000  0.169385134496E+04
   1.90000  0.129782048159E+04
   2.00000  0.100734950362E+04
   2.10000  0.980189714930E+03
   2.20000  0.775550098650E+03
   2.30000  0.700550510793E+03
   2.40000  0.553426463625E+03
   2.50000  0.495967559691E+03
   2.60000  0.384851506684E+03
   2.70000  0.522423892775E+03
   2.80000  0.608193098462E+03
   2.90000  0.574540238347E+03
   3.00000  0.424769790317E+03
   3.10000  0.433770909834E+03
   3.20000  0.451354499987E+03
   3.30000  0.474846147663E+03
   3.40000  0.411076674266E+03
   3.50000  0.301896513151E+03
   3.60000  0.204603655065E+03
   3.70000  0.218029685051E+03
   3.80000  0.247217783287E+03
   3.90000  0.214930519816E+03
   4.00000  0.150437128046E+03
   4.10000  0.803459339681E+02
   4.20000  0.504523870955E+02
   4.30000  0.641134771234E+02
   4.40000  0.103245391288E+03
   4.50000  0.958694533804E+02
   4.60000  0.709492185823E+02
   4.70000  0.327964770566E+02
   4.80000  0.175401339726E+02
   4.90000  0.217458932074E+02
   5.00000  0.500926577000E+02
   5.10000  0.562015424055E+02
   5.20000  0.477143413305E+02
   5.30000  0.290844147938E+02
   5.40000  0.183588107289E+02
   5.50000  0.160195069994E+02
   5.60000  0.291961787617E+02
   5.70000  0.372512249198E+02
   5.80000  0.334103234238E+02
   5.90000  0.279310134614E+02
   6.00000  0.241112603835E+02
   6.10000  0.249014716643E+02
   6.20000  0.288769377931E+02
   6.30000  0.356290578129E+02
   6.40000  0.273934164387E+02
   6.50000  0.247632008841E+02
   6.60000  0.230579402290E+02
   6.70000  0.298111836870E+02
   6.80000  0.349122945834E+02
   6.90000  0.450259257620E+02
   7.00000  0.380401133380E+02
   7.10000  0.309468826555E+02
   7.20000  0.254527408886E+02
   7.30000  0.247195037568E+02
   7.40000  0.305667669699E+02
   7.50000  0.411635446720E+02
   7.60000  0.461525800975E+02
   7.70000  0.419038168060E+02
   7.80000  0.405092757066E+02
   7.90000  0.306677107346E+02
   8.00000  0.283220171819E+02
   8.10000  0.277972572795E+02
   8.20000  0.312960042173E+02
   8.30000  0.320131328188E+02
   8.40000  0.388838210166E+02
   8.50000  0.395120388160E+02
   8.60000  0.382452558142E+02
   8.70000  0.360127424066E+02
   8.80000  0.271718602313E+02
   8.90000  0.209966175473E+02
   9.00000  0.189189414922E+02
   9.10000  0.237203425961E+02
   9.20000  0.289059362507E+02
   9.30000  0.385706048631E+02
   9.40000  0.367280088300E+02
   9.50000  0.307174002578E+02
   9.60000  0.211000738493E+02
   9.70000  0.128810433766E+02
   9.80000  0.104774766758E+02
   9.90000  0.160166865463E+02
  10.00000  0.229832403475E+02
  10.10000  0.260462427374E+02
  10.20000  0.271869676629E+02
  10.30000  0.199634361027E+02
  10.40000  0.136977879661E+02
  10.50000  0.879753082100E+01
  10.60000  0.811685484307E+01
  10.70000  0.859549781843E+01
  10.80000  0.122827171100E+02
  10.90000  0.131082581203E+02
  11.00000  0.128546352259E+02
  11.10000  0.122942711985E+02
  11.20000  0.100582256455E+02
  11.30000  0.806549066778E+01
  11.40000  0.619072029787E+01
  11.50000  0.488310816717E+01
  11.60000  0.347607930590E+01
  11.70000  0.465885995770E+01
  11.80000  0.558979928597E+01
  11.90000  0.720287109430E+01
  12.00000  0.780167956340E+01
  12.10000  0.710430866594E+01
  12.20000  0.469912999160E+01
  12.30000  0.269564517631E+01
  12.40000  0.126742606065E+01
  12.50000  0.107481126632E+01
  12.60000  0.234468358430E+01
  12.70000  0.361347916207E+01
  12.80000  0.432766513953E+01
  12.90000  0.411989592498E+01
  13.00000  0.345503389909E+01
  13.10000  0.187352595748E+01
  13.20000  0.119268631734E+01
  13.30000  0.488157393764E+00
  13.40000  0.416458494629E+00
  13.50000  0.746803407549E+00
  13.60000  0.154309541189E+01
  13.70000  0.195287336828E+01
  13.80000  0.248626736473E+01
  13.90000  0.257758812977E+01
  14.00000  0.161395768016E+01
  14.10000  0.106948472450E+01
  14.20000  0.157193062330E+00
  14.30000  0.402218262373E-01
  14.40000  0.500853327521E+00
  14.50000  0.175284525806E+01
  14.60000  0.220918729484E+01
  14.70000  0.277827468309E+01
  14.80000  0.230168631370E+01
  14.90000  0.121521598526E+01
  15.00000  0.621185537892E+00
  15.10000  0.166508313651E+00
  15.20000  0.414928965115E+00
  15.30000  0.101163205070E+01
  15.40000  0.181686449242E+01
  15.50000  0.172532816401E+01
  15.60000  0.180258272060E+01
  15.70000  0.111813805416E+01
  15.80000  0.497463547769E+00
  15.90000  0.216734550766E+00
  16.00000  0.927242845321E-01
  16.10000  0.287081044569E+00
  16.20000  0.662908913157E+00
  16.30000  0.105700981592E+01
  16.40000  0.110780269565E+01
  16.50000  0.123981446669E+01
  16.60000  0.863425350443E+00
  16.70000  0.532915252660E+00
  16.80000  0.277103795292E+00
  16.90000  0.992325828740E-01
  17.00000  0.341285571934E+00
  17.10000  0.735585051419E+00
  17.20000  0.120040141014E+01
  17.30000  0.144945113620E+01
  17.40000  0.150468464620E+01
  17.50000  0.106186339471E+01
  17.60000  0.664851202967E+00
  17.70000  0.322093075215E+00
  17.80000  0.194335386212E+00
  17.90000  0.497663597693E+00
  18.00000  0.847904004174E+00
  18.10000  0.115763874963E+01
  18.20000  0.120496331243E+01
  18.30000  0.104231577038E+01
  18.40000  0.575701895578E+00
  18.50000  0.272941271818E+00
  18.60000  0.560822719643E-01
  18.70000  0.714712219445E-01
  18.80000  0.233915463105E+00
  18.90000  0.423180561837E+00
  19.00000  0.458734724520E+00
  19.10000  0.399531549264E+00
  19.20000  0.266786427867E+00
  19.30000  0.110044084635E+00
  19.40000  0.356756194090E-01
  19.50000  0.679792541128E-01
  19.60000  0.125854286991E+00
  19.70000  0.127981236684E+00
  19.80000  0.179151671404E+00
  19.90000  0.664070420471E-01
  20.00000  0.301879235534E-01
  20.10000  0.204023194466E-01
  20.20000  0.118372818102E+00
  20.30000  0.173569532864E+00
  20.40000  0.369565540144E+00
  20.50000  0.381298207063E+00
  20.60000  0.328238020922E+00
  20.70000  0.289398179330E+00
  20.80000  0.898210678511E-01
  20.90000  0.318303292233E-01
  21.00000  0.274241400715E-01
  21.10000  0.151638715710E+00
  21.20000  0.257524662732E+00
  21.30000  0.539078730731E+00
  21.40000  0.563015598411E+00
  21.50000  0.593233015313E+00
  21.60000  0.541660676077E+00
  21.70000  0.286969640619E+00
  21.80000  0.189297787711E+00
  21.90000  0.897559979938E-01
  22.00000  0.150545689784E+00
  22.10000  0.288858835913E+00
  22.20000  0.625790863465E+00
  22.30000  0.714450873554E+00
  22.40000  0.881198545105E+00
  22.50000  0.827103733196E+00
  22.60000  0.561159489498E+00
  22.70000  0.422487485812E+00
  22.80000  0.209334440385E+00
  22.90000  0.192929128293E+00
  23.00000  0.301969821333E+00
  23.10000  0.585742770424E+00
  23.20000  0.677935335480E+00
  23.30000  0.886451609042E+00
  23.40000  0.796373074309E+00
  23.50000  0.585679945821E+00
  23.60000  0.434229636001E+00
  23.70000  0.182148662102E+00
  23.80000  0.113467903283E+00
  23.90000  0.135837143479E+00
  24.00000  0.266798874604E+00
  24.10000  0.323941513677E+00
  24.20000  0.487306785244E+00
  24.30000  0.433908434140E+00
  24.40000  0.377534588454E+00
  24.50000  0.315757861137E+00
  24.60000  0.142309681071E+00
  24.70000  0.955152835295E-01
  24.80000  0.266308072393E-01
  24.90000  0.297914398928E-01
  25.00000  0.736189016749E-01
  25.10000  0.194202906647E+00
  25.20000  0.271264690013E+00
  25.30000  0.393509226677E+00
  25.40000  0.461150736042E+00
  25.50000  0.392414052052E+00
  25.60000  0.380686695465E+00
  25.70000  0.215518783914E+00
  25.80000  0.150928017411E+00
  25.90000  0.154030555602E+00
  26.00000  0.230599160167E+00
  26.10000  0.383373048847E+00
  26.20000  0.568645363667E+00
  26.30000  0.667556321161E+00
  26.40000  0.635417737385E+00
  26.50000  0.596855763410E+00
  26.60000  0.361908582833E+00
  26.70000  0.261006978106E+00
  26.80000  0.187403864814E+00
  26.90000  0.205027232611E+00
  27.00000  0.314802108372E+00
  27.10000  0.441268350733E+00
  27.20000  0.490713436164E+00
  27.30000  0.466989540805E+00
  27.40000  0.404393203218E+00
  27.50000  0.220303138740E+00
  27.60000  0.135750826387E+00
  27.70000  0.472973154509E-01
  27.80000  0.339827889860E-01
  27.90000  0.684505917609E-01
  28.00000  0.116841835548E+00
  28.10000  0.136855664822E+00
  28.20000  0.144675679978E+00
  28.30000  0.130856651484E+00
  28.40000  0.975300008646E-01
  28.50000  0.736527647350E-01
  28.60000  0.515660988908E-01
  28.70000  0.307265156798E-01
  28.80000  0.107271570521E-01
  28.90000  0.214227799602E-02
  29.00000  0.850135094653E-02
  29.10000  0.306923756556E-01
  29.20000  0.803577301226E-01
  29.30000  0.153366434179E+00
  29.40000  0.172184150619E+00
  29.50000  0.211382280501E+00
  29.60000  0.168452461507E+00
  29.70000  0.112350372188E+00
  29.80000  0.591141421094E-01
  29.90000  0.258137615252E-01
  30.00000  0.231566120151E-01
  30.10000  0.777285612094E-01
  30.20000  0.150242686448E+00
  30.30000  0.178461397405E+00
  30.40000  0.234166824478E+00
  30.50000  0.182301647290E+00
  30.60000  0.137221641282E+00
  30.70000  0.790901852446E-01
  30.80000  0.192168529557E-01
  30.90000  0.205688253489E-02
  31.00000  0.106984294101E-01
  31.10000  0.337737359957E-01
  31.20000  0.521714311404E-01
  31.30000  0.916701027958E-01
  31.40000  0.740174135148E-01
  31.50000  0.904489382819E-01
  31.60000  0.845810971498E-01
  31.70000  0.649361699457E-01
  31.80000  0.787463724700E-01
  31.90000  0.434741221382E-01
  32.00000  0.310665848947E-01
  32.10000  0.996712113690E-02
  32.20000  0.782459588353E-03
  32.30000  0.138321423766E-01
  32.40000  0.689296791417E-01
  32.50000  0.128097204818E+00
  32.60000  0.189751054530E+00
  32.70000  0.259323635812E+00
  32.80000  0.228844107138E+00
  32.90000  0.220144891809E+00
  33.00000  0.144694108832E+00
  33.10000  0.765411169589E-01
  33.20000  0.693478702133E-01
  33.30000  0.870389863208E-01
  33.40000  0.168826069197E+00
  33.50000  0.275609925107E+00
  33.60000  0.382940065193E+00
  33.70000  0.403626874710E+00
  33.80000  0.427344457413E+00
  33.90000  0.330840105979E+00
  34.00000  0.239526422389E+00
  34.10000  0.181155904887E+00
  34.20000  0.123246448865E+00
  34.30000  0.175181631521E+00
  34.40000  0.250591093164E+00
  34.50000  0.351694744982E+00
  34.60000  0.416108422587E+00
  34.70000  0.463920476579E+00
  34.80000  0.396379479391E+00
  34.90000  0.327365051035E+00
  35.00000  0.237213149852E+00
  35.10000  0.136940881966E+00
  35.20000  0.136222565884E+00
  35.30000  0.138839406651E+00
  35.40000  0.198173436868E+00
  35.50000  0.257283307708E+00
  35.60000  0.300216681288E+00
  35.70000  0.285175198536E+00
  35.80000  0.256596729708E+00
  35.90000  0.187168889707E+00
  36.00000  0.109602881765E+00
  36.10000  0.761660832163E-01
  36.20000  0.350118087609E-01
  36.30000  0.473637454026E-01
  36.40000  0.665054709935E-01
  36.50000  0.879333598684E-01
  36.60000  0.111511603509E+00
  36.70000  0.114601414510E+00
  36.80000  0.109179624764E+00
  36.90000  0.927566163021E-01
  37.00000  0.709413124929E-01
  37.10000  0.479253005618E-01
  37.20000  0.310692916303E-01
  37.30000  0.185423705980E-01
  37.40000  0.174167504429E-01
  37.50000  0.415448863021E-01
  37.60000  0.525097463221E-01
  37.70000  0.100628385774E+00
  37.80000  0.125244352123E+00
  37.90000  0.138653949737E+00
  38.00000  0.158043962697E+00
  38.10000  0.128910442368E+00
  38.20000  0.114073499516E+00
  38.30000  0.909085355817E-01
  38.40000  0.860746358178E-01
  38.50000  0.843659691232E-01
  38.60000  0.131383308917E+00
  38.70000  0.150493301898E+00
  38.80000  0.182986743669E+00
  38.90000  0.215440678066E+00
  39.00000  0.183767233782E+00
  39.10000  0.183525148647E+00
  39.20000  0.141391374763E+00
  39.30000  0.114114743791E+00
  39.40000  0.984322451929E-01
  39.50000  0.105941999787E+00
  39.60000  0.106178697800E+00
  39.70000  0.131459763778E+00
  39.80000  0.149956172620E+00
  39.90000  0.133184222736E+00
  40.00000  0.148861443696E+00
  40.10000  0.109429525843E+00
  40.20000  0.929804864379E-01
  40.30000  0.765265664465E-01
  40.40000  0.543975188186E-01
  40.50000  0.560514813100E-01
  40.60000  0.599750980842E-01
  40.70000  0.720147857345E-01
  40.80000  0.832863678658E-01
  40.90000  0.109241168311E+00
  41.00000  0.104833479838E+00
  41.10000  0.119885232794E+00
  41.20000  0.115990742081E+00
  41.30000  0.970277879827E-01
  41.40000  0.108754476984E+00
  41.50000  0.872134574655E-01
  41.60000  0.103445832072E+00
  41.70000  0.121127817604E+00
  41.80000  0.141755058636E+00
  41.90000  0.174265175838E+00
  42.00000  0.200224363596E+00
  42.10000  0.211373258882E+00
  42.20000  0.208855226416E+00
  42.30000  0.215358617259E+00
  42.40000  0.178254686508E+00
  42.50000  0.189455920362E+00
  42.60000  0.180022565352E+00
  42.70000  0.182401932461E+00
  42.80000  0.216856660011E+00
  42.90000  0.219244732549E+00
  43.00000  0.238439761097E+00
  43.10000  0.236905361437E+00
  43.20000  0.228087680822E+00
  43.30000  0.197408044077E+00
  43.40000  0.190305539854E+00
  43.50000  0.158546912607E+00
  43.60000  0.148917910105E+00
  43.70000  0.159777639490E+00
  43.80000  0.141879809351E+00
  43.90000  0.165268330460E+00
  44.00000  0.155691862680E+00
  44.10000  0.149892407572E+00
  44.20000  0.143674998523E+00
  44.30000  0.123751054166E+00
  44.40000  0.107946622650E+00
  44.50000  0.960074372882E-01
  44.60000  0.910736514726E-01
  44.70000  0.819342081510E-01
  44.80000  0.103155946523E+00
  44.90000  0.100479922108E+00
  45.00000  0.120274216830E+00
  45.10000  0.140630556609E+00
  45.20000  0.133411871189E+00
  45.30000  0.158730522536E+00
  45.40000  0.145016506999E+00
  45.50000  0.146363805169E+00
  45.60000  0.149643731967E+00
  45.70000  0.150450909151E+00
  45.80000  0.162768192342E+00
  45.90000  0.189630284090E+00
  46.00000  0.218732616726E+00
  46.10000  0.236353080375E+00
  46.20000  0.285494981238E+00
  46.30000  0.272815243403E+00
  46.40000  0.291803836710E+00
  46.50000  0.286957752964E+00
  46.60000  0.261349416389E+00
  46.70000  0.274011735928E+00
  46.80000  0.264897324032E+00
  46.90000  0.280665773545E+00
  47.00000  0.298504298759E+00
  47.10000  0.330329742471E+00
  47.20000  0.325237042138E+00
  47.30000  0.349073367257E+00
  47.40000  0.330086325328E+00
  47.50000  0.299706513574E+00
  47.60000  0.298456567178E+00
  47.70000  0.249699073465E+00
  47.80000  0.249969344369E+00
  47.90000  0.239600099295E+00
  48.00000  0.238367416633E+00
  48.10000  0.241793629358E+00
  48.20000  0.248640198166E+00
  48.30000  0.235605863619E+00
  48.40000  0.222067154017E+00
  48.50000  0.212663858531E+00
  48.60000  0.169185936568E+00
  48.70000  0.166352043191E+00
  48.80000  0.137113785548E+00
  48.90000  0.125085897556E+00
  49.00000  0.130589763733E+00
  49.10000  0.119283420971E+00
  49.20000  0.131113995623E+00
  49.30000  0.131761383140E+00
  49.40000  0.134050819465E+00
  49.50000  0.132919426746E+00
  49.60000  0.133952016547E+00
  49.70000  0.124074372585E+00
  49.80000  0.122619595004E+00
  49.90000  0.125528719260E+00
  50.00000  0.115450384506E+00
  50.10000  0.140714722154E+00
  50.20000  0.140586387105E+00
  50.30000  0.162309400742E+00
  50.40000  0.190662145265E+00
  50.50000  0.194130278302E+00
  50.60000  0.223898846250E+00
  50.70000  0.226429750263E+00
  50.80000  0.233654497397E+00
  50.90000  0.236859496113E+00
  51.00000  0.247126453853E+00
  51.10000  0.244368401441E+00
  51.20000  0.266142646311E+00
  51.30000  0.285863829699E+00
  51.40000  0.288456744368E+00
  51.50000  0.333124161065E+00
  51.60000  0.322651781328E+00
  51.70000  0.340988935717E+00
  51.80000  0.345240402360E+00
  51.90000  0.331297680227E+00
  52.00000  0.335385139164E+00
  52.10000  0.331025453421E+00
  52.20000  0.331195165572E+00
  52.30000  0.330254745136E+00
  52.40000  0.352337837080E+00
  52.50000  0.332986879370E+00
  52.60000  0.352568413912E+00
  52.70000  0.341882522926E+00
  52.80000  0.319894711144E+00
  52.90000  0.327544548617E+00
  53.00000  0.293818853826E+00
  53.10000  0.291832889707E+00
  53.20000  0.281509312440E+00
  53.30000  0.275856333029E+00
  53.40000  0.268079243115E+00
  53.50000  0.272810076251E+00
  53.60000  0.258896584796E+00
  53.70000  0.247156610370E+00
  53.80000  0.247559818098E+00
  53.90000  0.211329015238E+00
  54.00000  0.215067981632E+00
  54.10000  0.193078368364E+00
  54.20000  0.180783265867E+00
  54.30000  0.186018827523E+00
  54.40000  0.173233348257E+00
  54.50000  0.178919748546E+00
  54.60000  0.176915965198E+00
  54.70000  0.175949443827E+00
  54.80000  0.167417009120E+00
  54.90000  0.168818399459E+00
  55.00000  0.153005769008E+00
  55.10000  0.147684026220E+00
  55.20000  0.149212040775E+00
  55.30000  0.132593058137E+00
  55.40000  0.150731891854E+00
  55.50000  0.145292424987E+00
  55.60000  0.154325541603E+00
  55.70000  0.170289262323E+00
  55.80000  0.166566256133E+00
  55.90000  0.179168720410E+00
  56.00000  0.176463855345E+00
  56.10000  0.174984739410E+00
  56.20000  0.169663530922E+00
  56.30000  0.173252421359E+00
  56.40000  0.164540418044E+00
  56.50000  0.173780713459E+00
  56.60000  0.185295911781E+00
  56.70000  0.182320919614E+00
  56.80000  0.212585029853E+00
  56.90000  0.206161535716E+00
  57.00000  0.217668935875E+00
  57.10000  0.223291758683E+00
  57.20000  0.209691965359E+00
  57.30000  0.212879963604E+00
  57.40000  0.203081028413E+00
  57.50000  0.200517956072E+00
  57.60000  0.198427842034E+00
  57.70000  0.211862755408E+00
  57.80000  0.206860118121E+00
  57.90000  0.225586958554E+00
  58.00000  0.231346864091E+00
  58.10000  0.223065148186E+00
  58.20000  0.240050272874E+00
  58.30000  0.216012034854E+00
  58.40000  0.217280943427E+00
  58.50000  0.209449755001E+00
  58.60000  0.197389746319E+00
  58.70000  0.201603993572E+00
  58.80000  0.202036503368E+00
  58.90000  0.207176130188E+00
  59.00000  0.212038004422E+00
  59.10000  0.226195296251E+00
  59.20000  0.215050186703E+00
  59.30000  0.226858167430E+00
  59.40000  0.216269020228E+00
  59.50000  0.203058191134E+00
  59.60000  0.211072052605E+00
  59.70000  0.189162113138E+00
  59.80000  0.199843900925E+00
  59.90000  0.200544662016E+00
  60.00000  0.204320375199E+00
  60.10000  0.218254788245E+00
  60.20000  0.224981905409E+00
  60.30000  0.229696390023E+00
  60.40000  0.231018801785E+00
  60.50000  0.234247500970E+00
  60.60000  0.216361676269E+00
  60.70000  0.224106037765E+00
  60.80000  0.210160876150E+00
  60.90000  0.208090097248E+00
  61.00000  0.224193483337E+00
  61.10000  0.216003746505E+00
  61.20000  0.241272293521E+00
  61.30000  0.246120333480E+00
  61.40000  0.252860746161E+00
  61.50000  0.260428560334E+00
  61.60000  0.255548695635E+00
  61.70000  0.247238793665E+00
  61.80000  0.238890431703E+00
  61.90000  0.233819099957E+00
  62.00000  0.217510485657E+00
  62.10000  0.232983392105E+00
  62.20000  0.225197998605E+00
  62.30000  0.237640430106E+00
  62.40000  0.255848324234E+00
  62.50000  0.248006476137E+00
  62.60000  0.266530517350E+00
  62.70000  0.254391658805E+00
  62.80000  0.246830858512E+00
  62.90000  0.237163195066E+00
  63.00000  0.222199352195E+00
  63.10000  0.209203006194E+00
  63.20000  0.205407631261E+00
  63.30000  0.205555087425E+00
  63.40000  0.200523127286E+00
  63.50000  0.222187689608E+00
  63.60000  0.213923521352E+00
  63.70000  0.225801444121E+00
  63.80000  0.229010272767E+00
  63.90000  0.211602699976E+00
  64.00000  0.216835861919E+00
  64.10000  0.194535408980E+00
  64.20000  0.186372352564E+00
  64.30000  0.178732983129E+00
  64.40000  0.172277180197E+00
  64.50000  0.171161039869E+00
  64.60000  0.178455742022E+00
  64.70000  0.184293614185E+00
  64.80000  0.186569012284E+00
  64.90000  0.204294046589E+00
  65.00000  0.192655243748E+00
  65.10000  0.201983493766E+00
  65.20000  0.196881418488E+00
  65.30000  0.182323600110E+00
  65.40000  0.190218673766E+00
  65.50000  0.173744894537E+00
  65.60000  0.179184709362E+00
  65.70000  0.182353365531E+00
  65.80000  0.186249823915E+00
  65.90000  0.196639092784E+00
  66.00000  0.207543316347E+00
  66.10000  0.214029480163E+00
  66.20000  0.217618086793E+00
  66.30000  0.228830679890E+00
  66.40000  0.214947035103E+00
  66.50000  0.224977475482E+00
  66.60000  0.217185796978E+00
  66.70000  0.210377242256E+00
  66.80000  0.224392789705E+00
  66.90000  0.213166199578E+00
  67.00000  0.228641686784E+00
  67.10000  0.233085027058E+00
  67.20000  0.237122811530E+00
  67.30000  0.245121923260E+00
  67.40000  0.247478307763E+00
  67.50000  0.245118766033E+00
  67.60000  0.242313601094E+00
  67.70000  0.244436111311E+00
  67.80000  0.227811409089E+00
  67.90000  0.238227653234E+00
  68.00000  0.227237567994E+00
  68.10000  0.225366627459E+00
  68.20000  0.236169547196E+00
  68.30000  0.221872596366E+00
  68.40000  0.233322651379E+00
  68.50000  0.226405560561E+00
  68.60000  0.221949821561E+00
  68.70000  0.219899481318E+00
  68.80000  0.212735596479E+00
  68.90000  0.204422162873E+00
  69.00000  0.199149413378E+00
  69.10000  0.196386187376E+00
  69.20000  0.182297025260E+00
  69.30000  0.190320348266E+00
  69.40000  0.176303828353E+00
  69.50000  0.175245433955E+00
  69.60000  0.177570104662E+00
  69.70000  0.161443530667E+00
  69.80000  0.168732245434E+00
  69.90000  0.156683298408E+00
  70.00000  0.152640886089E+00
  70.10000  0.151029538679E+00
  70.20000  0.143397196057E+00
  70.30000  0.140877143211E+00
  70.40000  0.138111748459E+00
  70.50000  0.136302163546E+00
  70.60000  0.130431632627E+00
  70.70000  0.136737878714E+00
  70.80000  0.127705800303E+00
  70.90000  0.131757293371E+00
  71.00000  0.134168499216E+00
  71.10000  0.125658826803E+00
  71.20000  0.138326835859E+00
  71.30000  0.129664121064E+00
  71.40000  0.134594825058E+00
  71.50000  0.139167110461E+00
  71.60000  0.134319967975E+00
  71.70000  0.142958166838E+00
  71.80000  0.141909212406E+00
  71.90000  0.145729787510E+00
  72.00000  0.148863198897E+00
  72.10000  0.155868015300E+00
  72.20000  0.155592938965E+00
  72.30000  0.165521184419E+00
  72.40000  0.170671256016E+00
  72.50000  0.169425895133E+00
  72.60000  0.186436467733E+00
  72.70000  0.177817710143E+00
  72.80000  0.188934970837E+00
  72.90000  0.192707268434E+00
  73.00000  0.187325715587E+00
  73.10000  0.201080875842E+00
  73.20000  0.196251372675E+00
  73.30000  0.203854998780E+00
  73.40000  0.209259500555E+00
  73.50000  0.214591511942E+00
  73.60000  0.217880092637E+00
  73.70000  0.226660666850E+00
  73.80000  0.227926145323E+00
  73.90000  0.225899465254E+00
  74.00000  0.236417620607E+00
  74.10000  0.221158788013E+00
  74.20000  0.230054698055E+00
  74.30000  0.225272071302E+00
  74.40000  0.218086924348E+00
  74.50000  0.230484363694E+00
  74.60000  0.220843687661E+00
  74.70000  0.230221809699E+00
  74.80000  0.232297440374E+00
  74.90000  0.232539514543E+00
  75.00000  0.233993941779E+00
  75.10000  0.233586322210E+00
  75.20000  0.227322538629E+00
  75.30000  0.220576835196E+00
  75.40000  0.220423036464E+00
  75.50000  0.202937938081E+00
  75.60000  0.209056201777E+00
  75.70000  0.200090325583E+00
  75.80000  0.196461423050E+00
  75.90000  0.207530506265E+00
  76.00000  0.196578981684E+00
  76.10000  0.208025322779E+00
  76.20000  0.205075794833E+00
  76.30000  0.201487901506E+00
  76.40000  0.202576925893E+00
  76.50000  0.193676557180E+00
  76.60000  0.187903517087E+00
  76.70000  0.180946666991E+00
  76.80000  0.177230019979E+00
  76.90000  0.167474093133E+00
  77.00000  0.173883312933E+00
  77.10000  0.168309450969E+00
  77.20000  0.171597771829E+00
  77.30000  0.182425911782E+00
  77.40000  0.174270229590E+00
  77.50000  0.189342888889E+00
  77.60000  0.183624697009E+00
  77.70000  0.182317376432E+00
  77.80000  0.186520431857E+00
  77.90000  0.174291711662E+00
  78.00000  0.176615561090E+00
  78.10000  0.170994487306E+00
  78.20000  0.169433771463E+00
  78.30000  0.169850246124E+00
  78.40000  0.175502117934E+00
  78.50000  0.176683420384E+00
  78.60000  0.184940762381E+00
  78.70000  0.194809230351E+00
  78.80000  0.191573113451E+00
  78.90000  0.207875107566E+00
  79.00000  0.200453387631E+00
  79.10000  0.203207461957E+00
  79.20000  0.207714816373E+00
  79.30000  0.194304806577E+00
  79.40000  0.203796428817E+00
  79.50000  0.196016661405E+00
  79.60000  0.197806253013E+00
  79.70000  0.203921101328E+00
  79.80000  0.205346084040E+00
  79.90000  0.212768691436E+00
  80.00000  0.219711943603E+00
  80.10000  0.226491237252E+00
  80.20000  0.226779711726E+00
  80.30000  0.238093135133E+00
  80.40000  0.229620885737E+00
  80.50000  0.233628180526E+00
  80.60000  0.234118445843E+00
  80.70000  0.221210454698E+00
  80.80000  0.232854673479E+00
  80.90000  0.220730653099E+00
  81.00000  0.225674388918E+00
  81.10000  0.231602374602E+00
  81.20000  0.227762037238E+00
  81.30000  0.239997753513E+00
  81.40000  0.240437518907E+00
  81.50000  0.245224459087E+00
  81.60000  0.247314204149E+00
  81.70000  0.250225076703E+00
  81.80000  0.244292363873E+00
  81.90000  0.246059417122E+00
  82.00000  0.242424772658E+00
  82.10000  0.232840368787E+00
  82.20000  0.242132372071E+00
  82.30000  0.228599959519E+00
  82.40000  0.236791733156E+00
  82.50000  0.239926715615E+00
  82.60000  0.234656470492E+00
  82.70000  0.250583983370E+00
  82.80000  0.243995222934E+00
  82.90000  0.250775761006E+00
  83.00000  0.252743166163E+00
  83.10000  0.248369751987E+00
  83.20000  0.248807393604E+00
  83.30000  0.245274197931E+00
  83.40000  0.241700372397E+00
  83.50000  0.237263835056E+00
  83.60000  0.242198533813E+00
  83.70000  0.233558241658E+00
  83.80000  0.243672773768E+00
  83.90000  0.244872782504E+00
  84.00000  0.242853812929E+00
  84.10000  0.259172237958E+00
  84.20000  0.248298808061E+00
  84.30000  0.258721492530E+00
  84.40000  0.257532687600E+00
  84.50000  0.249765015581E+00
  84.60000  0.256658167661E+00
  84.70000  0.246570097048E+00
  84.80000  0.248286221280E+00
  84.90000  0.247715191874E+00
  85.00000  0.248931280746E+00
  85.10000  0.249919015759E+00
  85.20000  0.257696980928E+00
  85.30000  0.259517203705E+00
  85.40000  0.261526105978E+00
  85.50000  0.272771690545E+00
  85.60000  0.261964366333E+00
  85.70000  0.272636849966E+00
  85.80000  0.266688298769E+00
  85.90000  0.259988428293E+00
  86.00000  0.269551997684E+00
  86.10000  0.255454606463E+00
  86.20000  0.265189179230E+00
  86.30000  0.265176207818E+00
  86.40000  0.265438910757E+00
  86.50000  0.275833976612E+00
  86.60000  0.276191119410E+00
  86.70000  0.281436892032E+00
  86.80000  0.283263382350E+00
  86.90000  0.285740594060E+00
  87.00000  0.279049039997E+00
  87.10000  0.283706333186E+00
  87.20000  0.275747543301E+00
  87.30000  0.272548905036E+00
  87.40000  0.280329505260E+00
  87.50000  0.268053183381E+00
  87.60000  0.283589748272E+00
  87.70000  0.281554797185E+00
  87.80000  0.283713533707E+00
  87.90000  0.297674755397E+00
  88.00000  0.288718366320E+00
  88.10000  0.298060717442E+00
  88.20000  0.293571346425E+00
  88.30000  0.288653431789E+00
  88.40000  0.287097783881E+00
  88.50000  0.281489912815E+00
  88.60000  0.277293838533E+00
  88.70000  0.276087402342E+00
  88.80000  0.279943693393E+00
  88.90000  0.274829050066E+00
  89.00000  0.289098684530E+00
  89.10000  0.285695037664E+00
  89.20000  0.289968247023E+00
  89.30000  0.299685149362E+00
  89.40000  0.285496735743E+00
  89.50000  0.295844195080E+00
  89.60000  0.283023166375E+00
  89.70000  0.276140871752E+00
  89.80000  0.277111564710E+00
  89.90000  0.262873080171E+00
  90.00000  0.266600619625E+00
  90.10000  0.263334402588E+00
  90.20000  0.264875902238E+00
  90.30000  0.268259993011E+00
  90.40000  0.274208269469E+00
  90.50000  0.274246935393E+00
  90.60000  0.277791037972E+00
  90.70000  0.280343407617E+00
  90.80000  0.269063305246E+00
  90.90000  0.275224025382E+00
  91.00000  0.259668522274E+00
  91.10000  0.255325468096E+00
  91.20000  0.255180750412E+00
  91.30000  0.239360230194E+00
  91.40000  0.249624132797E+00
  91.50000  0.242211322001E+00
  91.60000  0.245494850981E+00
  91.70000  0.253962369667E+00
  91.80000  0.250787937901E+00
  91.90000  0.259202968258E+00
  92.00000  0.258190383329E+00
  92.10000  0.257695939598E+00
  92.20000  0.254328308216E+00
  92.30000  0.252283143800E+00
  92.40000  0.242893025228E+00
  92.50000  0.239843437490E+00
  92.60000  0.237012938256E+00
  92.70000  0.226705616139E+00
  92.80000  0.236316312157E+00
  92.90000  0.227660374670E+00
  93.00000  0.234063668275E+00
  93.10000  0.241622473577E+00
  93.20000  0.234956368084E+00
  93.30000  0.249824721404E+00
  93.40000  0.242688964282E+00
  93.50000  0.244557688521E+00
  93.60000  0.246147687482E+00
  93.70000  0.236092348688E+00
  93.80000  0.237000725886E+00
  93.90000  0.229612345135E+00
  94.00000  0.225914302339E+00
  94.10000  0.222426473730E+00
  94.20000  0.223654642501E+00
  94.30000  0.219760787237E+00
  94.40000  0.224790528578E+00
  94.50000  0.228226693529E+00
  94.60000  0.224722283359E+00
  94.70000  0.237585233508E+00
  94.80000  0.228595522376E+00
  94.90000  0.233627375098E+00
  95.00000  0.234156714790E+00
  95.10000  0.221844525873E+00
  95.20000  0.229096015468E+00
  95.30000  0.215264532433E+00
  95.40000  0.214182371407E+00
  95.50000  0.213190171697E+00
  95.60000  0.205527797139E+00
  95.70000  0.210230176999E+00
  95.80000  0.208373689855E+00
  95.90000  0.211023059740E+00
  96.00000  0.213155359194E+00
  96.10000  0.217701886915E+00
  96.20000  0.215420737489E+00
  96.30000  0.219223678803E+00
  96.40000  0.217735635494E+00
  96.50000  0.210183366491E+00
  96.60000  0.215326558164E+00
  96.70000  0.201079832575E+00
  96.80000  0.202588720455E+00
  96.90000  0.199625845460E+00
  97.00000  0.189909842046E+00
  97.10000  0.199668360689E+00
  97.20000  0.191031640473E+00
  97.30000  0.197302503215E+00
  97.40000  0.201440740416E+00
  97.50000  0.198767877174E+00
  97.60000  0.206696957846E+00
  97.70000  0.203586177752E+00
  97.80000  0.203930313393E+00
  97.90000  0.201637199983E+00
  98.00000  0.198514037857E+00
  98.10000  0.191773459976E+00
  98.20000  0.189740381512E+00
  98.30000  0.184784622598E+00
  98.40000  0.178530664967E+00
  98.50000  0.184123806115E+00
  98.60000  0.175138253179E+00
  98.70000  0.182389824965E+00
  98.80000  0.183484472828E+00
  98.90000  0.179245383689E+00
  99.00000  0.190412069274E+00
  99.10000  0.180591544444E+00
  99.20000  0.184664526161E+00
  99.30000  0.182364425404E+00
  99.40000  0.173177684118E+00
  99.50000  0.175300115428E+00
  99.60000  0.165409696821E+00
  99.70000  0.163134265306E+00
  99.80000  0.160040790136E+00
  99.90000  0.157249475806E+00
 100.00000  0.155686477228E+00
 100.10000  0.157151932011E+00
 100.20000  0.156734625185E+00
 100.30000  0.155529751518E+00
 100.40000  0.160852256202E+00
 100.50000  0.153238969608E+00
 100.60000  0.157574332958E+00
 100.70000  0.153628662232E+00
 100.80000  0.146584218884E+00
 100.90000  0.151574592686E+00
 101.00000  0.139263563427E+00
 101.10000  0.142580351742E+00
 101.20000  0.139988254131E+00
 101.30000  0.134521601836E+00
 101.40000  0.141402986477E+00
 101.50000  0.135420568687E+00
 101.60000  0.139403117358E+00
 101.70000  0.140094685638E+00
 101.80000  0.138189536879E+00
 101.90000  0.139876401799E+00
 102.00000  0.137787065264E+00
 102.10000  0.136075943253E+00
 102.20000  0.133463991146E+00
 102.30000  0.133674780594E+00
 102.40000  0.127728749562E+00
 102.50000  0.130605731485E+00
 102.60000  0.128146904670E+00
 102.70000  0.125802421902E+00
 102.80000  0.132905539226E+00
 102.90000  0.125477185602E+00
 103.00000  0.132551786718E+00
 103.10000  0.131160929988E+00
 103.20000  0.126893432761E+00
 103.30000  0.133226451539E+00
 103.40000  0.123398193358E+00
 103.50000  0.125716092416E+00
 103.60000  0.122341889613E+00
 103.70000  0.116612422715E+00
 103.80000  0.118612703785E+00
 103.90000  0.113571187970E+00
 104.00000  0.114093146698E+00
 104.10000  0.113761259368E+00
 104.20000  0.114323823919E+00
 104.30000  0.113541568263E+00
 104.40000  0.116006457802E+00
 104.50000  0.114534328430E+00
 104.60000  0.112806886131E+00
 104.70000  0.115401184704E+00
 104.80000  0.107188408438E+00
 104.90000  0.109901124731E+00
 105.00000  0.104738190320E+00
 105.10000  0.995176588635E-01
 105.20000  0.103430410049E+00
 105.30000  0.941954244967E-01
 105.40000  0.988571533570E-01
 105.50000  0.973357207262E-01
 105.60000  0.949332881371E-01
 105.70000  0.101535347261E+00
 105.80000  0.969586072660E-01
 105.90000  0.101135101218E+00
 106.00000  0.101084031440E+00
 106.10000  0.990501136828E-01
 106.20000  0.100407896657E+00
 106.30000  0.973804121808E-01
 106.40000  0.959202734290E-01
 106.50000  0.937652363805E-01
 106.60000  0.931409311044E-01
 106.70000  0.894471670778E-01
 106.80000  0.917728184549E-01
 106.90000  0.900448096718E-01
 107.00000  0.896194047039E-01
 107.10000  0.951519724767E-01
 107.20000  0.900353139527E-01
 107.30000  0.967365528155E-01
 107.40000  0.951508919070E-01
 107.50000  0.928216101294E-01
 107.60000  0.982957616010E-01
 107.70000  0.898293543262E-01
 107.80000  0.932270715158E-01
 107.90000  0.899107650522E-01
 108.00000  0.854464532821E-01
 108.10000  0.885828295298E-01
 108.20000  0.830867525521E-01
 108.30000  0.852766161890E-01
 108.40000  0.852231216953E-01
 108.50000  0.850802318400E-01
 108.60000  0.870420996832E-01
 108.70000  0.878783886404E-01
 108.80000  0.881927253189E-01
 108.90000  0.880476120950E-01
 109.00000  0.892702974033E-01
 109.10000  0.847436944480E-01
 109.20000  0.864606666157E-01
 109.30000  0.823465943824E-01
 109.40000  0.790687045318E-01
 109.50000  0.815403534376E-01
 109.60000  0.742220264772E-01
 109.70000  0.788305944953E-01
 109.80000  0.770265552199E-01
 109.90000  0.758912423897E-01
 110.00000  0.827875951270E-01
 110.10000  0.781230412658E-01
 110.20000  0.843138582845E-01
 110.30000  0.842004685531E-01
 110.40000  0.823363781301E-01
 110.50000  0.861968964914E-01
 110.60000  0.807803860789E-01
 110.70000  0.812106034169E-01
 110.80000  0.785644966066E-01
 110.90000  0.752850544816E-01
 111.00000  0.740980322346E-01
 111.10000  0.725164483458E-01
 111.20000  0.715287015433E-01
 111.30000  0.715273860006E-01
 111.40000  0.744303881042E-01
 111.50000  0.727374618994E-01
 111.60000  0.782600179277E-01
 111.70000  0.779997479831E-01
 111.80000  0.782156147032E-01
 111.90000  0.832169938308E-01
 112.00000  0.768066314243E-01
 112.10000  0.808982596942E-01
 112.20000  0.769351307924E-01
 112.30000  0.725317195175E-01
 112.40000  0.753780265214E-01
 112.50000  0.671075016567E-01
 112.60000  0.698599214354E-01
 112.70000  0.679766963272E-01
 112.80000  0.660255708028E-01
 112.90000  0.709353000726E-01
 113.00000  0.688776266040E-01
 113.10000  0.731344871125E-01
 113.20000  0.750047647534E-01
 113.30000  0.759983609596E-01
 113.40000  0.783407394573E-01
 113.50000  0.784857637903E-01
 113.60000  0.781204475272E-01
 113.70000  0.769454879619E-01
 113.80000  0.767595377355E-01
 113.90000  0.725013819837E-01
 114.00000  0.736346266335E-01
 114.10000  0.707100763247E-01
 114.20000  0.690483157864E-01
 114.30000  0.728978695547E-01
 114.40000  0.681596380194E-01
 114.50000  0.742716778641E-01
 114.60000  0.739162642135E-01
 114.70000  0.735112674504E-01
 114.80000  0.802841894995E-01
 114.90000  0.747483906149E-01
 115.00000  0.796414128138E-01
 115.10000  0.779258978134E-01
 115.20000  0.743386932531E-01
 115.30000  0.773409103432E-01
 115.40000  0.709439981366E-01
 115.50000  0.718503459562E-01
 115.60000  0.699965207435E-01
 115.70000  0.676533369279E-01
 115.80000  0.689008508193E-01
 115.90000  0.679265441574E-01
 116.00000  0.687244375128E-01
 116.10000  0.694135895137E-01
 116.20000  0.712792195610E-01
 116.30000  0.701729066036E-01
 116.40000  0.729735929200E-01
 116.50000  0.717573900071E-01
 116.60000  0.706449306932E-01
 116.70000  0.732962802923E-01
 116.80000  0.676349367459E-01
 116.90000  0.708911972595E-01
 117.00000  0.682905900775E-01
 117.10000  0.658425230267E-01
 117.20000  0.706708998421E-01
 117.30000  0.650010125063E-01
 117.40000  0.703464722400E-01
 117.50000  0.703996354543E-01
 117.60000  0.692978451287E-01
 117.70000  0.758979843698E-01
 117.80000  0.719328654271E-01
 117.90000  0.763103819768E-01
 118.00000  0.764695693000E-01
 118.10000  0.743506349044E-01
 118.20000  0.771919431220E-01
 118.30000  0.736834955120E-01
 118.40000  0.739071980693E-01
 118.50000  0.728503712715E-01
 118.60000  0.717556442748E-01
 118.70000  0.709386466085E-01
 118.80000  0.716270661162E-01
 118.90000  0.711378912153E-01
 119.00000  0.710553111378E-01
 119.10000  0.743055698518E-01
 119.20000  0.711204535605E-01
 119.30000  0.752883341366E-01
 119.40000  0.739967351023E-01
 119.50000  0.720287639245E-01
 119.60000  0.761511081272E-01
 119.70000  0.692611417423E-01
 119.80000  0.724653015451E-01
 119.90000  0.698325492780E-01
 120.00000  0.658030910897E-01
 120.10000  0.700604395602E-01
 120.20000  0.635576940528E-01
 120.30000  0.669331493615E-01
 120.40000  0.667273928594E-01
 120.50000  0.646565930496E-01
 120.60000  0.698794703642E-01
 120.70000  0.670862829913E-01
 120.80000  0.702810273106E-01
 120.90000  0.713650516541E-01
 121.00000  0.705103674860E-01
 121.10000  0.727006280148E-01
 121.20000  0.714791445140E-01
 121.30000  0.714566084767E-01
 121.40000  0.707570318471E-01
 121.50000  0.708164325286E-01
 121.60000  0.687521104448E-01
 121.70000  0.701481543654E-01
 121.80000  0.692926833648E-01
 121.90000  0.684006308374E-01
 122.00000  0.725311882229E-01
 122.10000  0.687377156405E-01
 122.20000  0.734053069623E-01
 122.30000  0.731891319373E-01
 122.40000  0.711088230039E-01
 122.50000  0.767081550151E-01
 122.60000  0.702940813909E-01
 122.70000  0.736564490379E-01
 122.80000  0.721280412288E-01
 122.90000  0.674507549194E-01
 123.00000  0.716637816233E-01
 123.10000  0.651316042960E-01
 123.20000  0.671261415242E-01
 123.30000  0.668281105025E-01
 123.40000  0.639188512845E-01
 123.50000  0.680109031321E-01
 123.60000  0.654956189838E-01
 123.70000  0.675333499297E-01
 123.80000  0.686113119416E-01
 123.90000  0.679850931500E-01
 124.00000  0.692920999442E-01
 124.10000  0.687101140218E-01
 124.20000  0.682700804577E-01
 124.30000  0.671609554554E-01
 124.40000  0.674141898922E-01
 124.50000  0.644984087399E-01
 124.60000  0.655405913804E-01
 124.70000  0.645628346696E-01
 124.80000  0.628452942961E-01
 124.90000  0.671327480120E-01
 125.00000  0.634472819151E-01
 125.10000  0.679790878246E-01
 125.20000  0.690386484750E-01
 125.30000  0.670817652717E-01
 125.40000  0.738120969029E-01
 125.50000  0.685187639173E-01
 125.60000  0.718865916442E-01
 125.70000  0.716370055332E-01
 125.80000  0.665201371985E-01
 125.90000  0.707472425574E-01
 126.00000  0.639757519104E-01
 126.10000  0.647125670497E-01
 126.20000  0.642998958930E-01
 126.30000  0.602327965130E-01
 126.40000  0.638343802725E-01
 126.50000  0.612664547047E-01
 126.60000  0.630434471069E-01
 126.70000  0.647985929865E-01
 126.80000  0.646635146940E-01
 126.90000  0.668774077438E-01
 127.00000  0.671244253723E-01
 127.10000  0.674697516130E-01
 127.20000  0.668586325091E-01
 127.30000  0.670438389416E-01
 127.40000  0.641696890422E-01
 127.50000  0.639304664084E-01
 127.60000  0.622359896778E-01
 127.70000  0.590187996010E-01
 127.80000  0.614928126257E-01
 127.90000  0.571892691702E-01
 128.00000  0.598022197263E-01
 128.10000  0.609645298032E-01
 128.20000  0.587237545760E-01
 128.30000  0.657039895855E-01
 128.40000  0.620558699150E-01
 128.50000  0.659074666492E-01
 128.60000  0.679012700917E-01
 128.70000  0.635644036309E-01
 128.80000  0.689956523143E-01
 128.90000  0.629107605185E-01
 129.00000  0.630071804749E-01
 129.10000  0.626622007228E-01
 129.20000  0.565173528884E-01
 129.30000  0.591646727095E-01
 129.40000  0.545452922811E-01
 129.50000  0.544569636573E-01
 129.60000  0.555605143132E-01
 129.70000  0.536852004163E-01
 129.80000  0.566347765385E-01
 129.90000  0.567797644611E-01
 130.00000  0.582973445337E-01
 130.10000  0.597865549434E-01
 130.20000  0.607212143999E-01
 130.30000  0.607767153215E-01
 130.40000  0.611292784421E-01
 130.50000  0.606937802641E-01
 130.60000  0.583893009039E-01
 130.70000  0.593256592248E-01
 130.80000  0.554656952102E-01
 130.90000  0.555014197229E-01
 131.00000  0.553425453459E-01
 131.10000  0.518492232009E-01
 131.20000  0.563589309224E-01
 131.30000  0.531028296369E-01
 131.40000  0.558265232374E-01
 131.50000  0.590511828390E-01
 131.60000  0.559201769616E-01
 131.70000  0.629944727434E-01
 131.80000  0.595559570123E-01
 131.90000  0.610839228816E-01
 132.00000  0.633992459401E-01
 132.10000  0.574067268380E-01
 132.20000  0.613471601985E-01
 132.30000  0.559631582165E-01
 132.40000  0.542688456942E-01
 132.50000  0.547518515834E-01
 132.60000  0.490676420903E-01
 132.70000  0.512535902328E-01
 132.80000  0.484743201013E-01
 132.90000  0.480288022883E-01
 133.00000  0.496976134725E-01
 133.10000  0.484212851635E-01
 133.20000  0.504819098189E-01
 133.30000  0.508024682095E-01
 133.40000  0.515319223662E-01
 133.50000  0.521241085362E-01
 133.60000  0.526619910806E-01
 133.70000  0.519280147502E-01
 133.80000  0.517190762839E-01
 133.90000  0.515285838245E-01
 134.00000  0.489692852365E-01
 134.10000  0.503335600261E-01
 134.20000  0.474397026739E-01
 134.30000  0.473582777634E-01
 134.40000  0.487104310871E-01
 134.50000  0.453079570731E-01
 134.60000  0.499023681650E-01
 134.70000  0.476609377279E-01
 134.80000  0.488371595098E-01
 134.90000  0.526459919496E-01
 135.00000  0.484701479527E-01
 135.10000  0.540866104186E-01
 135.20000  0.511700455815E-01
 135.30000  0.505128698357E-01
 135.40000  0.534042793855E-01
 135.50000  0.471185805552E-01
 135.60000  0.504526147482E-01
 135.70000  0.467727891209E-01
 135.80000  0.445167820576E-01
 135.90000  0.466809916765E-01
 136.00000  0.416228469678E-01
 136.10000  0.442604549143E-01
 136.20000  0.428415482716E-01
 136.30000  0.419985377429E-01
 136.40000  0.447202699707E-01
 136.50000  0.427662960890E-01
 136.60000  0.449520804020E-01
 136.70000  0.450392280982E-01
 136.80000  0.448391326945E-01
 136.90000  0.459185718614E-01
 137.00000  0.451183761860E-01
 137.10000  0.449816128873E-01
 137.20000  0.443725219831E-01
 137.30000  0.440917738660E-01
 137.40000  0.425458442425E-01
 137.50000  0.432185476410E-01
 137.60000  0.418595994195E-01
 137.70000  0.414686642903E-01
 137.80000  0.433492196460E-01
 137.90000  0.406657401895E-01
 138.00000  0.441027670166E-01
 138.10000  0.429654133219E-01
 138.20000  0.425572072521E-01
 138.30000  0.460942950070E-01
 138.40000  0.415680970354E-01
 138.50000  0.450968110937E-01
 138.60000  0.428997212617E-01
 138.70000  0.403864827281E-01
 138.80000  0.433211198759E-01
 138.90000  0.371555546257E-01
 139.00000  0.395237157352E-01
 139.10000  0.374412853888E-01
 139.20000  0.344955785850E-01
 139.30000  0.380319642800E-01
 139.40000  0.333852970577E-01
 139.50000  0.363580879804E-01
 139.60000  0.364867657010E-01
 139.70000  0.349235530723E-01
 139.80000  0.394344840106E-01
 139.90000  0.366669496781E-01
 140.00000  0.393842959613E-01
 140.10000  0.401128629005E-01
 140.20000  0.383601842453E-01
 140.30000  0.411338465668E-01
 140.40000  0.384122940803E-01
 140.50000  0.388467154883E-01
 140.60000  0.384045265363E-01
 140.70000  0.364721302886E-01
 140.80000  0.368100551557E-01
 140.90000  0.354865589444E-01
 141.00000  0.352066476905E-01
 141.10000  0.349412105191E-01
 141.20000  0.355282302245E-01
 141.30000  0.348267868754E-01
 141.40000  0.361252942428E-01
 141.50000  0.362123630599E-01
 141.60000  0.355692060073E-01
 141.70000  0.377950197556E-01
 141.80000  0.351105903754E-01
 141.90000  0.365016342057E-01
 142.00000  0.356745120425E-01
 142.10000  0.330360749653E-01
 142.20000  0.352783383377E-01
 142.30000  0.309385410528E-01
 142.40000  0.320203705062E-01
 142.50000  0.315823296685E-01
 142.60000  0.285510508468E-01
 142.70000  0.324690814392E-01
 142.80000  0.289270074525E-01
 142.90000  0.313895364150E-01
 143.00000  0.331371259374E-01
 143.10000  0.307101349575E-01
 143.20000  0.363763660053E-01
 143.30000  0.333305023288E-01
 143.40000  0.354667047482E-01
 143.50000  0.372638123125E-01
 143.60000  0.332693271107E-01
 143.70000  0.371906993814E-01
 143.80000  0.328450137356E-01
 143.90000  0.323919333384E-01
 144.00000  0.326799447265E-01
 144.10000  0.279400939435E-01
 144.20000  0.299625744961E-01
 144.30000  0.267649544665E-01
 144.40000  0.262703627929E-01
 144.50000  0.273300530452E-01
 144.60000  0.253195527446E-01
 144.70000  0.275906388434E-01
 144.80000  0.272688145930E-01
 144.90000  0.280620340600E-01
 145.00000  0.297896818856E-01
 145.10000  0.296299408603E-01
 145.20000  0.310676641973E-01
 145.30000  0.311562090534E-01
 145.40000  0.312273765357E-01
 145.50000  0.312077616238E-01
 145.60000  0.306761250731E-01
 145.70000  0.297468658681E-01
 145.80000  0.289645545617E-01
 145.90000  0.283890683140E-01
 146.00000  0.266706176357E-01
 146.10000  0.275328827792E-01
 146.20000  0.259294907687E-01
 146.30000  0.263542287144E-01
 146.40000  0.279276125017E-01
 146.50000  0.260333613042E-01
 146.60000  0.298388446763E-01
 146.70000  0.283555522279E-01
 146.80000  0.291614104794E-01
 146.90000  0.316850074259E-01
 147.00000  0.279634439380E-01
 147.10000  0.314155537126E-01
 147.20000  0.283891379971E-01
 147.30000  0.270980490869E-01
 147.40000  0.286146771948E-01
 147.50000  0.233088070388E-01
 147.60000  0.256375536763E-01
 147.70000  0.227094068557E-01
 147.80000  0.210697623451E-01
 147.90000  0.234962591190E-01
 148.00000  0.194132860943E-01
 148.10000  0.228473774998E-01
 148.20000  0.221536358070E-01
 148.30000  0.217940646078E-01
 148.40000  0.262371455224E-01
 148.50000  0.234789987495E-01
 148.60000  0.276344053359E-01
 148.70000  0.278670282835E-01
 148.80000  0.268986519180E-01
 148.90000  0.307418624641E-01
 149.00000  0.270222241765E-01
 149.10000  0.289455590171E-01
 149.20000  0.279192507774E-01
 149.30000  0.252172349198E-01
 149.40000  0.268416468763E-01
 149.50000  0.231909168111E-01
 149.60000  0.234791756022E-01
 149.70000  0.227466490265E-01
 149.80000  0.210993191829E-01
 149.90000  0.222098821706E-01
 150.00000  0.210220707842E-01
 150.10000  0.215574503487E-01
 150.20000  0.219217157733E-01
 150.30000  0.218965642419E-01
 150.40000  0.225933376177E-01
 150.50000  0.226819212817E-01
 150.60000  0.229149700199E-01
 150.70000  0.229773117738E-01
 150.80000  0.231887155581E-01
 150.90000  0.226392202706E-01
 151.00000  0.227897342560E-01
 151.10000  0.223905833509E-01
 151.20000  0.216813024190E-01
 151.30000  0.226560037008E-01
 151.40000  0.211004539984E-01
 151.50000  0.222933004469E-01
 151.60000  0.224508527632E-01
 151.70000  0.215253746768E-01
 151.80000  0.245351785272E-01
 151.90000  0.222956145497E-01
 152.00000  0.243856950039E-01
 152.10000  0.249033730414E-01
 152.20000  0.226778921755E-01
 152.30000  0.260034243047E-01
 152.40000  0.222190318385E-01
 152.50000  0.231334157450E-01
 152.60000  0.230070560144E-01
 152.70000  0.192503169622E-01
 152.80000  0.220065545196E-01
 152.90000  0.179727946990E-01
 153.00000  0.184001669140E-01
 153.10000  0.190903543284E-01
 153.20000  0.157520004406E-01
 153.30000  0.195167599167E-01
 153.40000  0.169187191558E-01
 153.50000  0.181973533417E-01
 153.60000  0.207381125505E-01
 153.70000  0.180185264812E-01
 153.80000  0.229498510371E-01
 153.90000  0.210148673389E-01
 154.00000  0.219690627570E-01
 154.10000  0.248190061310E-01
 154.20000  0.209952891177E-01
 154.30000  0.248115217951E-01
 154.40000  0.220588128355E-01
 154.50000  0.211668735646E-01
 154.60000  0.229009053549E-01
 154.70000  0.184528323448E-01
 154.80000  0.207114583046E-01
 154.90000  0.184986563468E-01
 155.00000  0.174309671436E-01
 155.10000  0.192920630446E-01
 155.20000  0.165781049598E-01
 155.30000  0.187693556218E-01
 155.40000  0.182811940177E-01
 155.50000  0.180344441149E-01
 155.60000  0.202922317420E-01
 155.70000  0.187479173827E-01
 155.80000  0.205817009738E-01
 155.90000  0.204779201915E-01
 156.00000  0.198587033689E-01
 156.10000  0.213279910046E-01
 156.20000  0.195288316781E-01
 156.30000  0.200441147761E-01
 156.40000  0.194120671304E-01
 156.50000  0.183374164210E-01
 156.60000  0.185936688227E-01
 156.70000  0.175917565858E-01
 156.80000  0.174871857075E-01
 156.90000  0.173709421435E-01
 157.00000  0.177566063320E-01
 157.10000  0.175406236153E-01
 157.20000  0.186581631725E-01
 157.30000  0.187138569477E-01
 157.40000  0.189586296517E-01
 157.50000  0.204865801613E-01
 157.60000  0.192403741756E-01
 157.70000  0.206484921353E-01
 157.80000  0.199861101199E-01
 157.90000  0.191426816139E-01
 158.00000  0.202064780022E-01
 158.10000  0.177535028621E-01
 158.20000  0.184227613210E-01
 158.30000  0.173081334165E-01
 158.40000  0.157327522434E-01
 158.50000  0.171542871365E-01
 158.60000  0.144853263920E-01
 158.70000  0.159394653414E-01
 158.80000  0.159432761959E-01
 158.90000  0.147411480347E-01
 159.00000  0.185067824675E-01
 159.10000  0.161129501805E-01
 159.20000  0.190702574704E-01
 159.30000  0.203321919767E-01
 159.40000  0.184961562792E-01
 159.50000  0.232594500910E-01
 159.60000  0.196325994670E-01
 159.70000  0.214558866268E-01
 159.80000  0.218992557229E-01
 159.90000  0.179380059416E-01
 160.00000  0.212366633507E-01
 160.10000  0.165717191077E-01
 160.20000  0.166980718531E-01
 160.30000  0.168646154558E-01
 160.40000  0.126956488582E-01
 160.50000  0.157406763360E-01
 160.60000  0.123730494886E-01
 160.70000  0.129449979328E-01
 160.80000  0.148904255567E-01
 160.90000  0.120183622647E-01
 161.00000  0.168065674699E-01
 161.10000  0.152434285596E-01
 161.20000  0.168257155989E-01
 161.30000  0.206879112763E-01
 161.40000  0.177130756551E-01
 161.50000  0.230385291512E-01
 161.60000  0.210508117569E-01
 161.70000  0.209401457937E-01
 161.80000  0.237602867232E-01
 161.90000  0.185592312074E-01
 162.00000  0.214152821353E-01
 162.10000  0.180867980542E-01
 162.20000  0.158547268388E-01
 162.30000  0.173263167153E-01
 162.40000  0.123503802572E-01
 162.50000  0.140929418053E-01
 162.60000  0.122020555686E-01
 162.70000  0.108338292229E-01
 162.80000  0.132676095489E-01
 162.90000  0.107191995766E-01
 163.00000  0.134620000518E-01
 163.10000  0.138867021494E-01
 163.20000  0.139175696639E-01
 163.30000  0.179561824601E-01
 163.40000  0.165378551521E-01
 163.50000  0.198351193900E-01
 163.60000  0.208196567732E-01
 163.70000  0.200583723987E-01
 163.80000  0.233210500082E-01
 163.90000  0.205240509298E-01
 164.00000  0.215206976049E-01
 164.10000  0.207687038409E-01
 164.20000  0.181394872185E-01
 164.30000  0.188400133598E-01
 164.40000  0.158025804669E-01
 164.50000  0.151876832126E-01
 164.60000  0.143030664656E-01
 164.70000  0.128039174252E-01
 164.80000  0.129306261955E-01
 164.90000  0.120629293256E-01
 165.00000  0.120775924150E-01
 165.10000  0.123404167347E-01
 165.20000  0.125148204457E-01
 165.30000  0.133327665603E-01
 165.40000  0.137601734867E-01
 165.50000  0.146380253553E-01
 165.60000  0.157779410284E-01
 165.70000  0.163401096922E-01
 165.80000  0.175695670710E-01
 165.90000  0.179055265815E-01
 166.00000  0.184016657268E-01
 166.10000  0.187738281990E-01
 166.20000  0.188454224279E-01
 166.30000  0.184206295941E-01
 166.40000  0.183052409753E-01
 166.50000  0.180411138010E-01
 166.60000  0.169156156748E-01
 166.70000  0.179527982667E-01
 166.80000  0.159848169391E-01
 166.90000  0.163731410224E-01
 167.00000  0.164410142605E-01
 167.10000  0.143188364738E-01
 167.20000  0.162648720333E-01
 167.30000  0.137001131046E-01
 167.40000  0.139892090196E-01
 167.50000  0.143872588897E-01
 167.60000  0.122346633553E-01
 167.70000  0.142729785806E-01
 167.80000  0.125179691786E-01
 167.90000  0.130017788722E-01
 168.00000  0.142307867676E-01
 168.10000  0.126554773814E-01
 168.20000  0.153320122407E-01
 168.30000  0.141961053669E-01
 168.40000  0.149477074909E-01
 168.50000  0.173813133168E-01
 168.60000  0.150688554751E-01
 168.70000  0.190419135219E-01
 168.80000  0.174992772124E-01
 168.90000  0.176492822252E-01
 169.00000  0.207937255246E-01
 169.10000  0.163843905341E-01
 169.20000  0.200264933675E-01
 169.30000  0.172667101696E-01
 169.40000  0.155130564319E-01
 169.50000  0.178952074878E-01
 169.60000  0.124192519018E-01
 169.70000  0.147924084105E-01
 169.80000  0.124353866296E-01
 169.90000  0.104529212729E-01
 170.00000  0.132504451385E-01
 170.10000  0.911848567583E-02
 170.20000  0.120326779382E-01
 170.30000  0.116036912891E-01
 170.40000  0.104564874462E-01
 170.50000  0.155412127337E-01
 170.60000  0.120652395114E-01
 170.70000  0.167014281938E-01
 170.80000  0.178549926824E-01
 170.90000  0.160848038051E-01
 171.00000  0.230580165958E-01
 171.10000  0.178502525169E-01
 171.20000  0.216447152780E-01
 171.30000  0.218714045748E-01
 171.40000  0.169657307086E-01
 171.50000  0.220801528705E-01
 171.60000  0.149106165120E-01
 171.70000  0.158320592311E-01
 171.80000  0.152434824355E-01
 171.90000  0.974528180076E-02
 172.00000  0.135996458080E-01
 172.10000  0.836675109537E-02
 172.20000  0.925404887653E-02
 172.30000  0.106469268454E-01
 172.40000  0.691262498912E-02
 172.50000  0.125223332198E-01
 172.60000  0.949664776830E-02
 172.70000  0.118763887779E-01
 172.80000  0.163800529238E-01
 172.90000  0.124914675194E-01
 173.00000  0.210905453476E-01
 173.10000  0.178929098460E-01
 173.20000  0.196924598091E-01
 173.30000  0.251038040479E-01
 173.40000  0.177467318012E-01
 173.50000  0.249679999421E-01
 173.60000  0.193258381185E-01
 173.70000  0.173703717502E-01
 173.80000  0.206447459642E-01
 173.90000  0.116690032048E-01
 174.00000  0.158656972224E-01
 174.10000  0.111760989965E-01
 174.20000  0.879029615499E-02
 174.30000  0.124586154797E-01
 174.40000  0.637648349990E-02
 174.50000  0.110240343532E-01
 174.60000  0.963022563829E-02
 174.70000  0.872251135614E-02
 174.80000  0.155026876418E-01
 174.90000  0.103402693778E-01
 175.00000  0.173535580717E-01
 175.10000  0.176071615224E-01
 175.20000  0.155781812591E-01
 175.30000  0.248919641397E-01
 175.40000  0.165754237792E-01
 175.50000  0.227589571065E-01
 175.60000  0.216504345425E-01
 175.70000  0.155422484042E-01
 175.80000  0.230346714393E-01
 175.90000  0.125503879651E-01
 176.00000  0.153522655033E-01
 176.10000  0.140045097149E-01
 176.20000  0.756737055553E-02
 176.30000  0.135974285759E-01
 176.40000  0.626998476532E-02
 176.50000  0.885824742321E-02
 176.60000  0.106129219075E-01
 176.70000  0.650020357821E-02
 176.80000  0.155732686456E-01
 176.90000  0.109119193806E-01
 177.00000  0.160839694068E-01
 177.10000  0.223542481256E-01
 177.20000  0.166493556554E-01
 177.30000  0.303948262942E-01
 177.40000  0.226317849549E-01
 177.50000  0.255925309180E-01
 177.60000  0.313059032112E-01
 177.70000  0.178271659414E-01
 177.80000  0.284116041816E-01
 177.90000  0.161204619213E-01
 178.00000  0.136749178583E-01
 178.10000  0.172192311421E-01
 178.20000  0.468992808191E-02
 178.30000  0.114468986577E-01
 178.40000  0.442123182997E-02
 178.50000  0.304424574398E-02
 178.60000  0.777687840785E-02
 178.70000  0.774210353061E-03
 178.80000  0.757579155414E-02
 178.90000  0.460064826784E-02
 179.00000  0.521588069055E-02
 179.10000  0.213671748886E-01
 179.20000  0.114687969871E-01
 179.30000  0.378451517576E-01
 179.40000  0.407783387093E-01
 179.50000  0.431395259208E-01
 179.60000  0.951877906381E-01
 179.70000  0.557987597023E-01
 179.80000  0.114222489997E+00
 179.90000  0.103148777833E+00
 180.00000  0.366873305948E-01
# DFFCSO.  ACCUM LEV(I),J(I) =  1  0 LEV(F),J(F) =  2  1       , M =  0, WEIGHTED BY  1.00000
