    0.1000      0.395979201740E+07
    0.2000      0.169012431836E+07
    0.3000      0.539759541206E+06
    0.4000      0.281907773577E+06
    0.5000      0.172707146695E+06
    0.6000      0.752841479339E+05
    0.7000      0.303925538094E+05
    0.8000      0.327027604171E+05
    0.9000      0.431299882745E+05
    1.0000      0.337838830449E+05
    1.1000      0.162679719312E+05
    1.2000      0.958180563161E+04
    1.3000      0.135626023114E+05
    1.4000      0.171352391357E+05
    1.5000      0.139478570240E+05
    1.6000      0.794705761558E+04
    1.7000      0.508121400070E+04
    1.8000      0.637597821594E+04
    1.9000      0.845736447952E+04
    2.0000      0.781403174715E+04
    2.1000      0.496685587555E+04
    2.2000      0.284182113052E+04
    2.3000      0.264808658513E+04
    2.4000      0.365381245372E+04
    2.5000      0.432353520103E+04
    2.6000      0.374083631301E+04
    2.7000      0.260438430241E+04
    2.8000      0.189902993090E+04
    2.9000      0.181428428893E+04
    3.0000      0.217329913790E+04
    3.1000      0.250358171698E+04
    3.2000      0.245594362415E+04
    3.3000      0.220136014626E+04
    3.4000      0.186552809417E+04
    3.5000      0.144192669714E+04
    3.6000      0.113199829035E+04
    3.7000      0.102381965227E+04
    3.8000      0.106135855428E+04
    3.9000      0.123976316777E+04
    4.0000      0.138865466390E+04
    4.1000      0.128862926682E+04
    4.2000      0.100995423195E+04
    4.3000      0.712107797430E+03
    4.4000      0.502941789566E+03
    4.5000      0.502989330429E+03
    4.6000      0.683472063099E+03
    4.7000      0.862215439082E+03
    4.8000      0.953888629144E+03
    4.9000      0.943521059448E+03
    5.0000      0.816489997192E+03
    5.1000      0.651095801101E+03
    5.2000      0.550087433892E+03
    5.3000      0.524098740126E+03
    5.4000      0.574280507556E+03
    5.5000      0.692609896179E+03
    5.6000      0.798090742468E+03
    5.7000      0.827517564493E+03
    5.8000      0.790610709543E+03
    5.9000      0.698055983658E+03
    6.0000      0.582798549375E+03
    6.1000      0.515055661163E+03
    6.2000      0.518758112090E+03
    6.3000      0.568456237121E+03
    6.4000      0.645302198435E+03
    6.5000      0.707852272577E+03
    6.6000      0.705828372183E+03
    6.7000      0.643252669094E+03
    6.8000      0.554427893260E+03
    6.9000      0.465627751835E+03
    7.0000      0.416133932367E+03
    7.1000      0.427839064978E+03
    7.2000      0.471996250366E+03
    7.3000      0.513476706848E+03
    7.4000      0.536559439803E+03
    7.5000      0.523584523244E+03
    7.6000      0.474519942168E+03
    7.7000      0.415758140686E+03
    7.8000      0.365968962351E+03
    7.9000      0.332361722902E+03
    8.0000      0.327063512676E+03
    8.1000      0.346313389574E+03
    8.2000      0.367466054647E+03
    8.3000      0.375910190783E+03
    8.4000      0.369017081972E+03
    8.5000      0.346959657959E+03
    8.6000      0.320231572693E+03
    8.7000      0.302840248795E+03
    8.8000      0.298278497441E+03
    8.9000      0.303094265120E+03
    9.0000      0.313168202687E+03
    9.1000      0.320346563278E+03
    9.2000      0.317774041416E+03
    9.3000      0.305154244701E+03
    9.4000      0.286814741290E+03
    9.5000      0.269060199178E+03
    9.6000      0.257689748631E+03
    9.7000      0.253245645073E+03
    9.8000      0.253152352010E+03
    9.9000      0.253376811517E+03
   10.0000      0.248217585970E+03
   10.1000      0.234597392408E+03
   10.2000      0.215426522067E+03
   10.3000      0.194753692642E+03
   10.4000      0.177031649471E+03
   10.5000      0.166939641571E+03
   10.6000      0.163835323772E+03
   10.7000      0.162009067668E+03
   10.8000      0.158224000490E+03
   10.9000      0.150643983610E+03
   11.0000      0.137291154545E+03
   11.1000      0.120565470023E+03
   11.2000      0.105668102832E+03
   11.3000      0.946374514044E+02
   11.4000      0.889677429521E+02
   11.5000      0.897101475024E+02
   11.6000      0.926130272692E+02
   11.7000      0.918105940640E+02
   11.8000      0.863675881713E+02
   11.9000      0.771131214701E+02
   12.0000      0.652997278352E+02
   12.1000      0.552195130840E+02
   12.2000      0.504464925100E+02
   12.3000      0.501927196841E+02
   12.4000      0.534951237766E+02
   12.5000      0.594720846573E+02
   12.6000      0.640752508272E+02
   12.7000      0.635645655423E+02
   12.8000      0.585605203456E+02
   12.9000      0.510526500550E+02
   13.0000      0.428628522679E+02
   13.1000      0.367630090174E+02
   13.2000      0.343979330923E+02
   13.3000      0.346674171070E+02
   13.4000      0.363037480802E+02
   13.5000      0.386137042021E+02
   13.6000      0.400755121365E+02
   13.7000      0.394335783974E+02
   13.8000      0.374646104959E+02
   13.9000      0.356653637514E+02
   14.0000      0.345986697302E+02
   14.1000      0.341729028904E+02
   14.2000      0.341695636503E+02
   14.3000      0.338866148959E+02
   14.4000      0.324536454064E+02
   14.5000      0.298001438466E+02
   14.6000      0.265333969040E+02
   14.7000      0.231673223150E+02
   14.8000      0.205150769254E+02
   14.9000      0.197389957332E+02
   15.0000      0.208557513457E+02
   15.1000      0.226015850600E+02
   15.2000      0.241112790032E+02
   15.3000      0.249967388601E+02
   15.4000      0.245384942582E+02
   15.5000      0.226187283676E+02
   15.6000      0.200418157710E+02
   15.7000      0.172894026251E+02
   15.8000      0.146979844300E+02
   15.9000      0.131684444566E+02
   16.0000      0.128484509086E+02
   16.1000      0.127946623471E+02
   16.2000      0.126877264882E+02
   16.3000      0.128834570912E+02
   16.4000      0.131189646779E+02
   16.5000      0.131737510976E+02
   16.6000      0.134027587009E+02
   16.7000      0.137149774045E+02
   16.8000      0.137074950425E+02
   16.9000      0.136871134867E+02
   17.0000      0.137601994856E+02
   17.1000      0.132797538219E+02
   17.2000      0.122383940122E+02
   17.3000      0.115311345786E+02
   17.4000      0.114247226426E+02
   17.5000      0.116688903012E+02
   17.6000      0.124082601616E+02
   17.7000      0.136612696268E+02
   17.8000      0.148856574751E+02
   17.9000      0.158839599985E+02
   18.0000      0.166831675970E+02
   18.1000      0.168593448938E+02
   18.2000      0.162343906667E+02
   18.3000      0.155271397754E+02
   18.4000      0.151437006698E+02
   18.5000      0.147354231738E+02
   18.6000      0.142745338937E+02
   18.7000      0.141852030793E+02
   18.8000      0.143554610612E+02
   18.9000      0.144924653593E+02
   19.0000      0.147030400387E+02
   19.1000      0.150016731579E+02
   19.2000      0.151427202976E+02
   19.3000      0.153225405180E+02
   19.4000      0.157187323477E+02
   19.5000      0.158721160510E+02
   19.6000      0.154407087669E+02
   19.7000      0.147964086783E+02
   19.8000      0.140963704818E+02
   19.9000      0.131176204387E+02
   20.0000      0.120175670892E+02
   20.1000      0.112203298818E+02
   20.2000      0.107514973251E+02
   20.3000      0.106132538299E+02
   20.4000      0.109006404446E+02
   20.5000      0.113492252379E+02
   20.6000      0.115589134978E+02
   20.7000      0.116314151941E+02
   20.8000      0.116705187310E+02
   20.9000      0.114278974934E+02
   21.0000      0.108542489297E+02
   21.1000      0.102990096721E+02
   21.2000      0.986525724754E+01
   21.3000      0.947072626015E+01
   21.4000      0.917302184759E+01
   21.5000      0.897453528249E+01
   21.6000      0.868672616698E+01
   21.7000      0.837123071950E+01
   21.8000      0.818050934486E+01
   21.9000      0.799916896315E+01
   22.0000      0.771085858817E+01
   22.1000      0.754466019598E+01
   22.2000      0.761574350263E+01
   22.3000      0.778471140979E+01
   22.4000      0.800596329623E+01
   22.5000      0.835585077072E+01
   22.6000      0.872924279217E+01
   22.7000      0.908052609624E+01
   22.8000      0.949058227270E+01
   22.9000      0.986572982002E+01
   23.0000      0.998983895499E+01
   23.1000      0.996232683323E+01
   23.2000      0.992519503742E+01
   23.3000      0.973940708481E+01
   23.4000      0.930443497699E+01
   23.5000      0.883880683740E+01
   23.6000      0.847240555257E+01
   23.7000      0.819168895919E+01
   23.8000      0.809146155625E+01
   23.9000      0.826035448065E+01
   24.0000      0.857022598254E+01
   24.1000      0.901078146541E+01
   24.2000      0.967654271225E+01
   24.3000      0.103933330643E+02
   24.4000      0.108614585434E+02
   24.5000      0.111395438797E+02
   24.6000      0.113504442883E+02
   24.7000      0.113375183616E+02
   24.8000      0.109790708523E+02
   24.9000      0.104455166719E+02
   25.0000      0.983821039413E+01
   25.1000      0.915300734287E+01
   25.2000      0.850594375597E+01
   25.3000      0.801141679997E+01
   25.4000      0.760452792270E+01
   25.5000      0.733963587538E+01
   25.6000      0.737688082344E+01
   25.7000      0.762740144378E+01
   25.8000      0.784815849670E+01
   25.9000      0.806222577991E+01
   26.0000      0.835305656560E+01
   26.1000      0.856418262136E+01
   26.2000      0.853572331061E+01
   26.3000      0.834186080231E+01
   26.4000      0.803166305221E+01
   26.5000      0.757156976523E+01
   26.6000      0.701922813484E+01
   26.7000      0.645776717755E+01
   26.8000      0.585448367437E+01
   26.9000      0.525614567089E+01
   27.0000      0.480331084978E+01
   27.1000      0.449499215363E+01
   27.2000      0.422498282635E+01
   27.3000      0.403926789569E+01
   27.4000      0.401475580788E+01
   27.5000      0.408196705530E+01
   27.6000      0.415675864437E+01
   27.7000      0.425650314046E+01
   27.8000      0.436300937985E+01
   27.9000      0.443208545397E+01
   28.0000      0.448128652751E+01
   28.1000      0.451980096078E+01
   28.2000      0.449741189293E+01
   28.3000      0.442738614571E+01
   28.4000      0.435913625918E+01
   28.5000      0.427236239809E+01
   28.6000      0.413755161718E+01
   28.7000      0.398419492811E+01
   28.8000      0.380808230702E+01
   28.9000      0.359778009576E+01
   29.0000      0.341870921435E+01
   29.1000      0.331334106087E+01
   29.2000      0.323597090390E+01
   29.3000      0.321258315615E+01
   29.4000      0.334031902696E+01
   29.5000      0.360660636135E+01
   29.6000      0.393578606379E+01
   29.7000      0.433349613938E+01
   29.8000      0.478439163235E+01
   29.9000      0.520149774129E+01
   30.0000      0.557087351467E+01
   30.1000      0.589613656070E+01
   30.2000      0.605831170062E+01
   30.3000      0.600704025764E+01
   30.4000      0.588610142297E+01
   30.5000      0.574330247788E+01
   30.6000      0.545958167549E+01
   30.7000      0.508222934409E+01
   30.8000      0.481663721965E+01
   30.9000      0.469082651714E+01
   31.0000      0.463387364866E+01
   31.1000      0.470847235887E+01
   31.2000      0.495600975880E+01
   31.3000      0.529085425626E+01
   31.4000      0.571059905698E+01
   31.5000      0.623050000279E+01
   31.6000      0.667695766504E+01
   31.7000      0.692466542496E+01
   31.8000      0.710497066073E+01
   31.9000      0.724621146876E+01
   32.0000      0.714618688377E+01
   32.1000      0.679198908350E+01
   32.2000      0.641397777765E+01
   32.3000      0.606489247566E+01
   32.4000      0.566488506779E+01
   32.5000      0.530483884642E+01
   32.6000      0.510544654327E+01
   32.7000      0.503516976299E+01
   32.8000      0.512042931530E+01
   32.9000      0.542565048492E+01
   33.0000      0.581937727541E+01
   33.1000      0.615753263450E+01
   33.2000      0.653424876325E+01
   33.3000      0.696432549401E+01
   33.4000      0.721389391594E+01
   33.5000      0.719155178960E+01
   33.6000      0.706715539914E+01
   33.7000      0.687905634258E+01
   33.8000      0.653314528420E+01
   33.9000      0.609897090685E+01
   34.0000      0.571674267458E+01
   34.1000      0.539780490167E+01
   34.2000      0.519619653234E+01
   34.3000      0.521691490451E+01
   34.4000      0.539898036450E+01
   34.5000      0.563200575279E+01
   34.6000      0.599510107960E+01
   34.7000      0.651155068018E+01
   34.8000      0.697592992262E+01
   34.9000      0.726101372174E+01
   35.0000      0.745649131518E+01
   35.1000      0.756279671524E+01
   35.2000      0.747559662740E+01
   35.3000      0.722090396863E+01
   35.4000      0.689453459864E+01
   35.5000      0.650580480518E+01
   35.6000      0.612241414542E+01
   35.7000      0.586816375935E+01
   35.8000      0.573112740671E+01
   35.9000      0.565005210708E+01
   36.0000      0.572141043677E+01
   36.1000      0.600095633819E+01
   36.2000      0.634909874920E+01
   36.3000      0.666102757901E+01
   36.4000      0.698383597025E+01
   36.5000      0.729002302039E+01
   36.6000      0.747969628645E+01
   36.7000      0.754632086888E+01
   36.8000      0.751133217649E+01
   36.9000      0.733144979543E+01
   37.0000      0.705501564200E+01
   37.1000      0.679177179925E+01
   37.2000      0.652343878018E+01
   37.3000      0.619856797714E+01
   37.4000      0.593244537359E+01
   37.5000      0.582032494132E+01
   37.6000      0.578640639573E+01
   37.7000      0.577707285908E+01
   37.8000      0.585670265408E+01
   37.9000      0.601477962134E+01
   38.0000      0.618311733613E+01
   38.1000      0.636538387281E+01
   38.2000      0.654906779230E+01
   38.3000      0.664377669888E+01
   38.4000      0.666724513192E+01
   38.5000      0.670614192896E+01
   38.6000      0.670232621244E+01
   38.7000      0.655664618600E+01
   38.8000      0.636062909146E+01
   38.9000      0.621723744758E+01
   39.0000      0.606047693964E+01
   39.1000      0.584204833834E+01
   39.2000      0.564891459643E+01
   39.3000      0.551048617528E+01
   39.4000      0.539061566032E+01
   39.5000      0.532132235252E+01
   39.6000      0.532215524918E+01
   39.7000      0.531904997514E+01
   39.8000      0.532531705313E+01
   39.9000      0.543219067344E+01
   40.0000      0.558504081614E+01
   40.1000      0.565526030802E+01
   40.2000      0.569415203319E+01
   40.3000      0.579298318706E+01
   40.4000      0.587133528847E+01
   40.5000      0.584027118223E+01
   40.6000      0.576231547873E+01
   40.7000      0.567553528376E+01
   40.8000      0.553715064086E+01
   40.9000      0.536381993543E+01
   41.0000      0.519784322739E+01
   41.1000      0.500166739555E+01
   41.2000      0.478974690150E+01
   41.3000      0.466095915309E+01
   41.4000      0.460776298567E+01
   41.5000      0.453303074760E+01
   41.6000      0.447635611788E+01
   41.7000      0.453325836193E+01
   41.8000      0.464858244225E+01
   41.9000      0.472691457656E+01
   42.0000      0.480148640121E+01
   42.1000      0.490322844774E+01
   42.2000      0.497744036230E+01
   42.3000      0.500460572608E+01
   42.4000      0.500790595637E+01
   42.5000      0.495348078847E+01
   42.6000      0.483199127513E+01
   42.7000      0.471281780473E+01
   42.8000      0.460529657770E+01
   42.9000      0.444156284147E+01
   43.0000      0.425017647971E+01
   43.1000      0.412206256295E+01
   43.2000      0.404157620251E+01
   43.3000      0.394802936199E+01
   43.4000      0.387368633393E+01
   43.5000      0.385709317830E+01
   43.6000      0.386732237774E+01
   43.7000      0.389213127733E+01
   43.8000      0.394907460348E+01
   43.9000      0.400625066605E+01
   44.0000      0.404170930969E+01
   44.1000      0.409724962044E+01
   44.2000      0.417125552879E+01
   44.3000      0.419434821253E+01
   44.4000      0.416530276514E+01
   44.5000      0.414112757125E+01
   44.6000      0.410621065076E+01
   44.7000      0.401142395627E+01
   44.8000      0.387755210601E+01
   44.9000      0.373509126926E+01
   45.0000      0.357162765922E+01
   45.1000      0.340129984977E+01
   45.2000      0.325766964259E+01
   45.3000      0.312517278288E+01
   45.4000      0.299993806886E+01
   45.5000      0.294153737896E+01
   45.6000      0.296527675461E+01
   45.7000      0.301112813491E+01
   45.8000      0.306951637494E+01
   45.9000      0.318524656547E+01
   46.0000      0.333462345316E+01
   46.1000      0.345303082038E+01
   46.2000      0.353213183801E+01
   46.3000      0.357587647669E+01
   46.4000      0.355169913862E+01
   46.5000      0.345720924104E+01
   46.6000      0.331589451065E+01
   46.7000      0.311032193219E+01
   46.8000      0.283676658285E+01
   46.9000      0.256766299405E+01
   47.0000      0.234749301771E+01
   47.1000      0.214341134254E+01
   47.2000      0.196354115320E+01
   47.3000      0.188177386956E+01
   47.4000      0.190760475811E+01
   47.5000      0.198725341018E+01
   47.6000      0.210958422863E+01
   47.7000      0.228538924903E+01
   47.8000      0.247548915933E+01
   47.9000      0.264185932877E+01
   48.0000      0.277594888127E+01
   48.1000      0.284592655150E+01
   48.2000      0.281630816851E+01
   48.3000      0.271511015611E+01
   48.4000      0.257125784201E+01
   48.5000      0.235819425366E+01
   48.6000      0.207730441761E+01
   48.7000      0.180341566277E+01
   48.8000      0.157802118033E+01
   48.9000      0.138154108303E+01
   49.0000      0.122385256619E+01
   49.1000      0.115221785681E+01
   49.2000      0.116881824611E+01
   49.3000      0.124648079367E+01
   49.4000      0.137731060911E+01
   49.5000      0.154955786784E+01
   49.6000      0.172754152168E+01
   49.7000      0.189588781034E+01
   49.8000      0.204851349705E+01
   49.9000      0.215270036319E+01
   50.0000      0.218111748653E+01
   50.1000      0.215454576574E+01
   50.2000      0.209020232918E+01
   50.3000      0.197372318704E+01
   50.4000      0.180715330165E+01
   50.5000      0.163064187692E+01
   50.6000      0.146821353825E+01
   50.7000      0.132046791768E+01
   50.8000      0.119778375874E+01
   50.9000      0.112193769987E+01
   51.0000      0.109680778778E+01
   51.1000      0.111886471827E+01
   51.2000      0.118557359138E+01
   51.3000      0.128966002868E+01
   51.4000      0.141561141907E+01
   51.5000      0.155400618825E+01
   51.6000      0.169349241716E+01
   51.7000      0.181881692100E+01
   51.8000      0.191649113973E+01
   51.9000      0.198240836077E+01
   52.0000      0.201173419735E+01
   52.1000      0.200232932262E+01
   52.2000      0.195530087808E+01
   52.3000      0.187773986537E+01
   52.4000      0.177771677361E+01
   52.5000      0.166578841458E+01
   52.6000      0.154961212703E+01
   52.7000      0.144175277377E+01
   52.8000      0.135590309480E+01
   52.9000      0.129848954515E+01
   53.0000      0.126668491237E+01
   53.1000      0.126805824806E+01
   53.2000      0.131018023872E+01
   53.3000      0.138287527336E+01
   53.4000      0.146757242617E+01
   53.5000      0.156417170121E+01
   53.6000      0.167153795537E+01
   53.7000      0.177068199368E+01
   53.8000      0.184273629625E+01
   53.9000      0.188868989904E+01
   54.0000      0.190672374197E+01
   54.1000      0.188876209993E+01
   54.2000      0.183512740686E+01
   54.3000      0.175447786689E+01
   54.4000      0.164850003439E+01
   54.5000      0.152711853159E+01
   54.6000      0.140906454028E+01
   54.7000      0.130262841562E+01
   54.8000      0.120532704157E+01
   54.9000      0.113150532198E+01
   55.0000      0.109803764573E+01
   55.1000      0.110023901057E+01
   55.2000      0.112498734923E+01
   55.3000      0.117616162560E+01
   55.4000      0.125421986119E+01
   55.5000      0.134383136774E+01
   55.6000      0.142995727475E+01
   55.7000      0.150807433490E+01
   55.8000      0.156859764686E+01
   55.9000      0.160220110926E+01
   56.0000      0.160704609000E+01
   56.1000      0.158235447831E+01
   56.2000      0.152376482312E+01
   56.3000      0.143815580918E+01
   56.4000      0.133790208359E+01
   56.5000      0.122964573542E+01
   56.6000      0.111901977367E+01
   56.7000      0.101999229439E+01
   56.8000      0.942280444260E+00
   56.9000      0.890958202974E+00
   57.0000      0.873325180540E+00
   57.1000      0.893060056691E+00
   57.2000      0.941697414023E+00
   57.3000      0.101506211202E+01
   57.4000      0.111433862575E+01
   57.5000      0.122846129670E+01
   57.6000      0.133672687384E+01
   57.7000      0.143200932645E+01
   57.8000      0.151220808583E+01
   57.9000      0.156549715755E+01
   58.0000      0.158230773640E+01
   58.1000      0.156576640321E+01
   58.2000      0.151631461732E+01
   58.3000      0.143560019326E+01
   58.4000      0.133934002028E+01
   58.5000      0.124123779925E+01
   58.6000      0.113928984293E+01
   58.7000      0.104405052569E+01
   58.8000      0.983752765762E+00
   58.9000      0.965861378414E+00
   59.0000      0.974574159227E+00
   59.1000      0.101338263849E+01
   59.2000      0.109861027754E+01
   59.3000      0.121924326739E+01
   59.4000      0.134937747118E+01
   59.5000      0.148269019997E+01
   59.6000      0.161586360240E+01
   59.7000      0.173025691410E+01
   59.8000      0.181382308115E+01
   59.9000      0.186547921282E+01
   60.0000      0.187395942870E+01
   60.1000      0.183327962566E+01
   60.2000      0.176306432586E+01
   60.3000      0.167633081697E+01
   60.4000      0.156233433206E+01
   60.5000      0.143001473539E+01
   60.6000      0.131750060172E+01
   60.7000      0.123848066860E+01
   60.8000      0.117777048963E+01
   60.9000      0.114257879977E+01
   61.0000      0.115812031278E+01
   61.1000      0.122044914724E+01
   61.2000      0.130838635334E+01
   61.3000      0.141784318961E+01
   61.4000      0.154596990185E+01
   61.5000      0.167366219785E+01
   61.6000      0.178902756591E+01
   61.7000      0.188769009334E+01
   61.8000      0.195127474566E+01
   61.9000      0.196552396076E+01
   62.0000      0.194460702836E+01
   62.1000      0.189746705298E+01
   62.2000      0.180859756179E+01
   62.3000      0.167982926798E+01
   62.4000      0.154550427849E+01
   62.5000      0.142240113354E+01
   62.6000      0.130094529506E+01
   62.7000      0.118947552798E+01
   62.8000      0.111596294967E+01
   62.9000      0.108621669878E+01
   63.0000      0.108986720946E+01
   63.1000      0.112763276847E+01
   63.2000      0.120144438628E+01
   63.3000      0.129840547313E+01
   63.4000      0.140871591873E+01
   63.5000      0.152645079818E+01
   63.6000      0.163394022940E+01
   63.7000      0.171300004652E+01
   63.8000      0.176568768127E+01
   63.9000      0.179228948999E+01
   64.0000      0.177733460017E+01
   64.1000      0.171550227162E+01
   64.2000      0.162514465087E+01
   64.3000      0.151759748091E+01
   64.4000      0.139145172268E+01
   64.5000      0.125590941980E+01
   64.6000      0.113205410538E+01
   64.7000      0.103021975647E+01
   64.8000      0.955638129330E+00
   64.9000      0.917310448106E+00
   65.0000      0.919540519485E+00
   65.1000      0.957417793893E+00
   65.2000      0.103091321055E+01
   65.3000      0.113747604778E+01
   65.4000      0.126173386796E+01
   65.5000      0.138690900127E+01
   65.6000      0.150847269790E+01
   65.7000      0.161770758513E+01
   65.8000      0.169831448440E+01
   65.9000      0.174127227986E+01
   66.0000      0.174759681819E+01
   66.1000      0.171449284497E+01
   66.2000      0.164441940853E+01
   66.3000      0.154904451643E+01
   66.4000      0.143605179134E+01
   66.5000      0.130827501291E+01
   66.6000      0.118523138844E+01
   66.7000      0.108920311288E+01
   66.8000      0.102100289998E+01
   66.9000      0.976019124798E+00
   67.0000      0.971616805853E+00
   67.1000      0.101946432596E+01
   67.2000      0.110330657759E+01
   67.3000      0.120611531838E+01
   67.4000      0.133094823997E+01
   67.5000      0.147135171992E+01
   67.6000      0.160522274574E+01
   67.7000      0.171901849459E+01
   67.8000      0.180848698628E+01
   67.9000      0.186016416175E+01
   68.0000      0.186923343266E+01
   68.1000      0.184585182685E+01
   68.2000      0.178911003368E+01
   68.3000      0.168854650074E+01
   68.4000      0.156422869943E+01
   68.5000      0.144846488159E+01
   68.6000      0.133966746695E+01
   68.7000      0.122555579733E+01
   68.8000      0.113407222837E+01
   68.9000      0.109598263355E+01
   69.0000      0.109724563539E+01
   69.1000      0.111675004491E+01
   69.2000      0.116984460678E+01
   69.3000      0.126582905150E+01
   69.4000      0.138021868262E+01
   69.5000      0.149250509618E+01
   69.6000      0.160349800115E+01
   69.7000      0.170271015957E+01
   69.8000      0.177414332563E+01
   69.9000      0.181830391598E+01
   70.0000      0.183312796501E+01
   70.1000      0.180142986356E+01
   70.2000      0.173024217545E+01
   70.3000      0.164816564534E+01
   70.4000      0.155526078821E+01
   70.5000      0.143331686778E+01
   70.6000      0.130550200657E+01
   70.7000      0.121132695767E+01
   70.8000      0.114550287843E+01
   70.9000      0.108600277064E+01
   71.0000      0.105254239737E+01
   71.1000      0.107030792167E+01
   71.2000      0.112290325929E+01
   71.3000      0.118706064323E+01
   71.4000      0.126842474851E+01
   71.5000      0.136759949049E+01
   71.6000      0.146527723661E+01
   71.7000      0.155052472262E+01
   71.8000      0.162127284847E+01
   71.9000      0.166272766632E+01
   72.0000      0.166799194920E+01
   72.1000      0.165044382334E+01
   72.2000      0.161108576267E+01
   72.3000      0.153322566972E+01
   72.4000      0.142727669172E+01
   72.5000      0.132532401259E+01
   72.6000      0.123133250052E+01
   72.7000      0.113031943053E+01
   72.8000      0.103815130160E+01
   72.9000      0.983967291956E+00
   73.0000      0.965098585593E+00
   73.1000      0.965050357952E+00
   73.2000      0.990199212759E+00
   73.3000      0.104926725884E+01
   73.4000      0.112954505000E+01
   73.5000      0.121602467552E+01
   73.6000      0.130487340735E+01
   73.7000      0.138747108208E+01
   73.8000      0.145166359309E+01
   73.9000      0.149485802045E+01
   74.0000      0.151499421880E+01
   74.1000      0.150232736497E+01
   74.2000      0.145723977106E+01
   74.3000      0.139372522380E+01
   74.4000      0.131790865733E+01
   74.5000      0.122722610771E+01
   74.6000      0.113164836966E+01
   74.7000      0.104944170349E+01
   74.8000      0.986780046407E+00
   74.9000      0.942106937398E+00
   75.0000      0.920993645499E+00
   75.1000      0.929736508333E+00
   75.2000      0.965046514077E+00
   75.3000      0.101998656244E+01
   75.4000      0.108969787833E+01
   75.5000      0.116785691956E+01
   75.6000      0.124581284707E+01
   75.7000      0.131574928555E+01
   75.8000      0.137083456482E+01
   75.9000      0.140634328141E+01
   76.0000      0.142018511518E+01
   76.1000      0.141064378623E+01
   76.2000      0.137783218874E+01
   76.3000      0.132849194205E+01
   76.4000      0.126988006359E+01
   76.5000      0.120351817596E+01
   76.6000      0.113368195972E+01
   76.7000      0.107343338171E+01
   76.8000      0.103008174974E+01
   76.9000      0.999740002652E+00
   77.0000      0.982813670833E+00
   77.1000      0.987877980266E+00
   77.2000      0.101406731482E+01
   77.3000      0.105122778731E+01
   77.4000      0.109526770931E+01
   77.5000      0.114637698150E+01
   77.6000      0.119738226326E+01
   77.7000      0.124143822160E+01
   77.8000      0.127704443104E+01
   77.9000      0.129910065445E+01
   78.0000      0.130098440026E+01
   78.1000      0.128822343141E+01
   78.2000      0.126676603476E+01
   78.3000      0.122915622831E+01
   78.4000      0.117238390974E+01
   78.5000      0.111325255312E+01
   78.6000      0.106186503881E+01
   78.7000      0.100850563332E+01
   78.8000      0.951626741600E+00
   78.9000      0.909359797857E+00
   79.0000      0.888059197645E+00
   79.1000      0.876191026216E+00
   79.2000      0.871188054470E+00
   79.3000      0.882400558441E+00
   79.4000      0.907488611767E+00
   79.5000      0.937173500080E+00
   79.6000      0.969450032408E+00
   79.7000      0.100229311319E+01
   79.8000      0.102705271655E+01
   79.9000      0.104322462462E+01
   80.0000      0.105399607022E+01
   80.1000      0.105122462728E+01
   80.2000      0.102678245798E+01
   80.3000      0.991752111854E+00
   80.4000      0.955834308552E+00
   80.5000      0.910924872994E+00
   80.6000      0.853262079042E+00
   80.7000      0.799291209062E+00
   80.8000      0.758846706654E+00
   80.9000      0.725198333245E+00
   81.0000      0.697012841146E+00
   81.1000      0.684685097850E+00
   81.2000      0.689429466041E+00
   81.3000      0.705311496809E+00
   81.4000      0.731423404917E+00
   81.5000      0.766613649911E+00
   81.6000      0.802421463010E+00
   81.7000      0.836792890098E+00
   81.8000      0.871949853376E+00
   81.9000      0.900245676440E+00
   82.0000      0.911206546359E+00
   82.1000      0.910771702920E+00
   82.2000      0.906871836595E+00
   82.3000      0.893010841924E+00
   82.4000      0.863453338719E+00
   82.5000      0.829685348881E+00
   82.6000      0.801055307657E+00
   82.7000      0.773937979758E+00
   82.8000      0.747028634759E+00
   82.9000      0.728911924898E+00
   83.0000      0.722518973763E+00
   83.1000      0.725102107672E+00
   83.2000      0.737076470809E+00
   83.3000      0.758863490048E+00
   83.4000      0.784713309404E+00
   83.5000      0.813384595917E+00
   83.6000      0.847445573096E+00
   83.7000      0.881667637474E+00
   83.8000      0.906509322922E+00
   83.9000      0.924829930382E+00
   84.0000      0.942759705001E+00
   84.1000      0.954630378640E+00
   84.2000      0.952522176110E+00
   84.3000      0.943094302288E+00
   84.4000      0.934356497864E+00
   84.5000      0.922511704255E+00
   84.6000      0.902806349442E+00
   84.7000      0.882236901084E+00
   84.8000      0.867114071334E+00
   84.9000      0.855122004112E+00
   85.0000      0.843736201537E+00
   85.1000      0.837271635848E+00
   85.2000      0.838185530963E+00
   85.3000      0.844722800124E+00
   85.4000      0.855378129017E+00
   85.5000      0.870979150193E+00
   85.6000      0.890124350611E+00
   85.7000      0.911076630758E+00
   85.8000      0.932928224024E+00
   85.9000      0.954210689892E+00
   86.0000      0.971247159501E+00
   86.1000      0.983007902522E+00
   86.2000      0.990492758144E+00
   86.3000      0.992544400354E+00
   86.4000      0.985546432112E+00
   86.5000      0.970846245685E+00
   86.6000      0.953237443631E+00
   86.7000      0.933496587443E+00
   86.8000      0.908649819696E+00
   86.9000      0.882265555525E+00
   87.0000      0.861990870489E+00
   87.1000      0.848586383639E+00
   87.2000      0.837291857799E+00
   87.3000      0.830938280839E+00
   87.4000      0.836187023563E+00
   87.5000      0.850644501472E+00
   87.6000      0.866320773559E+00
   87.7000      0.883616033263E+00
   87.8000      0.906073925654E+00
   87.9000      0.929023696673E+00
   88.0000      0.945045461700E+00
   88.1000      0.954524479497E+00
   88.2000      0.959189625696E+00
   88.3000      0.956348020050E+00
   88.4000      0.944811827265E+00
   88.5000      0.927430341553E+00
   88.6000      0.904628121939E+00
   88.7000      0.877129046120E+00
   88.8000      0.850442005508E+00
   88.9000      0.827890715469E+00
   89.0000      0.806272966908E+00
   89.1000      0.786783017486E+00
   89.2000      0.776722559819E+00
   89.3000      0.776269500358E+00
   89.4000      0.778094658662E+00
   89.5000      0.781877820531E+00
   89.6000      0.792541872803E+00
   89.7000      0.807227191149E+00
   89.8000      0.819051084309E+00
   89.9000      0.827938302605E+00
   90.0000      0.835604070932E+00
   90.1000      0.839221883517E+00
   90.2000      0.837644031106E+00
   90.3000      0.832747180596E+00
   90.4000      0.823024893473E+00
   90.5000      0.807300411227E+00
   90.6000      0.790658029779E+00
   90.7000      0.775623397516E+00
   90.8000      0.757525469830E+00
   90.9000      0.736351564602E+00
   91.0000      0.719550499717E+00
   91.1000      0.708103482971E+00
   91.2000      0.696440847919E+00
   91.3000      0.685413156156E+00
   91.4000      0.680030611180E+00
   91.5000      0.678869724424E+00
   91.6000      0.679552998411E+00
   91.7000      0.683982894091E+00
   91.8000      0.690978067454E+00
   91.9000      0.696737429289E+00
   92.0000      0.704792172046E+00
   92.1000      0.717856022302E+00
   92.2000      0.727627457963E+00
   92.3000      0.728954444282E+00
   92.4000      0.731140168787E+00
   92.5000      0.737403909960E+00
   92.6000      0.735798620233E+00
   92.7000      0.722528996657E+00
   92.8000      0.710055865240E+00
   92.9000      0.701565406002E+00
   93.0000      0.687213063617E+00
   93.1000      0.666860823871E+00
   93.2000      0.650947848484E+00
   93.3000      0.640458642608E+00
   93.4000      0.631280156768E+00
   93.5000      0.626300841604E+00
   93.6000      0.627852050970E+00
   93.7000      0.632041639593E+00
   93.8000      0.641160078795E+00
   93.9000      0.659328538552E+00
   94.0000      0.678721344028E+00
   94.1000      0.691159298516E+00
   94.2000      0.705201559997E+00
   94.3000      0.726149208185E+00
   94.4000      0.740493656328E+00
   94.5000      0.740066875512E+00
   94.6000      0.738284805811E+00
   94.7000      0.741642556567E+00
   94.8000      0.737604778841E+00
   94.9000      0.721605336209E+00
   95.0000      0.707153617422E+00
   95.1000      0.699151270771E+00
   95.2000      0.689542821539E+00
   95.3000      0.677487508230E+00
   95.4000      0.670654035254E+00
   95.5000      0.669002875596E+00
   95.6000      0.669551676970E+00
   95.7000      0.674025315688E+00
   95.8000      0.682182012797E+00
   95.9000      0.689269027791E+00
   96.0000      0.697454462956E+00
   96.1000      0.710638409684E+00
   96.2000      0.723363261750E+00
   96.3000      0.729279205560E+00
   96.4000      0.734616064312E+00
   96.5000      0.744547719152E+00
   96.6000      0.752212931106E+00
   96.7000      0.752114885439E+00
   96.8000      0.751445027285E+00
   96.9000      0.754600724230E+00
   97.0000      0.755811636592E+00
   97.1000      0.751377231343E+00
   97.2000      0.746723586912E+00
   97.3000      0.744351425900E+00
   97.4000      0.740953667389E+00
   97.5000      0.734935170281E+00
   97.6000      0.729531983880E+00
   97.7000      0.725958327465E+00
   97.8000      0.723351024521E+00
   97.9000      0.721390781350E+00
   98.0000      0.721620846378E+00
   98.1000      0.724519935388E+00
   98.2000      0.729888407189E+00
   98.3000      0.736821456334E+00
   98.4000      0.745503790754E+00
   98.5000      0.755721604015E+00
   98.6000      0.766415994382E+00
   98.7000      0.775595732053E+00
   98.8000      0.783226388794E+00
   98.9000      0.789170462420E+00
   99.0000      0.792271285164E+00
   99.1000      0.791257442060E+00
   99.2000      0.787274037929E+00
   99.3000      0.780869614397E+00
   99.4000      0.772208949055E+00
   99.5000      0.762204231712E+00
   99.6000      0.752529988744E+00
   99.7000      0.742996119677E+00
   99.8000      0.734710792143E+00
   99.9000      0.729978085998E+00
  100.0000      0.728808212823E+00
  100.1000      0.728417534565E+00
  100.2000      0.729790819090E+00
  100.3000      0.735358871620E+00
  100.4000      0.743017909984E+00
  100.5000      0.748268094446E+00
  100.6000      0.752309316729E+00
  100.7000      0.757600620737E+00
  100.8000      0.761842462961E+00
  100.9000      0.761627242228E+00
  101.0000      0.758975132872E+00
  101.1000      0.756150748217E+00
  101.2000      0.752102376007E+00
  101.3000      0.745732726344E+00
  101.4000      0.738896644290E+00
  101.5000      0.732556118420E+00
  101.6000      0.726597234665E+00
  101.7000      0.721137180045E+00
  101.8000      0.716604594453E+00
  101.9000      0.712594055625E+00
  102.0000      0.709380676513E+00
  102.1000      0.706764332647E+00
  102.2000      0.704209564486E+00
  102.3000      0.701990110526E+00
  102.4000      0.700643099842E+00
  102.5000      0.698290957415E+00
  102.6000      0.694635889446E+00
  102.7000      0.692711967239E+00
  102.8000      0.692834276897E+00
  102.9000      0.690322833673E+00
  103.0000      0.685457393478E+00
  103.1000      0.684003326640E+00
  103.2000      0.685394913531E+00
  103.3000      0.682788549914E+00
  103.4000      0.677211520805E+00
  103.5000      0.675345922820E+00
  103.6000      0.675791776836E+00
  103.7000      0.672483684765E+00
  103.8000      0.667559333525E+00
  103.9000      0.665793115121E+00
  104.0000      0.665365912382E+00
  104.1000      0.664276184288E+00
  104.2000      0.665130361237E+00
  104.3000      0.667249954183E+00
  104.4000      0.668272260048E+00
  104.5000      0.672088233797E+00
  104.6000      0.680640867202E+00
  104.7000      0.685822181805E+00
  104.8000      0.684863843639E+00
  104.9000      0.687772134399E+00
  105.0000      0.695855500305E+00
  105.1000      0.695588505182E+00
  105.2000      0.685308437788E+00
  105.3000      0.679812500092E+00
  105.4000      0.680348466835E+00
  105.5000      0.672148160726E+00
  105.6000      0.655659217129E+00
  105.7000      0.646814680967E+00
  105.8000      0.646258405704E+00
  105.9000      0.641179670729E+00
  106.0000      0.632890684672E+00
  106.1000      0.633153532353E+00
  106.2000      0.640729402055E+00
  106.3000      0.646914089088E+00
  106.4000      0.652682268693E+00
  106.5000      0.662437316297E+00
  106.6000      0.673142289221E+00
  106.7000      0.682120423696E+00
  106.8000      0.690786232049E+00
  106.9000      0.697147187891E+00
  107.0000      0.698032831247E+00
  107.1000      0.697457034960E+00
  107.2000      0.698257594427E+00
  107.3000      0.694526944974E+00
  107.4000      0.683721649658E+00
  107.5000      0.674581694539E+00
  107.6000      0.670828285485E+00
  107.7000      0.664236339188E+00
  107.8000      0.652068520111E+00
  107.9000      0.644521259674E+00
  108.0000      0.645108097551E+00
  108.1000      0.644331846501E+00
  108.2000      0.638740010961E+00
  108.3000      0.638245062476E+00
  108.4000      0.646026466605E+00
  108.5000      0.652185000919E+00
  108.6000      0.652715514205E+00
  108.7000      0.657236194706E+00
  108.8000      0.669066790996E+00
  108.9000      0.678297838462E+00
  109.0000      0.680404039925E+00
  109.1000      0.684692878808E+00
  109.2000      0.694673118606E+00
  109.3000      0.700895442155E+00
  109.4000      0.698894786616E+00
  109.5000      0.697358568255E+00
  109.6000      0.699636334668E+00
  109.7000      0.697966514088E+00
  109.8000      0.689475521611E+00
  109.9000      0.681820280957E+00
  110.0000      0.677529960014E+00
  110.1000      0.671760088305E+00
  110.2000      0.664041601197E+00
  110.3000      0.659405883343E+00
  110.4000      0.658073393777E+00
  110.5000      0.658388714728E+00
  110.6000      0.661768680557E+00
  110.7000      0.668444546422E+00
  110.8000      0.674963585063E+00
  110.9000      0.682728957319E+00
  111.0000      0.694777067488E+00
  111.1000      0.706576125273E+00
  111.2000      0.711861809352E+00
  111.3000      0.715510835758E+00
  111.4000      0.722767481997E+00
  111.5000      0.726834162921E+00
  111.6000      0.720931124539E+00
  111.7000      0.713066426271E+00
  111.8000      0.710402217243E+00
  111.9000      0.706056404985E+00
  112.0000      0.693835668901E+00
  112.1000      0.682476821619E+00
  112.2000      0.678980302020E+00
  112.3000      0.676730416166E+00
  112.4000      0.669741064294E+00
  112.5000      0.665166250188E+00
  112.6000      0.668431118439E+00
  112.7000      0.673198208577E+00
  112.8000      0.673349545449E+00
  112.9000      0.674349636629E+00
  113.0000      0.680994766326E+00
  113.1000      0.687900128522E+00
  113.2000      0.688970585142E+00
  113.3000      0.689007201592E+00
  113.4000      0.693414889870E+00
  113.5000      0.697682318994E+00
  113.6000      0.695581257225E+00
  113.7000      0.691946334029E+00
  113.8000      0.692794956764E+00
  113.9000      0.693541423940E+00
  114.0000      0.687590894378E+00
  114.1000      0.680043812671E+00
  114.2000      0.677116361065E+00
  114.3000      0.674395464879E+00
  114.4000      0.666099300311E+00
  114.5000      0.657325584794E+00
  114.6000      0.653298170440E+00
  114.7000      0.650746808329E+00
  114.8000      0.646573107406E+00
  114.9000      0.644775840144E+00
  115.0000      0.647156413306E+00
  115.1000      0.651609033599E+00
  115.2000      0.658353161834E+00
  115.3000      0.668550888606E+00
  115.4000      0.678556501967E+00
  115.5000      0.687500088424E+00
  115.6000      0.699386866083E+00
  115.7000      0.712379088095E+00
  115.8000      0.718041757140E+00
  115.9000      0.717876044479E+00
  116.0000      0.720469869143E+00
  116.1000      0.722792443121E+00
  116.2000      0.714250032163E+00
  116.3000      0.699402238399E+00
  116.4000      0.690674924111E+00
  116.5000      0.684919328065E+00
  116.6000      0.670773460079E+00
  116.7000      0.653911640227E+00
  116.8000      0.647473903300E+00
  116.9000      0.647732105523E+00
  117.0000      0.642736340586E+00
  117.1000      0.636857171270E+00
  117.2000      0.641272991745E+00
  117.3000      0.651546894657E+00
  117.4000      0.655828538559E+00
  117.5000      0.657120216170E+00
  117.6000      0.665087519059E+00
  117.7000      0.676039121533E+00
  117.8000      0.679491009554E+00
  117.9000      0.677995389809E+00
  118.0000      0.680740932257E+00
  118.1000      0.685499585815E+00
  118.2000      0.683566318915E+00
  118.3000      0.677351399513E+00
  118.4000      0.675148877968E+00
  118.5000      0.675195244951E+00
  118.6000      0.670103160419E+00
  118.7000      0.661941545433E+00
  118.8000      0.657212806576E+00
  118.9000      0.654265318421E+00
  119.0000      0.648131550200E+00
  119.1000      0.640890428281E+00
  119.2000      0.636142374534E+00
  119.3000      0.632532160144E+00
  119.4000      0.629381558841E+00
  119.5000      0.629046216749E+00
  119.6000      0.630520797367E+00
  119.7000      0.632125467141E+00
  119.8000      0.637836503187E+00
  119.9000      0.649349709941E+00
  120.0000      0.659515314662E+00
  120.1000      0.665705167447E+00
  120.2000      0.676174726684E+00
  120.3000      0.691786862931E+00
  120.4000      0.700372855882E+00
  120.5000      0.699455929566E+00
  120.6000      0.701423249644E+00
  120.7000      0.707561344773E+00
  120.8000      0.704103849801E+00
  120.9000      0.690134253793E+00
  121.0000      0.680703932314E+00
  121.1000      0.677902330003E+00
  121.2000      0.668917109513E+00
  121.3000      0.653698779455E+00
  121.4000      0.646052455525E+00
  121.5000      0.647204450726E+00
  121.6000      0.645840530991E+00
  121.7000      0.641275721362E+00
  121.8000      0.643233918379E+00
  121.9000      0.651427227564E+00
  122.0000      0.656782735153E+00
  122.1000      0.658049698680E+00
  122.2000      0.661369905905E+00
  122.3000      0.666455609138E+00
  122.4000      0.667727207363E+00
  122.5000      0.664677439572E+00
  122.6000      0.661842109620E+00
  122.7000      0.659873380907E+00
  122.8000      0.655875656977E+00
  122.9000      0.649754348500E+00
  123.0000      0.644989631593E+00
  123.1000      0.642351881255E+00
  123.2000      0.639722336254E+00
  123.3000      0.636541344646E+00
  123.4000      0.634913912210E+00
  123.5000      0.634812356831E+00
  123.6000      0.634496784715E+00
  123.7000      0.633671302922E+00
  123.8000      0.633501509677E+00
  123.9000      0.633396760504E+00
  124.0000      0.633258183810E+00
  124.1000      0.634124815469E+00
  124.2000      0.635778167689E+00
  124.3000      0.636641786320E+00
  124.4000      0.638809083680E+00
  124.5000      0.644504115935E+00
  124.6000      0.650725973670E+00
  124.7000      0.653916751000E+00
  124.8000      0.657989542913E+00
  124.9000      0.665835810271E+00
  125.0000      0.671726679027E+00
  125.1000      0.670850218106E+00
  125.2000      0.669159897623E+00
  125.3000      0.670674474590E+00
  125.4000      0.669020652854E+00
  125.5000      0.660021876458E+00
  125.6000      0.651359029981E+00
  125.7000      0.647845160083E+00
  125.8000      0.643787124769E+00
  125.9000      0.635818898530E+00
  126.0000      0.630993626997E+00
  126.1000      0.633003504871E+00
  126.2000      0.636520931881E+00
  126.3000      0.637971448330E+00
  126.4000      0.641791716269E+00
  126.5000      0.649696174495E+00
  126.6000      0.656892318208E+00
  126.7000      0.659777830096E+00
  126.8000      0.661233930252E+00
  126.9000      0.662914914690E+00
  127.0000      0.661763439238E+00
  127.1000      0.655119018120E+00
  127.2000      0.646345068411E+00
  127.3000      0.638619551746E+00
  127.4000      0.630122756906E+00
  127.5000      0.618314958335E+00
  127.6000      0.607158929843E+00
  127.7000      0.600659768387E+00
  127.8000      0.596307156906E+00
  127.9000      0.590271536110E+00
  128.0000      0.586179666998E+00
  128.1000      0.587595342860E+00
  128.2000      0.590855213165E+00
  128.3000      0.591593320512E+00
  128.4000      0.593273610938E+00
  128.5000      0.598843262913E+00
  128.6000      0.605068991028E+00
  128.7000      0.609057151862E+00
  128.8000      0.613821042928E+00
  128.9000      0.620746544424E+00
  129.0000      0.627874363236E+00
  129.1000      0.634524551367E+00
  129.2000      0.641884011697E+00
  129.3000      0.648277389741E+00
  129.4000      0.652956045039E+00
  129.5000      0.657387019127E+00
  129.6000      0.660520012113E+00
  129.7000      0.658069686581E+00
  129.8000      0.651306470889E+00
  129.9000      0.644522615682E+00
  130.0000      0.636114261568E+00
  130.1000      0.621344528770E+00
  130.2000      0.604019802850E+00
  130.3000      0.590874371071E+00
  130.4000      0.580534263420E+00
  130.5000      0.568247390815E+00
  130.6000      0.558266461237E+00
  130.7000      0.557086415635E+00
  130.8000      0.562278348757E+00
  130.9000      0.567625413577E+00
  131.0000      0.575420798896E+00
  131.1000      0.590385823141E+00
  131.2000      0.608791964160E+00
  131.3000      0.622902968941E+00
  131.4000      0.633738717194E+00
  131.5000      0.646305816894E+00
  131.6000      0.657537915688E+00
  131.7000      0.659618588565E+00
  131.8000      0.654616125578E+00
  131.9000      0.650383181258E+00
  132.0000      0.645454631572E+00
  132.1000      0.631923054435E+00
  132.2000      0.613089807896E+00
  132.3000      0.599099222560E+00
  132.4000      0.588540937638E+00
  132.5000      0.572183879445E+00
  132.6000      0.553292535825E+00
  132.7000      0.542255344286E+00
  132.8000      0.536835572479E+00
  132.9000      0.527479722772E+00
  133.0000      0.517287972518E+00
  133.1000      0.515316779207E+00
  133.2000      0.519170525397E+00
  133.3000      0.521524320838E+00
  133.4000      0.525361640883E+00
  133.5000      0.536436690949E+00
  133.6000      0.552315619803E+00
  133.7000      0.569132377314E+00
  133.8000      0.588468411760E+00
  133.9000      0.610364445310E+00
  134.0000      0.631724760353E+00
  134.1000      0.652240055394E+00
  134.2000      0.671786499879E+00
  134.3000      0.685294988263E+00
  134.4000      0.690376090717E+00
  134.5000      0.691410725966E+00
  134.6000      0.688812194866E+00
  134.7000      0.676027758690E+00
  134.8000      0.653393300149E+00
  134.9000      0.629988840654E+00
  135.0000      0.607948907681E+00
  135.1000      0.581059057173E+00
  135.2000      0.551173810007E+00
  135.3000      0.528789307126E+00
  135.4000      0.515831459531E+00
  135.5000      0.504837229580E+00
  135.6000      0.495812777930E+00
  135.7000      0.497371176118E+00
  135.8000      0.509651958613E+00
  135.9000      0.522751706337E+00
  136.0000      0.534065681481E+00
  136.1000      0.551481637119E+00
  136.2000      0.575194397337E+00
  136.3000      0.593900571288E+00
  136.4000      0.604274157298E+00
  136.5000      0.616701829680E+00
  136.6000      0.633412550448E+00
  136.7000      0.642031517414E+00
  136.8000      0.639230536130E+00
  136.9000      0.638584213447E+00
  137.0000      0.643671011150E+00
  137.1000      0.640219737183E+00
  137.2000      0.624458707539E+00
  137.3000      0.611695562384E+00
  137.4000      0.605745573841E+00
  137.5000      0.591820717129E+00
  137.6000      0.566862390256E+00
  137.7000      0.546479377845E+00
  137.8000      0.534603210456E+00
  137.9000      0.519159206814E+00
  138.0000      0.499164894657E+00
  138.1000      0.487837471219E+00
  138.2000      0.487763182975E+00
  138.3000      0.490827659903E+00
  138.4000      0.496945506677E+00
  138.5000      0.512691267613E+00
  138.6000      0.536654377149E+00
  138.7000      0.564003221192E+00
  138.8000      0.594165842917E+00
  138.9000      0.625949289722E+00
  139.0000      0.654502728793E+00
  139.1000      0.679187562811E+00
  139.2000      0.700648796136E+00
  139.3000      0.713993081239E+00
  139.4000      0.714868890690E+00
  139.5000      0.708271389431E+00
  139.6000      0.698085268022E+00
  139.7000      0.679833211515E+00
  139.8000      0.651368360977E+00
  139.9000      0.621107846932E+00
  140.0000      0.594540148454E+00
  140.1000      0.567402649823E+00
  140.2000      0.537356863126E+00
  140.3000      0.512218425750E+00
  140.4000      0.496681983932E+00
  140.5000      0.485110986882E+00
  140.6000      0.472865412030E+00
  140.7000      0.466516444758E+00
  140.8000      0.470903746010E+00
  140.9000      0.478981166780E+00
  141.0000      0.483797836577E+00
  141.1000      0.493056146860E+00
  141.2000      0.513981852959E+00
  141.3000      0.537586763009E+00
  141.4000      0.553987277857E+00
  141.5000      0.573008053203E+00
  141.6000      0.604200351739E+00
  141.7000      0.635035500320E+00
  141.8000      0.651925873260E+00
  141.9000      0.666489265606E+00
  142.0000      0.689906812424E+00
  142.1000      0.707139762355E+00
  142.2000      0.703361259600E+00
  142.3000      0.692625021423E+00
  142.4000      0.688175091434E+00
  142.5000      0.676534910571E+00
  142.6000      0.645884296815E+00
  142.7000      0.612106735431E+00
  142.8000      0.588918520813E+00
  142.9000      0.566291652113E+00
  143.0000      0.536073606533E+00
  143.1000      0.511516923093E+00
  143.2000      0.502145497614E+00
  143.3000      0.499779594981E+00
  143.4000      0.497785038905E+00
  143.5000      0.502998159895E+00
  143.6000      0.518612990471E+00
  143.7000      0.537922765977E+00
  143.8000      0.555711216925E+00
  143.9000      0.574095040100E+00
  144.0000      0.593305461445E+00
  144.1000      0.609977264458E+00
  144.2000      0.621627091878E+00
  144.3000      0.629592300646E+00
  144.4000      0.634891517118E+00
  144.5000      0.637138036725E+00
  144.6000      0.635289677858E+00
  144.7000      0.630910526985E+00
  144.8000      0.625780815499E+00
  144.9000      0.619612020167E+00
  145.0000      0.610653149342E+00
  145.1000      0.600172208764E+00
  145.2000      0.589480886497E+00
  145.3000      0.577647189632E+00
  145.4000      0.563617892526E+00
  145.5000      0.549203119904E+00
  145.6000      0.534803360808E+00
  145.7000      0.520669659033E+00
  145.8000      0.509636931837E+00
  145.9000      0.503776150696E+00
  146.0000      0.500157641876E+00
  146.1000      0.500129644876E+00
  146.2000      0.510592411842E+00
  146.3000      0.530715754587E+00
  146.4000      0.550476502258E+00
  146.5000      0.570766906891E+00
  146.6000      0.601331518786E+00
  146.7000      0.637226969613E+00
  146.8000      0.662061706385E+00
  146.9000      0.677573247887E+00
  147.0000      0.697168314086E+00
  147.1000      0.715174576629E+00
  147.2000      0.714437748123E+00
  147.3000      0.700066853372E+00
  147.4000      0.689086965508E+00
  147.5000      0.677932581917E+00
  147.6000      0.652395163447E+00
  147.7000      0.619447439133E+00
  147.8000      0.595521704039E+00
  147.9000      0.577877699541E+00
  148.0000      0.554479986289E+00
  148.1000      0.530224489325E+00
  148.2000      0.517060768606E+00
  148.3000      0.511819402323E+00
  148.4000      0.503729177618E+00
  148.5000      0.494934632301E+00
  148.6000      0.494365337709E+00
  148.7000      0.500029587213E+00
  148.8000      0.502645113375E+00
  148.9000      0.503465512796E+00
  149.0000      0.511950782278E+00
  149.1000      0.527900318682E+00
  149.2000      0.541478337773E+00
  149.3000      0.552884630949E+00
  149.4000      0.572784668818E+00
  149.5000      0.600577956390E+00
  149.6000      0.622913573690E+00
  149.7000      0.638201646298E+00
  149.8000      0.658004568785E+00
  149.9000      0.680829947429E+00
  150.0000      0.691419900038E+00
  150.1000      0.688786819937E+00
  150.2000      0.686294737037E+00
  150.3000      0.683802307417E+00
  150.4000      0.668975052190E+00
  150.5000      0.643766799719E+00
  150.6000      0.621799552273E+00
  150.7000      0.604185430729E+00
  150.8000      0.583196239615E+00
  150.9000      0.561704380077E+00
  151.0000      0.548444148401E+00
  151.1000      0.542725696480E+00
  151.2000      0.539912850034E+00
  151.3000      0.540868972380E+00
  151.4000      0.546982193770E+00
  151.5000      0.555430654039E+00
  151.6000      0.564668713549E+00
  151.7000      0.574520204718E+00
  151.8000      0.582697449225E+00
  151.9000      0.587469392872E+00
  152.0000      0.590926651598E+00
  152.1000      0.593709585647E+00
  152.2000      0.594059399796E+00
  152.3000      0.592360453965E+00
  152.4000      0.591420214444E+00
  152.5000      0.591376717375E+00
  152.6000      0.591446677059E+00
  152.7000      0.591968213254E+00
  152.8000      0.593001613463E+00
  152.9000      0.593091809366E+00
  153.0000      0.592278020796E+00
  153.1000      0.590321834637E+00
  153.2000      0.585925142019E+00
  153.3000      0.578597037213E+00
  153.4000      0.569947277805E+00
  153.5000      0.560201078007E+00
  153.6000      0.550353504977E+00
  153.7000      0.542868458575E+00
  153.8000      0.538638302293E+00
  153.9000      0.536456094250E+00
  154.0000      0.539918320171E+00
  154.1000      0.552460547336E+00
  154.2000      0.569587483712E+00
  154.3000      0.585728618483E+00
  154.4000      0.605987367778E+00
  154.5000      0.633333350196E+00
  154.6000      0.657752329099E+00
  154.7000      0.671200012965E+00
  154.8000      0.681676277240E+00
  154.9000      0.693625125680E+00
  155.0000      0.696610661236E+00
  155.1000      0.684733095151E+00
  155.2000      0.669302378626E+00
  155.3000      0.656617036812E+00
  155.4000      0.638972849237E+00
  155.5000      0.613247440147E+00
  155.6000      0.589923976526E+00
  155.7000      0.573730686401E+00
  155.8000      0.558689196289E+00
  155.9000      0.541925879223E+00
  156.0000      0.529455272693E+00
  156.1000      0.523026334110E+00
  156.2000      0.518063484831E+00
  156.3000      0.511544045390E+00
  156.4000      0.506946562478E+00
  156.5000      0.506304397727E+00
  156.6000      0.507217152537E+00
  156.7000      0.506835898082E+00
  156.8000      0.509392040344E+00
  156.9000      0.519439377557E+00
  157.0000      0.534213398420E+00
  157.1000      0.548214234805E+00
  157.2000      0.566336178289E+00
  157.3000      0.594270810149E+00
  157.4000      0.625094643775E+00
  157.5000      0.648539687200E+00
  157.6000      0.670029431440E+00
  157.7000      0.696126642884E+00
  157.8000      0.717102161069E+00
  157.9000      0.721480879975E+00
  158.0000      0.717497227229E+00
  158.1000      0.714202528851E+00
  158.2000      0.703753523048E+00
  158.3000      0.678185405637E+00
  158.4000      0.648212075340E+00
  158.5000      0.623494285064E+00
  158.6000      0.599015326194E+00
  158.7000      0.569948258906E+00
  158.8000      0.544633280445E+00
  158.9000      0.528664941406E+00
  159.0000      0.517798182111E+00
  159.1000      0.507890658841E+00
  159.2000      0.502348119434E+00
  159.3000      0.502568870396E+00
  159.4000      0.505524659238E+00
  159.5000      0.507839810434E+00
  159.6000      0.510993962375E+00
  159.7000      0.516923433084E+00
  159.8000      0.524972012035E+00
  159.9000      0.531912011967E+00
  160.0000      0.539899189601E+00
  160.1000      0.553801596559E+00
  160.2000      0.572572611483E+00
  160.3000      0.589282575896E+00
  160.4000      0.605965090518E+00
  160.5000      0.629297467361E+00
  160.6000      0.654886707673E+00
  160.7000      0.670965309587E+00
  160.8000      0.680075294527E+00
  160.9000      0.690950134575E+00
  161.0000      0.698164582405E+00
  161.1000      0.690107880534E+00
  161.2000      0.672470237413E+00
  161.3000      0.656334011753E+00
  161.4000      0.638621556022E+00
  161.5000      0.612160407678E+00
  161.6000      0.584322426222E+00
  161.7000      0.564127192648E+00
  161.8000      0.549551762711E+00
  161.9000      0.536653616204E+00
  162.0000      0.529418725496E+00
  162.1000      0.529959873514E+00
  162.2000      0.535408307082E+00
  162.3000      0.543369933914E+00
  162.4000      0.553635408682E+00
  162.5000      0.563845327582E+00
  162.6000      0.572640410619E+00
  162.7000      0.579830261794E+00
  162.8000      0.584841818490E+00
  162.9000      0.587321251568E+00
  163.0000      0.589122079428E+00
  163.1000      0.590036614468E+00
  163.2000      0.590169280173E+00
  163.3000      0.593257719139E+00
  163.4000      0.601011330271E+00
  163.5000      0.607829876767E+00
  163.6000      0.612578659393E+00
  163.7000      0.621814576794E+00
  163.8000      0.634537609940E+00
  163.9000      0.639516765002E+00
  164.0000      0.635908353702E+00
  164.1000      0.633443656931E+00
  164.2000      0.630958295097E+00
  164.3000      0.617901378499E+00
  164.4000      0.596969479752E+00
  164.5000      0.579707662112E+00
  164.6000      0.566291012614E+00
  164.7000      0.550826954878E+00
  164.8000      0.537533885842E+00
  164.9000      0.533218384222E+00
  165.0000      0.536322269663E+00
  165.1000      0.544336858331E+00
  165.2000      0.558503410343E+00
  165.3000      0.576717893167E+00
  165.4000      0.595002245185E+00
  165.5000      0.613951591954E+00
  165.6000      0.632638162280E+00
  165.7000      0.645034418624E+00
  165.8000      0.649403874779E+00
  165.9000      0.650304866982E+00
  166.0000      0.647902266820E+00
  166.1000      0.639422377982E+00
  166.2000      0.627365966282E+00
  166.3000      0.615861172787E+00
  166.4000      0.604538528710E+00
  166.5000      0.595011556257E+00
  166.6000      0.590184951499E+00
  166.7000      0.587186172638E+00
  166.8000      0.582394451892E+00
  166.9000      0.580678843410E+00
  167.0000      0.583418544796E+00
  167.1000      0.581927977171E+00
  167.2000      0.572570706674E+00
  167.3000      0.564124008628E+00
  167.4000      0.558558347484E+00
  167.5000      0.548622665225E+00
  167.6000      0.534815702290E+00
  167.7000      0.526621525644E+00
  167.8000      0.525222046273E+00
  167.9000      0.527866267883E+00
  168.0000      0.536965973380E+00
  168.1000      0.554522742100E+00
  168.2000      0.576283642695E+00
  168.3000      0.602956856014E+00
  168.4000      0.635679687378E+00
  168.5000      0.666647333861E+00
  168.6000      0.687874338771E+00
  168.7000      0.705100858376E+00
  168.8000      0.720457653909E+00
  168.9000      0.724063083116E+00
  169.0000      0.711573836110E+00
  169.1000      0.694163476631E+00
  169.2000      0.675995351610E+00
  169.3000      0.651814023986E+00
  169.4000      0.622691233759E+00
  169.5000      0.597730119716E+00
  169.6000      0.577526121631E+00
  169.7000      0.560910237849E+00
  169.8000      0.550035056872E+00
  169.9000      0.544505174740E+00
  170.0000      0.538497440531E+00
  170.1000      0.534596884159E+00
  170.2000      0.535210263073E+00
  170.3000      0.534049864846E+00
  170.4000      0.525353040069E+00
  170.5000      0.517049167262E+00
  170.6000      0.512992149454E+00
  170.7000      0.509189323968E+00
  170.8000      0.505668993573E+00
  170.9000      0.510330164487E+00
  171.0000      0.522892892116E+00
  171.1000      0.543193163458E+00
  171.2000      0.574727562969E+00
  171.3000      0.615278229470E+00
  171.4000      0.653918858073E+00
  171.5000      0.693754133851E+00
  171.6000      0.740126805347E+00
  171.7000      0.780567960594E+00
  171.8000      0.798636883214E+00
  171.9000      0.804880103164E+00
  172.0000      0.809721194617E+00
  172.1000      0.800635439120E+00
  172.2000      0.766552297146E+00
  172.3000      0.725294301448E+00
  172.4000      0.689422803294E+00
  172.5000      0.651442434768E+00
  172.6000      0.607349199413E+00
  172.7000      0.571127833636E+00
  172.8000      0.546676404216E+00
  172.9000      0.529066730347E+00
  173.0000      0.517040753601E+00
  173.1000      0.512804561388E+00
  173.2000      0.509446782496E+00
  173.3000      0.506351827498E+00
  173.4000      0.505739846301E+00
  173.5000      0.504428947909E+00
  173.6000      0.495979990691E+00
  173.7000      0.487562669689E+00
  173.8000      0.483901890055E+00
  173.9000      0.484434396840E+00
  174.0000      0.490980745568E+00
  174.1000      0.510574915813E+00
  174.2000      0.538497714475E+00
  174.3000      0.575425477021E+00
  174.4000      0.629181869399E+00
  174.5000      0.694683577962E+00
  174.6000      0.749302600185E+00
  174.7000      0.795589289790E+00
  174.8000      0.848099261780E+00
  174.9000      0.892719310587E+00
  175.0000      0.899782521760E+00
  175.1000      0.882228714028E+00
  175.2000      0.864883155756E+00
  175.3000      0.836862093682E+00
  175.4000      0.777388917932E+00
  175.5000      0.708769244142E+00
  175.6000      0.655524612809E+00
  175.7000      0.610806347585E+00
  175.8000      0.564065416204E+00
  175.9000      0.530718857845E+00
  176.0000      0.516130139179E+00
  176.1000      0.512163034122E+00
  176.2000      0.514797865476E+00
  176.3000      0.525062829205E+00
  176.4000      0.530486766777E+00
  176.5000      0.528821742137E+00
  176.6000      0.526095267876E+00
  176.7000      0.520506819000E+00
  176.8000      0.503830515783E+00
  176.9000      0.487767420631E+00
  177.0000      0.481310010222E+00
  177.1000      0.485736960647E+00
  177.2000      0.509487174938E+00
  177.3000      0.564464449825E+00
  177.4000      0.634203663123E+00
  177.5000      0.713439181277E+00
  177.6000      0.824880066202E+00
  177.7000      0.962497388453E+00
  177.8000      0.106882585432E+01
  177.9000      0.113543506459E+01
  178.0000      0.120589676576E+01
  178.1000      0.126582187741E+01
  178.2000      0.124341809023E+01
  178.3000      0.115160853454E+01
  178.4000      0.106124862023E+01
  178.5000      0.969077657183E+00
  178.6000      0.827838985234E+00
  178.7000      0.677191915943E+00
  178.8000      0.580385005388E+00
  178.9000      0.533104330436E+00
  179.0000      0.525561371916E+00
  179.1000      0.593530250804E+00
  179.2000      0.723585153419E+00
  179.3000      0.881055747435E+00
  179.4000      0.110539461028E+01
  179.5000      0.141295014186E+01
  179.6000      0.167013010548E+01
  179.7000      0.181013346962E+01
  179.8000      0.198481372486E+01
  179.9000      0.227507718475E+01
  180.0000      0.246833514914E+01
