    0.1000      0.507266854088E+07
    0.2000      0.897400328975E+06
    0.3000      0.330010893236E+06
    0.4000      0.151164608669E+06
    0.5000      0.110407463729E+06
    0.6000      0.661939015106E+05
    0.7000      0.453387232980E+05
    0.8000      0.335674566892E+05
    0.9000      0.251009745334E+05
    1.0000      0.222518315848E+05
    1.1000      0.190373782881E+05
    1.2000      0.164465030750E+05
    1.3000      0.158973572606E+05
    1.4000      0.141334870948E+05
    1.5000      0.106762736393E+05
    1.6000      0.869834506865E+04
    1.7000      0.790224109055E+04
    1.8000      0.691397112134E+04
    1.9000      0.535430409054E+04
    2.0000      0.408197882710E+04
    2.1000      0.332353065941E+04
    2.2000      0.305180053712E+04
    2.3000      0.238240243490E+04
    2.4000      0.173065699634E+04
    2.5000      0.163155116245E+04
    2.6000      0.176650998820E+04
    2.7000      0.155086106996E+04
    2.8000      0.110308669480E+04
    2.9000      0.800205620593E+03
    3.0000      0.674176953239E+03
    3.1000      0.730305060911E+03
    3.2000      0.724958843446E+03
    3.3000      0.618895272770E+03
    3.4000      0.419404413071E+03
    3.5000      0.301669833036E+03
    3.6000      0.279905581458E+03
    3.7000      0.358277272864E+03
    3.8000      0.408639233058E+03
    3.9000      0.375591674264E+03
    4.0000      0.283759066912E+03
    4.1000      0.225541488282E+03
    4.2000      0.173326619981E+03
    4.3000      0.180788223024E+03
    4.4000      0.220959025222E+03
    4.5000      0.278104868024E+03
    4.6000      0.301068638882E+03
    4.7000      0.282702463263E+03
    4.8000      0.198816372718E+03
    4.9000      0.152260768422E+03
    5.0000      0.136789864435E+03
    5.1000      0.155824535986E+03
    5.2000      0.189649466222E+03
    5.3000      0.219890304015E+03
    5.4000      0.211742238469E+03
    5.5000      0.196574760407E+03
    5.6000      0.156931669852E+03
    5.7000      0.125548887170E+03
    5.8000      0.117956452144E+03
    5.9000      0.131154758484E+03
    6.0000      0.150198801833E+03
    6.1000      0.176476353429E+03
    6.2000      0.180440324356E+03
    6.3000      0.172072610385E+03
    6.4000      0.151092549198E+03
    6.5000      0.127230143058E+03
    6.6000      0.112637493267E+03
    6.7000      0.117579676170E+03
    6.8000      0.129168629877E+03
    6.9000      0.149364098405E+03
    7.0000      0.158302222682E+03
    7.1000      0.149936943823E+03
    7.2000      0.125275464005E+03
    7.3000      0.970861649529E+02
    7.4000      0.760492527383E+02
    7.5000      0.804886876756E+02
    7.6000      0.948477976591E+02
    7.7000      0.111167312084E+03
    7.8000      0.112896555447E+03
    7.9000      0.973144861903E+02
    8.0000      0.704677148599E+02
    8.1000      0.536111977275E+02
    8.2000      0.445893400623E+02
    8.3000      0.541414339538E+02
    8.4000      0.665850854855E+02
    8.5000      0.734875450595E+02
    8.6000      0.688682399041E+02
    8.7000      0.594361124899E+02
    8.8000      0.434408704727E+02
    8.9000      0.390594105505E+02
    9.0000      0.378262763446E+02
    9.1000      0.424411967423E+02
    9.2000      0.466977107802E+02
    9.3000      0.488045678222E+02
    9.4000      0.440304426192E+02
    9.5000      0.419819198613E+02
    9.6000      0.351214164840E+02
    9.7000      0.323704978786E+02
    9.8000      0.297636048600E+02
    9.9000      0.287493317400E+02
   10.0000      0.279175604525E+02
   10.1000      0.297766955006E+02
   10.2000      0.284873111834E+02
   10.3000      0.290806902966E+02
   10.4000      0.259025525498E+02
   10.5000      0.224689295230E+02
   10.6000      0.188773259484E+02
   10.7000      0.168841192045E+02
   10.8000      0.164233337649E+02
   10.9000      0.189866760542E+02
   11.0000      0.200679557562E+02
   11.1000      0.212062972110E+02
   11.2000      0.197414057997E+02
   11.3000      0.167236381588E+02
   11.4000      0.141997824946E+02
   11.5000      0.128416478356E+02
   11.6000      0.128420916971E+02
   11.7000      0.148699777869E+02
   11.8000      0.160572710219E+02
   11.9000      0.163287801316E+02
   12.0000      0.155175219795E+02
   12.1000      0.132673444955E+02
   12.2000      0.114116219642E+02
   12.3000      0.105079215769E+02
   12.4000      0.101687883143E+02
   12.5000      0.106794985441E+02
   12.6000      0.111227032328E+02
   12.7000      0.108869878449E+02
   12.8000      0.105031949362E+02
   12.9000      0.985084767644E+01
   13.0000      0.922676456274E+01
   13.1000      0.891805696914E+01
   13.2000      0.867371041790E+01
   13.3000      0.851172559244E+01
   13.4000      0.854398744684E+01
   13.5000      0.885610792953E+01
   13.6000      0.947969208952E+01
   13.7000      0.102600889760E+02
   13.8000      0.108903305037E+02
   13.9000      0.110775280771E+02
   14.0000      0.107774405025E+02
   14.1000      0.103259396732E+02
   14.2000      0.101100405056E+02
   14.3000      0.102959814093E+02
   14.4000      0.110596667669E+02
   14.5000      0.118548629324E+02
   14.6000      0.123643992116E+02
   14.7000      0.123044570000E+02
   14.8000      0.118304918283E+02
   14.9000      0.108583272722E+02
   15.0000      0.102850814761E+02
   15.1000      0.975920533634E+01
   15.2000      0.967557446066E+01
   15.3000      0.978204606784E+01
   15.4000      0.100564536600E+02
   15.5000      0.989142606647E+01
   15.6000      0.996822985615E+01
   15.7000      0.925009766055E+01
   15.8000      0.856697850879E+01
   15.9000      0.770453797530E+01
   16.0000      0.708533411044E+01
   16.1000      0.676036370029E+01
   16.2000      0.738997120865E+01
   16.3000      0.779730417054E+01
   16.4000      0.856552943196E+01
   16.5000      0.853594359164E+01
   16.6000      0.787384218376E+01
   16.7000      0.682099069308E+01
   16.8000      0.602015942743E+01
   16.9000      0.556824020435E+01
   17.0000      0.625744137642E+01
   17.1000      0.704560766632E+01
   17.2000      0.779602941264E+01
   17.3000      0.791341143590E+01
   17.4000      0.719246895298E+01
   17.5000      0.616825116311E+01
   17.6000      0.538842935980E+01
   17.7000      0.508203919432E+01
   17.8000      0.546400875610E+01
   17.9000      0.601797690694E+01
   18.0000      0.624140258066E+01
   18.1000      0.614095865182E+01
   18.2000      0.549260200763E+01
   18.3000      0.496647025545E+01
   18.4000      0.464951550764E+01
   18.5000      0.469818398001E+01
   18.6000      0.487460071086E+01
   18.7000      0.496714412754E+01
   18.8000      0.468522676967E+01
   18.9000      0.440190802747E+01
   19.0000      0.408486670927E+01
   19.1000      0.418058702434E+01
   19.2000      0.451859349132E+01
   19.3000      0.488846415124E+01
   19.4000      0.504200815216E+01
   19.5000      0.480155408464E+01
   19.6000      0.436133657547E+01
   19.7000      0.401226081961E+01
   19.8000      0.402450836859E+01
   19.9000      0.443707155737E+01
   20.0000      0.505725383130E+01
   20.1000      0.543132468245E+01
   20.2000      0.555294793306E+01
   20.3000      0.510280314137E+01
   20.4000      0.466551875500E+01
   20.5000      0.429034924714E+01
   20.6000      0.426094046239E+01
   20.7000      0.452921683328E+01
   20.8000      0.490254723691E+01
   20.9000      0.494901381709E+01
   21.0000      0.490850773548E+01
   21.1000      0.441242732652E+01
   21.2000      0.394098128062E+01
   21.3000      0.361013399583E+01
   21.4000      0.336874427269E+01
   21.5000      0.335643420926E+01
   21.6000      0.343917062298E+01
   21.7000      0.335017414735E+01
   21.8000      0.330153778559E+01
   21.9000      0.313804913676E+01
   22.0000      0.286173392354E+01
   22.1000      0.276317385517E+01
   22.2000      0.258787083326E+01
   22.3000      0.256181497496E+01
   22.4000      0.265675455933E+01
   22.5000      0.281657413356E+01
   22.6000      0.302992566306E+01
   22.7000      0.330246085837E+01
   22.8000      0.339956146116E+01
   22.9000      0.348438778886E+01
   23.0000      0.344055981313E+01
   23.1000      0.343485361658E+01
   23.2000      0.352541280227E+01
   23.3000      0.375102051760E+01
   23.4000      0.408697335585E+01
   23.5000      0.437558983060E+01
   23.6000      0.457283407207E+01
   23.7000      0.455661396832E+01
   23.8000      0.439377797154E+01
   23.9000      0.417346518519E+01
   24.0000      0.405060433085E+01
   24.1000      0.396102840196E+01
   24.2000      0.412317195845E+01
   24.3000      0.416935881427E+01
   24.4000      0.425036281165E+01
   24.5000      0.414930254776E+01
   24.6000      0.392492093206E+01
   24.7000      0.357773509235E+01
   24.8000      0.333878807792E+01
   24.9000      0.303407723768E+01
   25.0000      0.301730366443E+01
   25.1000      0.300948892888E+01
   25.2000      0.310732154913E+01
   25.3000      0.318171183645E+01
   25.4000      0.318838684983E+01
   25.5000      0.302811278721E+01
   25.6000      0.288738856466E+01
   25.7000      0.265619368652E+01
   25.8000      0.257769686530E+01
   25.9000      0.262797942472E+01
   26.0000      0.281214107251E+01
   26.1000      0.304467225814E+01
   26.2000      0.326249749935E+01
   26.3000      0.331248157710E+01
   26.4000      0.326195501108E+01
   26.5000      0.312682655172E+01
   26.6000      0.302566307714E+01
   26.7000      0.300236495715E+01
   26.8000      0.313842447585E+01
   26.9000      0.326262490444E+01
   27.0000      0.340588798352E+01
   27.1000      0.343084498660E+01
   27.2000      0.336677771263E+01
   27.3000      0.323890567767E+01
   27.4000      0.319245168511E+01
   27.5000      0.308305478379E+01
   27.6000      0.312853997577E+01
   27.7000      0.304852590580E+01
   27.8000      0.296511027959E+01
   27.9000      0.282185775057E+01
   28.0000      0.271980188389E+01
   28.1000      0.262192441819E+01
   28.2000      0.275283298630E+01
   28.3000      0.276526090989E+01
   28.4000      0.285854836733E+01
   28.5000      0.274987884276E+01
   28.6000      0.252213318276E+01
   28.7000      0.225700376657E+01
   28.8000      0.211744635916E+01
   28.9000      0.208419016777E+01
   29.0000      0.237018909029E+01
   29.1000      0.262612057380E+01
   29.2000      0.285135551428E+01
   29.3000      0.288772103506E+01
   29.4000      0.265836612843E+01
   29.5000      0.237548078903E+01
   29.6000      0.217701701018E+01
   29.7000      0.214310079293E+01
   29.8000      0.238595742867E+01
   29.9000      0.272409714632E+01
   30.0000      0.295779310415E+01
   30.1000      0.307665766592E+01
   30.2000      0.289077629270E+01
   30.3000      0.263848539101E+01
   30.4000      0.240201727868E+01
   30.5000      0.231195061307E+01
   30.6000      0.238460155973E+01
   30.7000      0.257771964259E+01
   30.8000      0.266417161173E+01
   30.9000      0.268025817659E+01
   31.0000      0.249754392344E+01
   31.1000      0.227290898335E+01
   31.2000      0.207795208429E+01
   31.3000      0.199589498864E+01
   31.4000      0.201064568314E+01
   31.5000      0.207227207754E+01
   31.6000      0.206763746716E+01
   31.7000      0.196878087275E+01
   31.8000      0.178735321235E+01
   31.9000      0.159974899988E+01
   32.0000      0.148799367869E+01
   32.1000      0.148409158147E+01
   32.2000      0.158769808543E+01
   32.3000      0.168497166635E+01
   32.4000      0.175847038998E+01
   32.5000      0.172250979290E+01
   32.6000      0.161421550752E+01
   32.7000      0.150359186245E+01
   32.8000      0.143080251206E+01
   32.9000      0.144312162261E+01
   33.0000      0.156119962997E+01
   33.1000      0.169621107859E+01
   33.2000      0.183972026177E+01
   33.3000      0.194610223643E+01
   33.4000      0.195454846737E+01
   33.5000      0.194730979339E+01
   33.6000      0.188056949192E+01
   33.7000      0.181831259412E+01
   33.8000      0.178658325494E+01
   33.9000      0.179598439700E+01
   34.0000      0.183746260656E+01
   34.1000      0.195003216211E+01
   34.2000      0.202777197345E+01
   34.3000      0.210432059171E+01
   34.4000      0.209378427741E+01
   34.5000      0.200410563644E+01
   34.6000      0.184935722508E+01
   34.7000      0.169160459026E+01
   34.8000      0.157091198554E+01
   34.9000      0.155564592833E+01
   35.0000      0.162618451893E+01
   35.1000      0.174236115562E+01
   35.2000      0.183386605244E+01
   35.3000      0.183944430217E+01
   35.4000      0.173425686101E+01
   35.5000      0.155763983827E+01
   35.6000      0.139231677270E+01
   35.7000      0.128633717032E+01
   35.8000      0.131255070486E+01
   35.9000      0.143241462961E+01
   36.0000      0.157647040453E+01
   36.1000      0.169886084550E+01
   36.2000      0.171349553262E+01
   36.3000      0.163681588390E+01
   36.4000      0.152816606795E+01
   36.5000      0.143240628930E+01
   36.6000      0.141344584455E+01
   36.7000      0.150919272740E+01
   36.8000      0.162112219287E+01
   36.9000      0.176751803411E+01
   37.0000      0.183127093904E+01
   37.1000      0.182531770243E+01
   37.2000      0.176257710597E+01
   37.3000      0.169836810870E+01
   37.4000      0.165088979564E+01
   37.5000      0.169768576279E+01
   37.6000      0.175695360337E+01
   37.7000      0.185020695148E+01
   37.8000      0.189922017922E+01
   37.9000      0.189696715651E+01
   38.0000      0.184548886925E+01
   38.1000      0.178318725901E+01
   38.2000      0.173436875786E+01
   38.3000      0.173123942977E+01
   38.4000      0.176700792701E+01
   38.5000      0.181401771992E+01
   38.6000      0.184289545627E+01
   38.7000      0.183892920736E+01
   38.8000      0.179544885259E+01
   38.9000      0.173405288284E+01
   39.0000      0.169969404432E+01
   39.1000      0.167866871897E+01
   39.2000      0.169844787058E+01
   39.3000      0.173929422763E+01
   39.4000      0.174072304531E+01
   39.5000      0.174912330404E+01
   39.6000      0.170547911917E+01
   39.7000      0.165874647853E+01
   39.8000      0.163006737277E+01
   39.9000      0.162481454994E+01
   40.0000      0.161790192204E+01
   40.1000      0.166663733558E+01
   40.2000      0.162746891222E+01
   40.3000      0.162534669942E+01
   40.4000      0.156026347288E+01
   40.5000      0.151113170687E+01
   40.6000      0.147728354799E+01
   40.7000      0.149595165424E+01
   40.8000      0.148898844117E+01
   40.9000      0.154848716222E+01
   41.0000      0.150598335271E+01
   41.1000      0.147344107860E+01
   41.2000      0.139080930913E+01
   41.3000      0.131149208889E+01
   41.4000      0.127194303253E+01
   41.5000      0.130373152525E+01
   41.6000      0.134746718532E+01
   41.7000      0.144346571811E+01
   41.8000      0.147512278226E+01
   41.9000      0.145572609321E+01
   42.0000      0.139126741401E+01
   42.1000      0.129087533988E+01
   42.2000      0.123398408809E+01
   42.3000      0.125441071374E+01
   42.4000      0.134272771457E+01
   42.5000      0.148825206804E+01
   42.6000      0.162345491182E+01
   42.7000      0.168570170628E+01
   42.8000      0.167322897143E+01
   42.9000      0.159148397161E+01
   43.0000      0.149669141928E+01
   43.1000      0.146235082538E+01
   43.2000      0.151301088012E+01
   43.3000      0.164450055437E+01
   43.4000      0.181577564320E+01
   43.5000      0.195324032955E+01
   43.6000      0.199804398123E+01
   43.7000      0.196003336688E+01
   43.8000      0.184176908990E+01
   43.9000      0.172287519422E+01
   44.0000      0.166815951953E+01
   44.1000      0.168077337985E+01
   44.2000      0.177907657269E+01
   44.3000      0.189541772555E+01
   44.4000      0.196600315759E+01
   44.5000      0.196443240085E+01
   44.6000      0.187895615689E+01
   44.7000      0.171816660508E+01
   44.8000      0.159235884388E+01
   44.9000      0.147183819029E+01
   45.0000      0.145002842677E+01
   45.1000      0.146747143797E+01
   45.2000      0.150781365266E+01
   45.3000      0.151861073756E+01
   45.4000      0.149579931526E+01
   45.5000      0.138676883069E+01
   45.6000      0.129020474908E+01
   45.7000      0.115733270812E+01
   45.8000      0.108006217853E+01
   45.9000      0.103709738089E+01
   46.0000      0.102318176930E+01
   46.1000      0.102895445287E+01
   46.2000      0.103145499409E+01
   46.3000      0.100718035871E+01
   46.4000      0.985478017403E+00
   46.5000      0.949827011471E+00
   46.6000      0.921437305419E+00
   46.7000      0.918938003864E+00
   46.8000      0.904480540787E+00
   46.9000      0.916417167891E+00
   47.0000      0.908893137087E+00
   47.1000      0.910830920824E+00
   47.2000      0.915518291404E+00
   47.3000      0.935471630676E+00
   47.4000      0.970581955542E+00
   47.5000      0.102582196866E+01
   47.6000      0.107003565500E+01
   47.7000      0.111261290197E+01
   47.8000      0.112102084188E+01
   47.9000      0.110858597679E+01
   48.0000      0.109173267194E+01
   48.1000      0.106615451714E+01
   48.2000      0.108334866767E+01
   48.3000      0.111085116974E+01
   48.4000      0.117193122809E+01
   48.5000      0.123034686866E+01
   48.6000      0.127177673250E+01
   48.7000      0.127537612270E+01
   48.8000      0.125469033149E+01
   48.9000      0.119054684471E+01
   49.0000      0.114728372823E+01
   49.1000      0.110193668937E+01
   49.2000      0.109539246043E+01
   49.3000      0.112047962406E+01
   49.4000      0.114590172241E+01
   49.5000      0.118036837144E+01
   49.6000      0.118172831977E+01
   49.7000      0.115481020580E+01
   49.8000      0.110574643436E+01
   49.9000      0.104577112167E+01
   50.0000      0.985087771769E+00
   50.1000      0.964951232322E+00
   50.2000      0.942964102819E+00
   50.3000      0.968691776147E+00
   50.4000      0.980833715734E+00
   50.5000      0.997390780115E+00
   50.6000      0.997055770860E+00
   50.7000      0.977191088082E+00
   50.8000      0.946315111736E+00
   50.9000      0.919132444972E+00
   51.0000      0.891697047611E+00
   51.1000      0.889415090025E+00
   51.2000      0.898044307608E+00
   51.3000      0.913853040506E+00
   51.4000      0.945088228411E+00
   51.5000      0.953220308230E+00
   51.6000      0.972719927963E+00
   51.7000      0.967765671889E+00
   51.8000      0.967799872196E+00
   51.9000      0.965929548409E+00
   52.0000      0.968093604796E+00
   52.1000      0.977977458395E+00
   52.2000      0.997609073245E+00
   52.3000      0.101145377945E+01
   52.4000      0.103581146307E+01
   52.5000      0.104856157824E+01
   52.6000      0.105556767374E+01
   52.7000      0.107119164849E+01
   52.8000      0.106193780446E+01
   52.9000      0.107883866627E+01
   53.0000      0.107516203243E+01
   53.1000      0.108686568580E+01
   53.2000      0.109515052405E+01
   53.3000      0.110546120178E+01
   53.4000      0.110708116200E+01
   53.5000      0.112254116760E+01
   53.6000      0.110945850648E+01
   53.7000      0.112095714084E+01
   53.8000      0.111150852600E+01
   53.9000      0.110751908872E+01
   54.0000      0.111280305352E+01
   54.1000      0.110292926768E+01
   54.2000      0.110884522882E+01
   54.3000      0.110786809969E+01
   54.4000      0.110498450620E+01
   54.5000      0.110441533578E+01
   54.6000      0.110342325568E+01
   54.7000      0.108701647751E+01
   54.8000      0.109254316000E+01
   54.9000      0.106788158470E+01
   55.0000      0.106918662664E+01
   55.1000      0.105580005606E+01
   55.2000      0.105143938621E+01
   55.3000      0.104940974611E+01
   55.4000      0.104996583468E+01
   55.5000      0.104485038911E+01
   55.6000      0.104775557919E+01
   55.7000      0.103489241832E+01
   55.8000      0.102621180816E+01
   55.9000      0.101190165017E+01
   56.0000      0.993700500144E+00
   56.1000      0.984522397560E+00
   56.2000      0.974253342190E+00
   56.3000      0.974637412235E+00
   56.4000      0.977957401079E+00
   56.5000      0.984141152499E+00
   56.6000      0.988359936528E+00
   56.7000      0.985001760430E+00
   56.8000      0.978256437147E+00
   56.9000      0.958975249320E+00
   57.0000      0.944529717137E+00
   57.1000      0.927888920209E+00
   57.2000      0.921683286807E+00
   57.3000      0.925584419576E+00
   57.4000      0.939700971781E+00
   57.5000      0.952668395346E+00
   57.6000      0.974990243893E+00
   57.7000      0.975357569903E+00
   57.8000      0.977009767654E+00
   57.9000      0.966099342589E+00
   58.0000      0.942927917565E+00
   58.1000      0.938908929909E+00
   58.2000      0.925475710727E+00
   58.3000      0.938279925507E+00
   58.4000      0.957186666051E+00
   58.5000      0.982762619629E+00
   58.6000      0.100472874912E+01
   58.7000      0.102965500620E+01
   58.8000      0.101731178551E+01
   58.9000      0.102547679783E+01
   59.0000      0.993250129489E+00
   59.1000      0.985626088972E+00
   59.2000      0.976264202781E+00
   59.3000      0.978361995436E+00
   59.4000      0.998082345247E+00
   59.5000      0.102422245633E+01
   59.6000      0.104117460516E+01
   59.7000      0.106359974065E+01
   59.8000      0.105896900014E+01
   59.9000      0.104425132053E+01
   60.0000      0.103066801792E+01
   60.1000      0.994021112593E+00
   60.2000      0.990057499024E+00
   60.3000      0.974974436553E+00
   60.4000      0.985040652752E+00
   60.5000      0.997136017920E+00
   60.6000      0.101101827794E+01
   60.7000      0.101312411162E+01
   60.8000      0.101383968024E+01
   60.9000      0.986034610034E+00
   61.0000      0.967076722606E+00
   61.1000      0.933347402495E+00
   61.2000      0.910530855903E+00
   61.3000      0.898990848271E+00
   61.4000      0.891341158158E+00
   61.5000      0.897388207692E+00
   61.6000      0.899202585789E+00
   61.7000      0.898756363551E+00
   61.8000      0.889136904433E+00
   61.9000      0.871020866000E+00
   62.0000      0.847205501860E+00
   62.1000      0.823141811653E+00
   62.2000      0.803534219857E+00
   62.3000      0.791468044850E+00
   62.4000      0.787261295109E+00
   62.5000      0.788511676039E+00
   62.6000      0.791338497640E+00
   62.7000      0.788734620778E+00
   62.8000      0.786882192404E+00
   62.9000      0.770250756586E+00
   63.0000      0.762457352186E+00
   63.1000      0.745832160428E+00
   63.2000      0.738044618556E+00
   63.3000      0.738418910809E+00
   63.4000      0.736008906244E+00
   63.5000      0.746381712627E+00
   63.6000      0.748778499681E+00
   63.7000      0.751381676751E+00
   63.8000      0.750656537159E+00
   63.9000      0.747004648965E+00
   64.0000      0.737158360193E+00
   64.1000      0.742718591579E+00
   64.2000      0.731236139123E+00
   64.3000      0.746763349029E+00
   64.4000      0.746191146550E+00
   64.5000      0.756526444359E+00
   64.6000      0.764068093320E+00
   64.7000      0.762851774223E+00
   64.8000      0.763652512452E+00
   64.9000      0.759968164837E+00
   65.0000      0.752595430435E+00
   65.1000      0.753009403055E+00
   65.2000      0.753238228483E+00
   65.3000      0.753034479334E+00
   65.4000      0.767213475968E+00
   65.5000      0.761455480473E+00
   65.6000      0.774513853127E+00
   65.7000      0.765860255409E+00
   65.8000      0.764063694842E+00
   65.9000      0.756835162783E+00
   66.0000      0.747170831943E+00
   66.1000      0.742066578180E+00
   66.2000      0.739006255980E+00
   66.3000      0.735941634426E+00
   66.4000      0.739530920658E+00
   66.5000      0.739450509279E+00
   66.6000      0.737210496156E+00
   66.7000      0.739066553286E+00
   66.8000      0.725270743406E+00
   66.9000      0.725364371749E+00
   67.0000      0.709238228304E+00
   67.1000      0.705291131857E+00
   67.2000      0.698544392383E+00
   67.3000      0.692569253423E+00
   67.4000      0.694619357180E+00
   67.5000      0.690557201075E+00
   67.6000      0.691580769934E+00
   67.7000      0.689765301846E+00
   67.8000      0.686118054492E+00
   67.9000      0.681302425386E+00
   68.0000      0.679813276400E+00
   68.1000      0.668176341477E+00
   68.2000      0.673263226054E+00
   68.3000      0.660773854239E+00
   68.4000      0.665999486493E+00
   68.5000      0.663051758633E+00
   68.6000      0.661414754543E+00
   68.7000      0.668156778893E+00
   68.8000      0.663457044905E+00
   68.9000      0.669291899416E+00
   69.0000      0.668459793705E+00
   69.1000      0.668573134703E+00
   69.2000      0.668260929099E+00
   69.3000      0.670297220443E+00
   69.4000      0.662647213664E+00
   69.5000      0.672386800890E+00
   69.6000      0.661281347979E+00
   69.7000      0.672014502343E+00
   69.8000      0.670127592333E+00
   69.9000      0.673158562902E+00
   70.0000      0.682224445599E+00
   70.1000      0.679486064726E+00
   70.2000      0.687006635712E+00
   70.3000      0.685100359657E+00
   70.4000      0.684048796103E+00
   70.5000      0.682168804869E+00
   70.6000      0.681302474550E+00
   70.7000      0.674582983807E+00
   70.8000      0.683115596174E+00
   70.9000      0.674337906382E+00
   71.0000      0.686606955567E+00
   71.1000      0.684141985747E+00
   71.2000      0.687611202382E+00
   71.3000      0.691934992317E+00
   71.4000      0.684330102855E+00
   71.5000      0.686514642576E+00
   71.6000      0.676869807055E+00
   71.7000      0.672902503689E+00
   71.8000      0.667942652089E+00
   71.9000      0.665560722064E+00
   72.0000      0.662549930399E+00
   72.1000      0.668779955553E+00
   72.2000      0.662967578515E+00
   72.3000      0.671582891609E+00
   72.4000      0.664488400434E+00
   72.5000      0.663063767544E+00
   72.6000      0.659362413371E+00
   72.7000      0.646214570382E+00
   72.8000      0.646345348089E+00
   72.9000      0.633217168264E+00
   73.0000      0.634111357251E+00
   73.1000      0.630550059738E+00
   73.2000      0.631500992286E+00
   73.3000      0.632625148025E+00
   73.4000      0.635043431820E+00
   73.5000      0.629998181597E+00
   73.6000      0.631875145340E+00
   73.7000      0.620720145321E+00
   73.8000      0.616871910727E+00
   73.9000      0.611039924849E+00
   74.0000      0.600849602239E+00
   74.1000      0.606654684610E+00
   74.2000      0.597235578843E+00
   74.3000      0.607037185312E+00
   74.4000      0.604546738650E+00
   74.5000      0.607755082532E+00
   74.6000      0.608292737156E+00
   74.7000      0.604828837866E+00
   74.8000      0.600145707365E+00
   74.9000      0.597408045762E+00
   75.0000      0.588945929797E+00
   75.1000      0.589223807554E+00
   75.2000      0.588284730411E+00
   75.3000      0.586353339393E+00
   75.4000      0.597520951297E+00
   75.5000      0.590530401923E+00
   75.6000      0.603007810152E+00
   75.7000      0.595626316238E+00
   75.8000      0.597189870730E+00
   75.9000      0.594121768523E+00
   76.0000      0.587687639493E+00
   76.1000      0.587271161358E+00
   76.2000      0.585233197179E+00
   76.3000      0.584926507755E+00
   76.4000      0.589932839105E+00
   76.5000      0.592427285477E+00
   76.6000      0.593662282353E+00
   76.7000      0.601358188277E+00
   76.8000      0.591615001562E+00
   76.9000      0.599531528439E+00
   77.0000      0.586863289495E+00
   77.1000      0.588308755509E+00
   77.2000      0.584905618096E+00
   77.3000      0.581591315062E+00
   77.4000      0.587437420064E+00
   77.5000      0.586606320475E+00
   77.6000      0.591847414562E+00
   77.7000      0.594142714810E+00
   77.8000      0.594036918866E+00
   77.9000      0.591728827531E+00
   78.0000      0.591057055644E+00
   78.1000      0.580449389041E+00
   78.2000      0.583834637851E+00
   78.3000      0.573054727669E+00
   78.4000      0.577929837751E+00
   78.5000      0.577262593177E+00
   78.6000      0.578176711636E+00
   78.7000      0.586149511913E+00
   78.8000      0.581810932933E+00
   78.9000      0.587167310543E+00
   79.0000      0.580695361238E+00
   79.1000      0.577612231798E+00
   79.2000      0.571732003817E+00
   79.3000      0.566923882811E+00
   79.4000      0.561900140846E+00
   79.5000      0.564197417028E+00
   79.6000      0.560641037420E+00
   79.7000      0.567857568509E+00
   79.8000      0.568128153688E+00
   79.9000      0.569266936448E+00
   80.0000      0.573577637648E+00
   80.1000      0.563578862033E+00
   80.2000      0.567416264295E+00
   80.3000      0.554395381413E+00
   80.4000      0.553778254959E+00
   80.5000      0.548516602975E+00
   80.6000      0.546201438243E+00
   80.7000      0.548690604359E+00
   80.8000      0.550304545929E+00
   80.9000      0.552315327958E+00
   81.0000      0.556587376418E+00
   81.1000      0.554818222047E+00
   81.2000      0.553360707059E+00
   81.3000      0.552632737456E+00
   81.4000      0.541801401028E+00
   81.5000      0.545511880597E+00
   81.6000      0.533437435717E+00
   81.7000      0.538118816590E+00
   81.8000      0.535157863914E+00
   81.9000      0.536423678519E+00
   82.0000      0.541833387334E+00
   82.1000      0.540200626392E+00
   82.2000      0.544264562069E+00
   82.3000      0.542195541846E+00
   82.4000      0.540150287296E+00
   82.5000      0.537106314772E+00
   82.6000      0.534422340415E+00
   82.7000      0.528595171919E+00
   82.8000      0.531514074872E+00
   82.9000      0.524906721712E+00
   83.0000      0.531214657589E+00
   83.1000      0.529011773031E+00
   83.2000      0.531215296314E+00
   83.3000      0.535202929824E+00
   83.4000      0.530284396678E+00
   83.5000      0.535789973004E+00
   83.6000      0.528486171508E+00
   83.7000      0.530006387150E+00
   83.8000      0.526172778993E+00
   83.9000      0.524320190734E+00
   84.0000      0.523833187485E+00
   84.1000      0.523803679547E+00
   84.2000      0.522753070437E+00
   84.3000      0.526169938630E+00
   84.4000      0.524405293947E+00
   84.5000      0.526075456412E+00
   84.6000      0.527763784630E+00
   84.7000      0.522682318324E+00
   84.8000      0.528791143214E+00
   84.9000      0.519945800552E+00
   85.0000      0.525201424098E+00
   85.1000      0.520373832655E+00
   85.2000      0.520223686492E+00
   85.3000      0.521804870703E+00
   85.4000      0.518581593676E+00
   85.5000      0.521501190263E+00
   85.6000      0.520238452922E+00
   85.7000      0.520645644495E+00
   85.8000      0.521262438517E+00
   85.9000      0.521800900283E+00
   86.0000      0.519665865706E+00
   86.1000      0.523642170136E+00
   86.2000      0.517403993050E+00
   86.3000      0.522259190041E+00
   86.4000      0.516915483527E+00
   86.5000      0.517352598309E+00
   86.6000      0.517978933491E+00
   86.7000      0.513416659331E+00
   86.8000      0.518772928337E+00
   86.9000      0.514110926426E+00
   87.0000      0.518760767449E+00
   87.1000      0.517770732881E+00
   87.2000      0.518786208118E+00
   87.3000      0.519408900415E+00
   87.4000      0.518543838675E+00
   87.5000      0.516562042138E+00
   87.6000      0.516318801268E+00
   87.7000      0.512396773271E+00
   87.8000      0.512188400055E+00
   87.9000      0.511978302385E+00
   88.0000      0.509473649443E+00
   88.1000      0.515761091510E+00
   88.2000      0.511228818599E+00
   88.3000      0.518941588587E+00
   88.4000      0.515862694385E+00
   88.5000      0.517529880822E+00
   88.6000      0.517906178453E+00
   88.7000      0.512676231040E+00
   88.8000      0.514265556884E+00
   88.9000      0.508490677488E+00
   89.0000      0.508895641735E+00
   89.1000      0.507712444353E+00
   89.2000      0.508743069154E+00
   89.3000      0.510152873088E+00
   89.4000      0.514688283400E+00
   89.5000      0.513749691502E+00
   89.6000      0.519628119495E+00
   89.7000      0.516037572673E+00
   89.8000      0.517041521127E+00
   89.9000      0.515258840763E+00
   90.0000      0.508947572110E+00
   90.1000      0.511701297371E+00
   90.2000      0.503543007753E+00
   90.3000      0.508600647830E+00
   90.4000      0.506181736009E+00
   90.5000      0.509881221603E+00
   90.6000      0.513951931194E+00
   90.7000      0.515182475451E+00
   90.8000      0.519085426635E+00
   90.9000      0.518602895136E+00
   91.0000      0.517174046744E+00
   91.1000      0.514850910998E+00
   91.2000      0.511134753065E+00
   91.3000      0.506210186236E+00
   91.4000      0.507062064100E+00
   91.5000      0.501263223149E+00
   91.6000      0.507896682112E+00
   91.7000      0.505804613584E+00
   91.8000      0.511783837572E+00
   91.9000      0.515742278376E+00
   92.0000      0.514672549015E+00
   92.1000      0.520642814713E+00
   92.2000      0.513458764701E+00
   92.3000      0.515124581210E+00
   92.4000      0.508160384986E+00
   92.5000      0.504994607828E+00
   92.6000      0.502350037966E+00
   92.7000      0.500359392179E+00
   92.8000      0.500877186043E+00
   92.9000      0.504344227266E+00
   93.0000      0.505762741786E+00
   93.1000      0.510890648502E+00
   93.2000      0.513362853440E+00
   93.3000      0.512473520352E+00
   93.4000      0.516344626002E+00
   93.5000      0.507662016546E+00
   93.6000      0.510578106503E+00
   93.7000      0.501268850174E+00
   93.8000      0.500400274444E+00
   93.9000      0.498714247261E+00
   94.0000      0.495040877970E+00
   94.1000      0.501234740675E+00
   94.2000      0.499005391859E+00
   94.3000      0.506173980986E+00
   94.4000      0.507250600182E+00
   94.5000      0.509980628670E+00
   94.6000      0.510579208089E+00
   94.7000      0.509810543940E+00
   94.8000      0.505309565935E+00
   94.9000      0.504440897997E+00
   95.0000      0.496962752829E+00
   95.1000      0.496235350065E+00
   95.2000      0.493951255489E+00
   95.3000      0.491084627477E+00
   95.4000      0.498339476676E+00
   95.5000      0.493525794973E+00
   95.6000      0.504417865740E+00
   95.7000      0.501292413003E+00
   95.8000      0.505805954867E+00
   95.9000      0.506254404005E+00
   96.0000      0.501387370225E+00
   96.1000      0.502351766979E+00
   96.2000      0.494315074508E+00
   96.3000      0.492600873484E+00
   96.4000      0.488251241760E+00
   96.5000      0.486439834300E+00
   96.6000      0.485724651341E+00
   96.7000      0.489222039965E+00
   96.8000      0.487876029096E+00
   96.9000      0.496221631828E+00
   97.0000      0.493373367942E+00
   97.1000      0.498409025103E+00
   97.2000      0.497576595694E+00
   97.3000      0.492335988992E+00
   97.4000      0.495196741805E+00
   97.5000      0.482729884218E+00
   97.6000      0.486088069364E+00
   97.7000      0.476766275676E+00
   97.8000      0.477360027352E+00
   97.9000      0.477507555980E+00
   98.0000      0.476729789457E+00
   98.1000      0.482511340343E+00
   98.2000      0.483542321036E+00
   98.3000      0.487171450182E+00
   98.4000      0.488796020046E+00
   98.5000      0.488119145734E+00
   98.6000      0.484890751905E+00
   98.7000      0.484073127166E+00
   98.8000      0.474052082774E+00
   98.9000      0.476147111737E+00
   99.0000      0.466138964519E+00
   99.1000      0.468597385054E+00
   99.2000      0.468177349904E+00
   99.3000      0.466828954374E+00
   99.4000      0.476958054045E+00
   99.5000      0.472040977872E+00
   99.6000      0.482926086616E+00
   99.7000      0.478432911530E+00
   99.8000      0.480381972660E+00
   99.9000      0.477978074074E+00
  100.0000      0.471901543546E+00
  100.1000      0.469146495273E+00
  100.2000      0.463731117818E+00
  100.3000      0.459934981780E+00
  100.4000      0.459951431822E+00
  100.5000      0.459987338125E+00
  100.6000      0.461198637138E+00
  100.7000      0.469267936577E+00
  100.8000      0.465786251273E+00
  100.9000      0.477135696836E+00
  101.0000      0.470189830008E+00
  101.1000      0.474068063465E+00
  101.2000      0.470117238107E+00
  101.3000      0.462037470203E+00
  101.4000      0.464017930342E+00
  101.5000      0.451615018454E+00
  101.6000      0.456235628144E+00
  101.7000      0.450608803048E+00
  101.8000      0.454149563796E+00
  101.9000      0.457274120473E+00
  102.0000      0.459879254185E+00
  102.1000      0.463740549484E+00
  102.2000      0.466343448706E+00
  102.3000      0.464290215448E+00
  102.4000      0.464354314034E+00
  102.5000      0.459541825698E+00
  102.6000      0.453292648612E+00
  102.7000      0.453619738355E+00
  102.8000      0.442553202764E+00
  102.9000      0.449623717373E+00
  103.0000      0.441781318506E+00
  103.1000      0.448509283728E+00
  103.2000      0.450553142813E+00
  103.3000      0.449838530928E+00
  103.4000      0.458791256531E+00
  103.5000      0.451569325962E+00
  103.6000      0.457718267943E+00
  103.7000      0.450483738337E+00
  103.8000      0.448925960547E+00
  103.9000      0.445202151855E+00
  104.0000      0.441155118791E+00
  104.1000      0.439025379212E+00
  104.2000      0.439867522654E+00
  104.3000      0.437958264132E+00
  104.4000      0.442784706746E+00
  104.5000      0.444119065960E+00
  104.6000      0.444793892498E+00
  104.7000      0.451757065049E+00
  104.8000      0.443996422941E+00
  104.9000      0.452419529294E+00
  105.0000      0.442163052847E+00
  105.1000      0.444644992864E+00
  105.2000      0.441292176809E+00
  105.3000      0.436062318212E+00
  105.4000      0.441565174511E+00
  105.5000      0.434751990560E+00
  105.6000      0.442534128020E+00
  105.7000      0.440517315579E+00
  105.8000      0.444346090659E+00
  105.9000      0.446081970451E+00
  106.0000      0.446372908891E+00
  106.1000      0.445777383522E+00
  106.2000      0.446144894262E+00
  106.3000      0.441413528039E+00
  106.4000      0.441983022474E+00
  106.5000      0.439035210124E+00
  106.6000      0.436238875160E+00
  106.7000      0.441038476812E+00
  106.8000      0.433840860293E+00
  106.9000      0.443691035952E+00
  107.0000      0.436989160963E+00
  107.1000      0.442661923731E+00
  107.2000      0.442138370794E+00
  107.3000      0.438407418093E+00
  107.4000      0.443347729143E+00
  107.5000      0.434640157360E+00
  107.6000      0.439003024322E+00
  107.7000      0.433363522133E+00
  107.8000      0.433884522446E+00
  107.9000      0.433454198654E+00
  108.0000      0.433175103723E+00
  108.1000      0.433498746253E+00
  108.2000      0.435929653693E+00
  108.3000      0.433973968361E+00
  108.4000      0.436867295308E+00
  108.5000      0.435692734001E+00
  108.6000      0.433616289554E+00
  108.7000      0.437371808805E+00
  108.8000      0.429575350833E+00
  108.9000      0.436746906604E+00
  109.0000      0.429517987132E+00
  109.1000      0.433959474933E+00
  109.2000      0.433905721533E+00
  109.3000      0.431892907787E+00
  109.4000      0.438382839536E+00
  109.5000      0.432648834935E+00
  109.6000      0.438914286637E+00
  109.7000      0.435004388795E+00
  109.8000      0.436417778862E+00
  109.9000      0.436100136376E+00
  110.0000      0.434893614881E+00
  110.1000      0.435135270906E+00
  110.2000      0.435787939575E+00
  110.3000      0.434455745867E+00
  110.4000      0.436655243673E+00
  110.5000      0.436284256238E+00
  110.6000      0.435301238530E+00
  110.7000      0.439111566990E+00
  110.8000      0.432903029658E+00
  110.9000      0.439148536724E+00
  111.0000      0.432289565027E+00
  111.1000      0.435387182745E+00
  111.2000      0.434213013392E+00
  111.3000      0.431269083355E+00
  111.4000      0.436362090387E+00
  111.5000      0.430561959728E+00
  111.6000      0.436361708122E+00
  111.7000      0.432924638042E+00
  111.8000      0.434658643524E+00
  111.9000      0.434645751064E+00
  112.0000      0.433133620618E+00
  112.1000      0.433249979100E+00
  112.2000      0.432102193797E+00
  112.3000      0.430409970166E+00
  112.4000      0.430690645354E+00
  112.5000      0.429883575042E+00
  112.6000      0.429283318614E+00
  112.7000      0.432845754705E+00
  112.8000      0.429649756122E+00
  112.9000      0.436181411974E+00
  113.0000      0.432443449183E+00
  113.1000      0.436025625095E+00
  113.2000      0.435380327070E+00
  113.3000      0.432166268110E+00
  113.4000      0.435045079546E+00
  113.5000      0.427970418076E+00
  113.6000      0.431247327716E+00
  113.7000      0.426787373102E+00
  113.8000      0.428200440676E+00
  113.9000      0.429221342733E+00
  114.0000      0.429737578546E+00
  114.1000      0.433155618571E+00
  114.2000      0.434340801445E+00
  114.3000      0.435784010794E+00
  114.4000      0.436579450952E+00
  114.5000      0.435592902038E+00
  114.6000      0.433280909363E+00
  114.7000      0.432683393213E+00
  114.8000      0.427098915404E+00
  114.9000      0.428509321148E+00
  115.0000      0.423778859029E+00
  115.1000      0.425765564890E+00
  115.2000      0.426453097574E+00
  115.3000      0.426760893687E+00
  115.4000      0.432663747024E+00
  115.5000      0.430925441428E+00
  115.6000      0.436796265208E+00
  115.7000      0.434583182019E+00
  115.8000      0.435414566139E+00
  115.9000      0.433829407900E+00
  116.0000      0.429847427010E+00
  116.1000      0.428332719786E+00
  116.2000      0.424058613989E+00
  116.3000      0.422516357904E+00
  116.4000      0.421469604823E+00
  116.5000      0.421856578885E+00
  116.6000      0.423264612593E+00
  116.7000      0.427182362708E+00
  116.8000      0.427947992695E+00
  116.9000      0.433268330295E+00
  117.0000      0.432123391657E+00
  117.1000      0.433981882928E+00
  117.2000      0.432343437648E+00
  117.3000      0.428293905530E+00
  117.4000      0.427550076172E+00
  117.5000      0.420651425045E+00
  117.6000      0.420754717117E+00
  117.7000      0.416673648786E+00
  117.8000      0.417409006272E+00
  117.9000      0.418829130195E+00
  118.0000      0.420593974830E+00
  118.1000      0.425009037855E+00
  118.2000      0.427571623952E+00
  118.3000      0.430559742998E+00
  118.4000      0.431956553853E+00
  118.5000      0.431654559595E+00
  118.6000      0.429590909873E+00
  118.7000      0.427428791326E+00
  118.8000      0.422161037733E+00
  118.9000      0.420455561701E+00
  119.0000      0.415685224108E+00
  119.1000      0.415449147800E+00
  119.2000      0.415424579559E+00
  119.3000      0.416079521224E+00
  119.4000      0.421198762304E+00
  119.5000      0.421757458385E+00
  119.6000      0.427648387767E+00
  119.7000      0.427625179904E+00
  119.8000      0.429244992778E+00
  119.9000      0.428322221444E+00
  120.0000      0.424734442249E+00
  120.1000      0.422424988404E+00
  120.2000      0.417232776173E+00
  120.3000      0.414128382643E+00
  120.4000      0.411306665130E+00
  120.5000      0.410049568932E+00
  120.6000      0.410188433753E+00
  120.7000      0.413115337245E+00
  120.8000      0.414178796870E+00
  120.9000      0.419868129051E+00
  121.0000      0.420472638740E+00
  121.1000      0.424088828670E+00
  121.2000      0.424545370608E+00
  121.3000      0.422405865081E+00
  121.4000      0.422898751592E+00
  121.5000      0.416378379762E+00
  121.6000      0.416166182105E+00
  121.7000      0.410569661447E+00
  121.8000      0.409561541246E+00
  121.9000      0.409003582426E+00
  122.0000      0.408663638689E+00
  122.1000      0.412451363914E+00
  122.2000      0.414008977495E+00
  122.3000      0.418236957246E+00
  122.4000      0.420531635107E+00
  122.5000      0.422261154118E+00
  122.6000      0.422309531308E+00
  122.7000      0.421542382600E+00
  122.8000      0.417688608754E+00
  122.9000      0.415988035089E+00
  123.0000      0.410504127487E+00
  123.1000      0.408717125828E+00
  123.2000      0.406409219361E+00
  123.3000      0.404241681089E+00
  123.4000      0.407630144016E+00
  123.5000      0.405243432874E+00
  123.6000      0.411534161891E+00
  123.7000      0.410501644063E+00
  123.8000      0.414094330042E+00
  123.9000      0.415571026713E+00
  124.0000      0.413490076132E+00
  124.1000      0.416027216258E+00
  124.2000      0.410460631676E+00
  124.3000      0.411255531733E+00
  124.4000      0.406851438695E+00
  124.5000      0.405401229649E+00
  124.6000      0.404477719135E+00
  124.7000      0.403465708382E+00
  124.8000      0.404767443768E+00
  124.9000      0.406482266163E+00
  125.0000      0.408148423654E+00
  125.1000      0.411154696193E+00
  125.2000      0.413136030475E+00
  125.3000      0.413465474620E+00
  125.4000      0.416297311537E+00
  125.5000      0.412191577605E+00
  125.6000      0.414662122112E+00
  125.7000      0.409291061999E+00
  125.8000      0.408912088681E+00
  125.9000      0.407412866395E+00
  126.0000      0.403265987390E+00
  126.1000      0.407133810655E+00
  126.2000      0.401702499591E+00
  126.3000      0.407142804898E+00
  126.4000      0.404463052645E+00
  126.5000      0.406470402145E+00
  126.6000      0.408150637524E+00
  126.7000      0.405436922355E+00
  126.8000      0.408885180330E+00
  126.9000      0.404509321384E+00
  127.0000      0.406059191978E+00
  127.1000      0.403472952316E+00
  127.2000      0.402577998571E+00
  127.3000      0.402120211134E+00
  127.4000      0.401355563489E+00
  127.5000      0.401049873952E+00
  127.6000      0.402241140982E+00
  127.7000      0.401585500904E+00
  127.8000      0.403096175646E+00
  127.9000      0.404146793907E+00
  128.0000      0.402880499063E+00
  128.1000      0.407087533882E+00
  128.2000      0.402817192346E+00
  128.3000      0.407966985459E+00
  128.4000      0.404685931058E+00
  128.5000      0.406350078675E+00
  128.6000      0.408120518407E+00
  128.7000      0.404180179507E+00
  128.8000      0.410203155330E+00
  128.9000      0.403527984933E+00
  129.0000      0.408451148022E+00
  129.1000      0.404394547179E+00
  129.2000      0.403921175732E+00
  129.3000      0.404978183074E+00
  129.4000      0.400064923762E+00
  129.5000      0.403762079245E+00
  129.6000      0.399138969035E+00
  129.7000      0.401539776008E+00
  129.8000      0.400377533192E+00
  129.9000      0.400554172868E+00
  130.0000      0.401625094435E+00
  130.1000      0.401496294615E+00
  130.2000      0.401657037576E+00
  130.3000      0.402339109000E+00
  130.4000      0.401050299111E+00
  130.5000      0.400802993009E+00
  130.6000      0.400631142906E+00
  130.7000      0.397239926330E+00
  130.8000      0.400159916390E+00
  130.9000      0.394812843863E+00
  131.0000      0.399117621206E+00
  131.1000      0.396755244140E+00
  131.2000      0.398472011529E+00
  131.3000      0.402849045608E+00
  131.4000      0.399881972532E+00
  131.5000      0.408705210836E+00
  131.6000      0.403436088063E+00
  131.7000      0.409579773387E+00
  131.8000      0.406655718761E+00
  131.9000      0.404951087590E+00
  132.0000      0.406464585730E+00
  132.1000      0.398703874014E+00
  132.2000      0.402244649064E+00
  132.3000      0.395227111255E+00
  132.4000      0.397286626244E+00
  132.5000      0.395978469456E+00
  132.6000      0.395907147138E+00
  132.7000      0.399208455630E+00
  132.8000      0.398984258257E+00
  132.9000      0.402282406480E+00
  133.0000      0.402918415661E+00
  133.1000      0.403653347598E+00
  133.2000      0.403382258630E+00
  133.3000      0.402851785043E+00
  133.4000      0.399327687266E+00
  133.5000      0.399631161061E+00
  133.6000      0.393951716733E+00
  133.7000      0.394894137651E+00
  133.8000      0.392016167152E+00
  133.9000      0.391489244133E+00
  134.0000      0.395615335799E+00
  134.1000      0.392706859156E+00
  134.2000      0.401989222019E+00
  134.3000      0.398889067025E+00
  134.4000      0.406056220904E+00
  134.5000      0.406161624383E+00
  134.6000      0.404920919031E+00
  134.7000      0.408659493257E+00
  134.8000      0.399807965050E+00
  134.9000      0.403677431183E+00
  135.0000      0.394450532945E+00
  135.1000      0.394775699416E+00
  135.2000      0.392093236063E+00
  135.3000      0.389124076984E+00
  135.4000      0.393593033602E+00
  135.5000      0.390923475445E+00
  135.6000      0.397627237489E+00
  135.7000      0.398013039481E+00
  135.8000      0.402073579670E+00
  135.9000      0.404341307537E+00
  136.0000      0.404589314142E+00
  136.1000      0.405047439721E+00
  136.2000      0.403094485171E+00
  136.3000      0.400109802290E+00
  136.4000      0.397420963282E+00
  136.5000      0.393847629139E+00
  136.6000      0.390585819194E+00
  136.7000      0.390976608709E+00
  136.8000      0.387455764143E+00
  136.9000      0.392689402298E+00
  137.0000      0.391060821725E+00
  137.1000      0.396762399105E+00
  137.2000      0.399614212769E+00
  137.3000      0.400073580792E+00
  137.4000      0.406646225392E+00
  137.5000      0.400694925821E+00
  137.6000      0.406053011313E+00
  137.7000      0.398405614249E+00
  137.8000      0.397560821777E+00
  137.9000      0.394309379340E+00
  138.0000      0.387380629021E+00
  138.1000      0.390330246734E+00
  138.2000      0.382818969972E+00
  138.3000      0.388739813222E+00
  138.4000      0.386851094049E+00
  138.5000      0.391290860109E+00
  138.6000      0.396310688407E+00
  138.7000      0.397209797499E+00
  138.8000      0.404509054872E+00
  138.9000      0.402726278668E+00
  139.0000      0.406228789263E+00
  139.1000      0.403560270760E+00
  139.2000      0.401334458065E+00
  139.3000      0.398557947012E+00
  139.4000      0.393843093147E+00
  139.5000      0.390966246983E+00
  139.6000      0.388194309798E+00
  139.7000      0.386328821623E+00
  139.8000      0.386598769569E+00
  139.9000      0.387984497228E+00
  140.0000      0.388830104627E+00
  140.1000      0.393939734894E+00
  140.2000      0.393056006180E+00
  140.3000      0.398543207207E+00
  140.4000      0.396865881878E+00
  140.5000      0.397868200934E+00
  140.6000      0.397923549637E+00
  140.7000      0.392557292084E+00
  140.8000      0.394849013744E+00
  140.9000      0.386679266538E+00
  141.0000      0.388977869774E+00
  141.1000      0.384425084945E+00
  141.2000      0.384377879629E+00
  141.3000      0.387370294406E+00
  141.4000      0.385104097685E+00
  141.5000      0.393482712560E+00
  141.6000      0.391387474074E+00
  141.7000      0.398704463074E+00
  141.8000      0.399135225886E+00
  141.9000      0.400130704180E+00
  142.0000      0.402713864589E+00
  142.1000      0.397350781300E+00
  142.2000      0.399196541732E+00
  142.3000      0.392146491350E+00
  142.4000      0.391051298126E+00
  142.5000      0.387027781216E+00
  142.6000      0.383948154898E+00
  142.7000      0.383933460704E+00
  142.8000      0.381846455998E+00
  142.9000      0.383725870489E+00
  143.0000      0.384248156130E+00
  143.1000      0.386223255908E+00
  143.2000      0.388049790968E+00
  143.3000      0.389987573761E+00
  143.4000      0.390463808744E+00
  143.5000      0.392336753510E+00
  143.6000      0.390585504003E+00
  143.7000      0.391365798981E+00
  143.8000      0.389392686402E+00
  143.9000      0.387935101087E+00
  144.0000      0.388445213199E+00
  144.1000      0.385182859050E+00
  144.2000      0.388550124363E+00
  144.3000      0.385872542775E+00
  144.4000      0.389464410440E+00
  144.5000      0.390029262610E+00
  144.6000      0.390533294452E+00
  144.7000      0.394488563725E+00
  144.8000      0.390931122969E+00
  144.9000      0.395084972886E+00
  145.0000      0.390056794248E+00
  145.1000      0.390575184873E+00
  145.2000      0.387907997770E+00
  145.3000      0.383745437053E+00
  145.4000      0.384778704743E+00
  145.5000      0.378789577855E+00
  145.6000      0.381579917228E+00
  145.7000      0.378182599318E+00
  145.8000      0.380020613340E+00
  145.9000      0.381395269711E+00
  146.0000      0.381417598889E+00
  146.1000      0.385830002925E+00
  146.2000      0.385052427754E+00
  146.3000      0.388779920790E+00
  146.4000      0.388384742435E+00
  146.5000      0.389196923848E+00
  146.6000      0.389273078142E+00
  146.7000      0.387771727068E+00
  146.8000      0.387541668558E+00
  146.9000      0.385714015613E+00
  147.0000      0.384986331258E+00
  147.1000      0.384179097942E+00
  147.2000      0.383900058976E+00
  147.3000      0.383828495567E+00
  147.4000      0.384755232597E+00
  147.5000      0.384363337336E+00
  147.6000      0.385839552413E+00
  147.7000      0.384943700878E+00
  147.8000      0.385254254699E+00
  147.9000      0.384744889423E+00
  148.0000      0.382662167277E+00
  148.1000      0.383125460133E+00
  148.2000      0.379356466351E+00
  148.3000      0.380151245867E+00
  148.4000      0.377363858346E+00
  148.5000      0.377381809857E+00
  148.6000      0.378144053541E+00
  148.7000      0.377095549354E+00
  148.8000      0.381224799651E+00
  148.9000      0.380082682512E+00
  149.0000      0.384526092406E+00
  149.1000      0.384724261125E+00
  149.2000      0.386262369016E+00
  149.3000      0.387994223178E+00
  149.4000      0.385825644447E+00
  149.5000      0.387493247956E+00
  149.6000      0.383607454079E+00
  149.7000      0.383534110330E+00
  149.8000      0.380758325369E+00
  149.9000      0.378866566045E+00
  150.0000      0.378426244109E+00
  150.1000      0.376073190476E+00
  150.2000      0.377207474188E+00
  150.3000      0.376008614422E+00
  150.4000      0.377425870731E+00
  150.5000      0.378094465251E+00
  150.6000      0.379035334514E+00
  150.7000      0.380787330188E+00
  150.8000      0.381006265344E+00
  150.9000      0.382162167773E+00
  151.0000      0.381676780736E+00
  151.1000      0.381296011120E+00
  151.2000      0.380273595564E+00
  151.3000      0.379119894222E+00
  151.4000      0.377834791484E+00
  151.5000      0.377415207009E+00
  151.6000      0.376485147079E+00
  151.7000      0.377294654474E+00
  151.8000      0.377666864633E+00
  151.9000      0.378638681794E+00
  152.0000      0.380488119833E+00
  152.1000      0.380201093885E+00
  152.2000      0.382123202477E+00
  152.3000      0.380509615185E+00
  152.4000      0.380739887536E+00
  152.5000      0.379134640639E+00
  152.6000      0.377283993929E+00
  152.7000      0.376690777936E+00
  152.8000      0.373920837017E+00
  152.9000      0.374148168495E+00
  153.0000      0.372276945416E+00
  153.1000      0.372815839819E+00
  153.2000      0.373217242688E+00
  153.3000      0.373868077102E+00
  153.4000      0.376466295745E+00
  153.5000      0.377143501634E+00
  153.6000      0.380283929491E+00
  153.7000      0.380931129209E+00
  153.8000      0.382460459371E+00
  153.9000      0.382822839254E+00
  154.0000      0.381596893752E+00
  154.1000      0.380990145196E+00
  154.2000      0.377797925298E+00
  154.3000      0.375934445600E+00
  154.4000      0.372888387310E+00
  154.5000      0.370858700851E+00
  154.6000      0.369502337617E+00
  154.7000      0.369002676238E+00
  154.8000      0.369357804485E+00
  154.9000      0.370939872133E+00
  155.0000      0.372431664572E+00
  155.1000      0.374955557991E+00
  155.2000      0.377155521354E+00
  155.3000      0.378778185832E+00
  155.4000      0.380857347918E+00
  155.5000      0.380446794517E+00
  155.6000      0.381104947866E+00
  155.7000      0.379052365103E+00
  155.8000      0.377598025114E+00
  155.9000      0.375438611930E+00
  156.0000      0.372464188720E+00
  156.1000      0.371617112852E+00
  156.2000      0.368730126458E+00
  156.3000      0.369493556685E+00
  156.4000      0.368623210908E+00
  156.5000      0.370049248217E+00
  156.6000      0.372161668136E+00
  156.7000      0.372858355726E+00
  156.8000      0.376726448173E+00
  156.9000      0.376215995599E+00
  157.0000      0.379050891050E+00
  157.1000      0.378188818320E+00
  157.2000      0.377878855473E+00
  157.3000      0.377511816145E+00
  157.4000      0.374219504408E+00
  157.5000      0.374077669780E+00
  157.6000      0.370075876353E+00
  157.7000      0.369619834149E+00
  157.8000      0.367699278286E+00
  157.9000      0.367194362967E+00
  158.0000      0.368584502308E+00
  158.1000      0.368701664385E+00
  158.2000      0.372174132177E+00
  158.3000      0.373173590299E+00
  158.4000      0.376217299771E+00
  158.5000      0.377654158265E+00
  158.6000      0.378403160199E+00
  158.7000      0.379153146074E+00
  158.8000      0.377433368882E+00
  158.9000      0.376457884726E+00
  159.0000      0.373546916991E+00
  159.1000      0.371157505993E+00
  159.2000      0.368564351741E+00
  159.3000      0.366420414154E+00
  159.4000      0.364898259121E+00
  159.5000      0.364546625670E+00
  159.6000      0.364478456342E+00
  159.7000      0.366217566536E+00
  159.8000      0.368136146564E+00
  159.9000      0.370886542725E+00
  160.0000      0.374550522751E+00
  160.1000      0.376467167362E+00
  160.2000      0.380016826042E+00
  160.3000      0.379894309360E+00
  160.4000      0.380908186627E+00
  160.5000      0.379291718399E+00
  160.6000      0.376568481382E+00
  160.7000      0.375002517863E+00
  160.8000      0.369537442016E+00
  160.9000      0.368802870321E+00
  161.0000      0.363707657310E+00
  161.1000      0.363197180816E+00
  161.2000      0.361955781075E+00
  161.3000      0.360732934646E+00
  161.4000      0.364338594721E+00
  161.5000      0.362774208275E+00
  161.6000      0.368726402931E+00
  161.7000      0.368768730071E+00
  161.8000      0.373130524994E+00
  161.9000      0.376163907699E+00
  162.0000      0.376329969275E+00
  162.1000      0.380930490654E+00
  162.2000      0.377199202208E+00
  162.3000      0.379960717981E+00
  162.4000      0.375450645138E+00
  162.5000      0.373944275705E+00
  162.6000      0.372287367384E+00
  162.7000      0.366933928761E+00
  162.8000      0.369027616224E+00
  162.9000      0.362993342827E+00
  163.0000      0.366200100570E+00
  163.1000      0.363595293011E+00
  163.2000      0.364408378181E+00
  163.3000      0.367102162900E+00
  163.4000      0.364530398213E+00
  163.5000      0.370278869062E+00
  163.6000      0.366788238312E+00
  163.7000      0.371226048846E+00
  163.8000      0.370299940310E+00
  163.9000      0.370602072784E+00
  164.0000      0.373218064891E+00
  164.1000      0.369819674439E+00
  164.2000      0.373701858148E+00
  164.3000      0.369662041055E+00
  164.4000      0.371798682059E+00
  164.5000      0.370596726530E+00
  164.6000      0.369636218391E+00
  164.7000      0.372264128002E+00
  164.8000      0.369027733223E+00
  164.9000      0.372980752973E+00
  165.0000      0.369862330275E+00
  165.1000      0.371535592832E+00
  165.2000      0.370731498901E+00
  165.3000      0.368654504975E+00
  165.4000      0.370020319497E+00
  165.5000      0.365814802111E+00
  165.6000      0.367223465610E+00
  165.7000      0.363997315454E+00
  165.8000      0.364029488379E+00
  165.9000      0.363776460094E+00
  166.0000      0.363000791067E+00
  166.1000      0.365290149434E+00
  166.2000      0.365135524196E+00
  166.3000      0.368226280419E+00
  166.4000      0.369541875116E+00
  166.5000      0.372010523174E+00
  166.6000      0.374231081543E+00
  166.7000      0.375258288322E+00
  166.8000      0.376608123642E+00
  166.9000      0.375952820067E+00
  167.0000      0.375208615052E+00
  167.1000      0.373373841944E+00
  167.2000      0.371236262227E+00
  167.3000      0.368785035968E+00
  167.4000      0.366842790747E+00
  167.5000      0.363986448022E+00
  167.6000      0.363017324365E+00
  167.7000      0.360737557915E+00
  167.8000      0.360520737112E+00
  167.9000      0.360790175918E+00
  168.0000      0.360832379402E+00
  168.1000      0.364461578016E+00
  168.2000      0.364720870165E+00
  168.3000      0.369816239233E+00
  168.4000      0.370962559398E+00
  168.5000      0.374063205947E+00
  168.6000      0.376520249565E+00
  168.7000      0.375121554373E+00
  168.8000      0.377886917173E+00
  168.9000      0.372791211028E+00
  169.0000      0.373908229251E+00
  169.1000      0.369329351439E+00
  169.2000      0.367316071127E+00
  169.3000      0.367145833261E+00
  169.4000      0.362088211058E+00
  169.5000      0.365887493855E+00
  169.6000      0.360347391619E+00
  169.7000      0.364156933381E+00
  169.8000      0.362446129923E+00
  169.9000      0.362926414739E+00
  170.0000      0.367387902272E+00
  170.1000      0.364368107393E+00
  170.2000      0.372323780900E+00
  170.3000      0.368587770004E+00
  170.4000      0.374035259709E+00
  170.5000      0.373254482688E+00
  170.6000      0.371554050716E+00
  170.7000      0.375152009200E+00
  170.8000      0.366868033327E+00
  170.9000      0.372324224100E+00
  171.0000      0.363761984355E+00
  171.1000      0.366361974517E+00
  171.2000      0.364872183598E+00
  171.3000      0.361505102356E+00
  171.4000      0.368431924988E+00
  171.5000      0.360771550042E+00
  171.6000      0.370093772869E+00
  171.7000      0.364384482799E+00
  171.8000      0.368762759996E+00
  171.9000      0.370617420823E+00
  172.0000      0.367295159369E+00
  172.1000      0.375821234546E+00
  172.2000      0.367661990468E+00
  172.3000      0.375845655569E+00
  172.4000      0.369191211011E+00
  172.5000      0.369943556859E+00
  172.6000      0.370418631899E+00
  172.7000      0.362079833338E+00
  172.8000      0.369764822565E+00
  172.9000      0.357936169717E+00
  173.0000      0.366502642860E+00
  173.1000      0.360818012262E+00
  173.2000      0.362587937807E+00
  173.3000      0.368488578276E+00
  173.4000      0.361348419869E+00
  173.5000      0.374355229878E+00
  173.6000      0.364446591761E+00
  173.7000      0.374397709275E+00
  173.8000      0.371003781509E+00
  173.9000      0.371004458943E+00
  174.0000      0.377420784688E+00
  174.1000      0.368036576559E+00
  174.2000      0.378384081388E+00
  174.3000      0.366539933367E+00
  174.4000      0.371716023497E+00
  174.5000      0.366661037757E+00
  174.6000      0.361694060319E+00
  174.7000      0.368098376989E+00
  174.8000      0.355421082721E+00
  174.9000      0.368353425012E+00
  175.0000      0.357285793380E+00
  175.1000      0.365685017922E+00
  175.2000      0.366223373710E+00
  175.3000      0.362611281893E+00
  175.4000      0.375651569330E+00
  175.5000      0.363121438168E+00
  175.6000      0.378530060291E+00
  175.7000      0.368424333916E+00
  175.8000      0.374457609580E+00
  175.9000      0.375798107674E+00
  176.0000      0.368465920248E+00
  176.1000      0.379464815664E+00
  176.2000      0.364371786868E+00
  176.3000      0.375214464304E+00
  176.4000      0.364078433733E+00
  176.5000      0.365780733595E+00
  176.6000      0.368381975231E+00
  176.7000      0.358169696837E+00
  176.8000      0.373160737460E+00
  176.9000      0.356900463251E+00
  177.0000      0.371824314358E+00
  177.1000      0.362939744137E+00
  177.2000      0.365191580940E+00
  177.3000      0.373852120226E+00
  177.4000      0.361352486194E+00
  177.5000      0.382191791400E+00
  177.6000      0.365112643094E+00
  177.7000      0.380959248119E+00
  177.8000      0.373725800037E+00
  177.9000      0.371654141166E+00
  178.0000      0.380455483783E+00
  178.1000      0.361923892924E+00
  178.2000      0.379629164606E+00
  178.3000      0.359467537886E+00
  178.4000      0.372692906766E+00
  178.5000      0.369194040410E+00
  178.6000      0.366791308276E+00
  178.7000      0.385285449152E+00
  178.8000      0.363946713337E+00
  178.9000      0.389446470717E+00
  179.0000      0.362227920175E+00
  179.1000      0.373732460220E+00
  179.2000      0.369134850273E+00
  179.3000      0.358187707185E+00
  179.4000      0.394457094544E+00
  179.5000      0.368161433754E+00
  179.6000      0.427631353327E+00
  179.7000      0.405219098053E+00
  179.8000      0.442268082738E+00
  179.9000      0.461534254753E+00
  180.0000      0.440243047785E+00
