    0.1000      0.477802808751E+07
    0.2000      0.886942847990E+06
    0.3000      0.268323528162E+06
    0.4000      0.131391506094E+06
    0.5000      0.108554719532E+06
    0.6000      0.631686262269E+05
    0.7000      0.470392821303E+05
    0.8000      0.351708533657E+05
    0.9000      0.325197075837E+05
    1.0000      0.265646224597E+05
    1.1000      0.211025227882E+05
    1.2000      0.165303060447E+05
    1.3000      0.112566500932E+05
    1.4000      0.933577240377E+04
    1.5000      0.820292758358E+04
    1.6000      0.537877728088E+04
    1.7000      0.338539402564E+04
    1.8000      0.312274758949E+04
    1.9000      0.285513637775E+04
    2.0000      0.234242725407E+04
    2.1000      0.175919939044E+04
    2.2000      0.138845070915E+04
    2.3000      0.135267268769E+04
    2.4000      0.112624213016E+04
    2.5000      0.934709855227E+03
    2.6000      0.841529674520E+03
    2.7000      0.649264959230E+03
    2.8000      0.594191363156E+03
    2.9000      0.549516310714E+03
    3.0000      0.490873415850E+03
    3.1000      0.494569541838E+03
    3.2000      0.499891368972E+03
    3.3000      0.474470976375E+03
    3.4000      0.397063086300E+03
    3.5000      0.333259106726E+03
    3.6000      0.300761942092E+03
    3.7000      0.341651818468E+03
    3.8000      0.381768643001E+03
    3.9000      0.420964890140E+03
    4.0000      0.383864189688E+03
    4.1000      0.277399859743E+03
    4.2000      0.236630604259E+03
    4.3000      0.225509584304E+03
    4.4000      0.278688995828E+03
    4.5000      0.309414340821E+03
    4.6000      0.295181868877E+03
    4.7000      0.256766857858E+03
    4.8000      0.195781014735E+03
    4.9000      0.177998612877E+03
    5.0000      0.191939875592E+03
    5.1000      0.223325077714E+03
    5.2000      0.236140370614E+03
    5.3000      0.219528435924E+03
    5.4000      0.184519666515E+03
    5.5000      0.156887851066E+03
    5.6000      0.142159205872E+03
    5.7000      0.147011592365E+03
    5.8000      0.155003132619E+03
    5.9000      0.151344499455E+03
    6.0000      0.147066327763E+03
    6.1000      0.121993977123E+03
    6.2000      0.106299580629E+03
    6.3000      0.879214179699E+02
    6.4000      0.836950293468E+02
    6.5000      0.958565135334E+02
    6.6000      0.985035915930E+02
    6.7000      0.100048447289E+03
    6.8000      0.809757032455E+02
    6.9000      0.630682768213E+02
    7.0000      0.539617153066E+02
    7.1000      0.580552281680E+02
    7.2000      0.697674556216E+02
    7.3000      0.759934885906E+02
    7.4000      0.676306233255E+02
    7.5000      0.526630869031E+02
    7.6000      0.403221903292E+02
    7.7000      0.366933242808E+02
    7.8000      0.438009095457E+02
    7.9000      0.457249880107E+02
    8.0000      0.459415020294E+02
    8.1000      0.367115656220E+02
    8.2000      0.300983320410E+02
    8.3000      0.253892772222E+02
    8.4000      0.238432918813E+02
    8.5000      0.247490883560E+02
    8.6000      0.236956948576E+02
    8.7000      0.254484307348E+02
    8.8000      0.251445756951E+02
    8.9000      0.249141274348E+02
    9.0000      0.216128867230E+02
    9.1000      0.176575723736E+02
    9.2000      0.159095709202E+02
    9.3000      0.187992213914E+02
    9.4000      0.229955843638E+02
    9.5000      0.264384693063E+02
    9.6000      0.236590219299E+02
    9.7000      0.183787479839E+02
    9.8000      0.139808302912E+02
    9.9000      0.137703215046E+02
   10.0000      0.181555359898E+02
   10.1000      0.211436711769E+02
   10.2000      0.214173142956E+02
   10.3000      0.170142809378E+02
   10.4000      0.130334367636E+02
   10.5000      0.109360605800E+02
   10.6000      0.124058976901E+02
   10.7000      0.144752963374E+02
   10.8000      0.152143705790E+02
   10.9000      0.141422239302E+02
   11.0000      0.121927648009E+02
   11.1000      0.107892960860E+02
   11.2000      0.104736883960E+02
   11.3000      0.102922137432E+02
   11.4000      0.103939449521E+02
   11.5000      0.106949731061E+02
   11.6000      0.109547173293E+02
   11.7000      0.117063138559E+02
   11.8000      0.110095172675E+02
   11.9000      0.991803714062E+01
   12.0000      0.846607758229E+01
   12.1000      0.819562995496E+01
   12.2000      0.943550432939E+01
   12.3000      0.111789035829E+02
   12.4000      0.117586939507E+02
   12.5000      0.108659709367E+02
   12.6000      0.881788813079E+01
   12.7000      0.759753623222E+01
   12.8000      0.794246341006E+01
   12.9000      0.935421890933E+01
   13.0000      0.104772754043E+02
   13.1000      0.104569022854E+02
   13.2000      0.906558716965E+01
   13.3000      0.793179385678E+01
   13.4000      0.744299664221E+01
   13.5000      0.766874429673E+01
   13.6000      0.859839460799E+01
   13.7000      0.831178304970E+01
   13.8000      0.863426367506E+01
   13.9000      0.797354793819E+01
   14.0000      0.824748738904E+01
   14.1000      0.826596294485E+01
   14.2000      0.806220000160E+01
   14.3000      0.798829104047E+01
   14.4000      0.759002809431E+01
   14.5000      0.819185888913E+01
   14.6000      0.877574852893E+01
   14.7000      0.944498735018E+01
   14.8000      0.928338070740E+01
   14.9000      0.845821691719E+01
   15.0000      0.751246194880E+01
   15.1000      0.726334345825E+01
   15.2000      0.756555094416E+01
   15.3000      0.846813973967E+01
   15.4000      0.847656531489E+01
   15.5000      0.800627124342E+01
   15.6000      0.668905090078E+01
   15.7000      0.563088708471E+01
   15.8000      0.530182043711E+01
   15.9000      0.539841393550E+01
   16.0000      0.591744205987E+01
   16.1000      0.573987145259E+01
   16.2000      0.532674817780E+01
   16.3000      0.449664360598E+01
   16.4000      0.406656469929E+01
   16.5000      0.399822358603E+01
   16.6000      0.430909566454E+01
   16.7000      0.460706084626E+01
   16.8000      0.471476698155E+01
   16.9000      0.465524545315E+01
   17.0000      0.471900131550E+01
   17.1000      0.484621805998E+01
   17.2000      0.533150702498E+01
   17.3000      0.551144056784E+01
   17.4000      0.572261855790E+01
   17.5000      0.567620658370E+01
   17.6000      0.564680174944E+01
   17.7000      0.607859408606E+01
   17.8000      0.632436456767E+01
   17.9000      0.690097196083E+01
   18.0000      0.677821009263E+01
   18.1000      0.651758723099E+01
   18.2000      0.604958122910E+01
   18.3000      0.577958447916E+01
   18.4000      0.599538320028E+01
   18.5000      0.633656490100E+01
   18.6000      0.656555497805E+01
   18.7000      0.630696059169E+01
   18.8000      0.563441303773E+01
   18.9000      0.490951121192E+01
   19.0000      0.455031461112E+01
   19.1000      0.466355881702E+01
   19.2000      0.495663668745E+01
   19.3000      0.511772020322E+01
   19.4000      0.470824647269E+01
   19.5000      0.407158037984E+01
   19.6000      0.345987549168E+01
   19.7000      0.318331073285E+01
   19.8000      0.352079536662E+01
   19.9000      0.372370671842E+01
   20.0000      0.397902186461E+01
   20.1000      0.363411871853E+01
   20.2000      0.322208301802E+01
   20.3000      0.293856975904E+01
   20.4000      0.296684454040E+01
   20.5000      0.338796955108E+01
   20.6000      0.381475711300E+01
   20.7000      0.402416080497E+01
   20.8000      0.400238046151E+01
   20.9000      0.383080196150E+01
   21.0000      0.374748419726E+01
   21.1000      0.402903857964E+01
   21.2000      0.430969015196E+01
   21.3000      0.486354655846E+01
   21.4000      0.505678242529E+01
   21.5000      0.521240153621E+01
   21.6000      0.518043836156E+01
   21.7000      0.507322084657E+01
   21.8000      0.515222351858E+01
   21.9000      0.519841033015E+01
   22.0000      0.544148809632E+01
   22.1000      0.561907383069E+01
   22.2000      0.573685801963E+01
   22.3000      0.570064241145E+01
   22.4000      0.547896828099E+01
   22.5000      0.516666852893E+01
   22.6000      0.488030135499E+01
   22.7000      0.473924835977E+01
   22.8000      0.474935810150E+01
   22.9000      0.486028970991E+01
   23.0000      0.483921330785E+01
   23.1000      0.464260382471E+01
   23.2000      0.423606750809E+01
   23.3000      0.373208913794E+01
   23.4000      0.343261624332E+01
   23.5000      0.326413616923E+01
   23.6000      0.341757749041E+01
   23.7000      0.353856750714E+01
   23.8000      0.357652414808E+01
   23.9000      0.340988910251E+01
   24.0000      0.303205403303E+01
   24.1000      0.271862158205E+01
   24.2000      0.251121776448E+01
   24.3000      0.258627434368E+01
   24.4000      0.282886741345E+01
   24.5000      0.310275523089E+01
   24.6000      0.322919782221E+01
   24.7000      0.316920483470E+01
   24.8000      0.290655693297E+01
   24.9000      0.269317160267E+01
   25.0000      0.259018109347E+01
   25.1000      0.271782002210E+01
   25.2000      0.302565529147E+01
   25.3000      0.326349705835E+01
   25.4000      0.341871530734E+01
   25.5000      0.328227313888E+01
   25.6000      0.303866415485E+01
   25.7000      0.280194666935E+01
   25.8000      0.267292098374E+01
   25.9000      0.278959622765E+01
   26.0000      0.295834471075E+01
   26.1000      0.314113319056E+01
   26.2000      0.315728143866E+01
   26.3000      0.300276125795E+01
   26.4000      0.273953946281E+01
   26.5000      0.250193466612E+01
   26.6000      0.235055621614E+01
   26.7000      0.239322211937E+01
   26.8000      0.249755884138E+01
   26.9000      0.263520110707E+01
   27.0000      0.268398449095E+01
   27.1000      0.255556030065E+01
   27.2000      0.238300324955E+01
   27.3000      0.211518977488E+01
   27.4000      0.202707147524E+01
   27.5000      0.203507075919E+01
   27.6000      0.222888852325E+01
   27.7000      0.242264376062E+01
   27.8000      0.252470674301E+01
   27.9000      0.245603933663E+01
   28.0000      0.225179160657E+01
   28.1000      0.206141986574E+01
   28.2000      0.200025967460E+01
   28.3000      0.212637911155E+01
   28.4000      0.236885594106E+01
   28.5000      0.254732193109E+01
   28.6000      0.260074379411E+01
   28.7000      0.245035456313E+01
   28.8000      0.225918473577E+01
   28.9000      0.215544212611E+01
   29.0000      0.214605063687E+01
   29.1000      0.235483290160E+01
   29.2000      0.242114324002E+01
   29.3000      0.253479905594E+01
   29.4000      0.239241442756E+01
   29.5000      0.228100515618E+01
   29.6000      0.218227534181E+01
   29.7000      0.213855520595E+01
   29.8000      0.222011441762E+01
   29.9000      0.221035144531E+01
   30.0000      0.221190801357E+01
   30.1000      0.213299940058E+01
   30.2000      0.208200533636E+01
   30.3000      0.208110639231E+01
   30.4000      0.212426283791E+01
   30.5000      0.211493706475E+01
   30.6000      0.209737737947E+01
   30.7000      0.195247069841E+01
   30.8000      0.190932829844E+01
   30.9000      0.189514565752E+01
   31.0000      0.201278208575E+01
   31.1000      0.215538150790E+01
   31.2000      0.219393437553E+01
   31.3000      0.213976682318E+01
   31.4000      0.196899944288E+01
   31.5000      0.184959657536E+01
   31.6000      0.185913524039E+01
   31.7000      0.200337938567E+01
   31.8000      0.219909054852E+01
   31.9000      0.230466563571E+01
   32.0000      0.224840134495E+01
   32.1000      0.207756661866E+01
   32.2000      0.191856908690E+01
   32.3000      0.186692575789E+01
   32.4000      0.198752362084E+01
   32.5000      0.214814311988E+01
   32.6000      0.225265058963E+01
   32.7000      0.224178190696E+01
   32.8000      0.205057487060E+01
   32.9000      0.194706196689E+01
   33.0000      0.181237397645E+01
   33.1000      0.191347666763E+01
   33.2000      0.198159765997E+01
   33.3000      0.205798714989E+01
   33.4000      0.203742626084E+01
   33.5000      0.189388360210E+01
   33.6000      0.181173229098E+01
   33.7000      0.172669417251E+01
   33.8000      0.177671709822E+01
   33.9000      0.182363622234E+01
   34.0000      0.184583918544E+01
   34.1000      0.179500362715E+01
   34.2000      0.170542163606E+01
   34.3000      0.161839930399E+01
   34.4000      0.162890899221E+01
   34.5000      0.165104269445E+01
   34.6000      0.173282054661E+01
   34.7000      0.171267695148E+01
   34.8000      0.166851865003E+01
   34.9000      0.156552675343E+01
   35.0000      0.150922802265E+01
   35.1000      0.151491829539E+01
   35.2000      0.157555107096E+01
   35.3000      0.164363929540E+01
   35.4000      0.165240213202E+01
   35.5000      0.160784145472E+01
   35.6000      0.151374775838E+01
   35.7000      0.145727183174E+01
   35.8000      0.144171867402E+01
   35.9000      0.148588412941E+01
   36.0000      0.154043970927E+01
   36.1000      0.155447103583E+01
   36.2000      0.153098009512E+01
   36.3000      0.147135702966E+01
   36.4000      0.140818810728E+01
   36.5000      0.140807722429E+01
   36.6000      0.138042506027E+01
   36.7000      0.144048528061E+01
   36.8000      0.139555041687E+01
   36.9000      0.141807666663E+01
   37.0000      0.136189051102E+01
   37.1000      0.135594728753E+01
   37.2000      0.135459494921E+01
   37.3000      0.133735653530E+01
   37.4000      0.135094730462E+01
   37.5000      0.130092171665E+01
   37.6000      0.129306842963E+01
   37.7000      0.126954508001E+01
   37.8000      0.129052417231E+01
   37.9000      0.132638898270E+01
   38.0000      0.135302282238E+01
   38.1000      0.135122645053E+01
   38.2000      0.132853546761E+01
   38.3000      0.127073107269E+01
   38.4000      0.128111100798E+01
   38.5000      0.127453364873E+01
   38.6000      0.137274690767E+01
   38.7000      0.140168694438E+01
   38.8000      0.146414527610E+01
   38.9000      0.143185205304E+01
   39.0000      0.140283716676E+01
   39.1000      0.137566177385E+01
   39.2000      0.137403467044E+01
   39.3000      0.144478918213E+01
   39.4000      0.149506884343E+01
   39.5000      0.156480139347E+01
   39.6000      0.156288315354E+01
   39.7000      0.154145794090E+01
   39.8000      0.150551183751E+01
   39.9000      0.148691894601E+01
   40.0000      0.150726885688E+01
   40.1000      0.155472509768E+01
   40.2000      0.157729267169E+01
   40.3000      0.161403158372E+01
   40.4000      0.155705131411E+01
   40.5000      0.155826710627E+01
   40.6000      0.148781725252E+01
   40.7000      0.150680977853E+01
   40.8000      0.149361137395E+01
   40.9000      0.150558770461E+01
   41.0000      0.150382979740E+01
   41.1000      0.145816391244E+01
   41.2000      0.143766558172E+01
   41.3000      0.138193619620E+01
   41.4000      0.137566376162E+01
   41.5000      0.135681030266E+01
   41.6000      0.135094086906E+01
   41.7000      0.132835402935E+01
   41.8000      0.129016834109E+01
   41.9000      0.124711173272E+01
   42.0000      0.121707149163E+01
   42.1000      0.119549432848E+01
   42.2000      0.120615351319E+01
   42.3000      0.119512567326E+01
   42.4000      0.119901836306E+01
   42.5000      0.115390867648E+01
   42.6000      0.113210870751E+01
   42.7000      0.108519620758E+01
   42.8000      0.109022807553E+01
   42.9000      0.109206931402E+01
   43.0000      0.112431050330E+01
   43.1000      0.113832372349E+01
   43.2000      0.113401972894E+01
   43.3000      0.111599621290E+01
   43.4000      0.108241109106E+01
   43.5000      0.107088505021E+01
   43.6000      0.107874806975E+01
   43.7000      0.110392042827E+01
   43.8000      0.114734644349E+01
   43.9000      0.116127260998E+01
   44.0000      0.116928998368E+01
   44.1000      0.114862984965E+01
   44.2000      0.111633915221E+01
   44.3000      0.111930799485E+01
   44.4000      0.109970789047E+01
   44.5000      0.115449334411E+01
   44.6000      0.115017679191E+01
   44.7000      0.119506792847E+01
   44.8000      0.116983353299E+01
   44.9000      0.115862727154E+01
   45.0000      0.112480197536E+01
   45.1000      0.109658150931E+01
   45.2000      0.109458647667E+01
   45.3000      0.109338236756E+01
   45.4000      0.111064395952E+01
   45.5000      0.111628736209E+01
   45.6000      0.110592004002E+01
   45.7000      0.108694990984E+01
   45.8000      0.104868386391E+01
   45.9000      0.102100443425E+01
   46.0000      0.998613295740E+00
   46.1000      0.989478866372E+00
   46.2000      0.997619762541E+00
   46.3000      0.994238211416E+00
   46.4000      0.100217830054E+01
   46.5000      0.976528567046E+00
   46.6000      0.965372533010E+00
   46.7000      0.925480771971E+00
   46.8000      0.915941565073E+00
   46.9000      0.894870489562E+00
   47.0000      0.905010543355E+00
   47.1000      0.908851759533E+00
   47.2000      0.920570543286E+00
   47.3000      0.921950923401E+00
   47.4000      0.914046391421E+00
   47.5000      0.897889680214E+00
   47.6000      0.886677790275E+00
   47.7000      0.869776987597E+00
   47.8000      0.884264473975E+00
   47.9000      0.880749624094E+00
   48.0000      0.912297293055E+00
   48.1000      0.911331531955E+00
   48.2000      0.923672694029E+00
   48.3000      0.917434425587E+00
   48.4000      0.900608547512E+00
   48.5000      0.905032537928E+00
   48.6000      0.884495158638E+00
   48.7000      0.910134388375E+00
   48.8000      0.903205168876E+00
   48.9000      0.929755908413E+00
   49.0000      0.926381452739E+00
   49.1000      0.930367565983E+00
   49.2000      0.920525235317E+00
   49.3000      0.909804653776E+00
   49.4000      0.899970549803E+00
   49.5000      0.898399189208E+00
   49.6000      0.893517884351E+00
   49.7000      0.905812439268E+00
   49.8000      0.898017537112E+00
   49.9000      0.909466018393E+00
   50.0000      0.892661246189E+00
   50.1000      0.893344109622E+00
   50.2000      0.874279173732E+00
   50.3000      0.867787528128E+00
   50.4000      0.857657006923E+00
   50.5000      0.851048124927E+00
   50.6000      0.853397132103E+00
   50.7000      0.847833860063E+00
   50.8000      0.854960547850E+00
   50.9000      0.845693197975E+00
   51.0000      0.845229975807E+00
   51.1000      0.830790422258E+00
   51.2000      0.820340155860E+00
   51.3000      0.810318108817E+00
   51.4000      0.802586642427E+00
   51.5000      0.805831208249E+00
   51.6000      0.810574774630E+00
   51.7000      0.815298528661E+00
   51.8000      0.824559344067E+00
   51.9000      0.809168935185E+00
   52.0000      0.814394511108E+00
   52.1000      0.782365760333E+00
   52.2000      0.792699996517E+00
   52.3000      0.772331568684E+00
   52.4000      0.794372519209E+00
   52.5000      0.796318753725E+00
   52.6000      0.811099904143E+00
   52.7000      0.814648229387E+00
   52.8000      0.803818013177E+00
   52.9000      0.795943420647E+00
   53.0000      0.777278402908E+00
   53.1000      0.772827071944E+00
   53.2000      0.776122818003E+00
   53.3000      0.783723345188E+00
   53.4000      0.802321577487E+00
   53.5000      0.804304540054E+00
   53.6000      0.806771853769E+00
   53.7000      0.794144919622E+00
   53.8000      0.775782182996E+00
   53.9000      0.771214085114E+00
   54.0000      0.755703143388E+00
   54.1000      0.776558885166E+00
   54.2000      0.771003574441E+00
   54.3000      0.797189654423E+00
   54.4000      0.784830142504E+00
   54.5000      0.789967607025E+00
   54.6000      0.768571577916E+00
   54.7000      0.759720821331E+00
   54.8000      0.749671939479E+00
   54.9000      0.749422731216E+00
   55.0000      0.756739057574E+00
   55.1000      0.765610625319E+00
   55.2000      0.769036447510E+00
   55.3000      0.772853193708E+00
   55.4000      0.757841540235E+00
   55.5000      0.757615911682E+00
   55.6000      0.737426746116E+00
   55.7000      0.744931302782E+00
   55.8000      0.737403343181E+00
   55.9000      0.749240598222E+00
   56.0000      0.753414136736E+00
   56.1000      0.753205952295E+00
   56.2000      0.759589218629E+00
   56.3000      0.743488309652E+00
   56.4000      0.750788765093E+00
   56.5000      0.732956159556E+00
   56.6000      0.743318530355E+00
   56.7000      0.736058156502E+00
   56.8000      0.745130705302E+00
   56.9000      0.746194174618E+00
   57.0000      0.748656120789E+00
   57.1000      0.748686407686E+00
   57.2000      0.748040041910E+00
   57.3000      0.741334636717E+00
   57.4000      0.746756874929E+00
   57.5000      0.733482603148E+00
   57.6000      0.748895265234E+00
   57.7000      0.732859632724E+00
   57.8000      0.752379091801E+00
   57.9000      0.738689418736E+00
   58.0000      0.751740920787E+00
   58.1000      0.744382367430E+00
   58.2000      0.744750351276E+00
   58.3000      0.745120104569E+00
   58.4000      0.736375142277E+00
   58.5000      0.742911480640E+00
   58.6000      0.734608342580E+00
   58.7000      0.742312527926E+00
   58.8000      0.740212926155E+00
   58.9000      0.742604919739E+00
   59.0000      0.744311190758E+00
   59.1000      0.739826605370E+00
   59.2000      0.740025368359E+00
   59.3000      0.735727626390E+00
   59.4000      0.731777114628E+00
   59.5000      0.736646494839E+00
   59.6000      0.727672331681E+00
   59.7000      0.742309480082E+00
   59.8000      0.727749713223E+00
   59.9000      0.744136588514E+00
   60.0000      0.726788532488E+00
   60.1000      0.737564076674E+00
   60.2000      0.724516459604E+00
   60.3000      0.728645712889E+00
   60.4000      0.724807433274E+00
   60.5000      0.724806449293E+00
   60.6000      0.726943308614E+00
   60.7000      0.725402710056E+00
   60.8000      0.725640768090E+00
   60.9000      0.725446994457E+00
   61.0000      0.719617632815E+00
   61.1000      0.723334846877E+00
   61.2000      0.713827200782E+00
   61.3000      0.720433464990E+00
   61.4000      0.712507901601E+00
   61.5000      0.716811209381E+00
   61.6000      0.714555362408E+00
   61.7000      0.711662922913E+00
   61.8000      0.716255971561E+00
   61.9000      0.705950472515E+00
   62.0000      0.715081086250E+00
   62.1000      0.701636710131E+00
   62.2000      0.710589488846E+00
   62.3000      0.699474185846E+00
   62.4000      0.704458055524E+00
   62.5000      0.698874931412E+00
   62.6000      0.699675198302E+00
   62.7000      0.698322525370E+00
   62.8000      0.697584017998E+00
   62.9000      0.695379860728E+00
   63.0000      0.696242747776E+00
   63.1000      0.688828192808E+00
   63.2000      0.693446819869E+00
   63.3000      0.681537417263E+00
   63.4000      0.689856338356E+00
   63.5000      0.678239653343E+00
   63.6000      0.686732417148E+00
   63.7000      0.679261535823E+00
   63.8000      0.682513875384E+00
   63.9000      0.679558674789E+00
   64.0000      0.675324015515E+00
   64.1000      0.675613054489E+00
   64.2000      0.667715714169E+00
   64.3000      0.669995988209E+00
   64.4000      0.664423460658E+00
   64.5000      0.666557440456E+00
   64.6000      0.665144848374E+00
   64.7000      0.664295796562E+00
   64.8000      0.664007892983E+00
   64.9000      0.659913970690E+00
   65.0000      0.657707849193E+00
   65.1000      0.654325662078E+00
   65.2000      0.650138930430E+00
   65.3000      0.651675934318E+00
   65.4000      0.646346181191E+00
   65.5000      0.652156106533E+00
   65.6000      0.645303645534E+00
   65.7000      0.650716651162E+00
   65.8000      0.642505528365E+00
   65.9000      0.644444622905E+00
   66.0000      0.637512622568E+00
   66.1000      0.637129394387E+00
   66.2000      0.634197638378E+00
   66.3000      0.633756202003E+00
   66.4000      0.633837588198E+00
   66.5000      0.633485536052E+00
   66.6000      0.632682016002E+00
   66.7000      0.631698012974E+00
   66.8000      0.627905767374E+00
   66.9000      0.627232783977E+00
   67.0000      0.622208556983E+00
   67.1000      0.623436029680E+00
   67.2000      0.619782470167E+00
   67.3000      0.622211811770E+00
   67.4000      0.620194111089E+00
   67.5000      0.621083567910E+00
   67.6000      0.619534465085E+00
   67.7000      0.617543396908E+00
   67.8000      0.616387243909E+00
   67.9000      0.613155189200E+00
   68.0000      0.613228301490E+00
   68.1000      0.610996893598E+00
   68.2000      0.611958916774E+00
   68.3000      0.611024309244E+00
   68.4000      0.611246019170E+00
   68.5000      0.610613506855E+00
   68.6000      0.609321472530E+00
   68.7000      0.608692688163E+00
   68.8000      0.606908890358E+00
   68.9000      0.606710053625E+00
   69.0000      0.605699427845E+00
   69.1000      0.605720724874E+00
   69.2000      0.605609339167E+00
   69.3000      0.604959962226E+00
   69.4000      0.605381029449E+00
   69.5000      0.603759659157E+00
   69.6000      0.604801874465E+00
   69.7000      0.602804138306E+00
   69.8000      0.604468059743E+00
   69.9000      0.602612512135E+00
   70.0000      0.604074599198E+00
   70.1000      0.602477853019E+00
   70.2000      0.602917835498E+00
   70.3000      0.601982522306E+00
   70.4000      0.601784988600E+00
   70.5000      0.602023735137E+00
   70.6000      0.602265976040E+00
   70.7000      0.602960446612E+00
   70.8000      0.604020847282E+00
   70.9000      0.603178976246E+00
   71.0000      0.604840410237E+00
   71.1000      0.601448063013E+00
   71.2000      0.604076348619E+00
   71.3000      0.599680670835E+00
   71.4000      0.603833313498E+00
   71.5000      0.600825298244E+00
   71.6000      0.605397148673E+00
   71.7000      0.604227095814E+00
   71.8000      0.606583706739E+00
   71.9000      0.605908406950E+00
   72.0000      0.605025962986E+00
   72.1000      0.604238336132E+00
   72.2000      0.602670335481E+00
   72.3000      0.602516786610E+00
   72.4000      0.603686365268E+00
   72.5000      0.604010298812E+00
   72.6000      0.607975016868E+00
   72.7000      0.606809798090E+00
   72.8000      0.610346801612E+00
   72.9000      0.606794802185E+00
   73.0000      0.607665178003E+00
   73.1000      0.604455742954E+00
   73.2000      0.603684276316E+00
   73.3000      0.604652629341E+00
   73.4000      0.603861564431E+00
   73.5000      0.608951559008E+00
   73.6000      0.607433295112E+00
   73.7000      0.612285573042E+00
   73.8000      0.608695267939E+00
   73.9000      0.609909356591E+00
   74.0000      0.605758753952E+00
   74.1000      0.604759604624E+00
   74.2000      0.603458700521E+00
   74.3000      0.603800663559E+00
   74.4000      0.605739692405E+00
   74.5000      0.608120090079E+00
   74.6000      0.609090437641E+00
   74.7000      0.611325647862E+00
   74.8000      0.607457319974E+00
   74.9000      0.608817406891E+00
   75.0000      0.601635838761E+00
   75.1000      0.604283266392E+00
   75.2000      0.598794901570E+00
   75.3000      0.603819752015E+00
   75.4000      0.602239588024E+00
   75.5000      0.606608877236E+00
   75.6000      0.606375929743E+00
   75.7000      0.606244478391E+00
   75.8000      0.604528885552E+00
   75.9000      0.600711805273E+00
   76.0000      0.598335198236E+00
   76.1000      0.595867595270E+00
   76.2000      0.595066648332E+00
   76.3000      0.596922305181E+00
   76.4000      0.597009001420E+00
   76.5000      0.600484739906E+00
   76.6000      0.598530242323E+00
   76.7000      0.599122217591E+00
   76.8000      0.594821964586E+00
   76.9000      0.591950016905E+00
   77.0000      0.589067835980E+00
   77.1000      0.585862427846E+00
   77.2000      0.587472665071E+00
   77.3000      0.585716929494E+00
   77.4000      0.589774781985E+00
   77.5000      0.587743983672E+00
   77.6000      0.589430012688E+00
   77.7000      0.585418721146E+00
   77.8000      0.583191062221E+00
   77.9000      0.578862278565E+00
   78.0000      0.575975433052E+00
   78.1000      0.574190259554E+00
   78.2000      0.573931090161E+00
   78.3000      0.574274391786E+00
   78.4000      0.575799620701E+00
   78.5000      0.574663402788E+00
   78.6000      0.574914768264E+00
   78.7000      0.570367305691E+00
   78.8000      0.568679033284E+00
   78.9000      0.563273390598E+00
   79.0000      0.561896397136E+00
   79.1000      0.559385650146E+00
   79.2000      0.559605210358E+00
   79.3000      0.560098843121E+00
   79.4000      0.560051601434E+00
   79.5000      0.560202745383E+00
   79.6000      0.557676329706E+00
   79.7000      0.555348073338E+00
   79.8000      0.551316172765E+00
   79.9000      0.548153683917E+00
   80.0000      0.545687471311E+00
   80.1000      0.544377912427E+00
   80.2000      0.544350184242E+00
   80.3000      0.544853792355E+00
   80.4000      0.544575347694E+00
   80.5000      0.544599825686E+00
   80.6000      0.541425279253E+00
   80.7000      0.540000847021E+00
   80.8000      0.534956782768E+00
   80.9000      0.533673209060E+00
   81.0000      0.530168771317E+00
   81.1000      0.530398404895E+00
   81.2000      0.529886036628E+00
   81.3000      0.530321841011E+00
   81.4000      0.530767698038E+00
   81.5000      0.529100739720E+00
   81.6000      0.527992148342E+00
   81.7000      0.524419282541E+00
   81.8000      0.521896097086E+00
   81.9000      0.519323571182E+00
   82.0000      0.517349602017E+00
   82.1000      0.517706514933E+00
   82.2000      0.517021720591E+00
   82.3000      0.518571959194E+00
   82.4000      0.518018166389E+00
   82.5000      0.517303975052E+00
   82.6000      0.516254586280E+00
   82.7000      0.512138210978E+00
   82.8000      0.512087852688E+00
   82.9000      0.506751984945E+00
   83.0000      0.509384806025E+00
   83.1000      0.505399769143E+00
   83.2000      0.509718480249E+00
   83.3000      0.507315723771E+00
   83.4000      0.510084670560E+00
   83.5000      0.507912719663E+00
   83.6000      0.507299843863E+00
   83.7000      0.504897605224E+00
   83.8000      0.502782921958E+00
   83.9000      0.500957862007E+00
   84.0000      0.500931419201E+00
   84.1000      0.499709162412E+00
   84.2000      0.503207346731E+00
   84.3000      0.500785039363E+00
   84.4000      0.505960585881E+00
   84.5000      0.500754049489E+00
   84.6000      0.504978991699E+00
   84.7000      0.498294273620E+00
   84.8000      0.500766022622E+00
   84.9000      0.496257909721E+00
   85.0000      0.497684101804E+00
   85.1000      0.497687123587E+00
   85.2000      0.498298464238E+00
   85.3000      0.501257052092E+00
   85.4000      0.500441013266E+00
   85.5000      0.502540617270E+00
   85.6000      0.500608538478E+00
   85.7000      0.499673744871E+00
   85.8000      0.498798039310E+00
   85.9000      0.495971638846E+00
   86.0000      0.498190514154E+00
   86.1000      0.495927707288E+00
   86.2000      0.500301418613E+00
   86.3000      0.499703376495E+00
   86.4000      0.502456711454E+00
   86.5000      0.503179807553E+00
   86.6000      0.501271078108E+00
   86.7000      0.503314173886E+00
   86.8000      0.497519602377E+00
   86.9000      0.501687103649E+00
   87.0000      0.495669371896E+00
   87.1000      0.501786554866E+00
   87.2000      0.498368081584E+00
   87.3000      0.504022830062E+00
   87.4000      0.502997688369E+00
   87.5000      0.505330767859E+00
   87.6000      0.504829482644E+00
   87.7000      0.503778677598E+00
   87.8000      0.502732062163E+00
   87.9000      0.501703762270E+00
   88.0000      0.500157263790E+00
   88.1000      0.502875019999E+00
   88.2000      0.500424216686E+00
   88.3000      0.507329122990E+00
   88.4000      0.502674123002E+00
   88.5000      0.510830179786E+00
   88.6000      0.503633632192E+00
   88.7000      0.509906798800E+00
   88.8000      0.502432221537E+00
   88.9000      0.506083345105E+00
   89.0000      0.501798027581E+00
   89.1000      0.503929167224E+00
   89.2000      0.504065511323E+00
   89.3000      0.505510653641E+00
   89.4000      0.507534239493E+00
   89.5000      0.508299241869E+00
   89.6000      0.508289929983E+00
   89.7000      0.508885883313E+00
   89.8000      0.505266926965E+00
   89.9000      0.507344569685E+00
   90.0000      0.501894332937E+00
   90.1000      0.506585176451E+00
   90.2000      0.502035522575E+00
   90.3000      0.507923634350E+00
   90.4000      0.505351105358E+00
   90.5000      0.509077881585E+00
   90.6000      0.507938134555E+00
   90.7000      0.507336488967E+00
   90.8000      0.507240628852E+00
   90.9000      0.503546489621E+00
   91.0000      0.504847020234E+00
   91.1000      0.501403936695E+00
   91.2000      0.503841273031E+00
   91.3000      0.502824585205E+00
   91.4000      0.504587847433E+00
   91.5000      0.505443580550E+00
   91.6000      0.504599922887E+00
   91.7000      0.505510424310E+00
   91.8000      0.502370520646E+00
   91.9000      0.502396477091E+00
   92.0000      0.499713096701E+00
   92.1000      0.498988458817E+00
   92.2000      0.499368900417E+00
   92.3000      0.497781228348E+00
   92.4000      0.501169280828E+00
   92.5000      0.497961235374E+00
   92.6000      0.501991449085E+00
   92.7000      0.497065640766E+00
   92.8000      0.499626300249E+00
   92.9000      0.494575079189E+00
   93.0000      0.495499173303E+00
   93.1000      0.492486486886E+00
   93.2000      0.492791262261E+00
   93.3000      0.492299540585E+00
   93.4000      0.492542389032E+00
   93.5000      0.492727420634E+00
   93.6000      0.492734543756E+00
   93.7000      0.491305289279E+00
   93.8000      0.491227494736E+00
   93.9000      0.487708750879E+00
   94.0000      0.488455995834E+00
   94.1000      0.484308064299E+00
   94.2000      0.486455478948E+00
   94.3000      0.483207611313E+00
   94.4000      0.485841950846E+00
   94.5000      0.483656668126E+00
   94.6000      0.484963473216E+00
   94.7000      0.483145276345E+00
   94.8000      0.482297158911E+00
   94.9000      0.480628374287E+00
   95.0000      0.478717104504E+00
   95.1000      0.477652851978E+00
   95.2000      0.476481867185E+00
   95.3000      0.476091636001E+00
   95.4000      0.476264694784E+00
   95.5000      0.475666310474E+00
   95.6000      0.476203596590E+00
   95.7000      0.474532239549E+00
   95.8000      0.474258742860E+00
   95.9000      0.471965472169E+00
   96.0000      0.470786390183E+00
   96.1000      0.469409187934E+00
   96.2000      0.468000488786E+00
   96.3000      0.468468315899E+00
   96.4000      0.467118909194E+00
   96.5000      0.468617886980E+00
   96.6000      0.466946796903E+00
   96.7000      0.467772332250E+00
   96.8000      0.465617730978E+00
   96.9000      0.465012071866E+00
   97.0000      0.463050966634E+00
   97.1000      0.461878344720E+00
   97.2000      0.460900881357E+00
   97.3000      0.460519048950E+00
   97.4000      0.460218567831E+00
   97.5000      0.461050570078E+00
   97.6000      0.460027587259E+00
   97.7000      0.461459458132E+00
   97.8000      0.458685947760E+00
   97.9000      0.460084091149E+00
   98.0000      0.456182056352E+00
   98.1000      0.457516858540E+00
   98.2000      0.454307084271E+00
   98.3000      0.455657934189E+00
   98.4000      0.454429191042E+00
   98.5000      0.455299805871E+00
   98.6000      0.455690680383E+00
   98.7000      0.455333489454E+00
   98.8000      0.455918831477E+00
   98.9000      0.454430058007E+00
   99.0000      0.454143466622E+00
   99.1000      0.452880741437E+00
   99.2000      0.451663140429E+00
   99.3000      0.452194221147E+00
   99.4000      0.450458417828E+00
   99.5000      0.453015591720E+00
   99.6000      0.450980332472E+00
   99.7000      0.454087816437E+00
   99.8000      0.451933834240E+00
   99.9000      0.453629977539E+00
  100.0000      0.452071522895E+00
  100.1000      0.451456753948E+00
  100.2000      0.451611858350E+00
  100.3000      0.449267206868E+00
  100.4000      0.451615827113E+00
  100.5000      0.448802217764E+00
  100.6000      0.452349632488E+00
  100.7000      0.450075524226E+00
  100.8000      0.452835268107E+00
  100.9000      0.451609901948E+00
  101.0000      0.452126294605E+00
  101.1000      0.452143578203E+00
  101.2000      0.450640477511E+00
  101.3000      0.451736154874E+00
  101.4000      0.449878673121E+00
  101.5000      0.451234815834E+00
  101.6000      0.450865002030E+00
  101.7000      0.451077917756E+00
  101.8000      0.453095194145E+00
  101.9000      0.450949031046E+00
  102.0000      0.455072848446E+00
  102.1000      0.450503042383E+00
  102.2000      0.455716185903E+00
  102.3000      0.450068479852E+00
  102.4000      0.455146067236E+00
  102.5000      0.450402421135E+00
  102.6000      0.454262300103E+00
  102.7000      0.451807156719E+00
  102.8000      0.453821161981E+00
  102.9000      0.453656778175E+00
  103.0000      0.454001739943E+00
  103.1000      0.454862715691E+00
  103.2000      0.454650004093E+00
  103.3000      0.454772143124E+00
  103.4000      0.455636991361E+00
  103.5000      0.453632005007E+00
  103.6000      0.456871403314E+00
  103.7000      0.452315111528E+00
  103.8000      0.458110668272E+00
  103.9000      0.451699120215E+00
  104.0000      0.458953831982E+00
  104.1000      0.452192892777E+00
  104.2000      0.459072886402E+00
  104.3000      0.453578707211E+00
  104.4000      0.458426934799E+00
  104.5000      0.455145179096E+00
  104.6000      0.457309791294E+00
  104.7000      0.456093209302E+00
  104.8000      0.456292965818E+00
  104.9000      0.456055856665E+00
  105.0000      0.456057235610E+00
  105.1000      0.455320558895E+00
  105.2000      0.456999110421E+00
  105.3000      0.454482703753E+00
  105.4000      0.458769359335E+00
  105.5000      0.453865085493E+00
  105.6000      0.460270207103E+00
  105.7000      0.453369723394E+00
  105.8000      0.460397135402E+00
  105.9000      0.452916278440E+00
  106.0000      0.458984355129E+00
  106.1000      0.452827474359E+00
  106.2000      0.456990820710E+00
  106.3000      0.453521880542E+00
  106.4000      0.455639729225E+00
  106.5000      0.454778571792E+00
  106.6000      0.455345134457E+00
  106.7000      0.455532661889E+00
  106.8000      0.455521182049E+00
  106.9000      0.454692263392E+00
  107.0000      0.455412201583E+00
  107.1000      0.452276301524E+00
  107.2000      0.454957611092E+00
  107.3000      0.449629360100E+00
  107.4000      0.454687455261E+00
  107.5000      0.448306084670E+00
  107.6000      0.454790480471E+00
  107.7000      0.448642162031E+00
  107.8000      0.454537423337E+00
  107.9000      0.449486582218E+00
  108.0000      0.452925222868E+00
  108.1000      0.449419616802E+00
  108.2000      0.449957000563E+00
  108.3000      0.448162845876E+00
  108.4000      0.447032393807E+00
  108.5000      0.446639338587E+00
  108.6000      0.445755994714E+00
  108.7000      0.445674666653E+00
  108.8000      0.446300688704E+00
  108.9000      0.444927980504E+00
  109.0000      0.447141673499E+00
  109.1000      0.443369485988E+00
  109.2000      0.446548276611E+00
  109.3000      0.440733092543E+00
  109.4000      0.444252008748E+00
  109.5000      0.438138554715E+00
  109.6000      0.441510973868E+00
  109.7000      0.437019460624E+00
  109.8000      0.439605661434E+00
  109.9000      0.437502522167E+00
  110.0000      0.438511035015E+00
  110.1000      0.438084438967E+00
  110.2000      0.437174108228E+00
  110.3000      0.437045382903E+00
  110.4000      0.434951995309E+00
  110.5000      0.434137465334E+00
  110.6000      0.432491500842E+00
  110.7000      0.430782096430E+00
  110.8000      0.431019146313E+00
  110.9000      0.428591810303E+00
  111.0000      0.430834844285E+00
  111.1000      0.427792039574E+00
  111.2000      0.430746859952E+00
  111.3000      0.427191118416E+00
  111.4000      0.429193226400E+00
  111.5000      0.425647648313E+00
  111.6000      0.425904758206E+00
  111.7000      0.423345908744E+00
  111.8000      0.422274560439E+00
  111.9000      0.421447506148E+00
  112.0000      0.419969365776E+00
  112.1000      0.420585017033E+00
  112.2000      0.419271206899E+00
  112.3000      0.420013961697E+00
  112.4000      0.418934760815E+00
  112.5000      0.418442493927E+00
  112.6000      0.417627079124E+00
  112.7000      0.415563950837E+00
  112.8000      0.415286529550E+00
  112.9000      0.412503843814E+00
  113.0000      0.412962524166E+00
  113.1000      0.410673053482E+00
  113.2000      0.411487439867E+00
  113.3000      0.410315955852E+00
  113.4000      0.410559696820E+00
  113.5000      0.410306678238E+00
  113.6000      0.409201717648E+00
  113.7000      0.409328602218E+00
  113.8000      0.406969366903E+00
  113.9000      0.407143179231E+00
  114.0000      0.404518500171E+00
  114.1000      0.404678481667E+00
  114.2000      0.402907705819E+00
  114.3000      0.402962731727E+00
  114.4000      0.402415620188E+00
  114.5000      0.402091904107E+00
  114.6000      0.402180841887E+00
  114.7000      0.401298719877E+00
  114.8000      0.401077409617E+00
  114.9000      0.399952005240E+00
  115.0000      0.398880365199E+00
  115.1000      0.398294482864E+00
  115.2000      0.396458235297E+00
  115.3000      0.397072746227E+00
  115.4000      0.394826855841E+00
  115.5000      0.396550274304E+00
  115.6000      0.394153547957E+00
  115.7000      0.396129249544E+00
  115.8000      0.393767611947E+00
  115.9000      0.395036541877E+00
  116.0000      0.393020488665E+00
  116.1000      0.393229389243E+00
  116.2000      0.391930968032E+00
  116.3000      0.391463302497E+00
  116.4000      0.390950108625E+00
  116.5000      0.390507775580E+00
  116.6000      0.390272251334E+00
  116.7000      0.390424339164E+00
  116.8000      0.389574456116E+00
  116.9000      0.390613813598E+00
  117.0000      0.388457244865E+00
  117.1000      0.390451866171E+00
  117.2000      0.387010271484E+00
  117.3000      0.389808659712E+00
  117.4000      0.385820266038E+00
  117.5000      0.388983356823E+00
  117.6000      0.385404807745E+00
  117.7000      0.388225072380E+00
  117.8000      0.385681873654E+00
  117.9000      0.387443057245E+00
  118.0000      0.386026746054E+00
  118.1000      0.386465320480E+00
  118.2000      0.385856939892E+00
  118.3000      0.385487066311E+00
  118.4000      0.385141564054E+00
  118.5000      0.385048985045E+00
  118.6000      0.384297204136E+00
  118.7000      0.385471843770E+00
  118.8000      0.383624148889E+00
  118.9000      0.386404062803E+00
  119.0000      0.383013367850E+00
  119.1000      0.387051847565E+00
  119.2000      0.382298968204E+00
  119.3000      0.386887739746E+00
  119.4000      0.381720252338E+00
  119.5000      0.386093589676E+00
  119.6000      0.381787206705E+00
  119.7000      0.385273582657E+00
  119.8000      0.382671506872E+00
  119.9000      0.384794164210E+00
  120.0000      0.383865616096E+00
  120.1000      0.384537129814E+00
  120.2000      0.384517235099E+00
  120.3000      0.384292170931E+00
  120.4000      0.384140013662E+00
  120.5000      0.384192008666E+00
  120.6000      0.383040419455E+00
  120.7000      0.384628484242E+00
  120.8000      0.382022120207E+00
  120.9000      0.385763448230E+00
  121.0000      0.381648991289E+00
  121.1000      0.387141809329E+00
  121.2000      0.381841288665E+00
  121.3000      0.387865212640E+00
  121.4000      0.382165122010E+00
  121.5000      0.387345865281E+00
  121.6000      0.382416384015E+00
  121.7000      0.385934649734E+00
  121.8000      0.382864284285E+00
  121.9000      0.384665787905E+00
  122.0000      0.383848906156E+00
  122.1000      0.384352500738E+00
  122.2000      0.385128573006E+00
  122.3000      0.384968090087E+00
  122.4000      0.385851795180E+00
  122.5000      0.385851093232E+00
  122.6000      0.385358674789E+00
  122.7000      0.386469075200E+00
  122.8000      0.383909286529E+00
  122.9000      0.386917621047E+00
  123.0000      0.382544945230E+00
  123.1000      0.387577964056E+00
  123.2000      0.382254095970E+00
  123.3000      0.388429255277E+00
  123.4000      0.383180940368E+00
  123.5000      0.388906552493E+00
  123.6000      0.384605727008E+00
  123.7000      0.388406057092E+00
  123.8000      0.385704182125E+00
  123.9000      0.386949490759E+00
  124.0000      0.386222544424E+00
  124.1000      0.385399333405E+00
  124.2000      0.386468125834E+00
  124.3000      0.384832095476E+00
  124.4000      0.386791846221E+00
  124.5000      0.385612007136E+00
  124.6000      0.387057816298E+00
  124.7000      0.387123917888E+00
  124.8000      0.386726581354E+00
  124.9000      0.388331745046E+00
  125.0000      0.385587585530E+00
  125.1000      0.388641192984E+00
  125.2000      0.384221698589E+00
  125.3000      0.388290871141E+00
  125.4000      0.383628476830E+00
  125.5000      0.387850215873E+00
  125.6000      0.384390433383E+00
  125.7000      0.387519063801E+00
  125.8000      0.386105585519E+00
  125.9000      0.387035123146E+00
  126.0000      0.387724347656E+00
  126.1000      0.386109574774E+00
  126.2000      0.388440021826E+00
  126.3000      0.384951210423E+00
  126.4000      0.388173209306E+00
  126.5000      0.384259879082E+00
  126.6000      0.387433092272E+00
  126.7000      0.384573323731E+00
  126.8000      0.386758929403E+00
  126.9000      0.385741590398E+00
  127.0000      0.386221713601E+00
  127.1000      0.386963185434E+00
  127.2000      0.385578487962E+00
  127.3000      0.387340001184E+00
  127.4000      0.384766914044E+00
  127.5000      0.386592342687E+00
  127.6000      0.384150041312E+00
  127.7000      0.385182304424E+00
  127.8000      0.384272230681E+00
  127.9000      0.383814518319E+00
  128.0000      0.385237864537E+00
  128.1000      0.382869356560E+00
  128.2000      0.386480811886E+00
  128.3000      0.382227994668E+00
  128.4000      0.387175302943E+00
  128.5000      0.381687923795E+00
  128.6000      0.386834797582E+00
  128.7000      0.381317341424E+00
  128.8000      0.385680667481E+00
  128.9000      0.381348993659E+00
  129.0000      0.384338511846E+00
  129.1000      0.381877867393E+00
  129.2000      0.383289534751E+00
  129.3000      0.382569271641E+00
  129.4000      0.382645665120E+00
  129.5000      0.382810817721E+00
  129.6000      0.382220525908E+00
  129.7000      0.382178552804E+00
  129.8000      0.381879437555E+00
  129.9000      0.380740575201E+00
  130.0000      0.381711222306E+00
  130.1000      0.379036708609E+00
  130.2000      0.381847426031E+00
  130.3000      0.377650294254E+00
  130.4000      0.382188178173E+00
  130.5000      0.376832149850E+00
  130.6000      0.382305012976E+00
  130.7000      0.376467723534E+00
  130.8000      0.381792809664E+00
  130.9000      0.376337049369E+00
  131.0000      0.380611589200E+00
  131.1000      0.376389894530E+00
  131.2000      0.379145991413E+00
  131.3000      0.376629435844E+00
  131.4000      0.377911885858E+00
  131.5000      0.376932458490E+00
  131.6000      0.377138018331E+00
  131.7000      0.376984950758E+00
  131.8000      0.376735286183E+00
  131.9000      0.376454799062E+00
  132.0000      0.376462760756E+00
  132.1000      0.375297338419E+00
  132.2000      0.376175065061E+00
  132.3000      0.373806475903E+00
  132.4000      0.375890301232E+00
  132.5000      0.372458222616E+00
  132.6000      0.375631297473E+00
  132.7000      0.371586033780E+00
  132.8000      0.375274782844E+00
  132.9000      0.371195402029E+00
  133.0000      0.374567107659E+00
  133.1000      0.371053174087E+00
  133.2000      0.373393756264E+00
  133.3000      0.370963522892E+00
  133.4000      0.371961830553E+00
  133.5000      0.370918724358E+00
  133.6000      0.370732212697E+00
  133.7000      0.370960401248E+00
  133.8000      0.370036071561E+00
  133.9000      0.370987809731E+00
  134.0000      0.369826179695E+00
  134.1000      0.370712847548E+00
  134.2000      0.369756536934E+00
  134.3000      0.369921828468E+00
  134.4000      0.369491681766E+00
  134.5000      0.368687264889E+00
  134.6000      0.368960115559E+00
  134.7000      0.367381721425E+00
  134.8000      0.368310728052E+00
  134.9000      0.366434132879E+00
  135.0000      0.367708690572E+00
  135.1000      0.366033527405E+00
  135.2000      0.367126850103E+00
  135.3000      0.366009738695E+00
  135.4000      0.366377652821E+00
  135.5000      0.365992272144E+00
  135.6000      0.365343538434E+00
  135.7000      0.365730673385E+00
  135.8000      0.364211019734E+00
  135.9000      0.365288627754E+00
  136.0000      0.363387406151E+00
  136.1000      0.364896438957E+00
  136.2000      0.363162557379E+00
  136.3000      0.364643640937E+00
  136.4000      0.363395805871E+00
  136.5000      0.364348987170E+00
  136.6000      0.363624811052E+00
  136.7000      0.363753503698E+00
  136.8000      0.363414880786E+00
  136.9000      0.362819107532E+00
  137.0000      0.362700064536E+00
  137.1000      0.361804742675E+00
  137.2000      0.361745378118E+00
  137.3000      0.361096795004E+00
  137.4000      0.360917637736E+00
  137.5000      0.360898259566E+00
  137.6000      0.360379813013E+00
  137.7000      0.361075181039E+00
  137.8000      0.360017940545E+00
  137.9000      0.361212917202E+00
  138.0000      0.359588069311E+00
  138.1000      0.360952060291E+00
  138.2000      0.359018735740E+00
  138.3000      0.360269940805E+00
  138.4000      0.358513596615E+00
  138.5000      0.359498139762E+00
  138.6000      0.358361355456E+00
  138.7000      0.358983680305E+00
  138.8000      0.358575415672E+00
  138.9000      0.358785397765E+00
  139.0000      0.358834592131E+00
  139.1000      0.358676415518E+00
  139.2000      0.358707356443E+00
  139.3000      0.358422953548E+00
  139.4000      0.358037077849E+00
  139.5000      0.358005639061E+00
  139.6000      0.356998360253E+00
  139.7000      0.357612756930E+00
  139.8000      0.356001480226E+00
  139.9000      0.357450353520E+00
  140.0000      0.355369038515E+00
  140.1000      0.357555664219E+00
  140.2000      0.355203830213E+00
  140.3000      0.357709099375E+00
  140.4000      0.355294570014E+00
  140.5000      0.357577980785E+00
  140.6000      0.355372756158E+00
  140.7000      0.356993865794E+00
  140.8000      0.355303086736E+00
  140.9000      0.356147120478E+00
  141.0000      0.355209902109E+00
  141.1000      0.355447482446E+00
  141.2000      0.355216406000E+00
  141.3000      0.355175061153E+00
  141.4000      0.355273285672E+00
  141.5000      0.355295580212E+00
  141.6000      0.355153484654E+00
  141.7000      0.355554499339E+00
  141.8000      0.354695798562E+00
  141.9000      0.355735452546E+00
  142.0000      0.353950896465E+00
  142.1000      0.355741241814E+00
  142.2000      0.353141692593E+00
  142.3000      0.355604544455E+00
  142.4000      0.352574023930E+00
  142.5000      0.355382877618E+00
  142.6000      0.352451670764E+00
  142.7000      0.355101308833E+00
  142.8000      0.352818018291E+00
  142.9000      0.354686763520E+00
  143.0000      0.353443944569E+00
  143.1000      0.354037527851E+00
  143.2000      0.354071781268E+00
  143.3000      0.353215412623E+00
  143.4000      0.354511522817E+00
  143.5000      0.352445518165E+00
  143.6000      0.354768838565E+00
  143.7000      0.352011710508E+00
  143.8000      0.354822773915E+00
  143.9000      0.351957545308E+00
  144.0000      0.354627367832E+00
  144.1000      0.352187593226E+00
  144.2000      0.354165375762E+00
  144.3000      0.352511568262E+00
  144.4000      0.353549800189E+00
  144.5000      0.352823605848E+00
  144.6000      0.352984735843E+00
  144.7000      0.352989469691E+00
  144.8000      0.352623710541E+00
  144.9000      0.352905151523E+00
  145.0000      0.352588027317E+00
  145.1000      0.352522228843E+00
  145.2000      0.352907667344E+00
  145.3000      0.351874218439E+00
  145.4000      0.353508018393E+00
  145.5000      0.351052938095E+00
  145.6000      0.354207467024E+00
  145.7000      0.350214035732E+00
  145.8000      0.354811700360E+00
  145.9000      0.349593983827E+00
  146.0000      0.355228448493E+00
  146.1000      0.349432686929E+00
  146.2000      0.355357665198E+00
  146.3000      0.349730274230E+00
  146.4000      0.355040926311E+00
  146.5000      0.350317440725E+00
  146.6000      0.354193890826E+00
  146.7000      0.350959302998E+00
  146.8000      0.352922913010E+00
  146.9000      0.351600118203E+00
  147.0000      0.351632562203E+00
  147.1000      0.352257174056E+00
  147.2000      0.350660291373E+00
  147.3000      0.352847902507E+00
  147.4000      0.350229765865E+00
  147.5000      0.353256589179E+00
  147.6000      0.350310688007E+00
  147.7000      0.353281613054E+00
  147.8000      0.350707028296E+00
  147.9000      0.352879188937E+00
  148.0000      0.351173327500E+00
  148.1000      0.352098190940E+00
  148.2000      0.351473288380E+00
  148.3000      0.351235922832E+00
  148.4000      0.351630860098E+00
  148.5000      0.350753095336E+00
  148.6000      0.351725902459E+00
  148.7000      0.350936471347E+00
  148.8000      0.351723528208E+00
  148.9000      0.351720052989E+00
  149.0000      0.351369539890E+00
  149.1000      0.352687130634E+00
  149.2000      0.350426823739E+00
  149.3000      0.353458312828E+00
  149.4000      0.348991686856E+00
  149.5000      0.353900492393E+00
  149.6000      0.347504897958E+00
  149.7000      0.354110429598E+00
  149.8000      0.346522749829E+00
  149.9000      0.354205151085E+00
  150.0000      0.346433053953E+00
  150.1000      0.354237743633E+00
  150.2000      0.347306831677E+00
  150.3000      0.354063865521E+00
  150.4000      0.348750866461E+00
  150.5000      0.353376323845E+00
  150.6000      0.350186301828E+00
  150.7000      0.352029037502E+00
  150.8000      0.351174513823E+00
  150.9000      0.350201824170E+00
  151.0000      0.351675974402E+00
  151.1000      0.348522206019E+00
  151.2000      0.352019331951E+00
  151.3000      0.347605613659E+00
  151.4000      0.352355429905E+00
  151.5000      0.347599070657E+00
  151.6000      0.352574234798E+00
  151.7000      0.348252805641E+00
  151.8000      0.352425271849E+00
  151.9000      0.349037418599E+00
  152.0000      0.351714238837E+00
  152.1000      0.349523335440E+00
  152.2000      0.350603624710E+00
  152.3000      0.349585118615E+00
  152.4000      0.349521949997E+00
  152.5000      0.349369399008E+00
  152.6000      0.349036784040E+00
  152.7000      0.349195441245E+00
  152.8000      0.349525526253E+00
  152.9000      0.349160406252E+00
  153.0000      0.350799075412E+00
  153.1000      0.348981047442E+00
  153.2000      0.352199265787E+00
  153.3000      0.348249183263E+00
  153.4000      0.353027729296E+00
  153.5000      0.346885463422E+00
  153.6000      0.353040757484E+00
  153.7000      0.345356301684E+00
  153.8000      0.352456352612E+00
  153.9000      0.344356962778E+00
  154.0000      0.351659685811E+00
  154.1000      0.344467304922E+00
  154.2000      0.350980163067E+00
  154.3000      0.345836017400E+00
  154.4000      0.350403192287E+00
  154.5000      0.348012190379E+00
  154.6000      0.349616154682E+00
  154.7000      0.350229627559E+00
  154.8000      0.348300034306E+00
  154.9000      0.351765487521E+00
  155.0000      0.346396147855E+00
  155.1000      0.352338497332E+00
  155.2000      0.344389155391E+00
  155.3000      0.352273816940E+00
  155.4000      0.343053333145E+00
  155.5000      0.352026330023E+00
  155.6000      0.342845364224E+00
  155.7000      0.351765857112E+00
  155.8000      0.343694700681E+00
  155.9000      0.351379141265E+00
  156.0000      0.345107104147E+00
  156.1000      0.350619437888E+00
  156.2000      0.346446672309E+00
  156.3000      0.349374036981E+00
  156.4000      0.347276865308E+00
  156.5000      0.347828133165E+00
  156.6000      0.347525805670E+00
  156.7000      0.346453421565E+00
  156.8000      0.347490728250E+00
  156.9000      0.345823732814E+00
  157.0000      0.347539322715E+00
  157.1000      0.346163206791E+00
  157.2000      0.347689178447E+00
  157.3000      0.347116548067E+00
  157.4000      0.347631685021E+00
  157.5000      0.348030472935E+00
  157.6000      0.347076800982E+00
  157.7000      0.348343481069E+00
  157.8000      0.346032616838E+00
  157.9000      0.347876366505E+00
  158.0000      0.344920553459E+00
  158.1000      0.346893260909E+00
  158.2000      0.344370453021E+00
  158.3000      0.345837455767E+00
  158.4000      0.344838876431E+00
  158.5000      0.345039480746E+00
  158.6000      0.346370467577E+00
  158.7000      0.344539954550E+00
  158.8000      0.348497795033E+00
  158.9000      0.344027611656E+00
  159.0000      0.350386772928E+00
  159.1000      0.343104044840E+00
  159.2000      0.351322703000E+00
  159.3000      0.341727672927E+00
  159.4000      0.351112003505E+00
  159.5000      0.340341175258E+00
  159.6000      0.350053712701E+00
  159.7000      0.339606359397E+00
  159.8000      0.348650571561E+00
  159.9000      0.340030317930E+00
  160.0000      0.347301956288E+00
  160.1000      0.341685324833E+00
  160.2000      0.346114627362E+00
  160.3000      0.344147408022E+00
  160.4000      0.344921802276E+00
  160.5000      0.346684607359E+00
  160.6000      0.343472320395E+00
  160.7000      0.348588063499E+00
  160.8000      0.341689669324E+00
  160.9000      0.349499259917E+00
  161.0000      0.339858631128E+00
  161.1000      0.349534635931E+00
  161.2000      0.338533590174E+00
  161.3000      0.349075962841E+00
  161.4000      0.338181372749E+00
  161.5000      0.348423318090E+00
  161.6000      0.338887098918E+00
  161.7000      0.347645052013E+00
  161.8000      0.340348108629E+00
  161.9000      0.346661937934E+00
  162.0000      0.342048988630E+00
  162.1000      0.345379677296E+00
  162.2000      0.343472688165E+00
  162.3000      0.343814245687E+00
  162.4000      0.344325303469E+00
  162.5000      0.342209360372E+00
  162.6000      0.344663960792E+00
  162.7000      0.340995928206E+00
  162.8000      0.344763531144E+00
  162.9000      0.340529392372E+00
  163.0000      0.344822637197E+00
  163.1000      0.340835907544E+00
  163.2000      0.344809984003E+00
  163.3000      0.341602313866E+00
  163.4000      0.344557975856E+00
  163.5000      0.342364733682E+00
  163.6000      0.343945509112E+00
  163.7000      0.342723725682E+00
  163.8000      0.343023547694E+00
  163.9000      0.342510100030E+00
  164.0000      0.342062546827E+00
  164.1000      0.341867709730E+00
  164.2000      0.341492975617E+00
  164.3000      0.341162497245E+00
  164.4000      0.341686377733E+00
  164.5000      0.340706230093E+00
  164.6000      0.342676374059E+00
  164.7000      0.340511021486E+00
  164.8000      0.344072069539E+00
  164.9000      0.340321914828E+00
  165.0000      0.345268525507E+00
  165.1000      0.339880947625E+00
  165.2000      0.345759146622E+00
  165.3000      0.339152305561E+00
  165.4000      0.345324384080E+00
  165.5000      0.338372111666E+00
  165.6000      0.344082815126E+00
  165.7000      0.337980974622E+00
  165.8000      0.342446512083E+00
  165.9000      0.338455912437E+00
  166.0000      0.340918328359E+00
  166.1000      0.340019466116E+00
  166.2000      0.339767179335E+00
  166.3000      0.342396745933E+00
  166.4000      0.338861300552E+00
  166.5000      0.344890882570E+00
  166.6000      0.337860525714E+00
  166.7000      0.346755818956E+00
  166.8000      0.336572554993E+00
  166.9000      0.347535015295E+00
  167.0000      0.335136459011E+00
  167.1000      0.347161595715E+00
  167.2000      0.333974960248E+00
  167.3000      0.345913170252E+00
  167.4000      0.333648061834E+00
  167.5000      0.344293534372E+00
  167.6000      0.334617253751E+00
  167.7000      0.342764659143E+00
  167.8000      0.336918914095E+00
  167.9000      0.341426337175E+00
  168.0000      0.340003010645E+00
  168.1000      0.339984426736E+00
  168.2000      0.342995614336E+00
  168.3000      0.338108901305E+00
  168.4000      0.345190986484E+00
  168.5000      0.335810692281E+00
  168.6000      0.346319504817E+00
  168.7000      0.333488440127E+00
  168.8000      0.346481510945E+00
  168.9000      0.331740686945E+00
  169.0000      0.345998894485E+00
  169.1000      0.331165982096E+00
  169.2000      0.345276599516E+00
  169.3000      0.332119724763E+00
  169.4000      0.344549212639E+00
  169.5000      0.334419197296E+00
  169.6000      0.343642081827E+00
  169.7000      0.337313508134E+00
  169.8000      0.342110922913E+00
  169.9000      0.339925433453E+00
  170.0000      0.339727614405E+00
  170.1000      0.341782848587E+00
  170.2000      0.336785206016E+00
  170.3000      0.342915774420E+00
  170.4000      0.333936443302E+00
  170.5000      0.343581805969E+00
  170.6000      0.331870863095E+00
  170.7000      0.344051560139E+00
  170.8000      0.331122444202E+00
  170.9000      0.344518279024E+00
  171.0000      0.331877380386E+00
  171.1000      0.344909416943E+00
  171.2000      0.333739500052E+00
  171.3000      0.344753531690E+00
  171.4000      0.335836913724E+00
  171.5000      0.343491018465E+00
  171.6000      0.337420457938E+00
  171.7000      0.341049644100E+00
  171.8000      0.338374162971E+00
  171.9000      0.338012946586E+00
  172.0000      0.339077680085E+00
  172.1000      0.335216331571E+00
  172.2000      0.339916736683E+00
  172.3000      0.333326534355E+00
  172.4000      0.341059142170E+00
  172.5000      0.332727982991E+00
  172.6000      0.342469116414E+00
  172.7000      0.333416261978E+00
  172.8000      0.343792705368E+00
  172.9000      0.334810523347E+00
  173.0000      0.344311295821E+00
  173.1000      0.335974671935E+00
  173.2000      0.343404870016E+00
  173.3000      0.336351516455E+00
  173.4000      0.341185876179E+00
  173.5000      0.336212647660E+00
  173.6000      0.338485222101E+00
  173.7000      0.336252810347E+00
  173.8000      0.336204545149E+00
  173.9000      0.336919089123E+00
  174.0000      0.334877653980E+00
  174.1000      0.338265555704E+00
  174.2000      0.334720853581E+00
  174.3000      0.340111007333E+00
  174.4000      0.335598957809E+00
  174.5000      0.341936591279E+00
  174.6000      0.336795257491E+00
  174.7000      0.342847059992E+00
  174.8000      0.337299766359E+00
  174.9000      0.342178869553E+00
  175.0000      0.336707805538E+00
  175.1000      0.340218094322E+00
  175.2000      0.335631547125E+00
  175.3000      0.337992648422E+00
  175.4000      0.335011208614E+00
  175.5000      0.336376855207E+00
  175.6000      0.335291103716E+00
  175.7000      0.335713933323E+00
  175.8000      0.336441931057E+00
  175.9000      0.336114505419E+00
  176.0000      0.338280194663E+00
  176.1000      0.337435923101E+00
  176.2000      0.340254817240E+00
  176.3000      0.338852796911E+00
  176.4000      0.341305011709E+00
  176.5000      0.339174298589E+00
  176.6000      0.340670390987E+00
  176.7000      0.338034366878E+00
  176.8000      0.338804593679E+00
  176.9000      0.336343156001E+00
  177.0000      0.336940479033E+00
  177.1000      0.335238119681E+00
  177.2000      0.335856844065E+00
  177.3000      0.335080357082E+00
  177.4000      0.335659333123E+00
  177.5000      0.335799768500E+00
  177.6000      0.336515059553E+00
  177.7000      0.337442462896E+00
  177.8000      0.338539289032E+00
  177.9000      0.339580426844E+00
  178.0000      0.340786688988E+00
  178.1000      0.340807255699E+00
  178.2000      0.341521105916E+00
  178.3000      0.339990955712E+00
  178.4000      0.340157463172E+00
  178.5000      0.337841411332E+00
  178.6000      0.338073479702E+00
  178.7000      0.336119537829E+00
  178.8000      0.336791378196E+00
  178.9000      0.335430902681E+00
  179.0000      0.336334194802E+00
  179.1000      0.335225508292E+00
  179.2000      0.336454764807E+00
  179.3000      0.336136062704E+00
  179.4000      0.338414355724E+00
  179.5000      0.340403711559E+00
  179.6000      0.343543808416E+00
  179.7000      0.348970413753E+00
  179.8000      0.350659002874E+00
  179.9000      0.363341593604E+00
  180.0000      0.438072313800E+00
