    0.1000      0.496197040004E+07
    0.2000      0.888685928450E+06
    0.3000      0.304869072409E+06
    0.4000      0.135191380612E+06
    0.5000      0.111084101471E+06
    0.6000      0.627304156321E+05
    0.7000      0.466924862142E+05
    0.8000      0.347496226536E+05
    0.9000      0.263919234481E+05
    1.0000      0.233319804741E+05
    1.1000      0.200683741470E+05
    1.2000      0.190590389188E+05
    1.3000      0.155451886652E+05
    1.4000      0.106402137743E+05
    1.5000      0.910572233224E+04
    1.6000      0.841071989291E+04
    1.7000      0.653767454298E+04
    1.8000      0.441372036851E+04
    1.9000      0.340813976432E+04
    2.0000      0.296976068745E+04
    2.1000      0.257082854696E+04
    2.2000      0.195436308909E+04
    2.3000      0.155527122979E+04
    2.4000      0.157594715771E+04
    2.5000      0.126108096645E+04
    2.6000      0.916449372080E+03
    2.7000      0.734056608353E+03
    2.8000      0.689925674653E+03
    2.9000      0.671658936373E+03
    3.0000      0.612536269875E+03
    3.1000      0.500619964075E+03
    3.2000      0.360572984901E+03
    3.3000      0.365432908175E+03
    3.4000      0.403996935269E+03
    3.5000      0.444305477155E+03
    3.6000      0.395107554782E+03
    3.7000      0.312320674018E+03
    3.8000      0.265807012322E+03
    3.9000      0.256752532973E+03
    4.0000      0.269947773477E+03
    4.1000      0.322561636277E+03
    4.2000      0.367351816269E+03
    4.3000      0.333563664924E+03
    4.4000      0.290525593254E+03
    4.5000      0.208100811226E+03
    4.6000      0.194900297288E+03
    4.7000      0.210329711087E+03
    4.8000      0.242836739923E+03
    4.9000      0.264085914437E+03
    5.0000      0.262458592467E+03
    5.1000      0.214631333978E+03
    5.2000      0.174001142427E+03
    5.3000      0.145739575735E+03
    5.4000      0.154208007491E+03
    5.5000      0.190472654480E+03
    5.6000      0.208327574799E+03
    5.7000      0.211771246160E+03
    5.8000      0.183593720202E+03
    5.9000      0.151062295591E+03
    6.0000      0.132696806285E+03
    6.1000      0.134996165485E+03
    6.2000      0.143979922241E+03
    6.3000      0.158365672530E+03
    6.4000      0.150437636944E+03
    6.5000      0.144597449113E+03
    6.6000      0.123818834582E+03
    6.7000      0.106329742861E+03
    6.8000      0.928078997185E+02
    6.9000      0.884539814928E+02
    7.0000      0.908243500660E+02
    7.1000      0.992273294971E+02
    7.2000      0.955286806172E+02
    7.3000      0.866893237773E+02
    7.4000      0.700142546471E+02
    7.5000      0.522316865523E+02
    7.6000      0.492946983500E+02
    7.7000      0.522818694339E+02
    7.8000      0.632053281578E+02
    7.9000      0.676848215441E+02
    8.0000      0.622345172082E+02
    8.1000      0.486941834318E+02
    8.2000      0.386479544875E+02
    8.3000      0.332155398177E+02
    8.4000      0.390133428003E+02
    8.5000      0.451953484644E+02
    8.6000      0.478867280038E+02
    8.7000      0.445319446512E+02
    8.8000      0.364078934830E+02
    8.9000      0.294403786756E+02
    9.0000      0.260664931595E+02
    9.1000      0.258624704739E+02
    9.2000      0.271233071653E+02
    9.3000      0.278553523662E+02
    9.4000      0.268626617058E+02
    9.5000      0.253491747879E+02
    9.6000      0.222539139998E+02
    9.7000      0.193195930060E+02
    9.8000      0.162613921024E+02
    9.9000      0.150224606313E+02
   10.0000      0.161878543877E+02
   10.1000      0.193436607435E+02
   10.2000      0.217005285579E+02
   10.3000      0.222713370875E+02
   10.4000      0.186930234947E+02
   10.5000      0.150059968491E+02
   10.6000      0.128697586132E+02
   10.7000      0.143781439966E+02
   10.8000      0.187509030012E+02
   10.9000      0.218911014849E+02
   11.0000      0.216229179426E+02
   11.1000      0.180884870086E+02
   11.2000      0.135196731861E+02
   11.3000      0.112951106469E+02
   11.4000      0.129023160760E+02
   11.5000      0.151978504323E+02
   11.6000      0.172533449798E+02
   11.7000      0.155626753779E+02
   11.8000      0.123866074982E+02
   11.9000      0.935898402241E+01
   12.0000      0.849909908293E+01
   12.1000      0.951675653879E+01
   12.2000      0.109985658323E+02
   12.3000      0.108722523984E+02
   12.4000      0.973916970772E+01
   12.5000      0.798933988888E+01
   12.6000      0.773864251242E+01
   12.7000      0.832330019073E+01
   12.8000      0.939837655276E+01
   12.9000      0.943984606915E+01
   13.0000      0.850943385887E+01
   13.1000      0.741331238999E+01
   13.2000      0.754759791652E+01
   13.3000      0.829722659004E+01
   13.4000      0.100377104665E+02
   13.5000      0.100779999391E+02
   13.6000      0.934646435582E+01
   13.7000      0.787524068054E+01
   13.8000      0.688943285544E+01
   13.9000      0.749768755763E+01
   14.0000      0.877655592334E+01
   14.1000      0.976316975213E+01
   14.2000      0.991062643004E+01
   14.3000      0.886278573576E+01
   14.4000      0.771981035963E+01
   14.5000      0.760195835780E+01
   14.6000      0.788953249351E+01
   14.7000      0.911017758356E+01
   14.8000      0.953618617398E+01
   14.9000      0.957001275525E+01
   15.0000      0.917857733420E+01
   15.1000      0.898074177884E+01
   15.2000      0.911694106654E+01
   15.3000      0.956864589442E+01
   15.4000      0.967701269796E+01
   15.5000      0.954983572890E+01
   15.6000      0.923065550156E+01
   15.7000      0.907192704043E+01
   15.8000      0.925657359583E+01
   15.9000      0.945912866653E+01
   16.0000      0.933315438875E+01
   16.1000      0.868864684068E+01
   16.2000      0.780243595888E+01
   16.3000      0.698914927547E+01
   16.4000      0.680700746634E+01
   16.5000      0.686815361949E+01
   16.6000      0.703001579342E+01
   16.7000      0.675277010532E+01
   16.8000      0.594946352157E+01
   16.9000      0.508542920733E+01
   17.0000      0.438747291861E+01
   17.1000      0.420713785483E+01
   17.2000      0.448836293035E+01
   17.3000      0.469114267427E+01
   17.4000      0.483930166437E+01
   17.5000      0.469344962624E+01
   17.6000      0.433816233100E+01
   17.7000      0.436413459129E+01
   17.8000      0.420788079105E+01
   17.9000      0.453758537944E+01
   18.0000      0.470645422449E+01
   18.1000      0.496928398846E+01
   18.2000      0.524805097247E+01
   18.3000      0.554920935736E+01
   18.4000      0.558318042265E+01
   18.5000      0.576217454227E+01
   18.6000      0.527323901038E+01
   18.7000      0.516325337846E+01
   18.8000      0.482398079447E+01
   18.9000      0.495905121735E+01
   19.0000      0.524643168228E+01
   19.1000      0.552343077592E+01
   19.2000      0.546720431398E+01
   19.3000      0.509023000602E+01
   19.4000      0.426583746816E+01
   19.5000      0.369222720914E+01
   19.6000      0.328957212441E+01
   19.7000      0.351204478931E+01
   19.8000      0.390484346195E+01
   19.9000      0.432071162861E+01
   20.0000      0.434310003836E+01
   20.1000      0.395768467272E+01
   20.2000      0.333339288241E+01
   20.3000      0.286150245584E+01
   20.4000      0.268422998847E+01
   20.5000      0.317112095852E+01
   20.6000      0.366678188112E+01
   20.7000      0.438007666120E+01
   20.8000      0.449129335872E+01
   20.9000      0.428768130146E+01
   21.0000      0.377098774789E+01
   21.1000      0.330450771668E+01
   21.2000      0.316850409869E+01
   21.3000      0.354088544642E+01
   21.4000      0.395850547734E+01
   21.5000      0.447467006810E+01
   21.6000      0.444596999461E+01
   21.7000      0.410079099951E+01
   21.8000      0.359044691750E+01
   21.9000      0.313149104149E+01
   22.0000      0.309568670409E+01
   22.1000      0.331344603140E+01
   22.2000      0.363232953918E+01
   22.3000      0.380240528463E+01
   22.4000      0.372006630844E+01
   22.5000      0.347318426380E+01
   22.6000      0.330544932201E+01
   22.7000      0.336503683715E+01
   22.8000      0.356427378341E+01
   22.9000      0.390396181100E+01
   23.0000      0.402485325144E+01
   23.1000      0.405246164367E+01
   23.2000      0.401019477684E+01
   23.3000      0.408946418248E+01
   23.4000      0.430957072807E+01
   23.5000      0.478006919227E+01
   23.6000      0.491239777673E+01
   23.7000      0.514419146698E+01
   23.8000      0.481893554595E+01
   23.9000      0.467532042381E+01
   24.0000      0.453242267889E+01
   24.1000      0.464326948752E+01
   24.2000      0.489066953535E+01
   24.3000      0.513809812959E+01
   24.4000      0.497832788824E+01
   24.5000      0.484209782352E+01
   24.6000      0.424143840240E+01
   24.7000      0.400524878021E+01
   24.8000      0.377900015942E+01
   24.9000      0.377635380075E+01
   25.0000      0.388818724953E+01
   25.1000      0.381308268679E+01
   25.2000      0.364797141388E+01
   25.3000      0.342528010217E+01
   25.4000      0.308067852857E+01
   25.5000      0.300641618888E+01
   25.6000      0.286531972711E+01
   25.7000      0.287807144108E+01
   25.8000      0.289830511483E+01
   25.9000      0.283459879952E+01
   26.0000      0.290635528055E+01
   26.1000      0.289832032847E+01
   26.2000      0.296556448459E+01
   26.3000      0.301837478168E+01
   26.4000      0.294575878028E+01
   26.5000      0.294337764311E+01
   26.6000      0.285605442409E+01
   26.7000      0.292670866096E+01
   26.8000      0.307485462823E+01
   26.9000      0.322677582373E+01
   27.0000      0.340624054054E+01
   27.1000      0.337808968420E+01
   27.2000      0.329044079648E+01
   27.3000      0.316180099905E+01
   27.4000      0.301451567389E+01
   27.5000      0.310049220729E+01
   27.6000      0.313903951703E+01
   27.7000      0.328743472885E+01
   27.8000      0.334757712399E+01
   27.9000      0.323998293798E+01
   28.0000      0.318747546853E+01
   28.1000      0.298422243073E+01
   28.2000      0.291566439639E+01
   28.3000      0.288178327072E+01
   28.4000      0.282226724788E+01
   28.5000      0.285705104934E+01
   28.6000      0.280708587472E+01
   28.7000      0.275374795711E+01
   28.8000      0.278417351134E+01
   28.9000      0.265163757975E+01
   29.0000      0.267105127491E+01
   29.1000      0.249148828307E+01
   29.2000      0.238042230990E+01
   29.3000      0.226062566809E+01
   29.4000      0.219190570226E+01
   29.5000      0.224340563549E+01
   29.6000      0.233533874434E+01
   29.7000      0.237039684832E+01
   29.8000      0.237937358554E+01
   29.9000      0.217594676631E+01
   30.0000      0.202161632190E+01
   30.1000      0.182143042783E+01
   30.2000      0.180915196818E+01
   30.3000      0.191517714013E+01
   30.4000      0.207489683133E+01
   30.5000      0.223966243572E+01
   30.6000      0.221962276887E+01
   30.7000      0.211029771587E+01
   30.8000      0.192779496165E+01
   30.9000      0.175933734945E+01
   31.0000      0.179592040635E+01
   31.1000      0.186624619211E+01
   31.2000      0.207549436542E+01
   31.3000      0.219897977988E+01
   31.4000      0.219166841551E+01
   31.5000      0.213048791032E+01
   31.6000      0.195257889227E+01
   31.7000      0.185129826390E+01
   31.8000      0.185446773623E+01
   31.9000      0.185110908824E+01
   32.0000      0.199347139549E+01
   32.1000      0.196005092645E+01
   32.2000      0.196225948016E+01
   32.3000      0.186606047796E+01
   32.4000      0.176906661449E+01
   32.5000      0.174349519901E+01
   32.6000      0.171995883332E+01
   32.7000      0.171463687054E+01
   32.8000      0.170823743573E+01
   32.9000      0.159822539896E+01
   33.0000      0.157568122811E+01
   33.1000      0.150192908433E+01
   33.2000      0.158232089966E+01
   33.3000      0.167587748452E+01
   33.4000      0.176844885187E+01
   33.5000      0.182809413620E+01
   33.6000      0.173429465322E+01
   33.7000      0.165084443797E+01
   33.8000      0.157373562619E+01
   33.9000      0.160737869295E+01
   34.0000      0.184497702674E+01
   34.1000      0.205925878677E+01
   34.2000      0.233081122790E+01
   34.3000      0.238726833977E+01
   34.4000      0.229309480662E+01
   34.5000      0.215881239839E+01
   34.6000      0.200068847618E+01
   34.7000      0.206784893307E+01
   34.8000      0.229648459772E+01
   34.9000      0.254094883599E+01
   35.0000      0.284317414278E+01
   35.1000      0.279284903692E+01
   35.2000      0.268804056018E+01
   35.3000      0.238366971297E+01
   35.4000      0.215802713019E+01
   35.5000      0.211766946065E+01
   35.6000      0.221925834523E+01
   35.7000      0.239967364514E+01
   35.8000      0.256220005547E+01
   35.9000      0.243749239948E+01
   36.0000      0.228201996072E+01
   36.1000      0.189757209711E+01
   36.2000      0.168706538010E+01
   36.3000      0.155504253496E+01
   36.4000      0.159399549877E+01
   36.5000      0.169640525563E+01
   36.6000      0.173421588229E+01
   36.7000      0.164799376228E+01
   36.8000      0.147994604765E+01
   36.9000      0.124284423024E+01
   37.0000      0.113580764546E+01
   37.1000      0.108018778491E+01
   37.2000      0.117125292447E+01
   37.3000      0.123579135642E+01
   37.4000      0.126544302579E+01
   37.5000      0.123012022770E+01
   37.6000      0.112801305205E+01
   37.7000      0.110853505431E+01
   37.8000      0.111966211823E+01
   37.9000      0.123608936200E+01
   38.0000      0.137283132049E+01
   38.1000      0.142980504810E+01
   38.2000      0.146846824125E+01
   38.3000      0.139516395847E+01
   38.4000      0.136487889675E+01
   38.5000      0.140740144567E+01
   38.6000      0.148607882342E+01
   38.7000      0.167746785492E+01
   38.8000      0.177699272091E+01
   38.9000      0.182221231513E+01
   39.0000      0.179049095671E+01
   39.1000      0.164695806950E+01
   39.2000      0.161146645256E+01
   39.3000      0.157009205640E+01
   39.4000      0.165499604063E+01
   39.5000      0.176643198497E+01
   39.6000      0.180818874442E+01
   39.7000      0.181703186120E+01
   39.8000      0.170290862957E+01
   39.9000      0.156096521223E+01
   40.0000      0.147100119983E+01
   40.1000      0.138317919523E+01
   40.2000      0.143137304653E+01
   40.3000      0.143704722107E+01
   40.4000      0.146061788640E+01
   40.5000      0.142396990569E+01
   40.6000      0.132176044230E+01
   40.7000      0.124506253721E+01
   40.8000      0.115295372787E+01
   40.9000      0.113086644620E+01
   41.0000      0.113477985716E+01
   41.1000      0.113046916687E+01
   41.2000      0.114047768737E+01
   41.3000      0.109059208987E+01
   41.4000      0.106102002166E+01
   41.5000      0.103657783328E+01
   41.6000      0.102248252610E+01
   41.7000      0.107659187457E+01
   41.8000      0.107334245295E+01
   41.9000      0.111776917153E+01
   42.0000      0.108567165534E+01
   42.1000      0.106583124335E+01
   42.2000      0.105535041702E+01
   42.3000      0.105094923132E+01
   42.4000      0.110340054232E+01
   42.5000      0.115890933839E+01
   42.6000      0.118814190284E+01
   42.7000      0.123610759040E+01
   42.8000      0.117816357921E+01
   42.9000      0.118570217917E+01
   43.0000      0.113082317334E+01
   43.1000      0.114453722082E+01
   43.2000      0.117475866920E+01
   43.3000      0.120187523008E+01
   43.4000      0.124448172201E+01
   43.5000      0.124753428682E+01
   43.6000      0.121509990516E+01
   43.7000      0.121174452756E+01
   43.8000      0.114553828075E+01
   43.9000      0.117571689328E+01
   44.0000      0.114790786592E+01
   44.1000      0.117997869787E+01
   44.2000      0.118052420339E+01
   44.3000      0.116950013115E+01
   44.4000      0.116348489023E+01
   44.5000      0.114619977975E+01
   44.6000      0.113306669394E+01
   44.7000      0.116169454082E+01
   44.8000      0.113647406673E+01
   44.9000      0.118380413824E+01
   45.0000      0.113802395857E+01
   45.1000      0.115732543909E+01
   45.2000      0.112786878068E+01
   45.3000      0.113624824384E+01
   45.4000      0.115805804074E+01
   45.5000      0.118695204228E+01
   45.6000      0.121208720856E+01
   45.7000      0.124664340977E+01
   45.8000      0.120938245766E+01
   45.9000      0.123538164435E+01
   46.0000      0.117011661503E+01
   46.1000      0.120847984637E+01
   46.2000      0.119770034823E+01
   46.3000      0.124707989242E+01
   46.4000      0.128062729371E+01
   46.5000      0.130102183500E+01
   46.6000      0.129590787681E+01
   46.7000      0.128674368677E+01
   46.8000      0.122691031379E+01
   46.9000      0.124329658873E+01
   47.0000      0.119374181975E+01
   47.1000      0.124953303143E+01
   47.2000      0.123957552660E+01
   47.3000      0.127334540272E+01
   47.4000      0.126263483333E+01
   47.5000      0.123970447516E+01
   47.6000      0.120277467494E+01
   47.7000      0.117588145045E+01
   47.8000      0.113642491151E+01
   47.9000      0.115846600425E+01
   48.0000      0.113041763673E+01
   48.1000      0.117243186214E+01
   48.2000      0.113848542286E+01
   48.3000      0.114623172871E+01
   48.4000      0.110687357657E+01
   48.5000      0.108673645052E+01
   48.6000      0.106831208164E+01
   48.7000      0.106376575831E+01
   48.8000      0.106395366688E+01
   48.9000      0.108486214741E+01
   49.0000      0.106652075382E+01
   49.1000      0.109136559241E+01
   49.2000      0.104748912114E+01
   49.3000      0.106793510077E+01
   49.4000      0.104038756250E+01
   49.5000      0.106000073782E+01
   49.6000      0.107139151772E+01
   49.7000      0.108299181367E+01
   49.8000      0.109739760821E+01
   49.9000      0.110067398440E+01
   50.0000      0.108086581372E+01
   50.1000      0.110022338922E+01
   50.2000      0.106380758768E+01
   50.3000      0.111010760104E+01
   50.4000      0.109493542227E+01
   50.5000      0.113228392182E+01
   50.6000      0.113722483446E+01
   50.7000      0.113121389672E+01
   50.8000      0.112730234597E+01
   50.9000      0.110607639655E+01
   51.0000      0.108429274769E+01
   51.1000      0.110087458351E+01
   51.2000      0.107419854704E+01
   51.3000      0.112064275804E+01
   51.4000      0.109456401178E+01
   51.5000      0.111070332622E+01
   51.6000      0.108360168992E+01
   51.7000      0.105121201238E+01
   51.8000      0.103112333926E+01
   51.9000      0.100071434434E+01
   52.0000      0.991479924837E+00
   52.1000      0.100092747542E+01
   52.2000      0.983690999157E+00
   52.3000      0.100431534948E+01
   52.4000      0.963988007673E+00
   52.5000      0.954497154078E+00
   52.6000      0.913775078669E+00
   52.7000      0.883038027980E+00
   52.8000      0.875349649360E+00
   52.9000      0.856615400518E+00
   53.0000      0.871923387428E+00
   53.1000      0.868263309393E+00
   53.2000      0.864163242575E+00
   53.3000      0.857351328023E+00
   53.4000      0.824861909597E+00
   53.5000      0.814513485627E+00
   53.6000      0.793183132000E+00
   53.7000      0.789341502425E+00
   53.8000      0.806510336355E+00
   53.9000      0.800246961852E+00
   54.0000      0.831823276677E+00
   54.1000      0.810315409035E+00
   54.2000      0.821215567279E+00
   54.3000      0.800275597895E+00
   54.4000      0.794358754584E+00
   54.5000      0.798301318250E+00
   54.6000      0.803284999322E+00
   54.7000      0.818946226197E+00
   54.8000      0.842517011641E+00
   54.9000      0.832498641324E+00
   55.0000      0.859795120900E+00
   55.1000      0.822253535852E+00
   55.2000      0.843989870160E+00
   55.3000      0.819572810933E+00
   55.4000      0.837693610685E+00
   55.5000      0.846820458398E+00
   55.6000      0.859958634906E+00
   55.7000      0.870363606483E+00
   55.8000      0.876822535585E+00
   55.9000      0.853682481192E+00
   56.0000      0.864347977704E+00
   56.1000      0.822243925033E+00
   56.2000      0.848081158661E+00
   56.3000      0.824873316072E+00
   56.4000      0.853183624586E+00
   56.5000      0.852589148153E+00
   56.6000      0.858741145794E+00
   56.7000      0.851250935086E+00
   56.8000      0.837000364276E+00
   56.9000      0.808873911644E+00
   57.0000      0.805798442893E+00
   57.1000      0.775070724076E+00
   57.2000      0.800251375771E+00
   57.3000      0.782615747467E+00
   57.4000      0.811553119011E+00
   57.5000      0.798523264103E+00
   57.6000      0.798899307116E+00
   57.7000      0.779318679949E+00
   57.8000      0.757467645595E+00
   57.9000      0.738358181392E+00
   58.0000      0.730406859912E+00
   58.1000      0.721487603478E+00
   58.2000      0.742924011036E+00
   58.3000      0.736052822413E+00
   58.4000      0.762194456220E+00
   58.5000      0.744444903218E+00
   58.6000      0.746363137829E+00
   58.7000      0.725000646525E+00
   58.8000      0.707569939648E+00
   58.9000      0.702422234789E+00
   59.0000      0.694149199239E+00
   59.1000      0.706178324170E+00
   59.2000      0.720167185774E+00
   59.3000      0.726234342364E+00
   59.4000      0.746067963212E+00
   59.5000      0.731333450739E+00
   59.6000      0.735615323446E+00
   59.7000      0.716510242728E+00
   59.8000      0.705307775963E+00
   59.9000      0.707936676491E+00
   60.0000      0.698646398813E+00
   60.1000      0.722158551590E+00
   60.2000      0.725494198827E+00
   60.3000      0.742071410892E+00
   60.4000      0.750693542869E+00
   60.5000      0.742475055748E+00
   60.6000      0.743273417296E+00
   60.7000      0.725838524562E+00
   60.8000      0.716453907432E+00
   60.9000      0.717860701139E+00
   61.0000      0.706819330253E+00
   61.1000      0.731036563986E+00
   61.2000      0.724823796632E+00
   61.3000      0.747324859160E+00
   61.4000      0.743164764898E+00
   61.5000      0.742705463818E+00
   61.6000      0.734955796545E+00
   61.7000      0.719670643984E+00
   61.8000      0.708461888243E+00
   61.9000      0.704292959811E+00
   62.0000      0.693894253573E+00
   62.1000      0.711981446852E+00
   62.2000      0.702887610159E+00
   62.3000      0.726924738503E+00
   62.4000      0.714917923942E+00
   62.5000      0.722330177107E+00
   62.6000      0.706396721819E+00
   62.7000      0.695687470823E+00
   62.8000      0.681974837226E+00
   62.9000      0.673244366544E+00
   63.0000      0.667091219088E+00
   63.1000      0.676796696862E+00
   63.2000      0.673448556176E+00
   63.3000      0.694929664760E+00
   63.4000      0.684103543643E+00
   63.5000      0.696778477839E+00
   63.6000      0.677370984411E+00
   63.7000      0.672163331458E+00
   63.8000      0.656608054699E+00
   63.9000      0.646181602500E+00
   64.0000      0.645472241789E+00
   64.1000      0.647474601970E+00
   64.2000      0.655138550242E+00
   64.3000      0.670193827714E+00
   64.4000      0.668422432499E+00
   64.5000      0.680439788374E+00
   64.6000      0.663300200234E+00
   64.7000      0.660668923602E+00
   64.8000      0.644031352226E+00
   64.9000      0.633700330650E+00
   65.0000      0.636149092623E+00
   65.1000      0.632923641860E+00
   65.2000      0.650750111819E+00
   65.3000      0.657381731912E+00
   65.4000      0.667537831073E+00
   65.5000      0.672550490201E+00
   65.6000      0.662005361934E+00
   65.7000      0.656736668503E+00
   65.8000      0.640298130296E+00
   65.9000      0.630281032579E+00
   66.0000      0.632143349287E+00
   66.1000      0.627473693116E+00
   66.2000      0.649610835116E+00
   66.3000      0.649741915027E+00
   66.4000      0.668864138473E+00
   66.5000      0.664481049758E+00
   66.6000      0.662046952425E+00
   66.7000      0.650397952686E+00
   66.8000      0.636246380688E+00
   66.9000      0.626004682974E+00
   67.0000      0.624784208873E+00
   67.1000      0.622595241161E+00
   67.2000      0.641647273035E+00
   67.3000      0.640882272832E+00
   67.4000      0.661841290519E+00
   67.5000      0.651687346284E+00
   67.6000      0.655237487394E+00
   67.7000      0.637699154842E+00
   67.8000      0.627524678276E+00
   67.9000      0.616605689346E+00
   68.0000      0.612224134665E+00
   68.1000      0.614614729276E+00
   68.2000      0.625318203540E+00
   68.3000      0.629731287535E+00
   68.4000      0.644578231685E+00
   68.5000      0.636225884290E+00
   68.6000      0.640441363648E+00
   68.7000      0.621750270137E+00
   68.8000      0.615131437268E+00
   68.9000      0.603798255848E+00
   69.0000      0.597908811976E+00
   69.1000      0.603878729261E+00
   69.2000      0.605437581689E+00
   69.3000      0.617491838955E+00
   69.4000      0.621468397611E+00
   69.5000      0.621576201632E+00
   69.6000      0.620569431503E+00
   69.7000      0.607122952254E+00
   69.8000      0.601293418392E+00
   69.9000      0.590906117578E+00
   70.0000      0.585349387043E+00
   70.1000      0.591521581771E+00
   70.2000      0.587619828257E+00
   70.3000      0.604213429428E+00
   70.4000      0.598563234283E+00
   70.5000      0.608371683945E+00
   70.6000      0.599593510823E+00
   70.7000      0.595635264569E+00
   70.8000      0.587458487382E+00
   70.9000      0.580109937144E+00
   71.0000      0.575698026912E+00
   71.1000      0.578671319376E+00
   71.2000      0.575023276637E+00
   71.3000      0.589217297972E+00
   71.4000      0.580715493062E+00
   71.5000      0.594848124174E+00
   71.6000      0.581548001910E+00
   71.7000      0.586198430157E+00
   71.8000      0.575021834165E+00
   71.9000      0.572152835847E+00
   72.0000      0.568526966866E+00
   72.1000      0.567116672551E+00
   72.2000      0.567803640530E+00
   72.3000      0.573272190750E+00
   72.4000      0.570034073108E+00
   72.5000      0.579690463103E+00
   72.6000      0.569490495663E+00
   72.7000      0.576733730669E+00
   72.8000      0.565763982924E+00
   72.9000      0.566604710076E+00
   73.0000      0.563171694877E+00
   73.1000      0.558911165303E+00
   73.2000      0.563852131888E+00
   73.3000      0.559156976059E+00
   73.4000      0.565072351719E+00
   73.5000      0.563932433472E+00
   73.6000      0.563724227010E+00
   73.7000      0.566072053997E+00
   73.8000      0.560715910466E+00
   73.9000      0.562168788421E+00
   74.0000      0.559279936237E+00
   74.1000      0.554966609426E+00
   74.2000      0.560386700874E+00
   74.3000      0.550040621034E+00
   74.4000      0.561778632168E+00
   74.5000      0.550706261061E+00
   74.6000      0.561209444042E+00
   74.7000      0.555116124596E+00
   74.8000      0.558964444042E+00
   74.9000      0.557718316159E+00
   75.0000      0.556865879615E+00
   75.1000      0.554466493676E+00
   75.2000      0.556093304984E+00
   75.3000      0.547429556126E+00
   75.4000      0.556625400266E+00
   75.5000      0.543432672348E+00
   75.6000      0.557745037819E+00
   75.7000      0.546778862915E+00
   75.8000      0.558111351282E+00
   75.9000      0.553694041006E+00
   76.0000      0.556231818653E+00
   76.1000      0.555896179619E+00
   76.2000      0.552396567774E+00
   76.3000      0.550346970961E+00
   76.4000      0.549778210703E+00
   76.5000      0.543556164667E+00
   76.6000      0.551545378927E+00
   76.7000      0.544161968709E+00
   76.8000      0.556153345922E+00
   76.9000      0.552144873362E+00
   77.0000      0.557561397770E+00
   77.1000      0.558405320830E+00
   77.2000      0.552283331449E+00
   77.3000      0.556016241650E+00
   77.4000      0.545155895176E+00
   77.5000      0.549118629906E+00
   77.6000      0.544886871977E+00
   77.7000      0.547687543432E+00
   77.8000      0.552993639206E+00
   77.9000      0.554593137887E+00
   78.0000      0.560259015196E+00
   78.1000      0.561889260251E+00
   78.2000      0.557225869514E+00
   78.3000      0.561390515534E+00
   78.4000      0.546788926505E+00
   78.5000      0.555502451506E+00
   78.6000      0.542038713925E+00
   78.7000      0.553733540673E+00
   78.8000      0.550260745955E+00
   78.9000      0.559618599658E+00
   79.0000      0.562857382501E+00
   79.1000      0.565916650982E+00
   79.2000      0.565129477624E+00
   79.3000      0.564713155827E+00
   79.4000      0.554718245793E+00
   79.5000      0.558524478202E+00
   79.6000      0.545258769660E+00
   79.7000      0.556928699262E+00
   79.8000      0.549713845285E+00
   79.9000      0.563139707082E+00
   80.0000      0.563967390333E+00
   80.1000      0.569088724576E+00
   80.2000      0.571647848552E+00
   80.3000      0.566239789853E+00
   80.4000      0.564465033459E+00
   80.5000      0.557682286773E+00
   80.6000      0.552502856246E+00
   80.7000      0.554699680586E+00
   80.8000      0.551503710092E+00
   80.9000      0.561726404139E+00
   81.0000      0.563242770280E+00
   81.1000      0.569702214665E+00
   81.2000      0.573625145222E+00
   81.3000      0.567349646656E+00
   81.4000      0.570549226876E+00
   81.5000      0.556194850385E+00
   81.6000      0.558808019179E+00
   81.7000      0.549494623230E+00
   81.8000      0.553529189797E+00
   81.9000      0.555621887250E+00
   82.0000      0.560958365272E+00
   82.1000      0.566869049055E+00
   82.2000      0.570999016745E+00
   82.3000      0.568474856245E+00
   82.4000      0.570514972006E+00
   82.5000      0.557168147809E+00
   82.6000      0.560030840206E+00
   82.7000      0.545884949220E+00
   82.8000      0.552594188512E+00
   82.9000      0.548089141710E+00
   83.0000      0.556686711409E+00
   83.1000      0.560824599523E+00
   83.2000      0.565406625850E+00
   83.3000      0.567880761360E+00
   83.4000      0.565753595000E+00
   83.5000      0.559697298497E+00
   83.6000      0.555731503594E+00
   83.7000      0.545414884596E+00
   83.8000      0.546922760109E+00
   83.9000      0.541759637101E+00
   84.0000      0.549205854241E+00
   84.1000      0.552294485269E+00
   84.2000      0.557663341200E+00
   84.3000      0.562921890399E+00
   84.4000      0.558928860756E+00
   84.5000      0.559393932956E+00
   84.6000      0.548776691473E+00
   84.7000      0.544957951046E+00
   84.8000      0.537910189443E+00
   84.9000      0.536067633105E+00
   85.0000      0.538202565860E+00
   85.1000      0.541730851317E+00
   85.2000      0.547183382899E+00
   85.3000      0.552537552396E+00
   85.4000      0.550976288600E+00
   85.5000      0.552858243299E+00
   85.6000      0.542029058308E+00
   85.7000      0.540404463748E+00
   85.8000      0.528877984467E+00
   85.9000      0.528566496747E+00
   86.0000      0.525455582410E+00
   86.1000      0.529223603005E+00
   86.2000      0.533571031383E+00
   86.3000      0.538132237209E+00
   86.4000      0.540661946022E+00
   86.5000      0.540904510373E+00
   86.6000      0.535433206555E+00
   86.7000      0.531269707095E+00
   86.8000      0.521718162293E+00
   86.9000      0.518495052538E+00
   87.0000      0.513572355319E+00
   87.1000      0.515316374461E+00
   87.2000      0.518048169260E+00
   87.3000      0.522126434220E+00
   87.4000      0.526859818875E+00
   87.5000      0.526991099319E+00
   87.6000      0.526708923257E+00
   87.7000      0.520767496328E+00
   87.8000      0.515302919603E+00
   87.9000      0.508228558613E+00
   88.0000      0.503756351143E+00
   88.1000      0.501823711894E+00
   88.2000      0.502969170731E+00
   88.3000      0.506319639049E+00
   88.4000      0.510707376678E+00
   88.5000      0.513230463138E+00
   88.6000      0.514710751346E+00
   88.7000      0.511406624765E+00
   88.8000      0.507606899493E+00
   88.9000      0.500507701559E+00
   89.0000      0.495501645478E+00
   89.1000      0.491123435652E+00
   89.2000      0.490222837055E+00
   89.3000      0.491849383168E+00
   89.4000      0.495030284498E+00
   89.5000      0.499151416722E+00
   89.6000      0.501100056540E+00
   89.7000      0.501930957617E+00
   89.8000      0.498581492485E+00
   89.9000      0.494810127056E+00
   90.0000      0.488400071698E+00
   90.1000      0.484138325835E+00
   90.2000      0.480646926389E+00
   90.3000      0.480061575542E+00
   90.4000      0.482121604799E+00
   90.5000      0.484654112368E+00
   90.6000      0.488455189627E+00
   90.7000      0.490073109152E+00
   90.8000      0.489917259479E+00
   90.9000      0.488154087505E+00
   91.0000      0.483181834548E+00
   91.1000      0.479622728377E+00
   91.2000      0.474805004997E+00
   91.3000      0.472531562900E+00
   91.4000      0.472956786762E+00
   91.5000      0.472675327389E+00
   91.6000      0.477907291182E+00
   91.7000      0.477470147596E+00
   91.8000      0.482289407804E+00
   91.9000      0.479700330277E+00
   92.0000      0.479976359116E+00
   92.1000      0.475897920049E+00
   92.2000      0.472808145447E+00
   92.3000      0.469642861022E+00
   92.4000      0.467907202705E+00
   92.5000      0.466814587508E+00
   92.6000      0.469455634139E+00
   92.7000      0.468975012383E+00
   92.8000      0.474410124084E+00
   92.9000      0.472306131490E+00
   93.0000      0.476358854375E+00
   93.1000      0.472501319395E+00
   93.2000      0.472594102321E+00
   93.3000      0.469445620900E+00
   93.4000      0.466613870018E+00
   93.5000      0.466599192725E+00
   93.6000      0.463909268320E+00
   93.7000      0.466591969715E+00
   93.8000      0.466138164275E+00
   93.9000      0.468544838246E+00
   94.0000      0.469876349251E+00
   94.1000      0.469793232288E+00
   94.2000      0.470650356430E+00
   94.3000      0.469192692133E+00
   94.4000      0.467453737525E+00
   94.5000      0.467899074941E+00
   94.6000      0.463207627709E+00
   94.7000      0.467356752157E+00
   94.8000      0.461467718556E+00
   94.9000      0.467632148429E+00
   95.0000      0.463217100020E+00
   95.1000      0.467980270977E+00
   95.2000      0.466514560387E+00
   95.3000      0.468134454323E+00
   95.4000      0.468489468168E+00
   95.5000      0.468282604113E+00
   95.6000      0.467602010749E+00
   95.7000      0.468247673483E+00
   95.8000      0.464752686839E+00
   95.9000      0.467656880629E+00
   96.0000      0.462735246938E+00
   96.1000      0.466926725624E+00
   96.2000      0.464079869515E+00
   96.3000      0.467128686216E+00
   96.4000      0.468537018836E+00
   96.5000      0.468413791037E+00
   96.6000      0.472679536162E+00
   96.7000      0.469307428695E+00
   96.8000      0.472879209411E+00
   96.9000      0.468421109888E+00
   97.0000      0.469214934283E+00
   97.1000      0.466568842325E+00
   97.2000      0.465914994939E+00
   97.3000      0.466156928915E+00
   97.4000      0.467135856421E+00
   97.5000      0.468170930478E+00
   97.6000      0.472313641428E+00
   97.7000      0.470580787810E+00
   97.8000      0.476399923949E+00
   97.9000      0.470518382415E+00
   98.0000      0.475106128916E+00
   98.1000      0.467800988446E+00
   98.2000      0.469577270980E+00
   98.3000      0.465471797092E+00
   98.4000      0.465342504217E+00
   98.5000      0.466490103531E+00
   98.6000      0.466550862733E+00
   98.7000      0.470264403622E+00
   98.8000      0.471578116613E+00
   98.9000      0.473001645684E+00
   99.0000      0.474673716046E+00
   99.1000      0.471683807978E+00
   99.2000      0.472014284223E+00
   99.3000      0.467518263345E+00
   99.4000      0.465870908371E+00
   99.5000      0.465048322316E+00
   99.6000      0.462375638685E+00
   99.7000      0.467462680336E+00
   99.8000      0.465002985793E+00
   99.9000      0.472829648614E+00
  100.0000      0.470679233709E+00
  100.1000      0.475603989807E+00
  100.2000      0.472994450012E+00
  100.3000      0.472453906776E+00
  100.4000      0.469285447867E+00
  100.5000      0.466310097805E+00
  100.6000      0.463697943539E+00
  100.7000      0.463671245568E+00
  100.8000      0.462533402849E+00
  100.9000      0.467479205545E+00
  101.0000      0.467036849898E+00
  101.1000      0.473450798669E+00
  101.2000      0.471965749459E+00
  101.3000      0.474480152562E+00
  101.4000      0.471636995353E+00
  101.5000      0.468545854075E+00
  101.6000      0.466376420374E+00
  101.7000      0.461151407906E+00
  101.8000      0.461921414522E+00
  101.9000      0.459344725897E+00
  102.0000      0.462715595433E+00
  102.1000      0.463994941332E+00
  102.2000      0.467000585345E+00
  102.3000      0.468954715159E+00
  102.4000      0.469105589487E+00
  102.5000      0.467864065541E+00
  102.6000      0.465908465269E+00
  102.7000      0.460944578688E+00
  102.8000      0.460103053839E+00
  102.9000      0.454535444592E+00
  103.0000      0.457002463304E+00
  103.1000      0.454242644719E+00
  103.2000      0.458757096199E+00
  103.3000      0.459170236467E+00
  103.4000      0.462226286663E+00
  103.5000      0.463115455373E+00
  103.6000      0.462500088316E+00
  103.7000      0.461171743199E+00
  103.8000      0.458167271474E+00
  103.9000      0.454758356169E+00
  104.0000      0.452793089154E+00
  104.1000      0.449941375852E+00
  104.2000      0.451085453886E+00
  104.3000      0.450937039855E+00
  104.4000      0.453809145568E+00
  104.5000      0.455702857969E+00
  104.6000      0.456934576578E+00
  104.7000      0.458275795915E+00
  104.8000      0.456035850866E+00
  104.9000      0.455244918381E+00
  105.0000      0.451146773760E+00
  105.1000      0.449275080814E+00
  105.2000      0.446652212933E+00
  105.3000      0.445949939928E+00
  105.4000      0.446348064297E+00
  105.5000      0.447646590677E+00
  105.6000      0.449292903695E+00
  105.7000      0.451238504421E+00
  105.8000      0.451069905198E+00
  105.9000      0.451828097176E+00
  106.0000      0.448796411717E+00
  106.1000      0.448019364786E+00
  106.2000      0.444110799306E+00
  106.3000      0.443024872203E+00
  106.4000      0.441030221174E+00
  106.5000      0.440914299309E+00
  106.6000      0.441468151310E+00
  106.7000      0.442418354657E+00
  106.8000      0.443444794568E+00
  106.9000      0.444566585020E+00
  107.0000      0.443591367470E+00
  107.1000      0.444039118976E+00
  107.2000      0.440848495108E+00
  107.3000      0.440496951574E+00
  107.4000      0.437374706060E+00
  107.5000      0.436642220713E+00
  107.6000      0.435992020523E+00
  107.7000      0.435268040516E+00
  107.8000      0.437135172021E+00
  107.9000      0.436470365663E+00
  108.0000      0.438559243725E+00
  108.1000      0.437820477510E+00
  108.2000      0.437962086695E+00
  108.3000      0.437118035020E+00
  108.4000      0.435539317105E+00
  108.5000      0.434640910632E+00
  108.6000      0.433646684921E+00
  108.7000      0.432518029195E+00
  108.8000      0.434031037913E+00
  108.9000      0.432202477292E+00
  109.0000      0.435834480332E+00
  109.1000      0.433078917831E+00
  109.2000      0.436618668048E+00
  109.3000      0.433591343433E+00
  109.4000      0.435126603042E+00
  109.5000      0.433151492876E+00
  109.6000      0.432583585808E+00
  109.7000      0.432453293822E+00
  109.8000      0.431200540156E+00
  109.9000      0.432184091296E+00
  110.0000      0.431754252296E+00
  110.1000      0.432115535038E+00
  110.2000      0.432900090244E+00
  110.3000      0.431678810092E+00
  110.4000      0.432710071778E+00
  110.5000      0.430960416191E+00
  110.6000      0.430631760044E+00
  110.7000      0.430654673305E+00
  110.8000      0.427957431630E+00
  110.9000      0.431108973141E+00
  111.0000      0.426549393642E+00
  111.1000      0.431760107883E+00
  111.2000      0.427122668826E+00
  111.3000      0.431637155572E+00
  111.4000      0.428647772517E+00
  111.5000      0.430364720151E+00
  111.6000      0.429404086254E+00
  111.7000      0.428677010591E+00
  111.8000      0.428690815751E+00
  111.9000      0.427917613531E+00
  112.0000      0.427481427926E+00
  112.1000      0.428816740091E+00
  112.2000      0.427317306642E+00
  112.3000      0.430581595127E+00
  112.4000      0.428661654908E+00
  112.5000      0.431372849109E+00
  112.6000      0.430550600817E+00
  112.7000      0.430057898703E+00
  112.8000      0.431788247956E+00
  112.9000      0.427561459840E+00
  113.0000      0.432097567007E+00
  113.1000      0.426156182612E+00
  113.2000      0.431941954410E+00
  113.3000      0.427193980279E+00
  113.4000      0.431646089394E+00
  113.5000      0.429692877871E+00
  113.6000      0.431195741346E+00
  113.7000      0.431349634537E+00
  113.8000      0.430740739897E+00
  113.9000      0.430838524952E+00
  114.0000      0.430671754642E+00
  114.1000      0.428945843390E+00
  114.2000      0.430994066930E+00
  114.3000      0.427598880136E+00
  114.4000      0.431038743052E+00
  114.5000      0.428095270194E+00
  114.6000      0.430164581423E+00
  114.7000      0.430210537856E+00
  114.8000      0.428620029938E+00
  114.9000      0.432571118423E+00
  115.0000      0.427408402387E+00
  115.1000      0.433696125492E+00
  115.2000      0.427322338374E+00
  115.3000      0.433020872661E+00
  115.4000      0.428308891633E+00
  115.5000      0.431303797461E+00
  115.6000      0.429666912112E+00
  115.7000      0.430032165444E+00
  115.8000      0.430577550574E+00
  115.9000      0.430184495308E+00
  116.0000      0.430552045094E+00
  116.1000      0.431437006535E+00
  116.2000      0.429821815483E+00
  116.3000      0.432560855406E+00
  116.4000      0.429406042448E+00
  116.5000      0.432524477402E+00
  116.6000      0.430323376343E+00
  116.7000      0.431176755577E+00
  116.8000      0.432387558317E+00
  116.9000      0.429123955299E+00
  117.0000      0.434075958881E+00
  117.1000      0.427358227191E+00
  117.2000      0.434001227898E+00
  117.3000      0.426929033949E+00
  117.4000      0.432441489615E+00
  117.5000      0.428308147149E+00
  117.6000      0.431031281144E+00
  117.7000      0.430662695128E+00
  117.8000      0.430873319390E+00
  117.9000      0.432099036578E+00
  118.0000      0.431402421981E+00
  118.1000      0.431232097079E+00
  118.2000      0.431322300668E+00
  118.3000      0.428711992024E+00
  118.4000      0.430194739587E+00
  118.5000      0.426892236237E+00
  118.6000      0.428713047587E+00
  118.7000      0.427649458549E+00
  118.8000      0.427659753058E+00
  118.9000      0.430506576347E+00
  119.0000      0.427065162818E+00
  119.1000      0.432983117976E+00
  119.2000      0.426475104775E+00
  119.3000      0.432756226206E+00
  119.4000      0.425709534360E+00
  119.5000      0.429622877306E+00
  119.6000      0.425101799504E+00
  119.7000      0.425721727681E+00
  119.8000      0.425127246838E+00
  119.9000      0.423842609345E+00
  120.0000      0.425940882960E+00
  120.1000      0.425089888959E+00
  120.2000      0.427081803326E+00
  120.3000      0.427830681039E+00
  120.4000      0.427592399652E+00
  120.5000      0.428965915017E+00
  120.6000      0.426797396327E+00
  120.7000      0.426724129777E+00
  120.8000      0.425166355577E+00
  120.9000      0.422457705160E+00
  121.0000      0.424179443831E+00
  121.1000      0.419438331478E+00
  121.2000      0.424875939686E+00
  121.3000      0.419744107405E+00
  121.4000      0.426402647066E+00
  121.5000      0.422339338213E+00
  121.6000      0.426493994786E+00
  121.7000      0.424177950030E+00
  121.8000      0.423727777804E+00
  121.9000      0.423134459210E+00
  122.0000      0.419158770638E+00
  122.1000      0.419822647079E+00
  122.2000      0.415572292947E+00
  122.3000      0.416752901078E+00
  122.4000      0.414998823005E+00
  122.5000      0.416008505472E+00
  122.6000      0.416867694121E+00
  122.7000      0.417545493274E+00
  122.8000      0.418552466525E+00
  122.9000      0.419357135834E+00
  123.0000      0.417685305036E+00
  123.1000      0.419293886251E+00
  123.2000      0.414269358984E+00
  123.3000      0.416946900931E+00
  123.4000      0.410796910459E+00
  123.5000      0.414026869393E+00
  123.6000      0.410084240427E+00
  123.7000      0.412716957302E+00
  123.8000      0.412693027331E+00
  123.9000      0.413411484217E+00
  124.0000      0.416206525220E+00
  124.1000      0.414324598556E+00
  124.2000      0.417195036287E+00
  124.3000      0.413368057844E+00
  124.4000      0.414297023529E+00
  124.5000      0.410321270029E+00
  124.6000      0.409421035475E+00
  124.7000      0.407020497083E+00
  124.8000      0.405962839577E+00
  124.9000      0.405410075889E+00
  125.0000      0.405793769448E+00
  125.1000      0.405690011248E+00
  125.2000      0.407739679508E+00
  125.3000      0.406320224360E+00
  125.4000      0.408829555750E+00
  125.5000      0.405635584806E+00
  125.6000      0.406945100109E+00
  125.7000      0.403436910735E+00
  125.8000      0.402683031182E+00
  125.9000      0.401110846985E+00
  126.0000      0.398879957659E+00
  126.1000      0.400409247728E+00
  126.2000      0.398085461284E+00
  126.3000      0.401783094081E+00
  126.4000      0.400289844982E+00
  126.5000      0.403720703297E+00
  126.6000      0.402854399957E+00
  126.7000      0.404004498925E+00
  126.8000      0.402953962604E+00
  126.9000      0.401763629991E+00
  127.0000      0.400198354679E+00
  127.1000      0.398415464993E+00
  127.2000      0.396772162134E+00
  127.3000      0.396290079129E+00
  127.4000      0.395139435238E+00
  127.5000      0.396328212646E+00
  127.6000      0.395724827959E+00
  127.7000      0.397245608565E+00
  127.8000      0.396882970027E+00
  127.9000      0.396905986411E+00
  128.0000      0.396661371661E+00
  128.1000      0.394430201734E+00
  128.2000      0.394471087509E+00
  128.3000      0.390869134309E+00
  128.4000      0.391398709815E+00
  128.5000      0.388286059685E+00
  128.6000      0.389234868233E+00
  128.7000      0.388090136060E+00
  128.8000      0.389200485771E+00
  128.9000      0.389914021886E+00
  129.0000      0.390842489736E+00
  129.1000      0.391820461711E+00
  129.2000      0.392222400872E+00
  129.3000      0.391753230213E+00
  129.4000      0.391543925078E+00
  129.5000      0.389445148075E+00
  129.6000      0.388983416587E+00
  129.7000      0.386799363723E+00
  129.8000      0.386647862541E+00
  129.9000      0.386139470883E+00
  130.0000      0.386349489360E+00
  130.1000      0.387776119216E+00
  130.2000      0.387656222017E+00
  130.3000      0.389630967153E+00
  130.4000      0.388387122580E+00
  130.5000      0.389315237173E+00
  130.6000      0.387048692668E+00
  130.7000      0.386449816043E+00
  130.8000      0.384200597301E+00
  130.9000      0.382868659213E+00
  131.0000      0.381664774932E+00
  131.1000      0.380777776424E+00
  131.2000      0.380724896038E+00
  131.3000      0.381071912245E+00
  131.4000      0.381372792932E+00
  131.5000      0.382843083419E+00
  131.6000      0.382669859725E+00
  131.7000      0.384221441766E+00
  131.8000      0.383405392246E+00
  131.9000      0.383603737152E+00
  132.0000      0.382831023843E+00
  132.1000      0.380996886298E+00
  132.2000      0.381289036380E+00
  132.3000      0.378272383626E+00
  132.4000      0.380218879222E+00
  132.5000      0.377766901595E+00
  132.6000      0.380795875206E+00
  132.7000      0.379974624204E+00
  132.8000      0.382524270856E+00
  132.9000      0.382831754847E+00
  133.0000      0.383417663203E+00
  133.1000      0.383579975869E+00
  133.2000      0.382078918882E+00
  133.3000      0.381392000276E+00
  133.4000      0.379145296585E+00
  133.5000      0.377958399802E+00
  133.6000      0.376635411078E+00
  133.7000      0.375709335344E+00
  133.8000      0.375874033868E+00
  133.9000      0.375835232038E+00
  134.0000      0.376582956976E+00
  134.1000      0.377761222929E+00
  134.2000      0.377483604394E+00
  134.3000      0.379896388886E+00
  134.4000      0.377561228236E+00
  134.5000      0.380554820151E+00
  134.6000      0.376588520369E+00
  134.7000      0.378993423030E+00
  134.8000      0.375278644547E+00
  134.9000      0.376123070830E+00
  135.0000      0.374893642355E+00
  135.1000      0.374179104158E+00
  135.2000      0.376376324316E+00
  135.3000      0.374777508060E+00
  135.4000      0.379154365105E+00
  135.5000      0.377279915085E+00
  135.6000      0.381213239869E+00
  135.7000      0.379239089492E+00
  135.8000      0.380716429897E+00
  135.9000      0.378827688125E+00
  136.0000      0.377843515128E+00
  136.1000      0.376408715602E+00
  136.2000      0.374639735032E+00
  136.3000      0.373856478208E+00
  136.4000      0.373180839329E+00
  136.5000      0.372703821017E+00
  136.6000      0.373852162220E+00
  136.7000      0.373275272577E+00
  136.8000      0.375455004060E+00
  136.9000      0.375003111452E+00
  137.0000      0.376328480301E+00
  137.1000      0.376907040059E+00
  137.2000      0.375572402543E+00
  137.3000      0.377906677774E+00
  137.4000      0.373481225867E+00
  137.5000      0.377397295078E+00
  137.6000      0.371569716389E+00
  137.7000      0.375963235566E+00
  137.8000      0.371583323432E+00
  137.9000      0.374979751887E+00
  138.0000      0.374164657428E+00
  138.1000      0.375267287853E+00
  138.2000      0.377883841816E+00
  138.3000      0.376116757912E+00
  138.4000      0.380217611885E+00
  138.5000      0.376149384855E+00
  138.6000      0.379473765124E+00
  138.7000      0.374797796968E+00
  138.8000      0.376202792356E+00
  138.9000      0.372881571262E+00
  139.0000      0.372607076323E+00
  139.1000      0.371616734379E+00
  139.2000      0.370896623450E+00
  139.3000      0.371628582263E+00
  139.4000      0.371844752449E+00
  139.5000      0.372687137110E+00
  139.6000      0.374434243438E+00
  139.7000      0.374149809009E+00
  139.8000      0.376588523344E+00
  139.9000      0.375325333841E+00
  140.0000      0.376549665331E+00
  140.1000      0.375789636017E+00
  140.2000      0.374234696796E+00
  140.3000      0.375708708736E+00
  140.4000      0.371363307514E+00
  140.5000      0.375658913079E+00
  140.6000      0.370152281022E+00
  140.7000      0.376066782617E+00
  140.8000      0.371541973269E+00
  140.9000      0.376493342354E+00
  141.0000      0.374526485596E+00
  141.1000      0.376016202451E+00
  141.2000      0.377069066755E+00
  141.3000      0.374033561154E+00
  141.4000      0.377470693140E+00
  141.5000      0.371085024636E+00
  141.6000      0.375505375279E+00
  141.7000      0.368609688225E+00
  141.8000      0.372429903345E+00
  141.9000      0.368105207608E+00
  142.0000      0.370413270915E+00
  142.1000      0.370097937311E+00
  142.2000      0.370912938137E+00
  142.3000      0.373548522550E+00
  142.4000      0.373535258891E+00
  142.5000      0.376403857544E+00
  142.6000      0.376106608699E+00
  142.7000      0.376919656281E+00
  142.8000      0.376505013988E+00
  142.9000      0.375099232456E+00
  143.0000      0.374386541918E+00
  143.1000      0.372597857856E+00
  143.2000      0.371251097288E+00
  143.3000      0.371379409660E+00
  143.4000      0.369034776780E+00
  143.5000      0.372167332819E+00
  143.6000      0.368760336729E+00
  143.7000      0.374064225595E+00
  143.8000      0.370225731072E+00
  143.9000      0.375268083101E+00
  144.0000      0.372361266347E+00
  144.1000      0.374264627147E+00
  144.2000      0.373773022064E+00
  144.3000      0.370857806430E+00
  144.4000      0.373616840042E+00
  144.5000      0.366780935675E+00
  144.6000      0.372409807060E+00
  144.7000      0.364825886857E+00
  144.8000      0.371666179050E+00
  144.9000      0.366844044798E+00
  145.0000      0.372447805625E+00
  145.1000      0.371890346332E+00
  145.2000      0.373964758737E+00
  145.3000      0.376628988175E+00
  145.4000      0.374370788937E+00
  145.5000      0.377950207083E+00
  145.6000      0.372558895689E+00
  145.7000      0.375124448813E+00
  145.8000      0.369225473387E+00
  145.9000      0.370118272039E+00
  146.0000      0.366190251539E+00
  146.1000      0.365900406447E+00
  146.2000      0.364948150620E+00
  146.3000      0.364803625787E+00
  146.4000      0.366109288544E+00
  146.5000      0.367407237170E+00
  146.6000      0.369080141476E+00
  146.7000      0.371932627066E+00
  146.8000      0.372187327197E+00
  146.9000      0.375065103670E+00
  147.0000      0.373444211564E+00
  147.1000      0.374137926972E+00
  147.2000      0.372101103887E+00
  147.3000      0.369567955454E+00
  147.4000      0.369634245886E+00
  147.5000      0.364716635224E+00
  147.6000      0.368423865427E+00
  147.7000      0.363010170526E+00
  147.8000      0.369398577085E+00
  147.9000      0.365161353627E+00
  148.0000      0.371088842653E+00
  148.1000      0.369072279939E+00
  148.2000      0.371214266273E+00
  148.3000      0.371980671381E+00
  148.4000      0.368778359341E+00
  148.5000      0.372196673654E+00
  148.6000      0.364661478344E+00
  148.7000      0.369648979209E+00
  148.8000      0.360907382685E+00
  148.9000      0.365782678373E+00
  149.0000      0.359680314510E+00
  149.1000      0.363156502293E+00
  149.2000      0.362385739547E+00
  149.3000      0.363998025057E+00
  149.4000      0.368344384851E+00
  149.5000      0.367930917190E+00
  149.6000      0.374282294007E+00
  149.7000      0.371753454983E+00
  149.8000      0.376239697813E+00
  149.9000      0.372017054257E+00
  150.0000      0.372612714562E+00
  150.1000      0.368093241944E+00
  150.2000      0.365694989482E+00
  150.3000      0.362630367666E+00
  150.4000      0.359812542907E+00
  150.5000      0.358935595801E+00
  150.6000      0.357953801450E+00
  150.7000      0.358636000861E+00
  150.8000      0.360282724440E+00
  150.9000      0.361434390636E+00
  151.0000      0.364726816002E+00
  151.1000      0.365766785279E+00
  151.2000      0.368403324373E+00
  151.3000      0.369451065656E+00
  151.4000      0.369003097695E+00
  151.5000      0.370417017419E+00
  151.6000      0.366001310815E+00
  151.7000      0.368124405777E+00
  151.8000      0.361452160675E+00
  151.9000      0.364423837452E+00
  152.0000      0.358845040338E+00
  152.1000      0.362041897083E+00
  152.2000      0.360272709571E+00
  152.3000      0.362045606156E+00
  152.4000      0.364580303111E+00
  152.5000      0.363019352573E+00
  152.6000      0.368295896297E+00
  152.7000      0.362821101057E+00
  152.8000      0.368512105007E+00
  152.9000      0.360857948855E+00
  153.0000      0.364916955995E+00
  153.1000      0.358346767705E+00
  153.2000      0.359536552908E+00
  153.3000      0.357022799363E+00
  153.4000      0.355389830758E+00
  153.5000      0.358085285507E+00
  153.6000      0.354927045277E+00
  153.7000      0.361607787419E+00
  153.8000      0.358571885483E+00
  153.9000      0.366241288417E+00
  154.0000      0.364205648128E+00
  154.1000      0.369473359524E+00
  154.2000      0.368197166960E+00
  154.3000      0.368882457387E+00
  154.4000      0.367799451185E+00
  154.5000      0.364089796836E+00
  154.6000      0.363179546495E+00
  154.7000      0.357447939132E+00
  154.8000      0.357134509738E+00
  154.9000      0.352433176582E+00
  155.0000      0.353015575168E+00
  155.1000      0.351347850055E+00
  155.2000      0.352831561290E+00
  155.3000      0.354158107498E+00
  155.4000      0.356391525535E+00
  155.5000      0.358860371139E+00
  155.6000      0.361522334201E+00
  155.7000      0.362806749011E+00
  155.8000      0.365246600502E+00
  155.9000      0.364104802319E+00
  156.0000      0.365466116178E+00
  156.1000      0.362537019004E+00
  156.2000      0.362302885235E+00
  156.3000      0.359605950581E+00
  156.4000      0.357895561453E+00
  156.5000      0.357389229595E+00
  156.6000      0.354641913756E+00
  156.7000      0.356994498613E+00
  156.8000      0.353653716785E+00
  156.9000      0.357972854276E+00
  157.0000      0.354608892676E+00
  157.1000      0.358890194245E+00
  157.2000      0.356412955200E+00
  157.3000      0.358372004506E+00
  157.4000      0.357855536459E+00
  157.5000      0.356093654635E+00
  157.6000      0.358206290592E+00
  157.7000      0.353213986264E+00
  157.8000      0.357689870574E+00
  157.9000      0.351777504886E+00
  158.0000      0.357334565138E+00
  158.1000      0.353225569129E+00
  158.2000      0.357935966998E+00
  158.3000      0.357060328995E+00
  158.4000      0.359026343708E+00
  158.5000      0.361006405828E+00
  158.6000      0.359221363931E+00
  158.7000      0.362707494598E+00
  158.8000      0.357672996289E+00
  158.9000      0.361245200256E+00
  159.0000      0.354832057127E+00
  159.1000      0.357236529078E+00
  159.2000      0.351877400970E+00
  159.3000      0.352259746404E+00
  159.4000      0.349991787751E+00
  159.5000      0.348530137181E+00
  159.6000      0.350185342895E+00
  159.7000      0.348200106240E+00
  159.8000      0.352904671689E+00
  159.9000      0.351752866616E+00
  160.0000      0.357167557275E+00
  160.1000      0.356984641901E+00
  160.2000      0.360548062913E+00
  160.3000      0.360414451109E+00
  160.4000      0.360880024945E+00
  160.5000      0.360170928598E+00
  160.6000      0.358139267472E+00
  160.7000      0.357191135098E+00
  160.8000      0.354235318522E+00
  160.9000      0.353585156370E+00
  161.0000      0.351050562978E+00
  161.1000      0.350697908441E+00
  161.2000      0.349318475534E+00
  161.3000      0.349210604165E+00
  161.4000      0.349248914461E+00
  161.5000      0.349955076091E+00
  161.6000      0.350989027729E+00
  161.7000      0.353079883696E+00
  161.8000      0.353794158839E+00
  161.9000      0.356658943640E+00
  162.0000      0.355722410995E+00
  162.1000      0.357791813583E+00
  162.2000      0.355371328065E+00
  162.3000      0.355695242403E+00
  162.4000      0.353635230418E+00
  162.5000      0.352619406643E+00
  162.6000      0.352674424696E+00
  162.7000      0.351051759714E+00
  162.8000      0.353214643075E+00
  162.9000      0.351039253461E+00
  163.0000      0.353923446821E+00
  163.1000      0.351190479437E+00
  163.2000      0.353547534161E+00
  163.3000      0.351276360360E+00
  163.4000      0.352426354923E+00
  163.5000      0.352174166957E+00
  163.6000      0.351343485769E+00
  163.7000      0.353587929486E+00
  163.8000      0.350128686520E+00
  163.9000      0.353806584169E+00
  164.0000      0.348594909091E+00
  164.1000      0.352331634437E+00
  164.2000      0.348032292166E+00
  164.3000      0.351100305705E+00
  164.4000      0.350073013036E+00
  164.5000      0.351872383017E+00
  164.6000      0.354033747857E+00
  164.7000      0.353519170612E+00
  164.8000      0.356886529566E+00
  164.9000      0.353471265994E+00
  165.0000      0.356434814415E+00
  165.1000      0.351291819835E+00
  165.2000      0.353442810710E+00
  165.3000      0.349102811292E+00
  165.4000      0.350068609738E+00
  165.5000      0.348526257962E+00
  165.6000      0.347445865833E+00
  165.7000      0.349010304038E+00
  165.8000      0.345899145842E+00
  165.9000      0.349717169056E+00
  166.0000      0.346380179065E+00
  166.1000      0.351236837269E+00
  166.2000      0.349679320330E+00
  166.3000      0.353985186718E+00
  166.4000      0.354237191227E+00
  166.5000      0.356101583916E+00
  166.6000      0.356606517288E+00
  166.7000      0.354951265904E+00
  166.8000      0.354931261852E+00
  166.9000      0.350612050188E+00
  167.0000      0.350893236040E+00
  167.1000      0.346230955436E+00
  167.2000      0.347522142115E+00
  167.3000      0.344620441473E+00
  167.4000      0.346183415908E+00
  167.5000      0.345852106916E+00
  167.6000      0.346645478858E+00
  167.7000      0.348567417355E+00
  167.8000      0.348825116083E+00
  167.9000      0.351975132316E+00
  168.0000      0.352530823016E+00
  168.1000      0.355310761184E+00
  168.2000      0.355800671984E+00
  168.3000      0.356592780677E+00
  168.4000      0.355659659669E+00
  168.5000      0.353988776565E+00
  168.6000      0.351443064382E+00
  168.7000      0.348505422074E+00
  168.8000      0.346137745942E+00
  168.9000      0.343824676319E+00
  169.0000      0.343478324804E+00
  169.1000      0.342926098411E+00
  169.2000      0.344544128274E+00
  169.3000      0.345702867823E+00
  169.4000      0.347959987495E+00
  169.5000      0.350057453851E+00
  169.6000      0.352219908578E+00
  169.7000      0.354053037255E+00
  169.8000      0.356179628136E+00
  169.9000      0.356261862924E+00
  170.0000      0.357895892833E+00
  170.1000      0.355302995118E+00
  170.2000      0.355284930396E+00
  170.3000      0.350801319333E+00
  170.4000      0.348844596768E+00
  170.5000      0.344826963260E+00
  170.6000      0.342428846412E+00
  170.7000      0.341093912675E+00
  170.8000      0.340156348723E+00
  170.9000      0.342067933125E+00
  171.0000      0.342966044780E+00
  171.1000      0.347110353384E+00
  171.2000      0.348683261301E+00
  171.3000      0.353343981017E+00
  171.4000      0.354500391987E+00
  171.5000      0.357671454945E+00
  171.6000      0.358327992871E+00
  171.7000      0.358054052203E+00
  171.8000      0.358548665530E+00
  171.9000      0.354092721308E+00
  172.0000      0.354423673628E+00
  172.1000      0.347394664561E+00
  172.2000      0.347439938716E+00
  172.3000      0.341138118870E+00
  172.4000      0.341247441890E+00
  172.5000      0.338490384166E+00
  172.6000      0.339315636225E+00
  172.7000      0.340962524341E+00
  172.8000      0.342575212053E+00
  172.9000      0.347773388581E+00
  173.0000      0.349158866984E+00
  173.1000      0.356032338327E+00
  173.2000      0.355735735845E+00
  173.3000      0.361566364121E+00
  173.4000      0.359084427253E+00
  173.5000      0.360994561614E+00
  173.6000      0.357584508535E+00
  173.7000      0.354360846325E+00
  173.8000      0.352229771665E+00
  173.9000      0.345525055124E+00
  174.0000      0.345996713439E+00
  174.1000      0.339118820450E+00
  174.2000      0.341737248799E+00
  174.3000      0.337320707302E+00
  174.4000      0.340837518538E+00
  174.5000      0.340048373819E+00
  174.6000      0.343672756252E+00
  174.7000      0.346878729538E+00
  174.8000      0.349818766634E+00
  174.9000      0.356447782496E+00
  175.0000      0.356780891625E+00
  175.1000      0.364297994998E+00
  175.2000      0.360043484267E+00
  175.3000      0.364690114082E+00
  175.4000      0.356798432240E+00
  175.5000      0.356569649202E+00
  175.6000      0.349541140238E+00
  175.7000      0.345810532406E+00
  175.8000      0.343852421281E+00
  175.9000      0.339292943019E+00
  176.0000      0.342397376254E+00
  176.1000      0.338278054742E+00
  176.2000      0.343440655461E+00
  176.3000      0.340212533890E+00
  176.4000      0.345679815231E+00
  176.5000      0.345076630100E+00
  176.6000      0.350849553947E+00
  176.7000      0.354833989432E+00
  176.8000      0.358853491247E+00
  176.9000      0.366171952495E+00
  177.0000      0.363618892926E+00
  177.1000      0.369853645803E+00
  177.2000      0.359029706460E+00
  177.3000      0.361382145917E+00
  177.4000      0.348244666479E+00
  177.5000      0.348326437448E+00
  177.6000      0.341415045840E+00
  177.7000      0.341577898871E+00
  177.8000      0.342897530811E+00
  177.9000      0.341920169712E+00
  178.0000      0.346721184993E+00
  178.1000      0.342393577901E+00
  178.2000      0.348122569796E+00
  178.3000      0.343060638850E+00
  178.4000      0.352837110935E+00
  178.5000      0.353160225613E+00
  178.6000      0.366719618875E+00
  178.7000      0.373638403789E+00
  178.8000      0.380031924298E+00
  178.9000      0.387132926000E+00
  179.0000      0.374894660680E+00
  179.1000      0.377384316475E+00
  179.2000      0.352288253371E+00
  179.3000      0.355713210169E+00
  179.4000      0.339922085532E+00
  179.5000      0.353714849810E+00
  179.6000      0.361783017390E+00
  179.7000      0.384199012750E+00
  179.8000      0.405483101056E+00
  179.9000      0.423305817339E+00
  180.0000      0.525326012156E+00
