    0.1000      0.467293789549E+07
    0.2000      0.120868502871E+07
    0.3000      0.449885198628E+06
    0.4000      0.165586086719E+06
    0.5000      0.106001768807E+06
    0.6000      0.920094253071E+05
    0.7000      0.542787957254E+05
    0.8000      0.272626190718E+05
    0.9000      0.262106004246E+05
    1.0000      0.217415691224E+05
    1.1000      0.143751892370E+05
    1.2000      0.106942873669E+05
    1.3000      0.105530799414E+05
    1.4000      0.100936117678E+05
    1.5000      0.976966083335E+04
    1.6000      0.894228275698E+04
    1.7000      0.788329482656E+04
    1.8000      0.710140161366E+04
    1.9000      0.708895334175E+04
    2.0000      0.672303193339E+04
    2.1000      0.567677569477E+04
    2.2000      0.499238302161E+04
    2.3000      0.496442676630E+04
    2.4000      0.520944841486E+04
    2.5000      0.463777230763E+04
    2.6000      0.364495160583E+04
    2.7000      0.284750051690E+04
    2.8000      0.268175190928E+04
    2.9000      0.279780479296E+04
    3.0000      0.266331252894E+04
    3.1000      0.227261532413E+04
    3.2000      0.176355715123E+04
    3.3000      0.144509434262E+04
    3.4000      0.134518976652E+04
    3.5000      0.139011210838E+04
    3.6000      0.141355453482E+04
    3.7000      0.126778307582E+04
    3.8000      0.105879586188E+04
    3.9000      0.914304472028E+03
    4.0000      0.899501190421E+03
    4.1000      0.944956399177E+03
    4.2000      0.918590329192E+03
    4.3000      0.850029026278E+03
    4.4000      0.721196070072E+03
    4.5000      0.626359630453E+03
    4.6000      0.588363844627E+03
    4.7000      0.584850702616E+03
    4.8000      0.591751268803E+03
    4.9000      0.545487564822E+03
    5.0000      0.507720202058E+03
    5.1000      0.446421222241E+03
    5.2000      0.370256745989E+03
    5.3000      0.302227547887E+03
    5.4000      0.258836487050E+03
    5.5000      0.261458210978E+03
    5.6000      0.262799898608E+03
    5.7000      0.262585365454E+03
    5.8000      0.243136022965E+03
    5.9000      0.201879131108E+03
    6.0000      0.164272540594E+03
    6.1000      0.141684253555E+03
    6.2000      0.140743753776E+03
    6.3000      0.144465168232E+03
    6.4000      0.143536672659E+03
    6.5000      0.138910837172E+03
    6.6000      0.128466245658E+03
    6.7000      0.118158119391E+03
    6.8000      0.109578651489E+03
    6.9000      0.975768685386E+02
    7.0000      0.841568525786E+02
    7.1000      0.712409985460E+02
    7.2000      0.662886474653E+02
    7.3000      0.692516168605E+02
    7.4000      0.745524702679E+02
    7.5000      0.805663620859E+02
    7.6000      0.787004506949E+02
    7.7000      0.697037369908E+02
    7.8000      0.562998165204E+02
    7.9000      0.443967909022E+02
    8.0000      0.385114357011E+02
    8.1000      0.351052551788E+02
    8.2000      0.376622400586E+02
    8.3000      0.418557570125E+02
    8.4000      0.442913094824E+02
    8.5000      0.446145842379E+02
    8.6000      0.418583596972E+02
    8.7000      0.401462487734E+02
    8.8000      0.361106772932E+02
    8.9000      0.335561589030E+02
    9.0000      0.343289587455E+02
    9.1000      0.334507818290E+02
    9.2000      0.336856665391E+02
    9.3000      0.337600981860E+02
    9.4000      0.363921134115E+02
    9.5000      0.402520770608E+02
    9.6000      0.433223523305E+02
    9.7000      0.495181889177E+02
    9.8000      0.515586454558E+02
    9.9000      0.499888823009E+02
   10.0000      0.472006345082E+02
   10.1000      0.428986822120E+02
   10.2000      0.408044557990E+02
   10.3000      0.395095319042E+02
   10.4000      0.434665658766E+02
   10.5000      0.497369679639E+02
   10.6000      0.533688806484E+02
   10.7000      0.568662491621E+02
   10.8000      0.557633048622E+02
   10.9000      0.506918958504E+02
   11.0000      0.436059848672E+02
   11.1000      0.373992746465E+02
   11.2000      0.358976341947E+02
   11.3000      0.364599839493E+02
   11.4000      0.411735043355E+02
   11.5000      0.473801743378E+02
   11.6000      0.499710260578E+02
   11.7000      0.497884853730E+02
   11.8000      0.458134365334E+02
   11.9000      0.400408275829E+02
   12.0000      0.340324751973E+02
   12.1000      0.298121127517E+02
   12.2000      0.300730180909E+02
   12.3000      0.320054743324E+02
   12.4000      0.356747738030E+02
   12.5000      0.400891017330E+02
   12.6000      0.419854463470E+02
   12.7000      0.417208757105E+02
   12.8000      0.390145408763E+02
   12.9000      0.353741903378E+02
   13.0000      0.317832139695E+02
   13.1000      0.288568665666E+02
   13.2000      0.290377153772E+02
   13.3000      0.304676097271E+02
   13.4000      0.325663450899E+02
   13.5000      0.354470886032E+02
   13.6000      0.368762693518E+02
   13.7000      0.369672815510E+02
   13.8000      0.352185518167E+02
   13.9000      0.328971467864E+02
   14.0000      0.307104747067E+02
   14.1000      0.280303504346E+02
   14.2000      0.274675602149E+02
   14.3000      0.278231254819E+02
   14.4000      0.281514619269E+02
   14.5000      0.292153777009E+02
   14.6000      0.296269040953E+02
   14.7000      0.297280576123E+02
   14.8000      0.285966805934E+02
   14.9000      0.272991213184E+02
   15.0000      0.266056665624E+02
   15.1000      0.247012110178E+02
   15.2000      0.236739770440E+02
   15.3000      0.231145865142E+02
   15.4000      0.220876496464E+02
   15.5000      0.216266136025E+02
   15.6000      0.212071595265E+02
   15.7000      0.215056887794E+02
   15.8000      0.214905563677E+02
   15.9000      0.213175536602E+02
   16.0000      0.216706984409E+02
   16.1000      0.206828029582E+02
   16.2000      0.193293637499E+02
   16.3000      0.179909747400E+02
   16.4000      0.164299341040E+02
   16.5000      0.155804556530E+02
   16.6000      0.154005100085E+02
   16.7000      0.164011328401E+02
   16.8000      0.177180958002E+02
   16.9000      0.186482672662E+02
   17.0000      0.193027467349E+02
   17.1000      0.186321455935E+02
   17.2000      0.169441164669E+02
   17.3000      0.149057768137E+02
   17.4000      0.130277829611E+02
   17.5000      0.121042136075E+02
   17.6000      0.122990286831E+02
   17.7000      0.137039779366E+02
   17.8000      0.156550733387E+02
   17.9000      0.172676547636E+02
   18.0000      0.180284939061E+02
   18.1000      0.174770985859E+02
   18.2000      0.157686510395E+02
   18.3000      0.134001185752E+02
   18.4000      0.111640501277E+02
   18.5000      0.976515812699E+01
   18.6000      0.945755647153E+01
   18.7000      0.102768507039E+02
   18.8000      0.117422684478E+02
   18.9000      0.132260876468E+02
   19.0000      0.141006322527E+02
   19.1000      0.139817069108E+02
   19.2000      0.130359194723E+02
   19.3000      0.113428056297E+02
   19.4000      0.947789995036E+01
   19.5000      0.814334858446E+01
   19.6000      0.732611580187E+01
   19.7000      0.729272551759E+01
   19.8000      0.793406461772E+01
   19.9000      0.876998331819E+01
   20.0000      0.958064132790E+01
   20.1000      0.997327311406E+01
   20.2000      0.101143358652E+02
   20.3000      0.985158890297E+01
   20.4000      0.919122311819E+01
   20.5000      0.886243620635E+01
   20.6000      0.847253412268E+01
   20.7000      0.815046781932E+01
   20.8000      0.825185583928E+01
   20.9000      0.832139630081E+01
   21.0000      0.849887638755E+01
   21.1000      0.861808244667E+01
   21.2000      0.882138180158E+01
   21.3000      0.907158336371E+01
   21.4000      0.895219198799E+01
   21.5000      0.904537158607E+01
   21.6000      0.896465283025E+01
   21.7000      0.848915064758E+01
   21.8000      0.812263121564E+01
   21.9000      0.760775583027E+01
   22.0000      0.714225951044E+01
   22.1000      0.676564499834E+01
   22.2000      0.659997890534E+01
   22.3000      0.674114532499E+01
   22.4000      0.671755821558E+01
   22.5000      0.678387146985E+01
   22.6000      0.674754342680E+01
   22.7000      0.630385485340E+01
   22.8000      0.575470361089E+01
   22.9000      0.508693483663E+01
   23.0000      0.449885530582E+01
   23.1000      0.407731756578E+01
   23.2000      0.392247294806E+01
   23.3000      0.412542286656E+01
   23.4000      0.437834449406E+01
   23.5000      0.464742460743E+01
   23.6000      0.479042140252E+01
   23.7000      0.465650685420E+01
   23.8000      0.430606239222E+01
   23.9000      0.380073042558E+01
   24.0000      0.334720116590E+01
   24.1000      0.303619122112E+01
   24.2000      0.296486461120E+01
   24.3000      0.313881240195E+01
   24.4000      0.347227127213E+01
   24.5000      0.386169740267E+01
   24.6000      0.409216212109E+01
   24.7000      0.418859937741E+01
   24.8000      0.410355820102E+01
   24.9000      0.382929088588E+01
   25.0000      0.354934534585E+01
   25.1000      0.331347565813E+01
   25.2000      0.322491006747E+01
   25.3000      0.324108700308E+01
   25.4000      0.337099613406E+01
   25.5000      0.361414557317E+01
   25.6000      0.374514080657E+01
   25.7000      0.383628853492E+01
   25.8000      0.386976053444E+01
   25.9000      0.375665034395E+01
   26.0000      0.361204315934E+01
   26.1000      0.343501260807E+01
   26.2000      0.328311254764E+01
   26.3000      0.314412050195E+01
   26.4000      0.302758997345E+01
   26.5000      0.302291784868E+01
   26.6000      0.302559617137E+01
   26.7000      0.308284575640E+01
   26.8000      0.323202846024E+01
   26.9000      0.336533664251E+01
   27.0000      0.349553513727E+01
   27.1000      0.357167240436E+01
   27.2000      0.355192307553E+01
   27.3000      0.343099190813E+01
   27.4000      0.320417546169E+01
   27.5000      0.298798568148E+01
   27.6000      0.281742910060E+01
   27.7000      0.275446795702E+01
   27.8000      0.291974341855E+01
   27.9000      0.323332504530E+01
   28.0000      0.364249096494E+01
   28.1000      0.408630283839E+01
   28.2000      0.439518553783E+01
   28.3000      0.450757546184E+01
   28.4000      0.438631114292E+01
   28.5000      0.409089146657E+01
   28.6000      0.373416915724E+01
   28.7000      0.340329220101E+01
   28.8000      0.329609034253E+01
   28.9000      0.343083705937E+01
   29.0000      0.374678883878E+01
   29.1000      0.423150416313E+01
   29.2000      0.468157634947E+01
   29.3000      0.495400573101E+01
   29.4000      0.498433756986E+01
   29.5000      0.473641920319E+01
   29.6000      0.429540261343E+01
   29.7000      0.376492609287E+01
   29.8000      0.331975814137E+01
   29.9000      0.307331306586E+01
   30.0000      0.304302046133E+01
   30.1000      0.322902584770E+01
   30.2000      0.351935290287E+01
   30.3000      0.377798592320E+01
   30.4000      0.389698137653E+01
   30.5000      0.381265324480E+01
   30.6000      0.352292598814E+01
   30.7000      0.311144927613E+01
   30.8000      0.268141135238E+01
   30.9000      0.230922077779E+01
   31.0000      0.212674656144E+01
   31.1000      0.210526349543E+01
   31.2000      0.218628269022E+01
   31.3000      0.236967345212E+01
   31.4000      0.250821953608E+01
   31.5000      0.256181090675E+01
   31.6000      0.251152353858E+01
   31.7000      0.238066877373E+01
   31.8000      0.224321157010E+01
   31.9000      0.206373187306E+01
   32.0000      0.200603360647E+01
   32.1000      0.204962786950E+01
   32.2000      0.207792116275E+01
   32.3000      0.220956522929E+01
   32.4000      0.232026695727E+01
   32.5000      0.236456388072E+01
   32.6000      0.237604669334E+01
   32.7000      0.234041384999E+01
   32.8000      0.234271152415E+01
   32.9000      0.229693996489E+01
   33.0000      0.231669967612E+01
   33.1000      0.243619167488E+01
   33.2000      0.247849305841E+01
   33.3000      0.256344324921E+01
   33.4000      0.263059454168E+01
   33.5000      0.260519317978E+01
   33.6000      0.254631571244E+01
   33.7000      0.243402798888E+01
   33.8000      0.235729268949E+01
   33.9000      0.226072516522E+01
   34.0000      0.219469746943E+01
   34.1000      0.224184904851E+01
   34.2000      0.226210726151E+01
   34.3000      0.230901681342E+01
   34.4000      0.236753671150E+01
   34.5000      0.236958421263E+01
   34.6000      0.233450798018E+01
   34.7000      0.223036119668E+01
   34.8000      0.212451871477E+01
   34.9000      0.198989473954E+01
   35.0000      0.184020901441E+01
   35.1000      0.175882402956E+01
   35.2000      0.169933871703E+01
   35.3000      0.168979632404E+01
   35.4000      0.171926569015E+01
   35.5000      0.178230142937E+01
   35.6000      0.186681951972E+01
   35.7000      0.189869163966E+01
   35.8000      0.192923944289E+01
   35.9000      0.191468639441E+01
   36.0000      0.182513967749E+01
   36.1000      0.172252573497E+01
   36.2000      0.159884827050E+01
   36.3000      0.149985678257E+01
   36.4000      0.142781006078E+01
   36.5000      0.142298749596E+01
   36.6000      0.151385649008E+01
   36.7000      0.161599578067E+01
   36.8000      0.176397159688E+01
   36.9000      0.191734065279E+01
   37.0000      0.199394446047E+01
   37.1000      0.201670873069E+01
   37.2000      0.196273947317E+01
   37.3000      0.185371433423E+01
   37.4000      0.171421246644E+01
   37.5000      0.158406567963E+01
   37.6000      0.152795511745E+01
   37.7000      0.152330426825E+01
   37.8000      0.159243465529E+01
   37.9000      0.173021697320E+01
   38.0000      0.186375337758E+01
   38.1000      0.197517242247E+01
   38.2000      0.203128331850E+01
   38.3000      0.200202682423E+01
   38.4000      0.190247864326E+01
   38.5000      0.175631409907E+01
   38.6000      0.159624351873E+01
   38.7000      0.146648768074E+01
   38.8000      0.139774862346E+01
   38.9000      0.139879050253E+01
   39.0000      0.146804055741E+01
   39.1000      0.157847402145E+01
   39.2000      0.170301801437E+01
   39.3000      0.179558975374E+01
   39.4000      0.183081221965E+01
   39.5000      0.182344683090E+01
   39.6000      0.173539854774E+01
   39.7000      0.160972331735E+01
   39.8000      0.150370311199E+01
   39.9000      0.138974405454E+01
   40.0000      0.133280094323E+01
   40.1000      0.134879347276E+01
   40.2000      0.140943166820E+01
   40.3000      0.152008509053E+01
   40.4000      0.163684167138E+01
   40.5000      0.176745482295E+01
   40.6000      0.185084609345E+01
   40.7000      0.186222659646E+01
   40.8000      0.187282293005E+01
   40.9000      0.180661020490E+01
   41.0000      0.170716045484E+01
   41.1000      0.165385491975E+01
   41.2000      0.159434001885E+01
   41.3000      0.158299994240E+01
   41.4000      0.162359049209E+01
   41.5000      0.170360535635E+01
   41.6000      0.181091193013E+01
   41.7000      0.188222216861E+01
   41.8000      0.196644909285E+01
   41.9000      0.199608412591E+01
   42.0000      0.193567132658E+01
   42.1000      0.188753596649E+01
   42.2000      0.179024218379E+01
   42.3000      0.167308072098E+01
   42.4000      0.160973872255E+01
   42.5000      0.156805438129E+01
   42.6000      0.157495056333E+01
   42.7000      0.160442505268E+01
   42.8000      0.166076223060E+01
   42.9000      0.172252803860E+01
   43.0000      0.171377786743E+01
   43.1000      0.169953618809E+01
   43.2000      0.164473285649E+01
   43.3000      0.151884261854E+01
   43.4000      0.141943004580E+01
   43.5000      0.132424807039E+01
   43.6000      0.124818187925E+01
   43.7000      0.122917869349E+01
   43.8000      0.124824145510E+01
   43.9000      0.130888230640E+01
   44.0000      0.136152062989E+01
   44.1000      0.141194316954E+01
   44.2000      0.145085346607E+01
   44.3000      0.141892571148E+01
   44.4000      0.137377283838E+01
   44.5000      0.131779365455E+01
   44.6000      0.123650433413E+01
   44.7000      0.119274438081E+01
   44.8000      0.118387800624E+01
   44.9000      0.121013644782E+01
   45.0000      0.127514078976E+01
   45.1000      0.135994566961E+01
   45.2000      0.145420807132E+01
   45.3000      0.152345946881E+01
   45.4000      0.156519065383E+01
   45.5000      0.157942064788E+01
   45.6000      0.155560050585E+01
   45.7000      0.151905994434E+01
   45.8000      0.148489070956E+01
   45.9000      0.146615592944E+01
   46.0000      0.147806112743E+01
   46.1000      0.152457427405E+01
   46.2000      0.159916944980E+01
   46.3000      0.169295948183E+01
   46.4000      0.179305131979E+01
   46.5000      0.186785126694E+01
   46.6000      0.192481645780E+01
   46.7000      0.195234285705E+01
   46.8000      0.192638990322E+01
   46.9000      0.189443120505E+01
   47.0000      0.184916565768E+01
   47.1000      0.179135573165E+01
   47.2000      0.176719595600E+01
   47.3000      0.176530271503E+01
   47.4000      0.179703124874E+01
   47.5000      0.185038812110E+01
   47.6000      0.192362692688E+01
   47.7000      0.201871085920E+01
   47.8000      0.206655346396E+01
   47.9000      0.210572539323E+01
   48.0000      0.212661339276E+01
   48.1000      0.206510242621E+01
   48.2000      0.199893364761E+01
   48.3000      0.191761052620E+01
   48.4000      0.181204683897E+01
   48.5000      0.173796747936E+01
   48.6000      0.168956694100E+01
   48.7000      0.169543749636E+01
   48.8000      0.172184680421E+01
   48.9000      0.177523381319E+01
   49.0000      0.187628048496E+01
   49.1000      0.191995252040E+01
   49.2000      0.194720409981E+01
   49.3000      0.196316102897E+01
   49.4000      0.188884107378E+01
   49.5000      0.179752162051E+01
   49.6000      0.169451148005E+01
   49.7000      0.158322448755E+01
   49.8000      0.150356530282E+01
   49.9000      0.145547898784E+01
   50.0000      0.148279387435E+01
   50.1000      0.153115971725E+01
   50.2000      0.159434867202E+01
   50.3000      0.170290465278E+01
   50.4000      0.175121691307E+01
   50.5000      0.175952137411E+01
   50.6000      0.174827936168E+01
   50.7000      0.166131561939E+01
   50.8000      0.155178007180E+01
   50.9000      0.143930979320E+01
   51.0000      0.134128203989E+01
   51.1000      0.128387086963E+01
   51.2000      0.126396093262E+01
   51.3000      0.131339762978E+01
   51.4000      0.138920835259E+01
   51.5000      0.146694537562E+01
   51.6000      0.156108417155E+01
   51.7000      0.160786363527E+01
   51.8000      0.160431324977E+01
   51.9000      0.157005987197E+01
   52.0000      0.148524458161E+01
   52.1000      0.138042519107E+01
   52.2000      0.128368249010E+01
   52.3000      0.120545761840E+01
   52.4000      0.116690145279E+01
   52.5000      0.117413847268E+01
   52.6000      0.121821250907E+01
   52.7000      0.128768733281E+01
   52.8000      0.136418389007E+01
   52.9000      0.142336171570E+01
   53.0000      0.145327124256E+01
   53.1000      0.144462070000E+01
   53.2000      0.139932497474E+01
   53.3000      0.132665814883E+01
   53.4000      0.123856310986E+01
   53.5000      0.116750190783E+01
   53.6000      0.111192702396E+01
   53.7000      0.108275776022E+01
   53.8000      0.110788635683E+01
   53.9000      0.114477505955E+01
   54.0000      0.119490891463E+01
   54.1000      0.126521169268E+01
   54.2000      0.130085504615E+01
   54.3000      0.131348380578E+01
   54.4000      0.130513817698E+01
   54.5000      0.125986299140E+01
   54.6000      0.120146067760E+01
   54.7000      0.113559817265E+01
   54.8000      0.108997453494E+01
   54.9000      0.106573795557E+01
   55.0000      0.106003542094E+01
   55.1000      0.110669035364E+01
   55.2000      0.116255633133E+01
   55.3000      0.121684979722E+01
   55.4000      0.128868825407E+01
   55.5000      0.132270355528E+01
   55.6000      0.132355335214E+01
   55.7000      0.130705497008E+01
   55.8000      0.125186788378E+01
   55.9000      0.118369383532E+01
   56.0000      0.111801997998E+01
   56.1000      0.106766657045E+01
   56.2000      0.104726275708E+01
   56.3000      0.105333977449E+01
   56.4000      0.110049688439E+01
   56.5000      0.116703258509E+01
   56.6000      0.122968806770E+01
   56.7000      0.129837464321E+01
   56.8000      0.133499179760E+01
   56.9000      0.132771304025E+01
   57.0000      0.130296929942E+01
   57.1000      0.123743747956E+01
   57.2000      0.114882764727E+01
   57.3000      0.107699067874E+01
   57.4000      0.100895031481E+01
   57.5000      0.968515108872E+00
   57.6000      0.973833277090E+00
   57.7000      0.100430439378E+01
   57.8000      0.106202864998E+01
   57.9000      0.112923616758E+01
   58.0000      0.119416846534E+01
   58.1000      0.124120890999E+01
   58.2000      0.124557142781E+01
   58.3000      0.123796296157E+01
   58.4000      0.119758661828E+01
   58.5000      0.112093353401E+01
   58.6000      0.107396134956E+01
   58.7000      0.102244070753E+01
   58.8000      0.977823064407E+00
   58.9000      0.992443420579E+00
   59.0000      0.101447438785E+01
   59.1000      0.105246933440E+01
   59.2000      0.111416324571E+01
   59.3000      0.116251127500E+01
   59.4000      0.120045510515E+01
   59.5000      0.120683511407E+01
   59.6000      0.119973469584E+01
   59.7000      0.117466358846E+01
   59.8000      0.110993869349E+01
   59.9000      0.107314604835E+01
   60.0000      0.103740438025E+01
   60.1000      0.989184626829E+00
   60.2000      0.997343853521E+00
   60.3000      0.100937559486E+01
   60.4000      0.101882743815E+01
   60.5000      0.105947557823E+01
   60.6000      0.108368207618E+01
   60.7000      0.109538340812E+01
   60.8000      0.109593746968E+01
   60.9000      0.107879811122E+01
   61.0000      0.105403890498E+01
   61.1000      0.100802890972E+01
   61.2000      0.975011856063E+00
   61.3000      0.952729998819E+00
   61.4000      0.921185025511E+00
   61.5000      0.924071808247E+00
   61.6000      0.936905542644E+00
   61.7000      0.939940040912E+00
   61.8000      0.964474740458E+00
   61.9000      0.979402879905E+00
   62.0000      0.976417241983E+00
   62.1000      0.976495744341E+00
   62.2000      0.962306370952E+00
   62.3000      0.939289540798E+00
   62.4000      0.922662062609E+00
   62.5000      0.907757145518E+00
   62.6000      0.901333640911E+00
   62.7000      0.907733174330E+00
   62.8000      0.922514650051E+00
   62.9000      0.944353741451E+00
   63.0000      0.965275729910E+00
   63.1000      0.983779225405E+00
   63.2000      0.995156955029E+00
   63.3000      0.988308857034E+00
   63.4000      0.979431302786E+00
   63.5000      0.963492818909E+00
   63.6000      0.932931467010E+00
   63.7000      0.922539550514E+00
   63.8000      0.916172466703E+00
   63.9000      0.907617736548E+00
   64.0000      0.932349034910E+00
   64.1000      0.956541060217E+00
   64.2000      0.976105881066E+00
   64.3000      0.101159394742E+01
   64.4000      0.102939695932E+01
   64.5000      0.103440124892E+01
   64.6000      0.103042950492E+01
   64.7000      0.101206626755E+01
   64.8000      0.989437223070E+00
   64.9000      0.952375691191E+00
   65.0000      0.930688697254E+00
   65.1000      0.919920183927E+00
   65.2000      0.898810813128E+00
   65.3000      0.914128211689E+00
   65.4000      0.934621221924E+00
   65.5000      0.939136164318E+00
   65.6000      0.969896946440E+00
   65.7000      0.984784952499E+00
   65.8000      0.978753444015E+00
   65.9000      0.977843125226E+00
   66.0000      0.958321824042E+00
   66.1000      0.932038354588E+00
   66.2000      0.902488419960E+00
   66.3000      0.877322182856E+00
   66.4000      0.865365629270E+00
   66.5000      0.846676585716E+00
   66.6000      0.851593595844E+00
   66.7000      0.868412329056E+00
   66.8000      0.866848092822E+00
   66.9000      0.885963656280E+00
   67.0000      0.898996384093E+00
   67.1000      0.886805390818E+00
   67.2000      0.886258836819E+00
   67.3000      0.874112714095E+00
   67.4000      0.850805205259E+00
   67.5000      0.839107521037E+00
   67.6000      0.828988364190E+00
   67.7000      0.828087027982E+00
   67.8000      0.836037162539E+00
   67.9000      0.854100604000E+00
   68.0000      0.882331017423E+00
   68.1000      0.902894079218E+00
   68.2000      0.926734436812E+00
   68.3000      0.946545442581E+00
   68.4000      0.944793009064E+00
   68.5000      0.942347982205E+00
   68.6000      0.932647567693E+00
   68.7000      0.909014520902E+00
   68.8000      0.895625982723E+00
   68.9000      0.886939025180E+00
   69.0000      0.881330827530E+00
   69.1000      0.894805095242E+00
   69.2000      0.917068794688E+00
   69.3000      0.943226710260E+00
   69.4000      0.978217534566E+00
   69.5000      0.100839900256E+01
   69.6000      0.102882595453E+01
   69.7000      0.104161284353E+01
   69.8000      0.103898941171E+01
   69.9000      0.102356606473E+01
   70.0000      0.999809318906E+00
   70.1000      0.970554279762E+00
   70.2000      0.942924493127E+00
   70.3000      0.917426442526E+00
   70.4000      0.903772559371E+00
   70.5000      0.901644688685E+00
   70.6000      0.901036951969E+00
   70.7000      0.915709738214E+00
   70.8000      0.932169654931E+00
   70.9000      0.936071995881E+00
   71.0000      0.947492899537E+00
   71.1000      0.945885888146E+00
   71.2000      0.925373543108E+00
   71.3000      0.910494574660E+00
   71.4000      0.882807136430E+00
   71.5000      0.848164373148E+00
   71.6000      0.823785877236E+00
   71.7000      0.798887967830E+00
   71.8000      0.781520476183E+00
   71.9000      0.770452636667E+00
   72.0000      0.767410213111E+00
   72.1000      0.771937082153E+00
   72.2000      0.767327038570E+00
   72.3000      0.772588650765E+00
   72.4000      0.775844646601E+00
   72.5000      0.759316648212E+00
   72.6000      0.756132588472E+00
   72.7000      0.746359756478E+00
   72.8000      0.722277681364E+00
   72.9000      0.716188369987E+00
   73.0000      0.706606252247E+00
   73.1000      0.695653045535E+00
   73.2000      0.698300574973E+00
   73.3000      0.701282219341E+00
   73.4000      0.709376931667E+00
   73.5000      0.716055624779E+00
   73.6000      0.726047079209E+00
   73.7000      0.739692594439E+00
   73.8000      0.738669056133E+00
   73.9000      0.746748097217E+00
   74.0000      0.755963918712E+00
   74.1000      0.749373041788E+00
   74.2000      0.758156317444E+00
   74.3000      0.767150089979E+00
   74.4000      0.767973150045E+00
   74.5000      0.782992940364E+00
   74.6000      0.797063186418E+00
   74.7000      0.809997119433E+00
   74.8000      0.826899524032E+00
   74.9000      0.842272244733E+00
   75.0000      0.859297301445E+00
   75.1000      0.869312719834E+00
   75.2000      0.880578606140E+00
   75.3000      0.894120387186E+00
   75.4000      0.897090382173E+00
   75.5000      0.906021479143E+00
   75.6000      0.917156523612E+00
   75.7000      0.921116063591E+00
   75.8000      0.932488502554E+00
   75.9000      0.944846507363E+00
   76.0000      0.954393384082E+00
   76.1000      0.967539030400E+00
   76.2000      0.979742710049E+00
   76.3000      0.990607818821E+00
   76.4000      0.999958125282E+00
   76.5000      0.100726490475E+01
   76.6000      0.101252405564E+01
   76.7000      0.101481946880E+01
   76.8000      0.101512486936E+01
   76.9000      0.101290475422E+01
   77.0000      0.101033628244E+01
   77.1000      0.100590692551E+01
   77.2000      0.999926000957E+00
   77.3000      0.996411539389E+00
   77.4000      0.991006473363E+00
   77.5000      0.985876211236E+00
   77.6000      0.982574171979E+00
   77.7000      0.978591990227E+00
   77.8000      0.975758140248E+00
   77.9000      0.970451398122E+00
   78.0000      0.967810985807E+00
   78.1000      0.964518144471E+00
   78.2000      0.953777778800E+00
   78.3000      0.949759233284E+00
   78.4000      0.941082287860E+00
   78.5000      0.923313213564E+00
   78.6000      0.914533389764E+00
   78.7000      0.898589838747E+00
   78.8000      0.877476740104E+00
   78.9000      0.864427406698E+00
   79.0000      0.847189593169E+00
   79.1000      0.831947971520E+00
   79.2000      0.820230946405E+00
   79.3000      0.811901094897E+00
   79.4000      0.809310204391E+00
   79.5000      0.802200240705E+00
   79.6000      0.804810552529E+00
   79.7000      0.808759798232E+00
   79.8000      0.799671735000E+00
   79.9000      0.801530373502E+00
   80.0000      0.796511287307E+00
   80.1000      0.776431989535E+00
   80.2000      0.765959857870E+00
   80.3000      0.746798645046E+00
   80.4000      0.721188035686E+00
   80.5000      0.704390053176E+00
   80.6000      0.686830761449E+00
   80.7000      0.675159916280E+00
   80.8000      0.668785741217E+00
   80.9000      0.670541208415E+00
   81.0000      0.681323748584E+00
   81.1000      0.686983885556E+00
   81.2000      0.701734628010E+00
   81.3000      0.716725268255E+00
   81.4000      0.715125863967E+00
   81.5000      0.719231468006E+00
   81.6000      0.715181737632E+00
   81.7000      0.694272478370E+00
   81.8000      0.680559983561E+00
   81.9000      0.661593146285E+00
   82.0000      0.638157368181E+00
   82.1000      0.626801434465E+00
   82.2000      0.618758624846E+00
   82.3000      0.617205264607E+00
   82.4000      0.624795229065E+00
   82.5000      0.637186342763E+00
   82.6000      0.654093766250E+00
   82.7000      0.666935485703E+00
   82.8000      0.679178665248E+00
   82.9000      0.687668305366E+00
   83.0000      0.681529462281E+00
   83.1000      0.675001866087E+00
   83.2000      0.663979848235E+00
   83.3000      0.641173483042E+00
   83.4000      0.627977220417E+00
   83.5000      0.617050099692E+00
   83.6000      0.603755537285E+00
   83.7000      0.607643841385E+00
   83.8000      0.615406780334E+00
   83.9000      0.623089819680E+00
   84.0000      0.642092460705E+00
   84.1000      0.657249252626E+00
   84.2000      0.667248544083E+00
   84.3000      0.675660352488E+00
   84.4000      0.675175163036E+00
   84.5000      0.668950029430E+00
   84.6000      0.655182040052E+00
   84.7000      0.640424670942E+00
   84.8000      0.627741137481E+00
   84.9000      0.610179185597E+00
   85.0000      0.605252014859E+00
   85.1000      0.607707767650E+00
   85.2000      0.606203970721E+00
   85.3000      0.621956663450E+00
   85.4000      0.639071567530E+00
   85.5000      0.647210550433E+00
   85.6000      0.666020829697E+00
   85.7000      0.676210160569E+00
   85.8000      0.675082220526E+00
   85.9000      0.677480719190E+00
   86.0000      0.670638707768E+00
   86.1000      0.659540801918E+00
   86.2000      0.650335817946E+00
   86.3000      0.641311741749E+00
   86.4000      0.637380866304E+00
   86.5000      0.633442293074E+00
   86.6000      0.637826945385E+00
   86.7000      0.647751499471E+00
   86.8000      0.650407957164E+00
   86.9000      0.662084921231E+00
   87.0000      0.671810497251E+00
   87.1000      0.667779601997E+00
   87.2000      0.671826279955E+00
   87.3000      0.669487554960E+00
   87.4000      0.656240434995E+00
   87.5000      0.653940447794E+00
   87.6000      0.648412236923E+00
   87.7000      0.641169966097E+00
   87.8000      0.646389532544E+00
   87.9000      0.651898696709E+00
   88.0000      0.660032865653E+00
   88.1000      0.673461145185E+00
   88.2000      0.685225315928E+00
   88.3000      0.695726602539E+00
   88.4000      0.699636687786E+00
   88.5000      0.700177252957E+00
   88.6000      0.695984356073E+00
   88.7000      0.680252619732E+00
   88.8000      0.667774204327E+00
   88.9000      0.654080511619E+00
   89.0000      0.633931201679E+00
   89.1000      0.628087392295E+00
   89.2000      0.625435426388E+00
   89.3000      0.621629988368E+00
   89.4000      0.635165258285E+00
   89.5000      0.647991115335E+00
   89.6000      0.657143515948E+00
   89.7000      0.675010086546E+00
   89.8000      0.683137787676E+00
   89.9000      0.682875393937E+00
   90.0000      0.681824151267E+00
   90.1000      0.669690699011E+00
   90.2000      0.652505152670E+00
   90.3000      0.634271145849E+00
   90.4000      0.615549458063E+00
   90.5000      0.601335427185E+00
   90.6000      0.590487154312E+00
   90.7000      0.590297577142E+00
   90.8000      0.597556617946E+00
   90.9000      0.605731425808E+00
   91.0000      0.624489269885E+00
   91.1000      0.641503214658E+00
   91.2000      0.649783452397E+00
   91.3000      0.661340003904E+00
   91.4000      0.660629442317E+00
   91.5000      0.646849610633E+00
   91.6000      0.635335759372E+00
   91.7000      0.612615590267E+00
   91.8000      0.585282887255E+00
   91.9000      0.568726096985E+00
   92.0000      0.550870898912E+00
   92.1000      0.540357770137E+00
   92.2000      0.546478938165E+00
   92.3000      0.555616093472E+00
   92.4000      0.573193285121E+00
   92.5000      0.600072166713E+00
   92.6000      0.622952407182E+00
   92.7000      0.644242833716E+00
   92.8000      0.660638217841E+00
   92.9000      0.666085817793E+00
   93.0000      0.662518357009E+00
   93.1000      0.648356211662E+00
   93.2000      0.629530970471E+00
   93.3000      0.605471269744E+00
   93.4000      0.577989950202E+00
   93.5000      0.562139099567E+00
   93.6000      0.547824881764E+00
   93.7000      0.538638044450E+00
   93.8000      0.551308274634E+00
   93.9000      0.561978735631E+00
   94.0000      0.576548144446E+00
   94.1000      0.608310125938E+00
   94.2000      0.624783182402E+00
   94.3000      0.637902115213E+00
   94.4000      0.656907212062E+00
   94.5000      0.652414493429E+00
   94.6000      0.643352187172E+00
   94.7000      0.635263806553E+00
   94.8000      0.611218146174E+00
   94.9000      0.590060881234E+00
   95.0000      0.572670165571E+00
   95.1000      0.556307438596E+00
   95.2000      0.547959910269E+00
   95.3000      0.544483383964E+00
   95.4000      0.553816311472E+00
   95.5000      0.563970916439E+00
   95.6000      0.573396219949E+00
   95.7000      0.596486778001E+00
   95.8000      0.605334743633E+00
   95.9000      0.607835951341E+00
   96.0000      0.620798825852E+00
   96.1000      0.610287688221E+00
   96.2000      0.596385487170E+00
   96.3000      0.593043942340E+00
   96.4000      0.569781440480E+00
   96.5000      0.552674572985E+00
   96.6000      0.547626983267E+00
   96.7000      0.532969077327E+00
   96.8000      0.529874586643E+00
   96.9000      0.535386319219E+00
   97.0000      0.538850575867E+00
   97.1000      0.548724283399E+00
   97.2000      0.558748838662E+00
   97.3000      0.569635168004E+00
   97.4000      0.576136044600E+00
   97.5000      0.576821583431E+00
   97.6000      0.581378100677E+00
   97.7000      0.574439460907E+00
   97.8000      0.563858354865E+00
   97.9000      0.562535333382E+00
   98.0000      0.549330540228E+00
   98.1000      0.539664799141E+00
   98.2000      0.543014121414E+00
   98.3000      0.536378998780E+00
   98.4000      0.537796680632E+00
   98.5000      0.549937298804E+00
   98.6000      0.552135240616E+00
   98.7000      0.561045476908E+00
   98.8000      0.573988712452E+00
   98.9000      0.576646868777E+00
   99.0000      0.582383266397E+00
   99.1000      0.587053153748E+00
   99.2000      0.584427495369E+00
   99.3000      0.583204501510E+00
   99.4000      0.580697195044E+00
   99.5000      0.577081282278E+00
   99.6000      0.574674964218E+00
   99.7000      0.573293718019E+00
   99.8000      0.575894885830E+00
   99.9000      0.577619820757E+00
  100.0000      0.581360101272E+00
  100.1000      0.589902256407E+00
  100.2000      0.592794957764E+00
  100.3000      0.597057105421E+00
  100.4000      0.604124136389E+00
  100.5000      0.601345865581E+00
  100.6000      0.600431452174E+00
  100.7000      0.601148298234E+00
  100.8000      0.591681390815E+00
  100.9000      0.587110573632E+00
  101.0000      0.584963196880E+00
  101.1000      0.575502713109E+00
  101.2000      0.574260832300E+00
  101.3000      0.575910107364E+00
  101.4000      0.572812908718E+00
  101.5000      0.578301975010E+00
  101.6000      0.584611327330E+00
  101.7000      0.586424150767E+00
  101.8000      0.593842990359E+00
  101.9000      0.598540477460E+00
  102.0000      0.598291644284E+00
  102.1000      0.599964310907E+00
  102.2000      0.597282645451E+00
  102.3000      0.591278675271E+00
  102.4000      0.585055704202E+00
  102.5000      0.576775026822E+00
  102.6000      0.569021120913E+00
  102.7000      0.559740393611E+00
  102.8000      0.553375215897E+00
  102.9000      0.550620855644E+00
  103.0000      0.543625783358E+00
  103.1000      0.544393733883E+00
  103.2000      0.548151481678E+00
  103.3000      0.543277003871E+00
  103.4000      0.549377262385E+00
  103.5000      0.554385145365E+00
  103.6000      0.547519144601E+00
  103.7000      0.553523836554E+00
  103.8000      0.554034908509E+00
  103.9000      0.543716963703E+00
  104.0000      0.547053822343E+00
  104.1000      0.543186949519E+00
  104.2000      0.533669828904E+00
  104.3000      0.536138391214E+00
  104.4000      0.532984515288E+00
  104.5000      0.529788526438E+00
  104.6000      0.532937874808E+00
  104.7000      0.534124592819E+00
  104.8000      0.537498639448E+00
  104.9000      0.538629119011E+00
  105.0000      0.542536611556E+00
  105.1000      0.546931605927E+00
  105.2000      0.541578929027E+00
  105.3000      0.544660782708E+00
  105.4000      0.545065601286E+00
  105.5000      0.533292844486E+00
  105.6000      0.535835511523E+00
  105.7000      0.533439513957E+00
  105.8000      0.521826444261E+00
  105.9000      0.528296959623E+00
  106.0000      0.528565395730E+00
  106.1000      0.524391654188E+00
  106.2000      0.537241280343E+00
  106.3000      0.542516604748E+00
  106.4000      0.546069314868E+00
  106.5000      0.560461784270E+00
  106.6000      0.566129457917E+00
  106.7000      0.570173218553E+00
  106.8000      0.577053952457E+00
  106.9000      0.576683844030E+00
  107.0000      0.574571479640E+00
  107.1000      0.569951338008E+00
  107.2000      0.563998593568E+00
  107.3000      0.557525336988E+00
  107.4000      0.547471220355E+00
  107.5000      0.544629801908E+00
  107.6000      0.541935110189E+00
  107.7000      0.536420109226E+00
  107.8000      0.544483086843E+00
  107.9000      0.549659003755E+00
  108.0000      0.551487398322E+00
  108.1000      0.567701993150E+00
  108.2000      0.574559029027E+00
  108.3000      0.576504254897E+00
  108.4000      0.589453359182E+00
  108.5000      0.587907134298E+00
  108.6000      0.582035441293E+00
  108.7000      0.583834935843E+00
  108.8000      0.572044438814E+00
  108.9000      0.560171073142E+00
  109.0000      0.554898391245E+00
  109.1000      0.542485352346E+00
  109.2000      0.534798712152E+00
  109.3000      0.533054629816E+00
  109.4000      0.530876936544E+00
  109.5000      0.533965407061E+00
  109.6000      0.539957693241E+00
  109.7000      0.547997573634E+00
  109.8000      0.556474046105E+00
  109.9000      0.562948067736E+00
  110.0000      0.570450858098E+00
  110.1000      0.572370150175E+00
  110.2000      0.569401548305E+00
  110.3000      0.567311288452E+00
  110.4000      0.557448168915E+00
  110.5000      0.544747085670E+00
  110.6000      0.536164587098E+00
  110.7000      0.521851682265E+00
  110.8000      0.509996395849E+00
  110.9000      0.506511132418E+00
  111.0000      0.499132692282E+00
  111.1000      0.498027546129E+00
  111.2000      0.506105191844E+00
  111.3000      0.508035057594E+00
  111.4000      0.515976706200E+00
  111.5000      0.529249457863E+00
  111.6000      0.531468591340E+00
  111.7000      0.537612592424E+00
  111.8000      0.544097399890E+00
  111.9000      0.537263087226E+00
  112.0000      0.534459126299E+00
  112.1000      0.530223191870E+00
  112.2000      0.516221688864E+00
  112.3000      0.509067763187E+00
  112.4000      0.502349885103E+00
  112.5000      0.492762507939E+00
  112.6000      0.491588935536E+00
  112.7000      0.492738591605E+00
  112.8000      0.495776541060E+00
  112.9000      0.503688987455E+00
  113.0000      0.512892588443E+00
  113.1000      0.523871721990E+00
  113.2000      0.532047207278E+00
  113.3000      0.539281417679E+00
  113.4000      0.545980260485E+00
  113.5000      0.543239487386E+00
  113.6000      0.540688770962E+00
  113.7000      0.537663151214E+00
  113.8000      0.523705157676E+00
  113.9000      0.516163090320E+00
  114.0000      0.511118041807E+00
  114.1000      0.497568130959E+00
  114.2000      0.497991949933E+00
  114.3000      0.502256595157E+00
  114.4000      0.499507569467E+00
  114.5000      0.514092308312E+00
  114.6000      0.528335678505E+00
  114.7000      0.533685447965E+00
  114.8000      0.553958281722E+00
  114.9000      0.566437130716E+00
  115.0000      0.567992344106E+00
  115.1000      0.579730567120E+00
  115.2000      0.579493315091E+00
  115.3000      0.570967609395E+00
  115.4000      0.569515083493E+00
  115.5000      0.559120814233E+00
  115.6000      0.547530077655E+00
  115.7000      0.541430025963E+00
  115.8000      0.534351631063E+00
  115.9000      0.531817732215E+00
  116.0000      0.531323671935E+00
  116.1000      0.537154843961E+00
  116.2000      0.546728932241E+00
  116.3000      0.551631767563E+00
  116.4000      0.566297460929E+00
  116.5000      0.578053673105E+00
  116.6000      0.578729312174E+00
  116.7000      0.590551003334E+00
  116.8000      0.592526383997E+00
  116.9000      0.582314276910E+00
  117.0000      0.586014946346E+00
  117.1000      0.577480924664E+00
  117.2000      0.561862152261E+00
  117.3000      0.563993671765E+00
  117.4000      0.555355765125E+00
  117.5000      0.546526542089E+00
  117.6000      0.556174899783E+00
  117.7000      0.555676867126E+00
  117.8000      0.558127213534E+00
  117.9000      0.573937034984E+00
  118.0000      0.577422970350E+00
  118.1000      0.582231350643E+00
  118.2000      0.592035164367E+00
  118.3000      0.588464350487E+00
  118.4000      0.584083655418E+00
  118.5000      0.578891272623E+00
  118.6000      0.565297882620E+00
  118.7000      0.551842904053E+00
  118.8000      0.537414139594E+00
  118.9000      0.525001708296E+00
  119.0000      0.514500313547E+00
  119.1000      0.505685172912E+00
  119.2000      0.508525022709E+00
  119.3000      0.510590817047E+00
  119.4000      0.514852355065E+00
  119.5000      0.533713549663E+00
  119.6000      0.543221107423E+00
  119.7000      0.552516604789E+00
  119.8000      0.572934981006E+00
  119.9000      0.574398283951E+00
  120.0000      0.574360508852E+00
  120.1000      0.581264213596E+00
  120.2000      0.565631256217E+00
  120.3000      0.551969722763E+00
  120.4000      0.544724319334E+00
  120.5000      0.519613643528E+00
  120.6000      0.503489251388E+00
  120.7000      0.495597108691E+00
  120.8000      0.477766405194E+00
  120.9000      0.473761419574E+00
  121.0000      0.477560060553E+00
  121.1000      0.475997570198E+00
  121.2000      0.486286937420E+00
  121.3000      0.499362566318E+00
  121.4000      0.506832605541E+00
  121.5000      0.518992532246E+00
  121.6000      0.527558506175E+00
  121.7000      0.529622539138E+00
  121.8000      0.529925524037E+00
  121.9000      0.524789931002E+00
  122.0000      0.516246817554E+00
  122.1000      0.503865538044E+00
  122.2000      0.490719555750E+00
  122.3000      0.480783794866E+00
  122.4000      0.467480332941E+00
  122.5000      0.460612260479E+00
  122.6000      0.461558543980E+00
  122.7000      0.457519131734E+00
  122.8000      0.464191420332E+00
  122.9000      0.476934688144E+00
  123.0000      0.479378720184E+00
  123.1000      0.492320977931E+00
  123.2000      0.504831425006E+00
  123.3000      0.501964869004E+00
  123.4000      0.508391568779E+00
  123.5000      0.508870797668E+00
  123.6000      0.494121175527E+00
  123.7000      0.490256406107E+00
  123.8000      0.480031354519E+00
  123.9000      0.460548967484E+00
  124.0000      0.455372328833E+00
  124.1000      0.446587218423E+00
  124.2000      0.435656011856E+00
  124.3000      0.439985426132E+00
  124.4000      0.441636052270E+00
  124.5000      0.443930944525E+00
  124.6000      0.457266556595E+00
  124.7000      0.465482234518E+00
  124.8000      0.472616423380E+00
  124.9000      0.483606407986E+00
  125.0000      0.486989449635E+00
  125.1000      0.487527647263E+00
  125.2000      0.486976936724E+00
  125.3000      0.480703891383E+00
  125.4000      0.472931603696E+00
  125.5000      0.463622677102E+00
  125.6000      0.455246370504E+00
  125.7000      0.448227132000E+00
  125.8000      0.441116810165E+00
  125.9000      0.441910831864E+00
  126.0000      0.443875698771E+00
  126.1000      0.445313646458E+00
  126.2000      0.457647914168E+00
  126.3000      0.465844473218E+00
  126.4000      0.470620134517E+00
  126.5000      0.485211605389E+00
  126.6000      0.488343054478E+00
  126.7000      0.486272541516E+00
  126.8000      0.492563590990E+00
  126.9000      0.483213958258E+00
  127.0000      0.471324633496E+00
  127.1000      0.468926360474E+00
  127.2000      0.452218370393E+00
  127.3000      0.439362789838E+00
  127.4000      0.438279783774E+00
  127.5000      0.426736059555E+00
  127.6000      0.424647231468E+00
  127.7000      0.434049383765E+00
  127.8000      0.434829658855E+00
  127.9000      0.445640068350E+00
  128.0000      0.463062475009E+00
  128.1000      0.470664399692E+00
  128.2000      0.484529602622E+00
  128.3000      0.498122348819E+00
  128.4000      0.500678688766E+00
  128.5000      0.505363291217E+00
  128.6000      0.505864581090E+00
  128.7000      0.498113405076E+00
  128.8000      0.490985025607E+00
  128.9000      0.480881866353E+00
  129.0000      0.469257038131E+00
  129.1000      0.458496965546E+00
  129.2000      0.449159794849E+00
  129.3000      0.444856175938E+00
  129.4000      0.439783792641E+00
  129.5000      0.439768529360E+00
  129.6000      0.447024116595E+00
  129.7000      0.448353786612E+00
  129.8000      0.455938351268E+00
  129.9000      0.468244245286E+00
  130.0000      0.468171199752E+00
  130.1000      0.474791308296E+00
  130.2000      0.482116989341E+00
  130.3000      0.473647265010E+00
  130.4000      0.474126413161E+00
  130.5000      0.473116083967E+00
  130.6000      0.457876227686E+00
  130.7000      0.455736998694E+00
  130.8000      0.452123393100E+00
  130.9000      0.438966238257E+00
  131.0000      0.442072603156E+00
  131.1000      0.443348424284E+00
  131.2000      0.439019339729E+00
  131.3000      0.450421370758E+00
  131.4000      0.457563844799E+00
  131.5000      0.460269314698E+00
  131.6000      0.474312338566E+00
  131.7000      0.480600266224E+00
  131.8000      0.482361992995E+00
  131.9000      0.490280546513E+00
  132.0000      0.488941075853E+00
  132.1000      0.484150912197E+00
  132.2000      0.482367538745E+00
  132.3000      0.473846038761E+00
  132.4000      0.464983943479E+00
  132.5000      0.458377011040E+00
  132.6000      0.450259731742E+00
  132.7000      0.444655005698E+00
  132.8000      0.440888020433E+00
  132.9000      0.440579540640E+00
  133.0000      0.442665883687E+00
  133.1000      0.444595488066E+00
  133.2000      0.452477574618E+00
  133.3000      0.459047402955E+00
  133.4000      0.462474552415E+00
  133.5000      0.472532170027E+00
  133.6000      0.476225473124E+00
  133.7000      0.475177266621E+00
  133.8000      0.481621551673E+00
  133.9000      0.478121014361E+00
  134.0000      0.471484760431E+00
  134.1000      0.474452996318E+00
  134.2000      0.466316636345E+00
  134.3000      0.459112754653E+00
  134.4000      0.463518667406E+00
  134.5000      0.456565434436E+00
  134.6000      0.454502544241E+00
  134.7000      0.463799578993E+00
  134.8000      0.460701080163E+00
  134.9000      0.464281739679E+00
  135.0000      0.475904791600E+00
  135.1000      0.473442335563E+00
  135.2000      0.477643772312E+00
  135.3000      0.485438056848E+00
  135.4000      0.478951147388E+00
  135.5000      0.478956830621E+00
  135.6000      0.479460260408E+00
  135.7000      0.468593418206E+00
  135.8000      0.464883977582E+00
  135.9000      0.461076537482E+00
  136.0000      0.451094994731E+00
  136.1000      0.448569274059E+00
  136.2000      0.446599984826E+00
  136.3000      0.443346112892E+00
  136.4000      0.445966341877E+00
  136.5000      0.449481059456E+00
  136.6000      0.454093948600E+00
  136.7000      0.460665521452E+00
  136.8000      0.467569128768E+00
  136.9000      0.475366223149E+00
  137.0000      0.480400921135E+00
  137.1000      0.485239715631E+00
  137.2000      0.489668563932E+00
  137.3000      0.487767768649E+00
  137.4000      0.486468300582E+00
  137.5000      0.484186580305E+00
  137.6000      0.474540496191E+00
  137.7000      0.468415868462E+00
  137.8000      0.462057362123E+00
  137.9000      0.449413304326E+00
  138.0000      0.444580136477E+00
  138.1000      0.440396957022E+00
  138.2000      0.431440521027E+00
  138.3000      0.434146857341E+00
  138.4000      0.436490199261E+00
  138.5000      0.434278156215E+00
  138.6000      0.445416401442E+00
  138.7000      0.452370344527E+00
  138.8000      0.453750063765E+00
  138.9000      0.468001980070E+00
  139.0000      0.472919445224E+00
  139.1000      0.471762245145E+00
  139.2000      0.482129124070E+00
  139.3000      0.479348716517E+00
  139.4000      0.472260142368E+00
  139.5000      0.475811796056E+00
  139.6000      0.465648788436E+00
  139.7000      0.455161669297E+00
  139.8000      0.454843497180E+00
  139.9000      0.443074101452E+00
  140.0000      0.435213142443E+00
  140.1000      0.436486733103E+00
  140.2000      0.429577450140E+00
  140.3000      0.428790453712E+00
  140.4000      0.434625032976E+00
  140.5000      0.434647285985E+00
  140.6000      0.440006314241E+00
  140.7000      0.448289322865E+00
  140.8000      0.451906486873E+00
  140.9000      0.458113843802E+00
  141.0000      0.463812084987E+00
  141.1000      0.465760375972E+00
  141.2000      0.467465236071E+00
  141.3000      0.467057209401E+00
  141.4000      0.464865846209E+00
  141.5000      0.460835718493E+00
  141.6000      0.455554954042E+00
  141.7000      0.451642357970E+00
  141.8000      0.445171569617E+00
  141.9000      0.439882246500E+00
  142.0000      0.438989237667E+00
  142.1000      0.434354097336E+00
  142.2000      0.433486443954E+00
  142.3000      0.438328835801E+00
  142.4000      0.436839627253E+00
  142.5000      0.440863117519E+00
  142.6000      0.449468270459E+00
  142.7000      0.448219247918E+00
  142.8000      0.453700652883E+00
  142.9000      0.461186716560E+00
  143.0000      0.456177879904E+00
  143.1000      0.459606739459E+00
  143.2000      0.462534092189E+00
  143.3000      0.452594407129E+00
  143.4000      0.453772801385E+00
  143.5000      0.452901885339E+00
  143.6000      0.441148554674E+00
  143.7000      0.443497151811E+00
  143.8000      0.442616519650E+00
  143.9000      0.433644472750E+00
  144.0000      0.440465387342E+00
  144.1000      0.442112766348E+00
  144.2000      0.437882997871E+00
  144.3000      0.448965039684E+00
  144.4000      0.451944038456E+00
  144.5000      0.450346935268E+00
  144.6000      0.461616832349E+00
  144.7000      0.461892219569E+00
  144.8000      0.458857001634E+00
  144.9000      0.465655619726E+00
  145.0000      0.460447069904E+00
  145.1000      0.454104725948E+00
  145.2000      0.455156433855E+00
  145.3000      0.445934283585E+00
  145.4000      0.438466703432E+00
  145.5000      0.436856424080E+00
  145.6000      0.428853676837E+00
  145.7000      0.424918908053E+00
  145.8000      0.425513854428E+00
  145.9000      0.423759097238E+00
  146.0000      0.426183181446E+00
  146.1000      0.431140358940E+00
  146.2000      0.436231196118E+00
  146.3000      0.442993269730E+00
  146.4000      0.449635688972E+00
  146.5000      0.457094658794E+00
  146.6000      0.462279382655E+00
  146.7000      0.465231258572E+00
  146.8000      0.469289828557E+00
  146.9000      0.467760676660E+00
  147.0000      0.463959959345E+00
  147.1000      0.462697813133E+00
  147.2000      0.454275952566E+00
  147.3000      0.446097876608E+00
  147.4000      0.443153714751E+00
  147.5000      0.432667516716E+00
  147.6000      0.426476160524E+00
  147.7000      0.427878048427E+00
  147.8000      0.420800552390E+00
  147.9000      0.421719601169E+00
  148.0000      0.430267267879E+00
  148.1000      0.427887812914E+00
  148.2000      0.435854428368E+00
  148.3000      0.448707766970E+00
  148.4000      0.447480119976E+00
  148.5000      0.457821566745E+00
  148.6000      0.468671456608E+00
  148.7000      0.463408576875E+00
  148.8000      0.470869523199E+00
  148.9000      0.474919477326E+00
  149.0000      0.463637164450E+00
  149.1000      0.466967390456E+00
  149.2000      0.464665172276E+00
  149.3000      0.450482581508E+00
  149.4000      0.453023172707E+00
  149.5000      0.448995154678E+00
  149.6000      0.437603322434E+00
  149.7000      0.443965808493E+00
  149.8000      0.442763468468E+00
  149.9000      0.437756135273E+00
  150.0000      0.449161630907E+00
  150.1000      0.450931062953E+00
  150.2000      0.450637148796E+00
  150.3000      0.463240020184E+00
  150.4000      0.463900183171E+00
  150.5000      0.463411972242E+00
  150.6000      0.471755739915E+00
  150.7000      0.467435083928E+00
  150.8000      0.463348602205E+00
  150.9000      0.465060522638E+00
  151.0000      0.456070480892E+00
  151.1000      0.449460644552E+00
  151.2000      0.447109508171E+00
  151.3000      0.438073298493E+00
  151.4000      0.433189358624E+00
  151.5000      0.431650523351E+00
  151.6000      0.427520320713E+00
  151.7000      0.427459385026E+00
  151.8000      0.429404863462E+00
  151.9000      0.431282353787E+00
  152.0000      0.434829323589E+00
  152.1000      0.438409516846E+00
  152.2000      0.442708438523E+00
  152.3000      0.445002590524E+00
  152.4000      0.445857986423E+00
  152.5000      0.447980301049E+00
  152.6000      0.445129781121E+00
  152.7000      0.441480426857E+00
  152.8000      0.440839961823E+00
  152.9000      0.433852899183E+00
  153.0000      0.429030079915E+00
  153.1000      0.429713820588E+00
  153.2000      0.423330244702E+00
  153.3000      0.423033717945E+00
  153.4000      0.429661047308E+00
  153.5000      0.427650845382E+00
  153.6000      0.434896889417E+00
  153.7000      0.447826949048E+00
  153.8000      0.449212911990E+00
  153.9000      0.461558175965E+00
  154.0000      0.475791019276E+00
  154.1000      0.475395813496E+00
  154.2000      0.486826670417E+00
  154.3000      0.495410765646E+00
  154.4000      0.487909266997E+00
  154.5000      0.493390945486E+00
  154.6000      0.492253264019E+00
  154.7000      0.476447652611E+00
  154.8000      0.475898429399E+00
  154.9000      0.466996442978E+00
  155.0000      0.447614625278E+00
  155.1000      0.446505681926E+00
  155.2000      0.436595591596E+00
  155.3000      0.421294970876E+00
  155.4000      0.426185786221E+00
  155.5000      0.421106560814E+00
  155.6000      0.414395902541E+00
  155.7000      0.427077380529E+00
  155.8000      0.426906914051E+00
  155.9000      0.426927607811E+00
  156.0000      0.443034443632E+00
  156.1000      0.442755641568E+00
  156.2000      0.443734015134E+00
  156.3000      0.456728516786E+00
  156.4000      0.451232692968E+00
  156.5000      0.448864470214E+00
  156.6000      0.455446349884E+00
  156.7000      0.444136958272E+00
  156.8000      0.439106835483E+00
  156.9000      0.441480486262E+00
  157.0000      0.428781459843E+00
  157.1000      0.425905282492E+00
  157.2000      0.429514694707E+00
  157.3000      0.421326067701E+00
  157.4000      0.425245468098E+00
  157.5000      0.433752550220E+00
  157.6000      0.432363359581E+00
  157.7000      0.442763076836E+00
  157.8000      0.454024807541E+00
  157.9000      0.455656942559E+00
  158.0000      0.466498953334E+00
  158.1000      0.473961827512E+00
  158.2000      0.472284268539E+00
  158.3000      0.476883332220E+00
  158.4000      0.475902509437E+00
  158.5000      0.468374688679E+00
  158.6000      0.465168053471E+00
  158.7000      0.457439184291E+00
  158.8000      0.447463661077E+00
  158.9000      0.440438971664E+00
  159.0000      0.432234830511E+00
  159.1000      0.425644043748E+00
  159.2000      0.420260173698E+00
  159.3000      0.417457058118E+00
  159.4000      0.417826257181E+00
  159.5000      0.416998842145E+00
  159.6000      0.421388009923E+00
  159.7000      0.427708861935E+00
  159.8000      0.430165499265E+00
  159.9000      0.438676777932E+00
  160.0000      0.445966469807E+00
  160.1000      0.447228482289E+00
  160.2000      0.454177439500E+00
  160.3000      0.456643559203E+00
  160.4000      0.452380397529E+00
  160.5000      0.453815921248E+00
  160.6000      0.448990963862E+00
  160.7000      0.438759054199E+00
  160.8000      0.435854209270E+00
  160.9000      0.426477494485E+00
  161.0000      0.414590144467E+00
  161.1000      0.413009540914E+00
  161.2000      0.404843850455E+00
  161.3000      0.397482360397E+00
  161.4000      0.403239195218E+00
  161.5000      0.400729200559E+00
  161.6000      0.401745671115E+00
  161.7000      0.416843517360E+00
  161.8000      0.419811954312E+00
  161.9000      0.428023729010E+00
  162.0000      0.448597327022E+00
  162.1000      0.451872527632E+00
  162.2000      0.461532735317E+00
  162.3000      0.479890509404E+00
  162.4000      0.476654258382E+00
  162.5000      0.481653296617E+00
  162.6000      0.491739308414E+00
  162.7000      0.479006640773E+00
  162.8000      0.478077684807E+00
  162.9000      0.480054823998E+00
  163.0000      0.461282024517E+00
  163.1000      0.458898391366E+00
  163.2000      0.457973486583E+00
  163.3000      0.439682639716E+00
  163.4000      0.441507204219E+00
  163.5000      0.442433200462E+00
  163.6000      0.428743958286E+00
  163.7000      0.436999771352E+00
  163.8000      0.440521418139E+00
  163.9000      0.431305623845E+00
  164.0000      0.444359285051E+00
  164.1000      0.448018220609E+00
  164.2000      0.440741508137E+00
  164.3000      0.455281201629E+00
  164.4000      0.455808339847E+00
  164.5000      0.447854772155E+00
  164.6000      0.460956590939E+00
  164.7000      0.456254548430E+00
  164.8000      0.446666201987E+00
  164.9000      0.457399804044E+00
  165.0000      0.447966432052E+00
  165.1000      0.438385052458E+00
  165.2000      0.448281776560E+00
  165.3000      0.436935765513E+00
  165.4000      0.430438741401E+00
  165.5000      0.441650417768E+00
  165.6000      0.431088200010E+00
  165.7000      0.429459751935E+00
  165.8000      0.442259920588E+00
  165.9000      0.433035303225E+00
  166.0000      0.435506012084E+00
  166.1000      0.448037644999E+00
  166.2000      0.439063022426E+00
  166.3000      0.443473949853E+00
  166.4000      0.453400465180E+00
  166.5000      0.443495248153E+00
  166.6000      0.447831561925E+00
  166.7000      0.453670136916E+00
  166.8000      0.442401633128E+00
  166.9000      0.445661515599E+00
  167.0000      0.447437100310E+00
  167.1000      0.435573193618E+00
  167.2000      0.438384934898E+00
  167.3000      0.437849284685E+00
  167.4000      0.427339967720E+00
  167.5000      0.431621428396E+00
  167.6000      0.431159450089E+00
  167.7000      0.423797948261E+00
  167.8000      0.430958324428E+00
  167.9000      0.431580393031E+00
  168.0000      0.427444023706E+00
  168.1000      0.436994168516E+00
  168.2000      0.437715401898E+00
  168.3000      0.435392356216E+00
  168.4000      0.445562336070E+00
  168.5000      0.444774645548E+00
  168.6000      0.442886943924E+00
  168.7000      0.452069380980E+00
  168.8000      0.449009796680E+00
  168.9000      0.447126246278E+00
  169.0000      0.454606015801E+00
  169.1000      0.449800384073E+00
  169.2000      0.448442440084E+00
  169.3000      0.454522646639E+00
  169.4000      0.449551525263E+00
  169.5000      0.449755357596E+00
  169.6000      0.455322530855E+00
  169.7000      0.451788156732E+00
  169.8000      0.453940214870E+00
  169.9000      0.459126715622E+00
  170.0000      0.457014765780E+00
  170.1000      0.459622970385E+00
  170.2000      0.462869560855E+00
  170.3000      0.460213590654E+00
  170.4000      0.460545782243E+00
  170.5000      0.459826543479E+00
  170.6000      0.454706900789E+00
  170.7000      0.451220075322E+00
  170.8000      0.446350022663E+00
  170.9000      0.439072521160E+00
  171.0000      0.432896743919E+00
  171.1000      0.426163632902E+00
  171.2000      0.419187156285E+00
  171.3000      0.413162704143E+00
  171.4000      0.407838157681E+00
  171.5000      0.404001540297E+00
  171.6000      0.400721962083E+00
  171.7000      0.399293747970E+00
  171.8000      0.400235977766E+00
  171.9000      0.400735832599E+00
  172.0000      0.403927883516E+00
  172.1000      0.409282186722E+00
  172.2000      0.412525532392E+00
  172.3000      0.419011865677E+00
  172.4000      0.426360731893E+00
  172.5000      0.429654696775E+00
  172.6000      0.436817465229E+00
  172.7000      0.442940853975E+00
  172.8000      0.443687313463E+00
  172.9000      0.449567308041E+00
  173.0000      0.452611470641E+00
  173.1000      0.450328066401E+00
  173.2000      0.455145670755E+00
  173.3000      0.455624093761E+00
  173.4000      0.452038527226E+00
  173.5000      0.457450239002E+00
  173.6000      0.456861556942E+00
  173.7000      0.453878465550E+00
  173.8000      0.460856502209E+00
  173.9000      0.459713535746E+00
  174.0000      0.457780332760E+00
  174.1000      0.465781073598E+00
  174.2000      0.463390574261E+00
  174.3000      0.461891478888E+00
  174.4000      0.469783513622E+00
  174.5000      0.465196309869E+00
  174.6000      0.463382809017E+00
  174.7000      0.470082360313E+00
  174.8000      0.462306206560E+00
  174.9000      0.459351589972E+00
  175.0000      0.463698057144E+00
  175.1000      0.451802231990E+00
  175.2000      0.447359629404E+00
  175.3000      0.449077716349E+00
  175.4000      0.433764705868E+00
  175.5000      0.429724931509E+00
  175.6000      0.431007755036E+00
  175.7000      0.415736687541E+00
  175.8000      0.416264754686E+00
  175.9000      0.420662355944E+00
  176.0000      0.409333513849E+00
  176.1000      0.417521314414E+00
  176.2000      0.426234268797E+00
  176.3000      0.419537459360E+00
  176.4000      0.434530918562E+00
  176.5000      0.444836841305E+00
  176.6000      0.440026696333E+00
  176.7000      0.458279312072E+00
  176.8000      0.465846442886E+00
  176.9000      0.459585634726E+00
  177.0000      0.477765358297E+00
  177.1000      0.479090561764E+00
  177.2000      0.469231132640E+00
  177.3000      0.485187157485E+00
  177.4000      0.478033329558E+00
  177.5000      0.463822526272E+00
  177.6000      0.476643303245E+00
  177.7000      0.460486158391E+00
  177.8000      0.443224629829E+00
  177.9000      0.453924767469E+00
  178.0000      0.430814734770E+00
  178.1000      0.414247423258E+00
  178.2000      0.425817528777E+00
  178.3000      0.400211495286E+00
  178.4000      0.389938485002E+00
  178.5000      0.407122894839E+00
  178.6000      0.385859733451E+00
  178.7000      0.389519282495E+00
  178.8000      0.419445117761E+00
  178.9000      0.411434841330E+00
  179.0000      0.437296330401E+00
  179.1000      0.486308574828E+00
  179.2000      0.496072456319E+00
  179.3000      0.544700975313E+00
  179.4000      0.608296295536E+00
  179.5000      0.624327310066E+00
  179.6000      0.680173453254E+00
  179.7000      0.738727041360E+00
  179.8000      0.731239758677E+00
  179.9000      0.775885303637E+00
  180.0000      0.906410946257E+00
