    0.1000      0.503228439845E+07
    0.2000      0.100791190812E+07
    0.3000      0.380986731665E+06
    0.4000      0.161836174918E+06
    0.5000      0.102474929418E+06
    0.6000      0.719864406466E+05
    0.7000      0.437986319484E+05
    0.8000      0.315153386679E+05
    0.9000      0.228436288647E+05
    1.0000      0.191552698964E+05
    1.1000      0.200312991632E+05
    1.2000      0.172816219326E+05
    1.3000      0.138272942542E+05
    1.4000      0.122307699249E+05
    1.5000      0.118755043997E+05
    1.6000      0.106398100180E+05
    1.7000      0.882247367502E+04
    1.8000      0.720403791853E+04
    1.9000      0.635613186970E+04
    2.0000      0.567332511424E+04
    2.1000      0.479451727691E+04
    2.2000      0.380408982155E+04
    2.3000      0.338561989373E+04
    2.4000      0.319563028512E+04
    2.5000      0.269148915003E+04
    2.6000      0.188969473766E+04
    2.7000      0.155704637357E+04
    2.8000      0.166418305626E+04
    2.9000      0.178717632099E+04
    3.0000      0.159766844140E+04
    3.1000      0.127742591486E+04
    3.2000      0.966122352047E+03
    3.3000      0.851952244709E+03
    3.4000      0.847458274222E+03
    3.5000      0.827817851488E+03
    3.6000      0.722578686957E+03
    3.7000      0.597985581295E+03
    3.8000      0.465104454832E+03
    3.9000      0.374237429278E+03
    4.0000      0.373921780563E+03
    4.1000      0.409460529216E+03
    4.2000      0.407448381101E+03
    4.3000      0.346349547096E+03
    4.4000      0.271995090943E+03
    4.5000      0.202557863991E+03
    4.6000      0.176965352701E+03
    4.7000      0.167153372751E+03
    4.8000      0.170280632914E+03
    4.9000      0.176515634851E+03
    5.0000      0.195143734068E+03
    5.1000      0.185467401111E+03
    5.2000      0.158623646542E+03
    5.3000      0.123685355275E+03
    5.4000      0.995383608646E+02
    5.5000      0.914115285177E+02
    5.6000      0.103207672484E+03
    5.7000      0.113398167594E+03
    5.8000      0.114916204882E+03
    5.9000      0.122462317636E+03
    6.0000      0.124072546706E+03
    6.1000      0.121825597747E+03
    6.2000      0.113286454124E+03
    6.3000      0.107449022187E+03
    6.4000      0.896019304877E+02
    6.5000      0.873083794313E+02
    6.6000      0.898626220821E+02
    6.7000      0.105067762487E+03
    6.8000      0.121815907653E+03
    6.9000      0.141906638950E+03
    7.0000      0.138086704323E+03
    7.1000      0.123389163657E+03
    7.2000      0.101534093810E+03
    7.3000      0.828147049424E+02
    7.4000      0.813330789585E+02
    7.5000      0.981344616648E+02
    7.6000      0.120520444727E+03
    7.7000      0.133164631748E+03
    7.8000      0.135658946549E+03
    7.9000      0.113711440880E+03
    8.0000      0.901982934619E+02
    8.1000      0.725299594779E+02
    8.2000      0.716385558307E+02
    8.3000      0.821175480698E+02
    8.4000      0.100038871191E+03
    8.5000      0.105777311106E+03
    8.6000      0.990181361756E+02
    8.7000      0.862711048763E+02
    8.8000      0.685490627583E+02
    8.9000      0.618058897277E+02
    9.0000      0.627972235775E+02
    9.1000      0.699481378045E+02
    9.2000      0.736892497637E+02
    9.3000      0.772460895902E+02
    9.4000      0.701937046167E+02
    9.5000      0.642009626092E+02
    9.6000      0.603822624377E+02
    9.7000      0.577387391243E+02
    9.8000      0.585627335195E+02
    9.9000      0.590067726373E+02
   10.0000      0.568018439928E+02
   10.1000      0.514148517336E+02
   10.2000      0.504111433775E+02
   10.3000      0.468514101946E+02
   10.4000      0.486406564015E+02
   10.5000      0.494781670576E+02
   10.6000      0.482400636014E+02
   10.7000      0.429233917080E+02
   10.8000      0.373365303045E+02
   10.9000      0.307290965827E+02
   11.0000      0.276485685882E+02
   11.1000      0.295629613456E+02
   11.2000      0.319517694437E+02
   11.3000      0.347407820715E+02
   11.4000      0.340337180169E+02
   11.5000      0.300362322759E+02
   11.6000      0.237705890157E+02
   11.7000      0.193657739082E+02
   11.8000      0.172645213497E+02
   11.9000      0.189660914600E+02
   12.0000      0.224923665621E+02
   12.1000      0.253046062828E+02
   12.2000      0.258219160552E+02
   12.3000      0.236929293732E+02
   12.4000      0.201807110928E+02
   12.5000      0.171554731024E+02
   12.6000      0.158620921602E+02
   12.7000      0.165290804600E+02
   12.8000      0.179852459099E+02
   12.9000      0.190519833108E+02
   13.0000      0.189564509280E+02
   13.1000      0.174986472970E+02
   13.2000      0.157855891234E+02
   13.3000      0.143414709326E+02
   13.4000      0.136892160847E+02
   13.5000      0.134635874171E+02
   13.6000      0.133904367711E+02
   13.7000      0.124848927772E+02
   13.8000      0.114872159056E+02
   13.9000      0.106096209013E+02
   14.0000      0.981722925510E+01
   14.1000      0.103905181384E+02
   14.2000      0.107948263959E+02
   14.3000      0.111908009566E+02
   14.4000      0.107759146035E+02
   14.5000      0.100769040760E+02
   14.6000      0.841884731728E+01
   14.7000      0.801715752194E+01
   14.8000      0.811002497816E+01
   14.9000      0.878897164683E+01
   15.0000      0.103489153849E+02
   15.1000      0.110740141907E+02
   15.2000      0.112429015137E+02
   15.3000      0.106575693468E+02
   15.4000      0.100510995589E+02
   15.5000      0.899034695725E+01
   15.6000      0.920417622407E+01
   15.7000      0.932988641307E+01
   15.8000      0.978672053887E+01
   15.9000      0.103432189940E+02
   16.0000      0.103144964653E+02
   16.1000      0.101826257662E+02
   16.2000      0.988482781083E+01
   16.3000      0.962423665655E+01
   16.4000      0.921678282474E+01
   16.5000      0.902247214445E+01
   16.6000      0.838350136081E+01
   16.7000      0.784957896540E+01
   16.8000      0.747821915333E+01
   16.9000      0.705064462224E+01
   17.0000      0.741428518125E+01
   17.1000      0.767437713044E+01
   17.2000      0.806322198767E+01
   17.3000      0.812865091641E+01
   17.4000      0.780571487405E+01
   17.5000      0.688196404756E+01
   17.6000      0.616068103956E+01
   17.7000      0.563008078822E+01
   17.8000      0.540089695608E+01
   17.9000      0.616656258546E+01
   18.0000      0.676954769526E+01
   18.1000      0.754974102058E+01
   18.2000      0.786500814500E+01
   18.3000      0.775235103563E+01
   18.4000      0.698576778453E+01
   18.5000      0.639353400897E+01
   18.6000      0.573037939538E+01
   18.7000      0.544188952308E+01
   18.8000      0.570363531354E+01
   18.9000      0.602036577134E+01
   19.0000      0.644720625260E+01
   19.1000      0.665165144511E+01
   19.2000      0.657041408384E+01
   19.3000      0.610724190495E+01
   19.4000      0.557848431787E+01
   19.5000      0.497593117495E+01
   19.6000      0.455416306268E+01
   19.7000      0.434165437468E+01
   19.8000      0.437043734336E+01
   19.9000      0.447734987252E+01
   20.0000      0.464932020758E+01
   20.1000      0.477151576260E+01
   20.2000      0.486529757476E+01
   20.3000      0.479308175477E+01
   20.4000      0.482849859201E+01
   20.5000      0.472484462771E+01
   20.6000      0.464818167896E+01
   20.7000      0.466657231192E+01
   20.8000      0.463029457638E+01
   20.9000      0.475379612027E+01
   21.0000      0.499947914761E+01
   21.1000      0.540362240360E+01
   21.2000      0.575469725030E+01
   21.3000      0.625749883434E+01
   21.4000      0.633005164061E+01
   21.5000      0.625831217733E+01
   21.6000      0.596449939592E+01
   21.7000      0.540758958784E+01
   21.8000      0.510088943772E+01
   21.9000      0.497119097247E+01
   22.0000      0.518770201275E+01
   22.1000      0.555080199142E+01
   22.2000      0.607327344074E+01
   22.3000      0.603099653238E+01
   22.4000      0.582470136361E+01
   22.5000      0.515006067379E+01
   22.6000      0.420086369503E+01
   22.7000      0.360631564989E+01
   22.8000      0.321687105659E+01
   22.9000      0.334267866317E+01
   23.0000      0.374717625701E+01
   23.1000      0.430907426443E+01
   23.2000      0.436401965901E+01
   23.3000      0.433452071330E+01
   23.4000      0.374882176151E+01
   23.5000      0.303986994087E+01
   23.6000      0.260698774139E+01
   23.7000      0.234221988522E+01
   23.8000      0.253987526034E+01
   23.9000      0.296621250808E+01
   24.0000      0.346172675496E+01
   24.1000      0.366416510080E+01
   24.2000      0.378467645727E+01
   24.3000      0.349714845157E+01
   24.4000      0.318984718366E+01
   24.5000      0.297783515710E+01
   24.6000      0.280666977487E+01
   24.7000      0.292156543070E+01
   24.8000      0.305818347554E+01
   24.9000      0.323099400354E+01
   25.0000      0.335464049275E+01
   25.1000      0.338225620401E+01
   25.2000      0.333833880378E+01
   25.3000      0.329368300509E+01
   25.4000      0.325404902831E+01
   25.5000      0.313307250928E+01
   25.6000      0.317022884338E+01
   25.7000      0.298810274783E+01
   25.8000      0.293910964427E+01
   25.9000      0.291832421126E+01
   26.0000      0.286416099691E+01
   26.1000      0.299845712141E+01
   26.2000      0.312597196466E+01
   26.3000      0.325399799358E+01
   26.4000      0.327291390521E+01
   26.5000      0.334967539505E+01
   26.6000      0.308940669465E+01
   26.7000      0.302381251090E+01
   26.8000      0.288462373023E+01
   26.9000      0.279045525285E+01
   27.0000      0.290770826616E+01
   27.1000      0.301870111209E+01
   27.2000      0.316318205000E+01
   27.3000      0.326280513184E+01
   27.4000      0.334553430921E+01
   27.5000      0.318711121749E+01
   27.6000      0.313645463033E+01
   27.7000      0.293360231372E+01
   27.8000      0.277412924314E+01
   27.9000      0.270442303392E+01
   28.0000      0.262569588795E+01
   28.1000      0.263616302165E+01
   28.2000      0.266206615651E+01
   28.3000      0.269536873475E+01
   28.4000      0.269271085022E+01
   28.5000      0.266103392869E+01
   28.6000      0.255489286338E+01
   28.7000      0.241360936974E+01
   28.8000      0.226007381269E+01
   28.9000      0.208328640322E+01
   29.0000      0.201741065524E+01
   29.1000      0.194960835399E+01
   29.2000      0.198162144363E+01
   29.3000      0.208947095372E+01
   29.4000      0.211612267973E+01
   29.5000      0.221703098448E+01
   29.6000      0.220567095048E+01
   29.7000      0.217465092008E+01
   29.8000      0.210490613224E+01
   29.9000      0.208981225200E+01
   30.0000      0.201615129814E+01
   30.1000      0.206796530822E+01
   30.2000      0.214958133114E+01
   30.3000      0.218429798033E+01
   30.4000      0.235675735401E+01
   30.5000      0.240438431612E+01
   30.6000      0.248946891771E+01
   30.7000      0.252997933528E+01
   30.8000      0.254779657875E+01
   30.9000      0.249090788288E+01
   31.0000      0.246868415509E+01
   31.1000      0.239555634527E+01
   31.2000      0.231566581604E+01
   31.3000      0.232884505061E+01
   31.4000      0.229089289412E+01
   31.5000      0.235121616621E+01
   31.6000      0.239966301658E+01
   31.7000      0.242827218041E+01
   31.8000      0.242943016228E+01
   31.9000      0.235477670554E+01
   32.0000      0.222942379624E+01
   32.1000      0.207377253833E+01
   32.2000      0.193412058264E+01
   32.3000      0.183926966019E+01
   32.4000      0.183896587589E+01
   32.5000      0.190180446049E+01
   32.6000      0.201621489349E+01
   32.7000      0.216726290572E+01
   32.8000      0.221364636794E+01
   32.9000      0.226405783185E+01
   33.0000      0.219150379926E+01
   33.1000      0.207555770554E+01
   33.2000      0.200858877389E+01
   33.3000      0.193651660810E+01
   33.4000      0.199187114024E+01
   33.5000      0.212832237056E+01
   33.6000      0.234658747672E+01
   33.7000      0.252131456630E+01
   33.8000      0.274362105665E+01
   33.9000      0.276919277698E+01
   34.0000      0.273651038951E+01
   34.1000      0.265707412636E+01
   34.2000      0.245568410638E+01
   34.3000      0.239177011964E+01
   34.4000      0.235623661604E+01
   34.5000      0.244212062805E+01
   34.6000      0.257742637819E+01
   34.7000      0.279001370602E+01
   34.8000      0.284497661650E+01
   34.9000      0.287921493250E+01
   35.0000      0.277956111760E+01
   35.1000      0.252551941555E+01
   35.2000      0.235806806496E+01
   35.3000      0.213907986948E+01
   35.4000      0.206004421941E+01
   35.5000      0.207080875317E+01
   35.6000      0.217511568629E+01
   35.7000      0.224037128212E+01
   35.8000      0.233028270801E+01
   35.9000      0.229236751202E+01
   36.0000      0.215272013026E+01
   36.1000      0.201883152660E+01
   36.2000      0.179430923984E+01
   36.3000      0.166497761373E+01
   36.4000      0.158313965148E+01
   36.5000      0.157656177609E+01
   36.6000      0.161582208382E+01
   36.7000      0.168655758706E+01
   36.8000      0.171884250725E+01
   36.9000      0.171561217558E+01
   37.0000      0.167444597846E+01
   37.1000      0.157159064670E+01
   37.2000      0.147205918267E+01
   37.3000      0.136131516785E+01
   37.4000      0.127688066326E+01
   37.5000      0.124201770447E+01
   37.6000      0.122223167085E+01
   37.7000      0.126889825210E+01
   37.8000      0.131565998148E+01
   37.9000      0.136270238817E+01
   38.0000      0.141052303421E+01
   38.1000      0.138674075753E+01
   38.2000      0.133939866727E+01
   38.3000      0.124980312017E+01
   38.4000      0.116120465786E+01
   38.5000      0.107018464901E+01
   38.6000      0.108569421575E+01
   38.7000      0.111194774138E+01
   38.8000      0.122081110622E+01
   38.9000      0.137288656480E+01
   39.0000      0.144774388124E+01
   39.1000      0.152617629452E+01
   39.2000      0.149454434399E+01
   39.3000      0.141657098640E+01
   39.4000      0.130675077847E+01
   39.5000      0.124980219630E+01
   39.6000      0.120801337101E+01
   39.7000      0.128433222718E+01
   39.8000      0.141353990915E+01
   39.9000      0.152541199581E+01
   40.0000      0.166905038966E+01
   40.1000      0.168559423389E+01
   40.2000      0.165233922569E+01
   40.3000      0.155046104812E+01
   40.4000      0.141953177750E+01
   40.5000      0.131215463415E+01
   40.6000      0.127216730800E+01
   40.7000      0.129422045104E+01
   40.8000      0.136270745030E+01
   40.9000      0.147274030459E+01
   41.0000      0.151487195003E+01
   41.1000      0.153541017529E+01
   41.2000      0.147201107866E+01
   41.3000      0.134521735089E+01
   41.4000      0.123955223991E+01
   41.5000      0.111082265393E+01
   41.6000      0.106730847934E+01
   41.7000      0.107436233590E+01
   41.8000      0.112694705692E+01
   41.9000      0.120289304836E+01
   42.0000      0.127454163352E+01
   42.1000      0.129056960674E+01
   42.2000      0.125662147308E+01
   42.3000      0.121576811191E+01
   42.4000      0.109089402128E+01
   42.5000      0.105279002329E+01
   42.6000      0.100742920051E+01
   42.7000      0.101704092998E+01
   42.8000      0.109912547021E+01
   42.9000      0.117575060030E+01
   43.0000      0.125983588447E+01
   43.1000      0.131394908440E+01
   43.2000      0.133550206745E+01
   43.3000      0.127118843065E+01
   43.4000      0.124789394829E+01
   43.5000      0.116020766030E+01
   43.6000      0.112597079396E+01
   43.7000      0.114570410776E+01
   43.8000      0.116654103910E+01
   43.9000      0.125016249426E+01
   44.0000      0.131750306234E+01
   44.1000      0.136839151194E+01
   44.2000      0.136967720779E+01
   44.3000      0.135281651142E+01
   44.4000      0.126920323179E+01
   44.5000      0.120192565689E+01
   44.6000      0.114288535568E+01
   44.7000      0.109882184259E+01
   44.8000      0.112058199949E+01
   44.9000      0.114759480140E+01
   45.0000      0.120121198246E+01
   45.1000      0.124520231123E+01
   45.2000      0.125460188022E+01
   45.3000      0.124110715077E+01
   45.4000      0.118630030892E+01
   45.5000      0.112144311936E+01
   45.6000      0.106072882405E+01
   45.7000      0.101845280408E+01
   45.8000      0.100638642206E+01
   45.9000      0.102994051851E+01
   46.0000      0.107028064096E+01
   46.1000      0.110422834956E+01
   46.2000      0.115692985908E+01
   46.3000      0.114130843843E+01
   46.4000      0.113859944092E+01
   46.5000      0.110360542622E+01
   46.6000      0.104625839900E+01
   46.7000      0.102791478258E+01
   46.8000      0.100283728170E+01
   46.9000      0.101151954812E+01
   47.0000      0.103505604887E+01
   47.1000      0.108707745256E+01
   47.2000      0.109422355597E+01
   47.3000      0.113975415283E+01
   47.4000      0.112897198729E+01
   47.5000      0.110042850148E+01
   47.6000      0.109631137177E+01
   47.7000      0.104476699921E+01
   47.8000      0.103947534572E+01
   47.9000      0.103645704941E+01
   48.0000      0.105659208920E+01
   48.1000      0.107285588622E+01
   48.2000      0.112179433785E+01
   48.3000      0.112898285396E+01
   48.4000      0.114011799867E+01
   48.5000      0.115054488446E+01
   48.6000      0.111633277690E+01
   48.7000      0.112098769070E+01
   48.8000      0.110732009140E+01
   48.9000      0.111559419810E+01
   49.0000      0.113811406872E+01
   49.1000      0.117184050374E+01
   49.2000      0.120046252303E+01
   49.3000      0.123199727193E+01
   49.4000      0.125239876752E+01
   49.5000      0.125532063382E+01
   49.6000      0.126338233125E+01
   49.7000      0.125977424999E+01
   49.8000      0.126773398993E+01
   49.9000      0.128494364321E+01
   50.0000      0.130621467929E+01
   50.1000      0.134155025829E+01
   50.2000      0.136462580073E+01
   50.3000      0.138724354970E+01
   50.4000      0.140301915601E+01
   50.5000      0.139103641534E+01
   50.6000      0.139622334064E+01
   50.7000      0.137913963417E+01
   50.8000      0.137588745154E+01
   50.9000      0.138160471285E+01
   51.0000      0.139266283082E+01
   51.1000      0.140087825156E+01
   51.2000      0.141778439700E+01
   51.3000      0.142203372380E+01
   51.4000      0.139542045919E+01
   51.5000      0.139839525925E+01
   51.6000      0.134155093575E+01
   51.7000      0.131953144442E+01
   51.8000      0.129450685237E+01
   51.9000      0.126391051679E+01
   52.0000      0.126566877876E+01
   52.1000      0.126433836858E+01
   52.2000      0.126502379565E+01
   52.3000      0.125444269196E+01
   52.4000      0.125852383187E+01
   52.5000      0.120028044576E+01
   52.6000      0.118248762339E+01
   52.7000      0.113107850580E+01
   52.8000      0.107800599936E+01
   52.9000      0.107195264943E+01
   53.0000      0.104132166836E+01
   53.1000      0.105262358389E+01
   53.2000      0.106298201272E+01
   53.3000      0.107877713733E+01
   53.4000      0.106944248664E+01
   53.5000      0.107432283550E+01
   53.6000      0.103506197477E+01
   53.7000      0.996340712777E+00
   53.8000      0.976110521150E+00
   53.9000      0.924815312533E+00
   54.0000      0.933321440487E+00
   54.1000      0.933292332605E+00
   54.2000      0.955208790749E+00
   54.3000      0.990098593789E+00
   54.4000      0.101368792177E+01
   54.5000      0.102436085781E+01
   54.6000      0.102061420820E+01
   54.7000      0.100316809258E+01
   54.8000      0.963387705445E+00
   54.9000      0.947759894601E+00
   55.0000      0.919376531394E+00
   55.1000      0.920670463161E+00
   55.2000      0.942186526958E+00
   55.3000      0.958905128131E+00
   55.4000      0.100021938022E+01
   55.5000      0.101728464791E+01
   55.6000      0.102785581966E+01
   55.7000      0.102469727301E+01
   55.8000      0.999229841390E+00
   55.9000      0.973989148044E+00
   56.0000      0.945900795061E+00
   56.1000      0.928007010616E+00
   56.2000      0.919919829448E+00
   56.3000      0.933646317447E+00
   56.4000      0.942030343330E+00
   56.5000      0.964717417089E+00
   56.6000      0.980980654900E+00
   56.7000      0.973115635137E+00
   56.8000      0.979889531711E+00
   56.9000      0.947782660885E+00
   57.0000      0.927689404400E+00
   57.1000      0.906643220443E+00
   57.2000      0.878940928009E+00
   57.3000      0.875113764926E+00
   57.4000      0.871425657323E+00
   57.5000      0.878742863912E+00
   57.6000      0.886514974645E+00
   57.7000      0.906046568854E+00
   57.8000      0.898371058526E+00
   57.9000      0.906925090198E+00
   58.0000      0.896532940644E+00
   58.1000      0.870468853536E+00
   58.2000      0.870731238056E+00
   58.3000      0.837717170628E+00
   58.4000      0.835846170470E+00
   58.5000      0.833299024047E+00
   58.6000      0.834054724131E+00
   58.7000      0.849936084113E+00
   58.8000      0.865678638855E+00
   58.9000      0.878830715259E+00
   59.0000      0.886621012424E+00
   59.1000      0.899840950419E+00
   59.2000      0.879723468108E+00
   59.3000      0.883763624658E+00
   59.4000      0.865070944048E+00
   59.5000      0.848226383607E+00
   59.6000      0.858206177929E+00
   59.7000      0.845072516182E+00
   59.8000      0.867143331918E+00
   59.9000      0.882017893453E+00
   60.0000      0.899080300047E+00
   60.1000      0.918139186475E+00
   60.2000      0.928862792671E+00
   60.3000      0.926175935891E+00
   60.4000      0.917466864329E+00
   60.5000      0.910111339419E+00
   60.6000      0.878244500308E+00
   60.7000      0.880897623313E+00
   60.8000      0.863257474156E+00
   60.9000      0.863634730854E+00
   61.0000      0.885743390579E+00
   61.1000      0.883411492875E+00
   61.2000      0.911264401073E+00
   61.3000      0.915195246180E+00
   61.4000      0.915375167282E+00
   61.5000      0.907962052872E+00
   61.6000      0.891571617109E+00
   61.7000      0.863221374309E+00
   61.8000      0.842163987512E+00
   61.9000      0.828410125462E+00
   62.0000      0.802669670232E+00
   62.1000      0.820967512039E+00
   62.2000      0.811881055850E+00
   62.3000      0.826910929920E+00
   62.4000      0.845908317060E+00
   62.5000      0.836019612924E+00
   62.6000      0.846899549828E+00
   62.7000      0.827576872556E+00
   62.8000      0.809240738923E+00
   62.9000      0.786033310508E+00
   63.0000      0.768552692048E+00
   63.1000      0.744925017615E+00
   63.2000      0.744557626217E+00
   63.3000      0.749176026819E+00
   63.4000      0.748153849892E+00
   63.5000      0.782478020878E+00
   63.6000      0.779640690700E+00
   63.7000      0.797992698670E+00
   63.8000      0.803274553097E+00
   63.9000      0.786513250478E+00
   64.0000      0.785311329355E+00
   64.1000      0.762893211276E+00
   64.2000      0.751096221623E+00
   64.3000      0.742872310324E+00
   64.4000      0.747392665795E+00
   64.5000      0.750171744848E+00
   64.6000      0.774539664208E+00
   64.7000      0.792592500743E+00
   64.8000      0.804544141938E+00
   64.9000      0.832023571826E+00
   65.0000      0.820427029222E+00
   65.1000      0.827081582759E+00
   65.2000      0.815110854106E+00
   65.3000      0.793850392172E+00
   65.4000      0.793148270069E+00
   65.5000      0.777365875760E+00
   65.6000      0.782984543416E+00
   65.7000      0.792312609759E+00
   65.8000      0.808180412731E+00
   65.9000      0.822390316244E+00
   66.0000      0.842716860447E+00
   66.1000      0.847004088523E+00
   66.2000      0.843409541213E+00
   66.3000      0.845392566368E+00
   66.4000      0.812836494513E+00
   66.5000      0.808919282728E+00
   66.6000      0.786874213646E+00
   66.7000      0.771277823149E+00
   66.8000      0.782359284318E+00
   66.9000      0.774992949654E+00
   67.0000      0.795108053446E+00
   67.1000      0.806933083928E+00
   67.2000      0.817706417450E+00
   67.3000      0.821021638661E+00
   67.4000      0.823499550921E+00
   67.5000      0.806110998020E+00
   67.6000      0.789710282527E+00
   67.7000      0.781319748166E+00
   67.8000      0.747997093563E+00
   67.9000      0.758351487189E+00
   68.0000      0.747161927021E+00
   68.1000      0.754889111788E+00
   68.2000      0.781111461700E+00
   68.3000      0.784990409838E+00
   68.4000      0.810508540861E+00
   68.5000      0.817484477837E+00
   68.6000      0.820818567432E+00
   68.7000      0.813403359602E+00
   68.8000      0.810557147833E+00
   68.9000      0.789434135696E+00
   69.0000      0.783821513168E+00
   69.1000      0.785937330026E+00
   69.2000      0.775421673118E+00
   69.3000      0.806938889050E+00
   69.4000      0.812814814923E+00
   69.5000      0.838737113477E+00
   69.6000      0.865857399794E+00
   69.7000      0.871972769674E+00
   69.8000      0.888163130686E+00
   69.9000      0.884635939839E+00
   70.0000      0.878442670698E+00
   70.1000      0.866285304570E+00
   70.2000      0.861475517465E+00
   70.3000      0.848135646076E+00
   70.4000      0.854165790626E+00
   70.5000      0.863512230023E+00
   70.6000      0.870059480225E+00
   70.7000      0.900313131178E+00
   70.8000      0.906523534437E+00
   70.9000      0.924604354275E+00
   71.0000      0.932119116619E+00
   71.1000      0.922331930961E+00
   71.2000      0.919810462536E+00
   71.3000      0.898625363050E+00
   71.4000      0.883263869153E+00
   71.5000      0.869126159339E+00
   71.6000      0.858254622818E+00
   71.7000      0.854764557567E+00
   71.8000      0.858660843954E+00
   71.9000      0.865099475893E+00
   72.0000      0.870485739466E+00
   72.1000      0.881970377703E+00
   72.2000      0.874308069169E+00
   72.3000      0.873719309643E+00
   72.4000      0.860104388184E+00
   72.5000      0.835685260309E+00
   72.6000      0.826606858501E+00
   72.7000      0.795838696980E+00
   72.8000      0.786397261606E+00
   72.9000      0.776390671869E+00
   73.0000      0.765593519558E+00
   73.1000      0.772582198442E+00
   73.2000      0.770002477927E+00
   73.3000      0.773718164011E+00
   73.4000      0.773008382004E+00
   73.5000      0.772039585938E+00
   73.6000      0.756664291878E+00
   73.7000      0.751812003398E+00
   73.8000      0.733498964109E+00
   73.9000      0.713778795704E+00
   74.0000      0.714177707388E+00
   74.1000      0.688690927172E+00
   74.2000      0.696280390553E+00
   74.3000      0.692665041106E+00
   74.4000      0.689613655456E+00
   74.5000      0.703997914230E+00
   74.6000      0.699208195351E+00
   74.7000      0.704831605709E+00
   74.8000      0.702909137964E+00
   74.9000      0.700347967929E+00
   75.0000      0.688142910419E+00
   75.1000      0.688567372818E+00
   75.2000      0.674977632484E+00
   75.3000      0.668300105567E+00
   75.4000      0.676466754395E+00
   75.5000      0.661306428516E+00
   75.6000      0.680091579126E+00
   75.7000      0.678842984097E+00
   75.8000      0.682715838159E+00
   75.9000      0.697304598259E+00
   76.0000      0.690438588781E+00
   76.1000      0.696773730497E+00
   76.2000      0.692166339505E+00
   76.3000      0.687483568598E+00
   76.4000      0.679859048528E+00
   76.5000      0.679513748571E+00
   76.6000      0.670996207918E+00
   76.7000      0.672056224751E+00
   76.8000      0.679772648952E+00
   76.9000      0.673427514350E+00
   77.0000      0.692127969548E+00
   77.1000      0.688897312175E+00
   77.2000      0.693509174245E+00
   77.3000      0.701059009062E+00
   77.4000      0.688207480804E+00
   77.5000      0.692050714472E+00
   77.6000      0.680231191065E+00
   77.7000      0.672761890105E+00
   77.8000      0.669042061344E+00
   77.9000      0.663741107597E+00
   78.0000      0.663139941691E+00
   78.1000      0.666302156409E+00
   78.2000      0.671940965657E+00
   78.3000      0.672091907779E+00
   78.4000      0.683593388850E+00
   78.5000      0.677207229779E+00
   78.6000      0.678036660803E+00
   78.7000      0.676128205039E+00
   78.8000      0.658502018321E+00
   78.9000      0.660955337544E+00
   79.0000      0.644040905439E+00
   79.1000      0.640241998066E+00
   79.2000      0.641790570689E+00
   79.3000      0.635289929411E+00
   79.4000      0.645619224517E+00
   79.5000      0.647066938503E+00
   79.6000      0.652126161957E+00
   79.7000      0.654589155674E+00
   79.8000      0.655366935106E+00
   79.9000      0.647275510190E+00
   80.0000      0.642753771788E+00
   80.1000      0.634496463569E+00
   80.2000      0.619027640463E+00
   80.3000      0.622958963347E+00
   80.4000      0.608388736932E+00
   80.5000      0.613722156436E+00
   80.6000      0.619261357805E+00
   80.7000      0.614942552568E+00
   80.8000      0.631575113029E+00
   80.9000      0.626230264393E+00
   81.0000      0.629838115394E+00
   81.1000      0.628850982823E+00
   81.2000      0.619282363792E+00
   81.3000      0.613642323317E+00
   81.4000      0.605176171501E+00
   81.5000      0.598109791443E+00
   81.6000      0.591283567733E+00
   81.7000      0.596665902234E+00
   81.8000      0.589758440911E+00
   81.9000      0.600233986228E+00
   82.0000      0.604026872483E+00
   82.1000      0.600537021907E+00
   82.2000      0.613915885809E+00
   82.3000      0.600548248923E+00
   82.4000      0.603243822688E+00
   82.5000      0.597956179132E+00
   82.6000      0.585290081298E+00
   82.7000      0.587450310593E+00
   82.8000      0.577623252333E+00
   82.9000      0.578057881171E+00
   83.0000      0.578702335207E+00
   83.1000      0.581402257779E+00
   83.2000      0.582083917982E+00
   83.3000      0.588199320310E+00
   83.4000      0.587898820478E+00
   83.5000      0.584796284409E+00
   83.6000      0.590830632411E+00
   83.7000      0.576866743847E+00
   83.8000      0.581436954185E+00
   83.9000      0.575558461947E+00
   84.0000      0.567718983493E+00
   84.1000      0.577203680673E+00
   84.2000      0.566710410033E+00
   84.3000      0.575162841855E+00
   84.4000      0.576630143552E+00
   84.5000      0.575025241477E+00
   84.6000      0.581750392381E+00
   84.7000      0.578689844847E+00
   84.8000      0.579211965535E+00
   84.9000      0.577433030375E+00
   85.0000      0.577870391512E+00
   85.1000      0.571705791382E+00
   85.2000      0.576894501282E+00
   85.3000      0.573784813651E+00
   85.4000      0.573088526909E+00
   85.5000      0.583838005920E+00
   85.6000      0.574503675206E+00
   85.7000      0.587080696850E+00
   85.8000      0.584752382859E+00
   85.9000      0.581753352273E+00
   86.0000      0.591245872243E+00
   86.1000      0.580215696532E+00
   86.2000      0.586454402689E+00
   86.3000      0.584420264674E+00
   86.4000      0.582847642313E+00
   86.5000      0.587289498865E+00
   86.6000      0.588396859995E+00
   86.7000      0.590857050708E+00
   86.8000      0.593580909126E+00
   86.9000      0.599273289384E+00
   87.0000      0.593552903418E+00
   87.1000      0.602374655951E+00
   87.2000      0.595872859456E+00
   87.3000      0.593634346735E+00
   87.4000      0.600904715901E+00
   87.5000      0.587380391335E+00
   87.6000      0.599571772823E+00
   87.7000      0.595344639824E+00
   87.8000      0.595640105106E+00
   87.9000      0.606626102577E+00
   88.0000      0.599911568508E+00
   88.1000      0.607992761682E+00
   88.2000      0.606072965597E+00
   88.3000      0.604055314923E+00
   88.4000      0.601811643754E+00
   88.5000      0.599850915944E+00
   88.6000      0.593545204017E+00
   88.7000      0.591657742027E+00
   88.8000      0.594382084415E+00
   88.9000      0.585466622658E+00
   89.0000      0.598634863352E+00
   89.1000      0.592912085139E+00
   89.2000      0.596333586509E+00
   89.3000      0.605768208440E+00
   89.4000      0.593042345796E+00
   89.5000      0.603292706804E+00
   89.6000      0.592460237270E+00
   89.7000      0.586489943545E+00
   89.8000      0.585820263969E+00
   89.9000      0.573464367185E+00
   90.0000      0.573080833575E+00
   90.1000      0.569128163480E+00
   90.2000      0.569192753964E+00
   90.3000      0.568822936186E+00
   90.4000      0.576315070170E+00
   90.5000      0.574326249697E+00
   90.6000      0.579250012581E+00
   90.7000      0.583539655819E+00
   90.8000      0.573231770718E+00
   90.9000      0.581147945126E+00
   91.0000      0.566492653235E+00
   91.1000      0.562003998348E+00
   91.2000      0.560211813768E+00
   91.3000      0.544061475930E+00
   91.4000      0.550114563985E+00
   91.5000      0.542009659554E+00
   91.6000      0.543664656386E+00
   91.7000      0.550325131834E+00
   91.8000      0.550445779070E+00
   91.9000      0.558675903618E+00
   92.0000      0.561922505146E+00
   92.1000      0.564791097201E+00
   92.2000      0.563233150558E+00
   92.3000      0.564325443235E+00
   92.4000      0.554378815024E+00
   92.5000      0.550410348141E+00
   92.6000      0.545010466459E+00
   92.7000      0.531555972559E+00
   92.8000      0.537431164182E+00
   92.9000      0.526967482100E+00
   93.0000      0.532203414888E+00
   93.1000      0.540361397247E+00
   93.2000      0.537706615737E+00
   93.3000      0.555279052766E+00
   93.4000      0.554038963266E+00
   93.5000      0.559947964857E+00
   93.6000      0.563925549861E+00
   93.7000      0.556375183967E+00
   93.8000      0.554893108001E+00
   93.9000      0.545476742123E+00
   94.0000      0.537560605770E+00
   94.1000      0.529161116395E+00
   94.2000      0.527467521320E+00
   94.3000      0.520942658013E+00
   94.4000      0.526288960582E+00
   94.5000      0.532040096664E+00
   94.6000      0.532849770137E+00
   94.7000      0.550759652612E+00
   94.8000      0.547682075650E+00
   94.9000      0.557068539787E+00
   95.0000      0.560395002367E+00
   95.1000      0.549717750894E+00
   95.2000      0.554639902062E+00
   95.3000      0.538738189091E+00
   95.4000      0.533333812786E+00
   95.5000      0.528024897608E+00
   95.6000      0.518237050745E+00
   95.7000      0.520685342495E+00
   95.8000      0.520385877758E+00
   95.9000      0.526034700878E+00
   96.0000      0.532988348529E+00
   96.1000      0.544116571591E+00
   96.2000      0.547983202407E+00
   96.3000      0.557524094538E+00
   96.4000      0.560041475804E+00
   96.5000      0.554444137282E+00
   96.6000      0.558937230185E+00
   96.7000      0.542525989445E+00
   96.8000      0.540122732485E+00
   96.9000      0.533117219247E+00
   97.0000      0.520482709696E+00
   97.1000      0.528242160682E+00
   97.2000      0.520807825876E+00
   97.3000      0.530070257390E+00
   97.4000      0.539413289133E+00
   97.5000      0.543764326497E+00
   97.6000      0.557939204606E+00
   97.7000      0.561111030558E+00
   97.8000      0.565167151291E+00
   97.9000      0.564059177237E+00
   98.0000      0.560113144094E+00
   98.1000      0.549427893797E+00
   98.2000      0.542948368951E+00
   98.3000      0.532945000507E+00
   98.4000      0.522545911663E+00
   98.5000      0.526076340752E+00
   98.6000      0.517059405475E+00
   98.7000      0.526591596725E+00
   98.8000      0.531758694359E+00
   98.9000      0.532722763719E+00
   99.0000      0.548486906047E+00
   99.1000      0.543133176736E+00
   99.2000      0.549235570494E+00
   99.3000      0.547281046952E+00
   99.4000      0.537049409383E+00
   99.5000      0.535510630069E+00
   99.6000      0.522404234182E+00
   99.7000      0.515894039303E+00
   99.8000      0.509354659770E+00
   99.9000      0.504700941878E+00
  100.0000      0.501851202920E+00
  100.1000      0.504199308651E+00
  100.2000      0.505586513494E+00
  100.3000      0.507257623241E+00
  100.4000      0.516065272962E+00
  100.5000      0.512052386561E+00
  100.6000      0.519442035526E+00
  100.7000      0.517914092680E+00
  100.8000      0.512352106744E+00
  100.9000      0.517150500633E+00
  101.0000      0.504223624149E+00
  101.1000      0.505323818869E+00
  101.2000      0.500367024131E+00
  101.3000      0.492891672066E+00
  101.4000      0.497605235749E+00
  101.5000      0.491576487197E+00
  101.6000      0.496164093393E+00
  101.7000      0.499211346143E+00
  101.8000      0.501273443773E+00
  101.9000      0.506935222667E+00
  102.0000      0.509681475336E+00
  102.1000      0.511742783078E+00
  102.2000      0.511890323565E+00
  102.3000      0.513567042729E+00
  102.4000      0.507410972306E+00
  102.5000      0.508938972687E+00
  102.6000      0.504487700432E+00
  102.7000      0.500161541428E+00
  102.8000      0.505510530680E+00
  102.9000      0.497900171000E+00
  103.0000      0.505274967899E+00
  103.1000      0.505717430665E+00
  103.2000      0.504254794642E+00
  103.3000      0.513025770536E+00
  103.4000      0.506600750679E+00
  103.5000      0.510835227331E+00
  103.6000      0.509042922897E+00
  103.7000      0.504281354589E+00
  103.8000      0.505644299257E+00
  103.9000      0.500297787608E+00
  104.0000      0.499471244612E+00
  104.1000      0.497988906663E+00
  104.2000      0.497799143702E+00
  104.3000      0.496219249170E+00
  104.4000      0.498656907737E+00
  104.5000      0.497435960797E+00
  104.6000      0.496405107369E+00
  104.7000      0.499805151913E+00
  104.8000      0.492852083513E+00
  104.9000      0.496226228707E+00
  105.0000      0.491932093979E+00
  105.1000      0.487351542759E+00
  105.2000      0.490852782819E+00
  105.3000      0.482092980353E+00
  105.4000      0.485734936321E+00
  105.5000      0.483828077585E+00
  105.6000      0.481320766824E+00
  105.7000      0.486922344446E+00
  105.8000      0.483112849768E+00
  105.9000      0.487030634086E+00
  106.0000      0.487493809747E+00
  106.1000      0.486291636455E+00
  106.2000      0.487643804930E+00
  106.3000      0.485198134636E+00
  106.4000      0.483600835262E+00
  106.5000      0.481310226774E+00
  106.6000      0.480426648118E+00
  106.7000      0.476875343814E+00
  106.8000      0.479086145488E+00
  106.9000      0.478120244571E+00
  107.0000      0.478763913284E+00
  107.1000      0.484920925504E+00
  107.2000      0.481744706004E+00
  107.3000      0.488632878206E+00
  107.4000      0.487764080113E+00
  107.5000      0.485605957159E+00
  107.6000      0.489643793489E+00
  107.7000      0.481091451368E+00
  107.8000      0.482723091296E+00
  107.9000      0.478812657400E+00
  108.0000      0.474512368532E+00
  108.1000      0.477569165947E+00
  108.2000      0.474041971361E+00
  108.3000      0.477740522818E+00
  108.4000      0.479886934393E+00
  108.5000      0.481923726881E+00
  108.6000      0.485170704860E+00
  108.7000      0.486702459126E+00
  108.8000      0.486712865431E+00
  108.9000      0.485394110873E+00
  109.0000      0.484528351339E+00
  109.1000      0.478371945505E+00
  109.2000      0.477560873359E+00
  109.3000      0.472345021509E+00
  109.4000      0.468694904523E+00
  109.5000      0.470881906077E+00
  109.6000      0.465967931837E+00
  109.7000      0.471744135700E+00
  109.8000      0.472731594314E+00
  109.9000      0.474327950987E+00
  110.0000      0.482081525124E+00
  110.1000      0.479481281939E+00
  110.2000      0.484636662792E+00
  110.3000      0.483400718136E+00
  110.4000      0.479690475194E+00
  110.5000      0.479930052013E+00
  110.6000      0.472319000709E+00
  110.7000      0.469848887535E+00
  110.8000      0.465733212465E+00
  110.9000      0.462366930737E+00
  111.0000      0.462148891147E+00
  111.1000      0.462826836653E+00
  111.2000      0.464944688805E+00
  111.3000      0.468215278004E+00
  111.4000      0.473462542139E+00
  111.5000      0.474239253661E+00
  111.6000      0.479244735785E+00
  111.7000      0.478269427197E+00
  111.8000      0.476317506030E+00
  111.9000      0.477001386848E+00
  112.0000      0.468661365230E+00
  112.1000      0.468442155744E+00
  112.2000      0.463039419297E+00
  112.3000      0.458569545740E+00
  112.4000      0.460816156857E+00
  112.5000      0.456080609415E+00
  112.6000      0.460261015071E+00
  112.7000      0.461379627775E+00
  112.8000      0.462186065235E+00
  112.9000      0.467427951893E+00
  113.0000      0.466291237732E+00
  113.1000      0.468923639774E+00
  113.2000      0.468664679347E+00
  113.3000      0.466875975060E+00
  113.4000      0.466326018292E+00
  113.5000      0.463385721679E+00
  113.6000      0.461262237715E+00
  113.7000      0.459057983251E+00
  113.8000      0.458069607409E+00
  113.9000      0.455921443706E+00
  114.0000      0.457435366261E+00
  114.1000      0.457247152497E+00
  114.2000      0.458095556948E+00
  114.3000      0.462482022099E+00
  114.4000      0.460775835735E+00
  114.5000      0.465684442084E+00
  114.6000      0.465290980741E+00
  114.7000      0.463950254729E+00
  114.8000      0.467013126811E+00
  114.9000      0.460708526423E+00
  115.0000      0.461968220024E+00
  115.1000      0.458843321448E+00
  115.2000      0.455153155969E+00
  115.3000      0.457562369943E+00
  115.4000      0.453967788000E+00
  115.5000      0.456959068505E+00
  115.6000      0.458373455359E+00
  115.7000      0.459305838541E+00
  115.8000      0.462802761409E+00
  115.9000      0.462815538126E+00
  116.0000      0.463442524764E+00
  116.1000      0.462385457171E+00
  116.2000      0.460544551022E+00
  116.3000      0.457079167257E+00
  116.4000      0.454909934676E+00
  116.5000      0.451490853593E+00
  116.6000      0.449001246665E+00
  116.7000      0.449581078482E+00
  116.8000      0.447038643129E+00
  116.9000      0.450086810773E+00
  117.0000      0.450453440002E+00
  117.1000      0.450833239120E+00
  117.2000      0.455037930167E+00
  117.3000      0.452011017295E+00
  117.4000      0.454848404351E+00
  117.5000      0.453444089180E+00
  117.6000      0.450503852552E+00
  117.7000      0.452672428099E+00
  117.8000      0.447189233534E+00
  117.9000      0.448352167107E+00
  118.0000      0.446933856510E+00
  118.1000      0.444318003154E+00
  118.2000      0.447014636076E+00
  118.3000      0.444370584595E+00
  118.4000      0.446154477610E+00
  118.5000      0.446962296064E+00
  118.6000      0.447085551779E+00
  118.7000      0.449026510586E+00
  118.8000      0.449645725304E+00
  118.9000      0.450427284754E+00
  119.0000      0.450640914220E+00
  119.1000      0.451536587901E+00
  119.2000      0.449318283204E+00
  119.3000      0.449898073127E+00
  119.4000      0.447836364901E+00
  119.5000      0.445537125389E+00
  119.6000      0.446903751347E+00
  119.7000      0.442912915695E+00
  119.8000      0.445155745901E+00
  119.9000      0.444671494090E+00
  120.0000      0.443625295534E+00
  120.1000      0.447573067249E+00
  120.2000      0.444324336526E+00
  120.3000      0.446654742145E+00
  120.4000      0.445793489900E+00
  120.5000      0.442654573117E+00
  120.6000      0.444249175087E+00
  120.7000      0.439268233244E+00
  120.8000      0.439222108312E+00
  120.9000      0.437903481932E+00
  121.0000      0.435221606441E+00
  121.1000      0.437137442155E+00
  121.2000      0.435242174264E+00
  121.3000      0.436409403151E+00
  121.4000      0.437196462159E+00
  121.5000      0.437138543175E+00
  121.6000      0.438173011758E+00
  121.7000      0.438324608305E+00
  121.8000      0.438374664154E+00
  121.9000      0.437950917004E+00
  122.0000      0.438692793483E+00
  122.1000      0.436465091803E+00
  122.2000      0.437125030280E+00
  122.3000      0.435740676929E+00
  122.4000      0.433455925677E+00
  122.5000      0.435232278957E+00
  122.6000      0.431260278724E+00
  122.7000      0.433191957067E+00
  122.8000      0.433212572780E+00
  122.9000      0.431993233511E+00
  123.0000      0.436969924692E+00
  123.1000      0.435053539381E+00
  123.2000      0.438761655567E+00
  123.3000      0.440299354959E+00
  123.4000      0.438670141533E+00
  123.5000      0.441821139627E+00
  123.6000      0.437774803225E+00
  123.7000      0.437281515782E+00
  123.8000      0.435509702577E+00
  123.9000      0.431244703838E+00
  124.0000      0.431315192949E+00
  124.1000      0.428001583300E+00
  124.2000      0.427595734394E+00
  124.3000      0.427688142012E+00
  124.4000      0.427316871950E+00
  124.5000      0.428530995807E+00
  124.6000      0.429247003008E+00
  124.7000      0.430100991891E+00
  124.8000      0.430440936269E+00
  124.9000      0.431925418148E+00
  125.0000      0.430580286178E+00
  125.1000      0.431568347417E+00
  125.2000      0.430990616807E+00
  125.3000      0.428783622966E+00
  125.4000      0.430544533804E+00
  125.5000      0.426452059165E+00
  125.6000      0.427048567508E+00
  125.7000      0.426258357657E+00
  125.8000      0.423191956232E+00
  125.9000      0.426519018381E+00
  126.0000      0.423470474145E+00
  126.1000      0.425892982245E+00
  126.2000      0.427868237948E+00
  126.3000      0.426727366841E+00
  126.4000      0.431459865324E+00
  126.5000      0.429704653163E+00
  126.6000      0.431095595859E+00
  126.7000      0.431691165835E+00
  126.8000      0.428477948726E+00
  126.9000      0.429436270918E+00
  127.0000      0.425893058508E+00
  127.1000      0.424516388322E+00
  127.2000      0.423720567743E+00
  127.3000      0.421347067507E+00
  127.4000      0.421815247465E+00
  127.5000      0.421001798912E+00
  127.6000      0.421213319148E+00
  127.7000      0.421546114439E+00
  127.8000      0.422258986179E+00
  127.9000      0.421850354373E+00
  128.0000      0.422497213530E+00
  128.1000      0.422543135298E+00
  128.2000      0.420867218335E+00
  128.3000      0.422505009268E+00
  128.4000      0.419228404161E+00
  128.5000      0.419346466582E+00
  128.6000      0.418818535068E+00
  128.7000      0.415128894541E+00
  128.8000      0.417743656473E+00
  128.9000      0.414169557977E+00
  129.0000      0.415372987403E+00
  129.1000      0.417264556835E+00
  129.2000      0.415578615650E+00
  129.3000      0.420741355171E+00
  129.4000      0.419939817902E+00
  129.5000      0.422166743923E+00
  129.6000      0.424573627608E+00
  129.7000      0.422256507052E+00
  129.8000      0.424360653905E+00
  129.9000      0.421288915982E+00
  130.0000      0.419648951329E+00
  130.1000      0.418921075052E+00
  130.2000      0.415186317724E+00
  130.3000      0.415688016354E+00
  130.4000      0.414024526979E+00
  130.5000      0.413958153498E+00
  130.6000      0.415309700189E+00
  130.7000      0.415117022563E+00
  130.8000      0.416582450222E+00
  130.9000      0.416947651101E+00
  131.0000      0.417307890341E+00
  131.1000      0.416964336140E+00
  131.2000      0.417355100908E+00
  131.3000      0.415794868324E+00
  131.4000      0.415527514199E+00
  131.5000      0.415540529618E+00
  131.6000      0.412831922321E+00
  131.7000      0.414920753606E+00
  131.8000      0.411999550333E+00
  131.9000      0.412050157055E+00
  132.0000      0.413255010058E+00
  132.1000      0.409833252239E+00
  132.2000      0.413661769285E+00
  132.3000      0.411748530850E+00
  132.4000      0.412974104328E+00
  132.5000      0.416280727311E+00
  132.6000      0.414386634377E+00
  132.7000      0.418730179613E+00
  132.8000      0.417632425295E+00
  132.9000      0.417506446906E+00
  133.0000      0.418656350448E+00
  133.1000      0.414598513680E+00
  133.2000      0.414836449096E+00
  133.3000      0.411512718573E+00
  133.4000      0.409010574776E+00
  133.5000      0.408944842875E+00
  133.6000      0.405940000129E+00
  133.7000      0.407069406732E+00
  133.8000      0.406713399875E+00
  133.9000      0.406925423753E+00
  134.0000      0.408814657879E+00
  134.1000      0.408488254508E+00
  134.2000      0.409554837504E+00
  134.3000      0.409545664643E+00
  134.4000      0.409375723728E+00
  134.5000      0.408730951485E+00
  134.6000      0.408601214839E+00
  134.7000      0.407200136327E+00
  134.8000      0.406374269430E+00
  134.9000      0.406548403334E+00
  135.0000      0.403837100742E+00
  135.1000      0.405315682773E+00
  135.2000      0.403377809295E+00
  135.3000      0.402993109583E+00
  135.4000      0.405332400038E+00
  135.5000      0.403047821838E+00
  135.6000      0.407268529918E+00
  135.7000      0.407502867270E+00
  135.8000      0.408784392362E+00
  135.9000      0.413189162825E+00
  136.0000      0.411275835480E+00
  136.1000      0.414717391202E+00
  136.2000      0.413497759621E+00
  136.3000      0.411485746155E+00
  136.4000      0.412391499842E+00
  136.5000      0.407088280179E+00
  136.6000      0.406946398659E+00
  136.7000      0.404158444723E+00
  136.8000      0.401217672515E+00
  136.9000      0.402562881514E+00
  137.0000      0.399517167128E+00
  137.1000      0.401194324416E+00
  137.2000      0.401537786401E+00
  137.3000      0.401277518906E+00
  137.4000      0.403976477240E+00
  137.5000      0.403437842235E+00
  137.6000      0.405085632615E+00
  137.7000      0.405908211865E+00
  137.8000      0.406139881402E+00
  137.9000      0.406836017197E+00
  138.0000      0.406674221273E+00
  138.1000      0.406088237904E+00
  138.2000      0.405002057138E+00
  138.3000      0.404351637128E+00
  138.4000      0.401767373172E+00
  138.5000      0.401324606966E+00
  138.6000      0.399738873498E+00
  138.7000      0.398695948477E+00
  138.8000      0.400616357113E+00
  138.9000      0.399701634580E+00
  139.0000      0.403071025513E+00
  139.1000      0.404743375199E+00
  139.2000      0.405701876840E+00
  139.3000      0.409615121582E+00
  139.4000      0.407653023113E+00
  139.5000      0.409189955607E+00
  139.6000      0.407719503076E+00
  139.7000      0.403907753095E+00
  139.8000      0.404334794878E+00
  139.9000      0.398490037852E+00
  140.0000      0.397814000047E+00
  140.1000      0.396075210021E+00
  140.2000      0.392572220079E+00
  140.3000      0.395254922922E+00
  140.4000      0.392283798628E+00
  140.5000      0.394231200517E+00
  140.6000      0.395755299092E+00
  140.7000      0.394786685874E+00
  140.8000      0.398832244480E+00
  140.9000      0.397982274386E+00
  141.0000      0.399968372244E+00
  141.1000      0.401621007473E+00
  141.2000      0.400684567785E+00
  141.3000      0.402428245107E+00
  141.4000      0.400761390253E+00
  141.5000      0.400008237187E+00
  141.6000      0.399111223339E+00
  141.7000      0.396865585710E+00
  141.8000      0.396305031524E+00
  141.9000      0.395157314350E+00
  142.0000      0.395268065738E+00
  142.1000      0.396325947249E+00
  142.2000      0.398043220334E+00
  142.3000      0.400070621421E+00
  142.4000      0.402560333366E+00
  142.5000      0.404710733157E+00
  142.6000      0.405573683307E+00
  142.7000      0.407260272190E+00
  142.8000      0.405609199458E+00
  142.9000      0.405023621135E+00
  143.0000      0.403565057763E+00
  143.1000      0.399669686792E+00
  143.2000      0.399700709059E+00
  143.3000      0.395243437406E+00
  143.4000      0.394087528352E+00
  143.5000      0.393430048442E+00
  143.6000      0.389734879229E+00
  143.7000      0.392011931223E+00
  143.8000      0.389382869151E+00
  143.9000      0.390214349661E+00
  144.0000      0.392335422079E+00
  144.1000      0.390939979662E+00
  144.2000      0.395230680990E+00
  144.3000      0.394882385366E+00
  144.4000      0.396372413564E+00
  144.5000      0.398685532768E+00
  144.6000      0.396391412284E+00
  144.7000      0.398217026043E+00
  144.8000      0.395593614172E+00
  144.9000      0.393957292709E+00
  145.0000      0.394297961123E+00
  145.1000      0.390788753259E+00
  145.2000      0.392811288030E+00
  145.3000      0.392080998246E+00
  145.4000      0.392690986710E+00
  145.5000      0.396121611176E+00
  145.6000      0.395085729256E+00
  145.7000      0.398117911700E+00
  145.8000      0.397805718933E+00
  145.9000      0.396954556774E+00
  146.0000      0.397528595993E+00
  146.1000      0.394741027581E+00
  146.2000      0.394193591575E+00
  146.3000      0.392702732562E+00
  146.4000      0.391643015194E+00
  146.5000      0.391274569024E+00
  146.6000      0.391192415319E+00
  146.7000      0.390958032032E+00
  146.8000      0.391163552218E+00
  146.9000      0.392039045060E+00
  147.0000      0.391496804482E+00
  147.1000      0.393218219194E+00
  147.2000      0.393360479694E+00
  147.3000      0.394402007344E+00
  147.4000      0.396622551328E+00
  147.5000      0.396457126720E+00
  147.6000      0.398462723996E+00
  147.7000      0.397878348969E+00
  147.8000      0.396769302924E+00
  147.9000      0.396201389554E+00
  148.0000      0.392095580479E+00
  148.1000      0.390613582043E+00
  148.2000      0.387296189406E+00
  148.3000      0.384571362235E+00
  148.4000      0.385442518166E+00
  148.5000      0.383198382831E+00
  148.6000      0.386400230518E+00
  148.7000      0.387999440100E+00
  148.8000      0.389210608736E+00
  148.9000      0.394457257002E+00
  149.0000      0.393202276525E+00
  149.1000      0.396456470683E+00
  149.2000      0.396547272327E+00
  149.3000      0.394333592439E+00
  149.4000      0.396341001724E+00
  149.5000      0.391951709920E+00
  149.6000      0.391934835628E+00
  149.7000      0.390376981206E+00
  149.8000      0.386966231693E+00
  149.9000      0.387781842788E+00
  150.0000      0.384149374397E+00
  150.1000      0.383978042419E+00
  150.2000      0.383797139658E+00
  150.3000      0.382472884622E+00
  150.4000      0.385436626942E+00
  150.5000      0.385652376238E+00
  150.6000      0.388737863563E+00
  150.7000      0.392168389121E+00
  150.8000      0.393354503901E+00
  150.9000      0.397158736970E+00
  151.0000      0.396821257656E+00
  151.1000      0.396951762153E+00
  151.2000      0.396287816292E+00
  151.3000      0.392740662362E+00
  151.4000      0.391116854250E+00
  151.5000      0.387410822065E+00
  151.6000      0.384940071070E+00
  151.7000      0.383419235353E+00
  151.8000      0.381983220761E+00
  151.9000      0.381826419477E+00
  152.0000      0.382117930668E+00
  152.1000      0.382995849412E+00
  152.2000      0.383875753607E+00
  152.3000      0.385845788002E+00
  152.4000      0.386658591227E+00
  152.5000      0.388570952958E+00
  152.6000      0.390390617471E+00
  152.7000      0.391184432508E+00
  152.8000      0.393394904841E+00
  152.9000      0.393098727369E+00
  153.0000      0.393328143055E+00
  153.1000      0.392823097517E+00
  153.2000      0.390131006324E+00
  153.3000      0.389164864891E+00
  153.4000      0.385569813645E+00
  153.5000      0.383552495853E+00
  153.6000      0.382695087566E+00
  153.7000      0.380298634157E+00
  153.8000      0.382422079218E+00
  153.9000      0.382018362367E+00
  154.0000      0.383743507170E+00
  154.1000      0.386941337187E+00
  154.2000      0.386131975489E+00
  154.3000      0.389654295473E+00
  154.4000      0.388545108641E+00
  154.5000      0.388165777775E+00
  154.6000      0.389310216213E+00
  154.7000      0.385710657121E+00
  154.8000      0.386976245102E+00
  154.9000      0.384758285290E+00
  155.0000      0.383386515611E+00
  155.1000      0.384512990034E+00
  155.2000      0.381364221404E+00
  155.3000      0.382696183103E+00
  155.4000      0.381392253520E+00
  155.5000      0.380404969096E+00
  155.6000      0.382642765390E+00
  155.7000      0.380864684449E+00
  155.8000      0.383944036799E+00
  155.9000      0.385181295941E+00
  156.0000      0.386112022166E+00
  156.1000      0.390450345974E+00
  156.2000      0.389531614294E+00
  156.3000      0.392090031923E+00
  156.4000      0.392032452509E+00
  156.5000      0.390098331612E+00
  156.6000      0.390850407728E+00
  156.7000      0.387080571065E+00
  156.8000      0.386232390253E+00
  156.9000      0.384616793200E+00
  157.0000      0.382298700881E+00
  157.1000      0.382682023528E+00
  157.2000      0.380829747482E+00
  157.3000      0.380838500554E+00
  157.4000      0.380706301028E+00
  157.5000      0.379729115591E+00
  157.6000      0.380531240461E+00
  157.7000      0.379640717222E+00
  157.8000      0.380195819966E+00
  157.9000      0.381184787741E+00
  158.0000      0.381245596870E+00
  158.1000      0.383447453217E+00
  158.2000      0.383629638843E+00
  158.3000      0.384676370190E+00
  158.4000      0.385620067538E+00
  158.5000      0.384898351473E+00
  158.6000      0.385289350027E+00
  158.7000      0.384381237371E+00
  158.8000      0.384094819443E+00
  158.9000      0.384153126447E+00
  159.0000      0.384843727470E+00
  159.1000      0.385229882469E+00
  159.2000      0.386566451269E+00
  159.3000      0.387589537951E+00
  159.4000      0.387395941823E+00
  159.5000      0.388484453160E+00
  159.6000      0.386391486034E+00
  159.7000      0.385504900147E+00
  159.8000      0.384059771095E+00
  159.9000      0.381498412532E+00
  160.0000      0.381391890865E+00
  160.1000      0.379639778955E+00
  160.2000      0.379698060247E+00
  160.3000      0.380148884952E+00
  160.4000      0.379783700626E+00
  160.5000      0.380705209252E+00
  160.6000      0.379943262186E+00
  160.7000      0.379817358531E+00
  160.8000      0.380155937657E+00
  160.9000      0.379437908284E+00
  161.0000      0.381733417762E+00
  161.1000      0.382609211653E+00
  161.2000      0.385456712861E+00
  161.3000      0.389936837371E+00
  161.4000      0.390976175051E+00
  161.5000      0.395622136555E+00
  161.6000      0.395189975568E+00
  161.7000      0.394442926930E+00
  161.8000      0.394175855614E+00
  161.9000      0.388165055096E+00
  162.0000      0.386585957570E+00
  162.1000      0.381551596802E+00
  162.2000      0.378008651946E+00
  162.3000      0.377703548733E+00
  162.4000      0.374522930272E+00
  162.5000      0.375857443127E+00
  162.6000      0.375285274917E+00
  162.7000      0.374850843937E+00
  162.8000      0.376276795061E+00
  162.9000      0.374277003361E+00
  163.0000      0.375574159463E+00
  163.1000      0.375908035700E+00
  163.2000      0.376909645657E+00
  163.3000      0.382231972892E+00
  163.4000      0.384327370032E+00
  163.5000      0.391079749271E+00
  163.6000      0.395925606261E+00
  163.7000      0.398339154390E+00
  163.8000      0.403209718904E+00
  163.9000      0.400109663566E+00
  164.0000      0.399119396255E+00
  164.1000      0.394962359681E+00
  164.2000      0.387959946909E+00
  164.3000      0.385216165023E+00
  164.4000      0.378484099798E+00
  164.5000      0.376249303639E+00
  164.6000      0.374892668753E+00
  164.7000      0.373027657550E+00
  164.8000      0.374885930012E+00
  164.9000      0.373872279647E+00
  165.0000      0.374688425785E+00
  165.1000      0.375547378534E+00
  165.2000      0.374831197988E+00
  165.3000      0.377529380495E+00
  165.4000      0.378148726678E+00
  165.5000      0.381504469666E+00
  165.6000      0.386363538422E+00
  165.7000      0.388673426978E+00
  165.8000      0.394504472965E+00
  165.9000      0.395261761902E+00
  166.0000      0.395883351190E+00
  166.1000      0.395649882677E+00
  166.2000      0.390052932151E+00
  166.3000      0.387387859095E+00
  166.4000      0.381111244254E+00
  166.5000      0.376571200009E+00
  166.6000      0.374544662894E+00
  166.7000      0.371498054787E+00
  166.8000      0.372507095956E+00
  166.9000      0.372991020896E+00
  167.0000      0.374628968131E+00
  167.1000      0.377384114689E+00
  167.2000      0.378542307633E+00
  167.3000      0.380968369169E+00
  167.4000      0.382528063923E+00
  167.5000      0.384372817295E+00
  167.6000      0.387596905852E+00
  167.7000      0.389079352455E+00
  167.8000      0.392129457974E+00
  167.9000      0.393548756632E+00
  168.0000      0.393615878243E+00
  168.1000      0.393837678623E+00
  168.2000      0.390115622305E+00
  168.3000      0.387041269810E+00
  168.4000      0.382556095422E+00
  168.5000      0.377858488530E+00
  168.6000      0.375093684824E+00
  168.7000      0.372088884457E+00
  168.8000      0.371261253383E+00
  168.9000      0.371452284322E+00
  169.0000      0.372423144148E+00
  169.1000      0.373891789620E+00
  169.2000      0.375077588080E+00
  169.3000      0.376223007608E+00
  169.4000      0.377477259446E+00
  169.5000      0.378832606744E+00
  169.6000      0.380844138643E+00
  169.7000      0.382641738850E+00
  169.8000      0.385147377565E+00
  169.9000      0.387717561155E+00
  170.0000      0.389024328401E+00
  170.1000      0.390120242456E+00
  170.2000      0.388791735141E+00
  170.3000      0.386808350970E+00
  170.4000      0.384197659892E+00
  170.5000      0.381426404412E+00
  170.6000      0.379045444525E+00
  170.7000      0.378298089101E+00
  170.8000      0.378875732958E+00
  170.9000      0.380285720187E+00
  171.0000      0.384009092555E+00
  171.1000      0.385051413753E+00
  171.2000      0.387238365673E+00
  171.3000      0.387567031875E+00
  171.4000      0.385665337516E+00
  171.5000      0.384764724766E+00
  171.6000      0.381099649637E+00
  171.7000      0.379028761455E+00
  171.8000      0.377542308196E+00
  171.9000      0.376870261192E+00
  172.0000      0.376937289994E+00
  172.1000      0.377336624602E+00
  172.2000      0.377316956532E+00
  172.3000      0.376924093120E+00
  172.4000      0.376466001123E+00
  172.5000      0.375054908480E+00
  172.6000      0.374134410649E+00
  172.7000      0.374339502603E+00
  172.8000      0.376682648983E+00
  172.9000      0.379266345199E+00
  173.0000      0.385598868799E+00
  173.1000      0.389583461655E+00
  173.2000      0.394695561203E+00
  173.3000      0.400052926899E+00
  173.4000      0.399095150259E+00
  173.5000      0.401093091555E+00
  173.6000      0.396610033081E+00
  173.7000      0.392376396763E+00
  173.8000      0.389369186298E+00
  173.9000      0.382678742662E+00
  174.0000      0.379894138639E+00
  174.1000      0.375651408464E+00
  174.2000      0.372924312101E+00
  174.3000      0.371529437992E+00
  174.4000      0.369917387679E+00
  174.5000      0.369492183510E+00
  174.6000      0.370228976075E+00
  174.7000      0.372924469258E+00
  174.8000      0.378315993446E+00
  174.9000      0.383931966651E+00
  175.0000      0.392386387150E+00
  175.1000      0.399868983851E+00
  175.2000      0.405605968311E+00
  175.3000      0.412473942132E+00
  175.4000      0.410193882571E+00
  175.5000      0.409728045545E+00
  175.6000      0.404405579720E+00
  175.7000      0.396259728395E+00
  175.8000      0.393468511109E+00
  175.9000      0.385265396608E+00
  176.0000      0.383702577763E+00
  176.1000      0.382641940743E+00
  176.2000      0.381355056872E+00
  176.3000      0.382485924951E+00
  176.4000      0.379122616579E+00
  176.5000      0.375962031616E+00
  176.6000      0.372218391737E+00
  176.7000      0.368721333147E+00
  176.8000      0.370499410228E+00
  176.9000      0.374311738956E+00
  177.0000      0.386769819399E+00
  177.1000      0.405924856188E+00
  177.2000      0.424101694564E+00
  177.3000      0.449319060144E+00
  177.4000      0.460658830606E+00
  177.5000      0.468742952806E+00
  177.6000      0.468574791534E+00
  177.7000      0.450196833456E+00
  177.8000      0.435714140733E+00
  177.9000      0.409439539092E+00
  178.0000      0.391390847960E+00
  178.1000      0.383434750092E+00
  178.2000      0.381612700163E+00
  178.3000      0.391052615783E+00
  178.4000      0.404029849476E+00
  178.5000      0.416974623865E+00
  178.6000      0.422078949163E+00
  178.7000      0.420017987286E+00
  178.8000      0.402417479797E+00
  178.9000      0.382693628569E+00
  179.0000      0.368098242843E+00
  179.1000      0.374718829326E+00
  179.2000      0.400172853430E+00
  179.3000      0.475990436144E+00
  179.4000      0.577669823100E+00
  179.5000      0.710511322366E+00
  179.6000      0.897084946189E+00
  179.7000      0.101511406230E+01
  179.8000      0.118255230871E+01
  179.9000      0.125628591132E+01
  180.0000      0.127075893490E+01
