    0.1000      0.395541865204E+07
    0.2000      0.248054479343E+07
    0.3000      0.116344559655E+07
    0.4000      0.453272904281E+06
    0.5000      0.201792205962E+06
    0.6000      0.135569887967E+06
    0.7000      0.109465188264E+06
    0.8000      0.796582753306E+05
    0.9000      0.452012337553E+05
    1.0000      0.202739576191E+05
    1.1000      0.126470766268E+05
    1.2000      0.159735374907E+05
    1.3000      0.196921883686E+05
    1.4000      0.186219459942E+05
    1.5000      0.132561982083E+05
    1.6000      0.689129087319E+04
    1.7000      0.293916638797E+04
    1.8000      0.270787991023E+04
    1.9000      0.495756288968E+04
    2.0000      0.721735513082E+04
    2.1000      0.767638855588E+04
    2.2000      0.624283436805E+04
    2.3000      0.412455770953E+04
    2.4000      0.258054363651E+04
    2.5000      0.212523535112E+04
    2.6000      0.262534323204E+04
    2.7000      0.353497930203E+04
    2.8000      0.412734995992E+04
    2.9000      0.401173189366E+04
    3.0000      0.339144292590E+04
    3.1000      0.269394865155E+04
    3.2000      0.215323711904E+04
    3.3000      0.184003672102E+04
    3.4000      0.177324394355E+04
    3.5000      0.183297462091E+04
    3.6000      0.182785407555E+04
    3.7000      0.171189513544E+04
    3.8000      0.156916128132E+04
    3.9000      0.143349963434E+04
    4.0000      0.127558290360E+04
    4.1000      0.111217308174E+04
    4.2000      0.976503783176E+03
    4.3000      0.847586577726E+03
    4.4000      0.715818439210E+03
    4.5000      0.631983403236E+03
    4.6000      0.630380011579E+03
    4.7000      0.673742279104E+03
    4.8000      0.714408331939E+03
    4.9000      0.742527422389E+03
    5.0000      0.745982181880E+03
    5.1000      0.701882103208E+03
    5.2000      0.624285596645E+03
    5.3000      0.562883625399E+03
    5.4000      0.547534289406E+03
    5.5000      0.570631368897E+03
    5.6000      0.623587881565E+03
    5.7000      0.703680396362E+03
    5.8000      0.785605813852E+03
    5.9000      0.829254079233E+03
    6.0000      0.817449569665E+03
    6.1000      0.765077079306E+03
    6.2000      0.692891367261E+03
    6.3000      0.617100140982E+03
    6.4000      0.563213602697E+03
    6.5000      0.557302128580E+03
    6.6000      0.598386642571E+03
    6.7000      0.656596882409E+03
    6.8000      0.701972402736E+03
    6.9000      0.721645352991E+03
    7.0000      0.708180390772E+03
    7.1000      0.656405141942E+03
    7.2000      0.577736418796E+03
    7.3000      0.498760275592E+03
    7.4000      0.439143125236E+03
    7.5000      0.401303996324E+03
    7.6000      0.384267650722E+03
    7.7000      0.389149134160E+03
    7.8000      0.406497185533E+03
    7.9000      0.416807913618E+03
    8.0000      0.408442565358E+03
    8.1000      0.384262495628E+03
    8.2000      0.348912473228E+03
    8.3000      0.303828044706E+03
    8.4000      0.257374342887E+03
    8.5000      0.223102020699E+03
    8.6000      0.205230801683E+03
    8.7000      0.197169672941E+03
    8.8000      0.194729392901E+03
    8.9000      0.199645213584E+03
    9.0000      0.209163546501E+03
    9.1000      0.215778644636E+03
    9.2000      0.217798552954E+03
    9.3000      0.218707270195E+03
    9.4000      0.217059444124E+03
    9.5000      0.207019910214E+03
    9.6000      0.189573322898E+03
    9.7000      0.172905279401E+03
    9.8000      0.161336457175E+03
    9.9000      0.153444506388E+03
   10.0000      0.149499792989E+03
   10.1000      0.152198253134E+03
   10.2000      0.159892973706E+03
   10.3000      0.166851798956E+03
   10.4000      0.171123164306E+03
   10.5000      0.174858190215E+03
   10.6000      0.177785122415E+03
   10.7000      0.176794381584E+03
   10.8000      0.171661159721E+03
   10.9000      0.165967245033E+03
   11.0000      0.161633239734E+03
   11.1000      0.157701764812E+03
   11.2000      0.154225634493E+03
   11.3000      0.152602857024E+03
   11.4000      0.152550098175E+03
   11.5000      0.152159708067E+03
   11.6000      0.151433129256E+03
   11.7000      0.152526498651E+03
   11.8000      0.156299112801E+03
   11.9000      0.161761697295E+03
   12.0000      0.168206480216E+03
   12.1000      0.175493045144E+03
   12.2000      0.182305702871E+03
   12.3000      0.186370877132E+03
   12.4000      0.187030394533E+03
   12.5000      0.185430997032E+03
   12.6000      0.182447861159E+03
   12.7000      0.178144027646E+03
   12.8000      0.173125683663E+03
   12.9000      0.169072823160E+03
   13.0000      0.167097632682E+03
   13.1000      0.166857669440E+03
   13.2000      0.167576633064E+03
   13.3000      0.168762145603E+03
   13.4000      0.169866214070E+03
   13.5000      0.169873072669E+03
   13.6000      0.168128365711E+03
   13.7000      0.165187002640E+03
   13.8000      0.162051268433E+03
   13.9000      0.159029992091E+03
   14.0000      0.155646232647E+03
   14.1000      0.151735545107E+03
   14.2000      0.147925981138E+03
   14.3000      0.144576120309E+03
   14.4000      0.141124401390E+03
   14.5000      0.136812576790E+03
   14.6000      0.131741452020E+03
   14.7000      0.126618387141E+03
   14.8000      0.121721057155E+03
   14.9000      0.117120009725E+03
   15.0000      0.113371278570E+03
   15.1000      0.111101783776E+03
   15.2000      0.110018450270E+03
   15.3000      0.109112377408E+03
   15.4000      0.108024738959E+03
   15.5000      0.107080027659E+03
   15.6000      0.106069746171E+03
   15.7000      0.104125555304E+03
   15.8000      0.100890637469E+03
   15.9000      0.970510939206E+02
   16.0000      0.932957829251E+02
   16.1000      0.897532798512E+02
   16.2000      0.867350658565E+02
   16.3000      0.848866123373E+02
   16.4000      0.843197352681E+02
   16.5000      0.842721956987E+02
   16.6000      0.840984295176E+02
   16.7000      0.838715849530E+02
   16.8000      0.835647271571E+02
   16.9000      0.826691420366E+02
   17.0000      0.809460373767E+02
   17.1000      0.788350646761E+02
   17.2000      0.767124374804E+02
   17.3000      0.743730454323E+02
   17.4000      0.718107963106E+02
   17.5000      0.695835100766E+02
   17.6000      0.679046972648E+02
   17.7000      0.661292920336E+02
   17.8000      0.636006331096E+02
   17.9000      0.605118708194E+02
   18.0000      0.573135271854E+02
   18.1000      0.540003542134E+02
   18.2000      0.506400209854E+02
   18.3000      0.478573549591E+02
   18.4000      0.461974747675E+02
   18.5000      0.453968490445E+02
   18.6000      0.449635486068E+02
   18.7000      0.450251452584E+02
   18.8000      0.457838360763E+02
   18.9000      0.466611442479E+02
   19.0000      0.466941939419E+02
   19.1000      0.455952554349E+02
   19.2000      0.438078879660E+02
   19.3000      0.416631415009E+02
   19.4000      0.392897183680E+02
   19.5000      0.371343959346E+02
   19.6000      0.358530856849E+02
   19.7000      0.356620343362E+02
   19.8000      0.362308448528E+02
   19.9000      0.373048527385E+02
   20.0000      0.388308092392E+02
   20.1000      0.404429664878E+02
   20.2000      0.414025500331E+02
   20.3000      0.411590187630E+02
   20.4000      0.397450144433E+02
   20.5000      0.374890628534E+02
   20.6000      0.347056498279E+02
   20.7000      0.318211704658E+02
   20.8000      0.293939076994E+02
   20.9000      0.278746932824E+02
   21.0000      0.274084575399E+02
   21.1000      0.279045042815E+02
   21.2000      0.291405200696E+02
   21.3000      0.306765656103E+02
   21.4000      0.319505487998E+02
   21.5000      0.325207518976E+02
   21.6000      0.321526048606E+02
   21.7000      0.307645568967E+02
   21.8000      0.284189906958E+02
   21.9000      0.254554462090E+02
   22.0000      0.224071728006E+02
   22.1000      0.197226403006E+02
   22.2000      0.176830136353E+02
   22.3000      0.164550051097E+02
   22.4000      0.160817095906E+02
   22.5000      0.163576996690E+02
   22.6000      0.168848335717E+02
   22.7000      0.173437444035E+02
   22.8000      0.175482096080E+02
   22.9000      0.173301479078E+02
   23.0000      0.165401440884E+02
   23.1000      0.152234465232E+02
   23.2000      0.136917688759E+02
   23.3000      0.122911432311E+02
   23.4000      0.112390936278E+02
   23.5000      0.106621725257E+02
   23.6000      0.106349068821E+02
   23.7000      0.111354473690E+02
   23.8000      0.119886944115E+02
   23.9000      0.129652395424E+02
   24.0000      0.138660697639E+02
   24.1000      0.145114517646E+02
   24.2000      0.147877164764E+02
   24.3000      0.146949846208E+02
   24.4000      0.143371269697E+02
   24.5000      0.138293748443E+02
   24.6000      0.132676704293E+02
   24.7000      0.127989483581E+02
   24.8000      0.125574108992E+02
   24.9000      0.125527573466E+02
   25.0000      0.126810422381E+02
   25.1000      0.128392031118E+02
   25.2000      0.129749313807E+02
   25.3000      0.129930288506E+02
   25.4000      0.127888426382E+02
   25.5000      0.123847516361E+02
   25.6000      0.119058494768E+02
   25.7000      0.114223453224E+02
   25.8000      0.108949863655E+02
   25.9000      0.103563169724E+02
   26.0000      0.998420922011E+01
   26.1000      0.989010954949E+01
   26.2000      0.997649560761E+01
   26.3000      0.100661404384E+02
   26.4000      0.101198189519E+02
   26.5000      0.102025195275E+02
   26.6000      0.103026290354E+02
   26.7000      0.103542346734E+02
   26.8000      0.103632248305E+02
   26.9000      0.104144161124E+02
   27.0000      0.105461512490E+02
   27.1000      0.107163384285E+02
   27.2000      0.109285877914E+02
   27.3000      0.112407120697E+02
   27.4000      0.116408525439E+02
   27.5000      0.119963570770E+02
   27.6000      0.121730201110E+02
   27.7000      0.121793819616E+02
   27.8000      0.121007926655E+02
   27.9000      0.119625605060E+02
   28.0000      0.117212558625E+02
   28.1000      0.113684875593E+02
   28.2000      0.110036838151E+02
   28.3000      0.107393247452E+02
   28.4000      0.105933253843E+02
   28.5000      0.105010852015E+02
   28.6000      0.103993247616E+02
   28.7000      0.102812055718E+02
   28.8000      0.101362854562E+02
   28.9000      0.991396928283E+01
   29.0000      0.957674667968E+01
   29.1000      0.914464367743E+01
   29.2000      0.867449814100E+01
   29.3000      0.819045022078E+01
   29.4000      0.770746539663E+01
   29.5000      0.729723142868E+01
   29.6000      0.704047746595E+01
   29.7000      0.692893368048E+01
   29.8000      0.685320281224E+01
   29.9000      0.673294846913E+01
   30.0000      0.659153865254E+01
   30.1000      0.645031191224E+01
   30.2000      0.624343793033E+01
   30.3000      0.588090625569E+01
   30.4000      0.537787689207E+01
   30.5000      0.484896298086E+01
   30.6000      0.437853995419E+01
   30.7000      0.398900216130E+01
   30.8000      0.370024677908E+01
   30.9000      0.355879468640E+01
   31.0000      0.358513639298E+01
   31.1000      0.373242184278E+01
   31.2000      0.394683256503E+01
   31.3000      0.420154668190E+01
   31.4000      0.446208550717E+01
   31.5000      0.466173257149E+01
   31.6000      0.473869115129E+01
   31.7000      0.470235090290E+01
   31.8000      0.460726385712E+01
   31.9000      0.448813753396E+01
   32.0000      0.435025088433E+01
   32.1000      0.420009252387E+01
   32.2000      0.407401888650E+01
   32.3000      0.400475760095E+01
   32.4000      0.398861875757E+01
   32.5000      0.399628352549E+01
   32.6000      0.399435609518E+01
   32.7000      0.397395712708E+01
   32.8000      0.394280706273E+01
   32.9000      0.390701369617E+01
   33.0000      0.386810987856E+01
   33.1000      0.382734353398E+01
   33.2000      0.380905735633E+01
   33.3000      0.384709466048E+01
   33.4000      0.395272145350E+01
   33.5000      0.410690686578E+01
   33.6000      0.427413792438E+01
   33.7000      0.443327312218E+01
   33.8000      0.456796653337E+01
   33.9000      0.464834432643E+01
   34.0000      0.464475852635E+01
   34.1000      0.454603156713E+01
   34.2000      0.437163930253E+01
   34.3000      0.414973723510E+01
   34.4000      0.390674570411E+01
   34.5000      0.368468613847E+01
   34.6000      0.353344099293E+01
   34.7000      0.348712366317E+01
   34.8000      0.353979516206E+01
   34.9000      0.366643647223E+01
   35.0000      0.386288296343E+01
   35.1000      0.412721408292E+01
   35.2000      0.442119205784E+01
   35.3000      0.466667813434E+01
   35.4000      0.480583209466E+01
   35.5000      0.485038562660E+01
   35.6000      0.483586913306E+01
   35.7000      0.476303886318E+01
   35.8000      0.460456304953E+01
   35.9000      0.436943142823E+01
   36.0000      0.412503147001E+01
   36.1000      0.392852770399E+01
   36.2000      0.378521893000E+01
   36.3000      0.367919789881E+01
   36.4000      0.361748080197E+01
   36.5000      0.361777141997E+01
   36.6000      0.366207305976E+01
   36.7000      0.371818754411E+01
   36.8000      0.378356250396E+01
   36.9000      0.387081515186E+01
   37.0000      0.395918030123E+01
   37.1000      0.399438342005E+01
   37.2000      0.396470632867E+01
   37.3000      0.392079289402E+01
   37.4000      0.389730703469E+01
   37.5000      0.385885288286E+01
   37.6000      0.374877217810E+01
   37.7000      0.357972620928E+01
   37.8000      0.341715630154E+01
   37.9000      0.328680332780E+01
   38.0000      0.315542334965E+01
   38.1000      0.299550235265E+01
   38.2000      0.283616088542E+01
   38.3000      0.271975048755E+01
   38.4000      0.264871601296E+01
   38.5000      0.261113884293E+01
   38.6000      0.261655441561E+01
   38.7000      0.268262160315E+01
   38.8000      0.279355355398E+01
   38.9000      0.291341008185E+01
   39.0000      0.304155561904E+01
   39.1000      0.320197714106E+01
   39.2000      0.338580336778E+01
   39.3000      0.353564763344E+01
   39.4000      0.360708106831E+01
   39.5000      0.362073820575E+01
   39.6000      0.361451330609E+01
   39.7000      0.358118808624E+01
   39.8000      0.348083261237E+01
   39.9000      0.330455227869E+01
   40.0000      0.309538774668E+01
   40.1000      0.289236736002E+01
   40.2000      0.270006513394E+01
   40.3000      0.251673360381E+01
   40.4000      0.236218618105E+01
   40.5000      0.226378692392E+01
   40.6000      0.222343785632E+01
   40.7000      0.223305701567E+01
   40.8000      0.230092975577E+01
   40.9000      0.243558851726E+01
   41.0000      0.261745842884E+01
   41.1000      0.280281152822E+01
   41.2000      0.296867932888E+01
   41.3000      0.312306396690E+01
   41.4000      0.326452009952E+01
   41.5000      0.336392053465E+01
   41.6000      0.339000424712E+01
   41.7000      0.334589743754E+01
   41.8000      0.325712952862E+01
   41.9000      0.313540234489E+01
   42.0000      0.298127059792E+01
   42.1000      0.280387738381E+01
   42.2000      0.262585386140E+01
   42.3000      0.246294507493E+01
   42.4000      0.231569811635E+01
   42.5000      0.219122934336E+01
   42.6000      0.210460202599E+01
   42.7000      0.206083683066E+01
   42.8000      0.204563907272E+01
   42.9000      0.204277122882E+01
   43.0000      0.205685164534E+01
   43.1000      0.209722189820E+01
   43.2000      0.215760621984E+01
   43.3000      0.222136021949E+01
   43.4000      0.227985107258E+01
   43.5000      0.233872263507E+01
   43.6000      0.239761370175E+01
   43.7000      0.244660761646E+01
   43.8000      0.248049063314E+01
   43.9000      0.250080597805E+01
   44.0000      0.250648188462E+01
   44.1000      0.248510357231E+01
   44.2000      0.243000764083E+01
   44.3000      0.235298558417E+01
   44.4000      0.226734082947E+01
   44.5000      0.217271759880E+01
   44.6000      0.205941751656E+01
   44.7000      0.193206136666E+01
   44.8000      0.181236574347E+01
   44.9000      0.171424766283E+01
   45.0000      0.163518215290E+01
   45.1000      0.156714175507E+01
   45.2000      0.151300797120E+01
   45.3000      0.148181674531E+01
   45.4000      0.147194024188E+01
   45.5000      0.147546770890E+01
   45.6000      0.148678441654E+01
   45.7000      0.150503975826E+01
   45.8000      0.152720627238E+01
   45.9000      0.154447928124E+01
   46.0000      0.155440728394E+01
   46.1000      0.156061511623E+01
   46.2000      0.156410620509E+01
   46.3000      0.155897534061E+01
   46.4000      0.153787683934E+01
   46.5000      0.150457941136E+01
   46.6000      0.146731626065E+01
   46.7000      0.142825519079E+01
   46.8000      0.138351613140E+01
   46.9000      0.132999705970E+01
   47.0000      0.127451880248E+01
   47.1000      0.122627069215E+01
   47.2000      0.118891371219E+01
   47.3000      0.116112009104E+01
   47.4000      0.114009437498E+01
   47.5000      0.112933770587E+01
   47.6000      0.113392070177E+01
   47.7000      0.115378173862E+01
   47.8000      0.118229097756E+01
   47.9000      0.120961165542E+01
   48.0000      0.123394578490E+01
   48.1000      0.125869926885E+01
   48.2000      0.128302337429E+01
   48.3000      0.129905259008E+01
   48.4000      0.129839936928E+01
   48.5000      0.128507357931E+01
   48.6000      0.126924737591E+01
   48.7000      0.125479910255E+01
   48.8000      0.123915783203E+01
   48.9000      0.122145112382E+01
   49.0000      0.121002231239E+01
   49.1000      0.121188354115E+01
   49.2000      0.122597663382E+01
   49.3000      0.125120298017E+01
   49.4000      0.129035988586E+01
   49.5000      0.134571014307E+01
   49.6000      0.140904217461E+01
   49.7000      0.146996461109E+01
   49.8000      0.153157309947E+01
   49.9000      0.160233683725E+01
   50.0000      0.167846498470E+01
   50.1000      0.174049654643E+01
   50.2000      0.177695090335E+01
   50.3000      0.180034946390E+01
   50.4000      0.182553444623E+01
   50.5000      0.184719709244E+01
   50.6000      0.184637962296E+01
   50.7000      0.181925330118E+01
   50.8000      0.178474424983E+01
   50.9000      0.175743570330E+01
   51.0000      0.173381438816E+01
   51.1000      0.170582707953E+01
   51.2000      0.167890457269E+01
   51.3000      0.166649759687E+01
   51.4000      0.167072562809E+01
   51.5000      0.168739384876E+01
   51.6000      0.171924672249E+01
   51.7000      0.177270278547E+01
   51.8000      0.184303058730E+01
   51.9000      0.191312846731E+01
   52.0000      0.197709723928E+01
   52.1000      0.204571900351E+01
   52.2000      0.212342365010E+01
   52.3000      0.219312701569E+01
   52.4000      0.223223272141E+01
   52.5000      0.224242006307E+01
   52.6000      0.224332937802E+01
   52.7000      0.224179445018E+01
   52.8000      0.222462742182E+01
   52.9000      0.218047494531E+01
   53.0000      0.212022003115E+01
   53.1000      0.206234589988E+01
   53.2000      0.201095052633E+01
   53.3000      0.196054082352E+01
   53.4000      0.191096962201E+01
   53.5000      0.187067027458E+01
   53.6000      0.184259021737E+01
   53.7000      0.182124449071E+01
   53.8000      0.180646833498E+01
   53.9000      0.180414894055E+01
   54.0000      0.181492871403E+01
   54.1000      0.182752021824E+01
   54.2000      0.183202211974E+01
   54.3000      0.183429818390E+01
   54.4000      0.184380272160E+01
   54.5000      0.185747015160E+01
   54.6000      0.186151766807E+01
   54.7000      0.184963074178E+01
   54.8000      0.183116192439E+01
   54.9000      0.181444721747E+01
   55.0000      0.179622298269E+01
   55.1000      0.176842644725E+01
   55.2000      0.173034242426E+01
   55.3000      0.168933177781E+01
   55.4000      0.164854233403E+01
   55.5000      0.160626988416E+01
   55.6000      0.156242968424E+01
   55.7000      0.152019746605E+01
   55.8000      0.148249270863E+01
   55.9000      0.144768276166E+01
   56.0000      0.141601917502E+01
   56.1000      0.139216852627E+01
   56.2000      0.137920904887E+01
   56.3000      0.137549045443E+01
   56.4000      0.137626058749E+01
   56.5000      0.138131837948E+01
   56.6000      0.139377785610E+01
   56.7000      0.141285800157E+01
   56.8000      0.143395209704E+01
   56.9000      0.145162827607E+01
   57.0000      0.146446102032E+01
   57.1000      0.147263155892E+01
   57.2000      0.147381086616E+01
   57.3000      0.146565248182E+01
   57.4000      0.144654577793E+01
   57.5000      0.141722742475E+01
   57.6000      0.137938307978E+01
   57.7000      0.133427367036E+01
   57.8000      0.128485847304E+01
   57.9000      0.123385152760E+01
   58.0000      0.118453594782E+01
   58.1000      0.114095688355E+01
   58.2000      0.110665305883E+01
   58.3000      0.108500771409E+01
   58.4000      0.107697598622E+01
   58.5000      0.108356997652E+01
   58.6000      0.110683982129E+01
   58.7000      0.114707497311E+01
   58.8000      0.120235658734E+01
   58.9000      0.126801587033E+01
   59.0000      0.134063308824E+01
   59.1000      0.141841314991E+01
   59.2000      0.149745254425E+01
   59.3000      0.157238278427E+01
   59.4000      0.163725864106E+01
   59.5000      0.168867790285E+01
   59.6000      0.172484488602E+01
   59.7000      0.174283077654E+01
   59.8000      0.174128619135E+01
   59.9000      0.172076879433E+01
   60.0000      0.168379716612E+01
   60.1000      0.163293386880E+01
   60.2000      0.157027385527E+01
   60.3000      0.150164974378E+01
   60.4000      0.143481755005E+01
   60.5000      0.137630448731E+01
   60.6000      0.132951502791E+01
   60.7000      0.129648795978E+01
   60.8000      0.128280815677E+01
   60.9000      0.129414052119E+01
   61.0000      0.133174719084E+01
   61.1000      0.139166292110E+01
   61.2000      0.146822268338E+01
   61.3000      0.155954334641E+01
   61.4000      0.166385062219E+01
   61.5000      0.177523787307E+01
   61.6000      0.188391213696E+01
   61.7000      0.198045319796E+01
   61.8000      0.206129105879E+01
   61.9000      0.212495428429E+01
   62.0000      0.216802915315E+01
   62.1000      0.218573952239E+01
   62.2000      0.217563929717E+01
   62.3000      0.214166385591E+01
   62.4000      0.208955333007E+01
   62.5000      0.202338375794E+01
   62.6000      0.194689040917E+01
   62.7000      0.186555710236E+01
   62.8000      0.178759445925E+01
   62.9000      0.171894818283E+01
   63.0000      0.166309537886E+01
   63.1000      0.162472516310E+01
   63.2000      0.160883493670E+01
   63.3000      0.161722360520E+01
   63.4000      0.164505009544E+01
   63.5000      0.168727771736E+01
   63.6000      0.174510800454E+01
   63.7000      0.181994328134E+01
   63.8000      0.190516575787E+01
   63.9000      0.198650229576E+01
   64.0000      0.205547467389E+01
   64.1000      0.211584496219E+01
   64.2000      0.217134769044E+01
   64.3000      0.221537105087E+01
   64.4000      0.223597959811E+01
   64.5000      0.223154997887E+01
   64.6000      0.221272970727E+01
   64.7000      0.218704537210E+01
   64.8000      0.215268506505E+01
   64.9000      0.210680928432E+01
   65.0000      0.205515441160E+01
   65.1000      0.200694101386E+01
   65.2000      0.196415457302E+01
   65.3000      0.192623969208E+01
   65.4000      0.189786526401E+01
   65.5000      0.188538279987E+01
   65.6000      0.188631391908E+01
   65.7000      0.189079723242E+01
   65.8000      0.189848249634E+01
   65.9000      0.192029211110E+01
   66.0000      0.196052496093E+01
   66.1000      0.200622026695E+01
   66.2000      0.204173638933E+01
   66.3000      0.207062104406E+01
   66.4000      0.210791780977E+01
   66.5000      0.215568302481E+01
   66.6000      0.219897093133E+01
   66.7000      0.222623764637E+01
   66.8000      0.224434518033E+01
   66.9000      0.226389225825E+01
   67.0000      0.228228769037E+01
   67.1000      0.229064113183E+01
   67.2000      0.228800395042E+01
   67.3000      0.228032092521E+01
   67.4000      0.226634378339E+01
   67.5000      0.223966144527E+01
   67.6000      0.220420036165E+01
   67.7000      0.217231952487E+01
   67.8000      0.214725587220E+01
   67.9000      0.211732265920E+01
   68.0000      0.207695065838E+01
   68.1000      0.204236028418E+01
   68.2000      0.203264889462E+01
   68.3000      0.204581979329E+01
   68.4000      0.206464801445E+01
   68.5000      0.208491622555E+01
   68.6000      0.212234594191E+01
   68.7000      0.218701322505E+01
   68.8000      0.226841633251E+01
   68.9000      0.234989546875E+01
   69.0000      0.242753919685E+01
   69.1000      0.250485310908E+01
   69.2000      0.257550830311E+01
   69.3000      0.262754722188E+01
   69.4000      0.265749614236E+01
   69.5000      0.266846357095E+01
   69.6000      0.265605658446E+01
   69.7000      0.260846582398E+01
   69.8000      0.252679538759E+01
   69.9000      0.242938590511E+01
   70.0000      0.233049489498E+01
   70.1000      0.222641742233E+01
   70.2000      0.211052083017E+01
   70.3000      0.199618431364E+01
   70.4000      0.190863895094E+01
   70.5000      0.185900095586E+01
   70.6000      0.184043804264E+01
   70.7000      0.184727826486E+01
   70.8000      0.188664081762E+01
   70.9000      0.196418907414E+01
   71.0000      0.207158626935E+01
   71.1000      0.219619717533E+01
   71.2000      0.233147853910E+01
   71.3000      0.247146770327E+01
   71.4000      0.260016788398E+01
   71.5000      0.269957377569E+01
   71.6000      0.276583469318E+01
   71.7000      0.280362272415E+01
   71.8000      0.280874375946E+01
   71.9000      0.276693540698E+01
   72.0000      0.267379677827E+01
   72.1000      0.254513295151E+01
   72.2000      0.239925965949E+01
   72.3000      0.224160770170E+01
   72.4000      0.207251963122E+01
   72.5000      0.190277203388E+01
   72.6000      0.175110660566E+01
   72.7000      0.162808636469E+01
   72.8000      0.153606269007E+01
   72.9000      0.148047365057E+01
   73.0000      0.146936490764E+01
   73.1000      0.150122763065E+01
   73.2000      0.156270705167E+01
   73.3000      0.164554122828E+01
   73.4000      0.175313041787E+01
   73.5000      0.188421646743E+01
   73.6000      0.202080747634E+01
   73.7000      0.214027412085E+01
   73.8000      0.223626456524E+01
   73.9000      0.231465240588E+01
   74.0000      0.237323092961E+01
   74.1000      0.239960179937E+01
   74.2000      0.238696140262E+01
   74.3000      0.234199697954E+01
   74.4000      0.227199660576E+01
   74.5000      0.217652959923E+01
   74.6000      0.205920365299E+01
   74.7000      0.193411028359E+01
   74.8000      0.181343602177E+01
   74.9000      0.169502313024E+01
   75.0000      0.157427404355E+01
   75.1000      0.146386183097E+01
   75.2000      0.138463052485E+01
   75.3000      0.134072223477E+01
   75.4000      0.131704059473E+01
   75.5000      0.130455873696E+01
   75.6000      0.131492215257E+01
   75.7000      0.136009385368E+01
   75.8000      0.143244767520E+01
   75.9000      0.151468507923E+01
   76.0000      0.160066305848E+01
   76.1000      0.169423719797E+01
   76.2000      0.179064849702E+01
   76.3000      0.187714753972E+01
   76.4000      0.194952633700E+01
   76.5000      0.201228219805E+01
   76.6000      0.206102684765E+01
   76.7000      0.207835051951E+01
   76.8000      0.205757334070E+01
   76.9000      0.201530828794E+01
   77.0000      0.196810172819E+01
   77.1000      0.190878290769E+01
   77.2000      0.181978940126E+01
   77.3000      0.170653717177E+01
   77.4000      0.159757883755E+01
   77.5000      0.151083982698E+01
   77.6000      0.143916586835E+01
   77.7000      0.137275160462E+01
   77.8000      0.132159000370E+01
   77.9000      0.130283693649E+01
   78.0000      0.131773410457E+01
   78.1000      0.135697112074E+01
   78.2000      0.141845942210E+01
   78.3000      0.150537669131E+01
   78.4000      0.160876158042E+01
   78.5000      0.170955150921E+01
   78.6000      0.180167358881E+01
   78.7000      0.189404243512E+01
   78.8000      0.198557658866E+01
   78.9000      0.205323235913E+01
   79.0000      0.207670441917E+01
   79.1000      0.206506597359E+01
   79.2000      0.204109441565E+01
   79.3000      0.200833662589E+01
   79.4000      0.195069632208E+01
   79.5000      0.186310806087E+01
   79.6000      0.176597952220E+01
   79.7000      0.168142231980E+01
   79.8000      0.161240146004E+01
   79.9000      0.155363329214E+01
   80.0000      0.150990749090E+01
   80.1000      0.149200856326E+01
   80.2000      0.149966586384E+01
   80.3000      0.152479184371E+01
   80.4000      0.156721106953E+01
   80.5000      0.163176388924E+01
   80.6000      0.171129475614E+01
   80.7000      0.178516510866E+01
   80.8000      0.184169729329E+01
   80.9000      0.188889350084E+01
   81.0000      0.193441224491E+01
   81.1000      0.196761407351E+01
   81.2000      0.197095171638E+01
   81.3000      0.194445391660E+01
   81.4000      0.190511493627E+01
   81.5000      0.186360634672E+01
   81.6000      0.181653950959E+01
   81.7000      0.176089920371E+01
   81.8000      0.170530191314E+01
   81.9000      0.166074848997E+01
   82.0000      0.162883394167E+01
   82.1000      0.160802377177E+01
   82.2000      0.160187307737E+01
   82.3000      0.161380663340E+01
   82.4000      0.163789705020E+01
   82.5000      0.166341066530E+01
   82.6000      0.168838144104E+01
   82.7000      0.171749096047E+01
   82.8000      0.174858593941E+01
   82.9000      0.177037074122E+01
   83.0000      0.177491404617E+01
   83.1000      0.176621641073E+01
   83.2000      0.175057365462E+01
   83.3000      0.172751203562E+01
   83.4000      0.169542353106E+01
   83.5000      0.165890161183E+01
   83.6000      0.162514139273E+01
   83.7000      0.159513122631E+01
   83.8000      0.156762288407E+01
   83.9000      0.154859623048E+01
   84.0000      0.154659283776E+01
   84.1000      0.156080059205E+01
   84.2000      0.158068170620E+01
   84.3000      0.160069753846E+01
   84.4000      0.162655565870E+01
   84.5000      0.166182151582E+01
   84.6000      0.169838031478E+01
   84.7000      0.172470586539E+01
   84.8000      0.173888079557E+01
   84.9000      0.174563936878E+01
   85.0000      0.174416450483E+01
   85.1000      0.173028900497E+01
   85.2000      0.170650945071E+01
   85.3000      0.168057356831E+01
   85.4000      0.165361610309E+01
   85.5000      0.161933755507E+01
   85.6000      0.158019126631E+01
   85.7000      0.155140644705E+01
   85.8000      0.154264764081E+01
   85.9000      0.154451025581E+01
   86.0000      0.154247076604E+01
   86.1000      0.154025670865E+01
   86.2000      0.155436135005E+01
   86.3000      0.158796957542E+01
   86.4000      0.162438304983E+01
   86.5000      0.164868933584E+01
   86.6000      0.166556984930E+01
   86.7000      0.168630205682E+01
   86.8000      0.170910996595E+01
   86.9000      0.172341737707E+01
   87.0000      0.172633804109E+01
   87.1000      0.172469383627E+01
   87.2000      0.172099968429E+01
   87.3000      0.171089904331E+01
   87.4000      0.169610156468E+01
   87.5000      0.168633945234E+01
   87.6000      0.168520173251E+01
   87.7000      0.168265253724E+01
   87.8000      0.167074321334E+01
   87.9000      0.165887680387E+01
   88.0000      0.166092906060E+01
   88.1000      0.167364015747E+01
   88.2000      0.167897897225E+01
   88.3000      0.166902325437E+01
   88.4000      0.165626901099E+01
   88.5000      0.165323991936E+01
   88.6000      0.165458458670E+01
   88.7000      0.164630631003E+01
   88.8000      0.162653531674E+01
   88.9000      0.160703160766E+01
   89.0000      0.159534300132E+01
   89.1000      0.158788012347E+01
   89.2000      0.157998870700E+01
   89.3000      0.157424416088E+01
   89.4000      0.157520746020E+01
   89.5000      0.158133513466E+01
   89.6000      0.158936890848E+01
   89.7000      0.160045527582E+01
   89.8000      0.161644490890E+01
   89.9000      0.163336493483E+01
   90.0000      0.164344428614E+01
   90.1000      0.164489363948E+01
   90.2000      0.164236361794E+01
   90.3000      0.163758801111E+01
   90.4000      0.162568024721E+01
   90.5000      0.160165267890E+01
   90.6000      0.156827152081E+01
   90.7000      0.153250925969E+01
   90.8000      0.149743704799E+01
   90.9000      0.146209123121E+01
   91.0000      0.142640671416E+01
   91.1000      0.139418813925E+01
   91.2000      0.136947780892E+01
   91.3000      0.135318303260E+01
   91.4000      0.134466012041E+01
   91.5000      0.134294978541E+01
   91.6000      0.134733438151E+01
   91.7000      0.135661966874E+01
   91.8000      0.136888724703E+01
   91.9000      0.138186083331E+01
   92.0000      0.139204430887E+01
   92.1000      0.139681147128E+01
   92.2000      0.139614840610E+01
   92.3000      0.139095342539E+01
   92.4000      0.138035594739E+01
   92.5000      0.136159273761E+01
   92.6000      0.133532728170E+01
   92.7000      0.130717876557E+01
   92.8000      0.128200793452E+01
   92.9000      0.125956589313E+01
   93.0000      0.123707430179E+01
   93.1000      0.121638827673E+01
   93.2000      0.120344789611E+01
   93.3000      0.120065725471E+01
   93.4000      0.120447396783E+01
   93.5000      0.121017680508E+01
   93.6000      0.121734407532E+01
   93.7000      0.122717104761E+01
   93.8000      0.123728097465E+01
   93.9000      0.124349229335E+01
   94.0000      0.124362399267E+01
   94.1000      0.123789535358E+01
   94.2000      0.122530101554E+01
   94.3000      0.120350469409E+01
   94.4000      0.117378728900E+01
   94.5000      0.114082901283E+01
   94.6000      0.110777724905E+01
   94.7000      0.107362831644E+01
   94.8000      0.103773771436E+01
   94.9000      0.100522395079E+01
   95.0000      0.982782078701E+00
   95.1000      0.972043226543E+00
   95.2000      0.969609845042E+00
   95.3000      0.973252689862E+00
   95.4000      0.985433293006E+00
   95.5000      0.100798878843E+01
   95.6000      0.103807087999E+01
   95.7000      0.107048662671E+01
   95.8000      0.110189029167E+01
   95.9000      0.113153554529E+01
   96.0000      0.115763384691E+01
   96.1000      0.117718395564E+01
   96.2000      0.118830537593E+01
   96.3000      0.119053244579E+01
   96.4000      0.118394901961E+01
   96.5000      0.116818175144E+01
   96.6000      0.114408130845E+01
   96.7000      0.111403863115E+01
   96.8000      0.107995918149E+01
   96.9000      0.104341209445E+01
   97.0000      0.100634020783E+01
   97.1000      0.971444199631E+00
   97.2000      0.940437616257E+00
   97.3000      0.913228841052E+00
   97.4000      0.890946844333E+00
   97.5000      0.876270395901E+00
   97.6000      0.870579269325E+00
   97.7000      0.871660647226E+00
   97.8000      0.876226267621E+00
   97.9000      0.885011608143E+00
   98.0000      0.900897583384E+00
   98.1000      0.923534974106E+00
   98.2000      0.948325626504E+00
   98.3000      0.971339461875E+00
   98.4000      0.993719613591E+00
   98.5000      0.101764774307E+01
   98.6000      0.104158660797E+01
   98.7000      0.106164338911E+01
   98.8000      0.107584078553E+01
   98.9000      0.108531755919E+01
   99.0000      0.109013083224E+01
   99.1000      0.108842446875E+01
   99.2000      0.107975648981E+01
   99.3000      0.106572643255E+01
   99.4000      0.104732453337E+01
   99.5000      0.102276538357E+01
   99.6000      0.991457580189E+00
   99.7000      0.957524664057E+00
   99.8000      0.925840880772E+00
   99.9000      0.897094428228E+00
  100.0000      0.868521511479E+00
  100.1000      0.840668930939E+00
  100.2000      0.819417350796E+00
  100.3000      0.809305882486E+00
  100.4000      0.809122879878E+00
  100.5000      0.814780086021E+00
  100.6000      0.825713184947E+00
  100.7000      0.845048365964E+00
  100.8000      0.873481007597E+00
  100.9000      0.907443704135E+00
  101.0000      0.942272687200E+00
  101.1000      0.975970006519E+00
  101.2000      0.100839155344E+01
  101.3000      0.103779027475E+01
  101.4000      0.106130494741E+01
  101.5000      0.107659406112E+01
  101.6000      0.108279060172E+01
  101.7000      0.107998020040E+01
  101.8000      0.106811322902E+01
  101.9000      0.104783021019E+01
  102.0000      0.102007792511E+01
  102.1000      0.986109544182E+00
  102.2000      0.948191236672E+00
  102.3000      0.909029724427E+00
  102.4000      0.871133911559E+00
  102.5000      0.835585950037E+00
  102.6000      0.803397365752E+00
  102.7000      0.777442765580E+00
  102.8000      0.760656267048E+00
  102.9000      0.753703191146E+00
  103.0000      0.754561628135E+00
  103.1000      0.761957461036E+00
  103.2000      0.777449268064E+00
  103.3000      0.801978882253E+00
  103.4000      0.833246421459E+00
  103.5000      0.866880810455E+00
  103.6000      0.900423997088E+00
  103.7000      0.934096825821E+00
  103.8000      0.966905567411E+00
  103.9000      0.995804439274E+00
  104.0000      0.101792067122E+01
  104.1000      0.103249170250E+01
  104.2000      0.103950066987E+01
  104.3000      0.103732053335E+01
  104.4000      0.102510998596E+01
  104.5000      0.100475581019E+01
  104.6000      0.978847475404E+00
  104.7000      0.947465316180E+00
  104.8000      0.908822636933E+00
  104.9000      0.864900664869E+00
  105.0000      0.821933101730E+00
  105.1000      0.784357837313E+00
  105.2000      0.750881071719E+00
  105.3000      0.718254336772E+00
  105.4000      0.688938114488E+00
  105.5000      0.669869630630E+00
  105.6000      0.664065041379E+00
  105.7000      0.667253749727E+00
  105.8000      0.673725406781E+00
  105.9000      0.684317333026E+00
  106.0000      0.703978737807E+00
  106.1000      0.733220771127E+00
  106.2000      0.766052674388E+00
  106.3000      0.796202926576E+00
  106.4000      0.823832001530E+00
  106.5000      0.852505670747E+00
  106.6000      0.882084312158E+00
  106.7000      0.908068412394E+00
  106.8000      0.926657300448E+00
  106.9000      0.939029602789E+00
  107.0000      0.948157278717E+00
  107.1000      0.954164740934E+00
  107.2000      0.955226872876E+00
  107.3000      0.950667659396E+00
  107.4000      0.942196345166E+00
  107.5000      0.930907746868E+00
  107.6000      0.915995809088E+00
  107.7000      0.897623900237E+00
  107.8000      0.877686696321E+00
  107.9000      0.857574169355E+00
  108.0000      0.835639476158E+00
  108.1000      0.809899222900E+00
  108.2000      0.782937018231E+00
  108.3000      0.759790368316E+00
  108.4000      0.741979359806E+00
  108.5000      0.725713185431E+00
  108.6000      0.708532073347E+00
  108.7000      0.695517512182E+00
  108.8000      0.693980962231E+00
  108.9000      0.704575148292E+00
  109.0000      0.720886616889E+00
  109.1000      0.739032198551E+00
  109.2000      0.763820729923E+00
  109.3000      0.801054685049E+00
  109.4000      0.848221623181E+00
  109.5000      0.896203530691E+00
  109.6000      0.939597078579E+00
  109.7000      0.981088861907E+00
  109.8000      0.102323986244E+01
  109.9000      0.106188229781E+01
  110.0000      0.108970337128E+01
  110.1000      0.110390331605E+01
  110.2000      0.110714539835E+01
  110.3000      0.110097691998E+01
  110.4000      0.108404400292E+01
  110.5000      0.105609933062E+01
  110.6000      0.102012998265E+01
  110.7000      0.979595679141E+00
  110.8000      0.935296082211E+00
  110.9000      0.888740144824E+00
  111.0000      0.845053659562E+00
  111.1000      0.809337058208E+00
  111.2000      0.782037292659E+00
  111.3000      0.760064018224E+00
  111.4000      0.743696604008E+00
  111.5000      0.737625443325E+00
  111.6000      0.744038554228E+00
  111.7000      0.758777548289E+00
  111.8000      0.775509934827E+00
  111.9000      0.792972047949E+00
  112.0000      0.814058883484E+00
  112.1000      0.838922894271E+00
  112.2000      0.863366131436E+00
  112.3000      0.883224559216E+00
  112.4000      0.898884488867E+00
  112.5000      0.913151509906E+00
  112.6000      0.926717563629E+00
  112.7000      0.938517423945E+00
  112.8000      0.948022788763E+00
  112.9000      0.956516872352E+00
  113.0000      0.965410427175E+00
  113.1000      0.974696855466E+00
  113.2000      0.983994847270E+00
  113.3000      0.992567907893E+00
  113.4000      0.999525702006E+00
  113.5000      0.100400999222E+01
  113.6000      0.100510035681E+01
  113.7000      0.100181892106E+01
  113.8000      0.992225050345E+00
  113.9000      0.975061880511E+00
  114.0000      0.951435067189E+00
  114.1000      0.923360702148E+00
  114.2000      0.891610247405E+00
  114.3000      0.855424488026E+00
  114.4000      0.816392965910E+00
  114.5000      0.779917451514E+00
  114.6000      0.750977485434E+00
  114.7000      0.730845681907E+00
  114.8000      0.718563323887E+00
  114.9000      0.715803082556E+00
  115.0000      0.726712443739E+00
  115.1000      0.752627744363E+00
  115.2000      0.790704621530E+00
  115.3000      0.837080444302E+00
  115.4000      0.889972448418E+00
  115.5000      0.947504754197E+00
  115.6000      0.100477192254E+01
  115.7000      0.105680203794E+01
  115.8000      0.110134985120E+01
  115.9000      0.113705012588E+01
  116.0000      0.115959485904E+01
  116.1000      0.116358580797E+01
  116.2000      0.114961982228E+01
  116.3000      0.112389676613E+01
  116.4000      0.109027513696E+01
  116.5000      0.104616113168E+01
  116.6000      0.989268970170E+00
  116.7000      0.926474535327E+00
  116.8000      0.869344219930E+00
  116.9000      0.822858166533E+00
  117.0000      0.783348783631E+00
  117.1000      0.748101256981E+00
  117.2000      0.722837294211E+00
  117.3000      0.714862003865E+00
  117.4000      0.723632324876E+00
  117.5000      0.742284026091E+00
  117.6000      0.766220116067E+00
  117.7000      0.796426045509E+00
  117.8000      0.832977698362E+00
  117.9000      0.871428217831E+00
  118.0000      0.907118135380E+00
  118.1000      0.938707399170E+00
  118.2000      0.966016138990E+00
  118.3000      0.986084920922E+00
  118.4000      0.996207920009E+00
  118.5000      0.998718108286E+00
  118.6000      0.997977397954E+00
  118.7000      0.994310422501E+00
  118.8000      0.983745121291E+00
  118.9000      0.965650811406E+00
  119.0000      0.946129020107E+00
  119.1000      0.930657568667E+00
  119.2000      0.917745906989E+00
  119.3000      0.901982144260E+00
  119.4000      0.882571114460E+00
  119.5000      0.864465834078E+00
  119.6000      0.850557822895E+00
  119.7000      0.838104336709E+00
  119.8000      0.822949678169E+00
  119.9000      0.805236929496E+00
  120.0000      0.788442255031E+00
  120.1000      0.774050377746E+00
  120.2000      0.761325178589E+00
  120.3000      0.750169491752E+00
  120.4000      0.742492476909E+00
  120.5000      0.740426852039E+00
  120.6000      0.744497324951E+00
  120.7000      0.755366649385E+00
  120.8000      0.774204081641E+00
  120.9000      0.801320641137E+00
  121.0000      0.835532569518E+00
  121.1000      0.874849006761E+00
  121.2000      0.918061766983E+00
  121.3000      0.963447618777E+00
  121.4000      0.100789224496E+01
  121.5000      0.104843329726E+01
  121.6000      0.108298518112E+01
  121.7000      0.110972970666E+01
  121.8000      0.112548465483E+01
  121.9000      0.112748474256E+01
  122.0000      0.111645183382E+01
  122.1000      0.109496194690E+01
  122.2000      0.106408834614E+01
  122.3000      0.102267045752E+01
  122.4000      0.971620735049E+00
  122.5000      0.916710059412E+00
  122.6000      0.864141388694E+00
  122.7000      0.816205576442E+00
  122.8000      0.772333222188E+00
  122.9000      0.734227631206E+00
  123.0000      0.706979033984E+00
  123.1000      0.693755217249E+00
  123.2000      0.693554909803E+00
  123.3000      0.703980244934E+00
  123.4000      0.724386736718E+00
  123.5000      0.754543960962E+00
  123.6000      0.791287114150E+00
  123.7000      0.830735080672E+00
  123.8000      0.871434597137E+00
  123.9000      0.912879541712E+00
  124.0000      0.951572872527E+00
  124.1000      0.981375690497E+00
  124.2000      0.100041753530E+01
  124.3000      0.101283872686E+01
  124.4000      0.102173529907E+01
  124.5000      0.102358093882E+01
  124.6000      0.101263056290E+01
  124.7000      0.990865494143E+00
  124.8000      0.967260741039E+00
  124.9000      0.946836986378E+00
  125.0000      0.925426758023E+00
  125.1000      0.897122119004E+00
  125.2000      0.864779260322E+00
  125.3000      0.837149692918E+00
  125.4000      0.817422827183E+00
  125.5000      0.800199133796E+00
  125.6000      0.779729037181E+00
  125.7000      0.758077795610E+00
  125.8000      0.741015461303E+00
  125.9000      0.729390968846E+00
  126.0000      0.719100670446E+00
  126.1000      0.707386243533E+00
  126.2000      0.696557775534E+00
  126.3000      0.689743277541E+00
  126.4000      0.686897616137E+00
  126.5000      0.687250553204E+00
  126.6000      0.691870405197E+00
  126.7000      0.702707916524E+00
  126.8000      0.719449382870E+00
  126.9000      0.740409697410E+00
  127.0000      0.766341809167E+00
  127.1000      0.799196024333E+00
  127.2000      0.838231389230E+00
  127.3000      0.878915340854E+00
  127.4000      0.917231603533E+00
  127.5000      0.953477352045E+00
  127.6000      0.988659570739E+00
  127.7000      0.102020169122E+01
  127.8000      0.104276342969E+01
  127.9000      0.105325581934E+01
  128.0000      0.105322947731E+01
  128.1000      0.104461919572E+01
  128.2000      0.102687768052E+01
  128.3000      0.998603792841E+00
  128.4000      0.960743884566E+00
  128.5000      0.917133493016E+00
  128.6000      0.871190082049E+00
  128.7000      0.825044448500E+00
  128.8000      0.780679337529E+00
  128.9000      0.740602035754E+00
  129.0000      0.707662400148E+00
  129.1000      0.683638196873E+00
  129.2000      0.669595782780E+00
  129.3000      0.665876202992E+00
  129.4000      0.671700483523E+00
  129.5000      0.686252680818E+00
  129.6000      0.708756958905E+00
  129.7000      0.737972361045E+00
  129.8000      0.770786089896E+00
  129.9000      0.803074204300E+00
  130.0000      0.833413240913E+00
  130.1000      0.862804759154E+00
  130.2000      0.890885854331E+00
  130.3000      0.913440445453E+00
  130.4000      0.926345022454E+00
  130.5000      0.931807529253E+00
  130.6000      0.935720725816E+00
  130.7000      0.939769565027E+00
  130.8000      0.939053908933E+00
  130.9000      0.929709234493E+00
  131.0000      0.916481820535E+00
  131.1000      0.907221506483E+00
  131.2000      0.902761015427E+00
  131.3000      0.896289960120E+00
  131.4000      0.883264082458E+00
  131.5000      0.868087301035E+00
  131.6000      0.856819680214E+00
  131.7000      0.848315095991E+00
  131.8000      0.836106736082E+00
  131.9000      0.817323691381E+00
  132.0000      0.796044558851E+00
  132.1000      0.776203752550E+00
  132.2000      0.757076323280E+00
  132.3000      0.736906958060E+00
  132.4000      0.717253005467E+00
  132.5000      0.701747470869E+00
  132.6000      0.691390088349E+00
  132.7000      0.685882856791E+00
  132.8000      0.687558006591E+00
  132.9000      0.699758493775E+00
  133.0000      0.722291595236E+00
  133.1000      0.750721206193E+00
  133.2000      0.782653363623E+00
  133.3000      0.820568561131E+00
  133.4000      0.865795815786E+00
  133.5000      0.913572007293E+00
  133.6000      0.956052298889E+00
  133.7000      0.990239547434E+00
  133.8000      0.101863263674E+01
  133.9000      0.104191730628E+01
  134.0000      0.105612310082E+01
  134.1000      0.105695292738E+01
  134.2000      0.104520224465E+01
  134.3000      0.102502807205E+01
  134.4000      0.998563693964E+00
  134.5000      0.966201521571E+00
  134.6000      0.929499385553E+00
  134.7000      0.892048173723E+00
  134.8000      0.856873382401E+00
  134.9000      0.824955624563E+00
  135.0000      0.797911245467E+00
  135.1000      0.778198397718E+00
  135.2000      0.766854793754E+00
  135.3000      0.762378853443E+00
  135.4000      0.762601488230E+00
  135.5000      0.767392788508E+00
  135.6000      0.776583146294E+00
  135.7000      0.787999160577E+00
  135.8000      0.799100598985E+00
  135.9000      0.808953232881E+00
  136.0000      0.817781259677E+00
  136.1000      0.824014960624E+00
  136.2000      0.825899725736E+00
  136.3000      0.825446149473E+00
  136.4000      0.826784444384E+00
  136.5000      0.831012992604E+00
  136.6000      0.834566445144E+00
  136.7000      0.836046902006E+00
  136.8000      0.841061103475E+00
  136.9000      0.855609727291E+00
  137.0000      0.877784720162E+00
  137.1000      0.899350211792E+00
  137.2000      0.916801027587E+00
  137.3000      0.935378109362E+00
  137.4000      0.959102200993E+00
  137.5000      0.982734696331E+00
  137.6000      0.996502842517E+00
  137.7000      0.997536683341E+00
  137.8000      0.991279470048E+00
  137.9000      0.981279359869E+00
  138.0000      0.964418089907E+00
  138.1000      0.936544923087E+00
  138.2000      0.899672768447E+00
  138.3000      0.860138022701E+00
  138.4000      0.821489845815E+00
  138.5000      0.784477353585E+00
  138.6000      0.751075847022E+00
  138.7000      0.725326188842E+00
  138.8000      0.709753379461E+00
  138.9000      0.703562448443E+00
  139.0000      0.706876325146E+00
  139.1000      0.721934318531E+00
  139.2000      0.749088120258E+00
  139.3000      0.784077656443E+00
  139.4000      0.821058670781E+00
  139.5000      0.858337353763E+00
  139.6000      0.896699416792E+00
  139.7000      0.934028516181E+00
  139.8000      0.965040176104E+00
  139.9000      0.985767716951E+00
  140.0000      0.996942084869E+00
  140.1000      0.100040300618E+01
  140.2000      0.995894355047E+00
  140.3000      0.983329312219E+00
  140.4000      0.964923701309E+00
  140.5000      0.944068157065E+00
  140.6000      0.921881040981E+00
  140.7000      0.898516984251E+00
  140.8000      0.877114161325E+00
  140.9000      0.861915778608E+00
  141.0000      0.853655457452E+00
  141.1000      0.848457868434E+00
  141.2000      0.843511363879E+00
  141.3000      0.841106290952E+00
  141.4000      0.843553308585E+00
  141.5000      0.848027426250E+00
  141.6000      0.848348950273E+00
  141.7000      0.841853950401E+00
  141.8000      0.831326839655E+00
  141.9000      0.818854165320E+00
  142.0000      0.803021144311E+00
  142.1000      0.782155533215E+00
  142.2000      0.758162909031E+00
  142.3000      0.735076385099E+00
  142.4000      0.714625096632E+00
  142.5000      0.697729275880E+00
  142.6000      0.687416785671E+00
  142.7000      0.687348068692E+00
  142.8000      0.697857609701E+00
  142.9000      0.715603422572E+00
  143.0000      0.739675798134E+00
  143.1000      0.773061809016E+00
  143.2000      0.816481481008E+00
  143.3000      0.864069149746E+00
  143.4000      0.907378667357E+00
  143.5000      0.944041572247E+00
  143.6000      0.977094493807E+00
  143.7000      0.100646808030E+01
  143.8000      0.102598743632E+01
  143.9000      0.102942511133E+01
  144.0000      0.101811147830E+01
  144.1000      0.998077711870E+00
  144.2000      0.972120322824E+00
  144.3000      0.938901232666E+00
  144.4000      0.898046902775E+00
  144.5000      0.854187819645E+00
  144.6000      0.813249481979E+00
  144.7000      0.777786879555E+00
  144.8000      0.748314530616E+00
  144.9000      0.725775436964E+00
  145.0000      0.712045190345E+00
  145.1000      0.707372467801E+00
  145.2000      0.709933291482E+00
  145.3000      0.718461153638E+00
  145.4000      0.731930877531E+00
  145.5000      0.748324510066E+00
  145.6000      0.764242312944E+00
  145.7000      0.776859950249E+00
  145.8000      0.785710431084E+00
  145.9000      0.790394653100E+00
  146.0000      0.789900707345E+00
  146.1000      0.783948043443E+00
  146.2000      0.773972571442E+00
  146.3000      0.762148701703E+00
  146.4000      0.748962612529E+00
  146.5000      0.735379449458E+00
  146.6000      0.725051886848E+00
  146.7000      0.721862660215E+00
  146.8000      0.726074812152E+00
  146.9000      0.734119057951E+00
  147.0000      0.744976463664E+00
  147.1000      0.762422191876E+00
  147.2000      0.788629482901E+00
  147.3000      0.818809035038E+00
  147.4000      0.844360154003E+00
  147.5000      0.862589342585E+00
  147.6000      0.877888840518E+00
  147.7000      0.892388360444E+00
  147.8000      0.900651083378E+00
  147.9000      0.895184057423E+00
  148.0000      0.876553807604E+00
  148.1000      0.852560425799E+00
  148.2000      0.828044417835E+00
  148.3000      0.801046729900E+00
  148.4000      0.768619592607E+00
  148.5000      0.734459850494E+00
  148.6000      0.706431149181E+00
  148.7000      0.688383355603E+00
  148.8000      0.678960108721E+00
  148.9000      0.676092662307E+00
  149.0000      0.681020490801E+00
  149.1000      0.695701455480E+00
  149.2000      0.718687402196E+00
  149.3000      0.746557619169E+00
  149.4000      0.776140907823E+00
  149.5000      0.805422419612E+00
  149.6000      0.832091463927E+00
  149.7000      0.853010263107E+00
  149.8000      0.866452908106E+00
  149.9000      0.871718247941E+00
  150.0000      0.868455197596E+00
  150.1000      0.856642345781E+00
  150.2000      0.837172771431E+00
  150.3000      0.812616676726E+00
  150.4000      0.785155562530E+00
  150.5000      0.756677508056E+00
  150.6000      0.730099330834E+00
  150.7000      0.708670135269E+00
  150.8000      0.694396833405E+00
  150.9000      0.686444774172E+00
  151.0000      0.684147962513E+00
  151.1000      0.689316218492E+00
  151.2000      0.703124508506E+00
  151.3000      0.722927464242E+00
  151.4000      0.742805264829E+00
  151.5000      0.759525449034E+00
  151.6000      0.774594226330E+00
  151.7000      0.788790616730E+00
  151.8000      0.798742071307E+00
  151.9000      0.799423828832E+00
  152.0000      0.790579924369E+00
  152.1000      0.776922638224E+00
  152.2000      0.761728782995E+00
  152.3000      0.744912532272E+00
  152.4000      0.726094995432E+00
  152.5000      0.708446929089E+00
  152.6000      0.696680671495E+00
  152.7000      0.692490736899E+00
  152.8000      0.695950784652E+00
  152.9000      0.707819983398E+00
  153.0000      0.729193225500E+00
  153.1000      0.758466721150E+00
  153.2000      0.791086485038E+00
  153.3000      0.824781291115E+00
  153.4000      0.859968553843E+00
  153.5000      0.895203638858E+00
  153.6000      0.924424091622E+00
  153.7000      0.941013027370E+00
  153.8000      0.945052385501E+00
  153.9000      0.940958928494E+00
  154.0000      0.930035968395E+00
  154.1000      0.908661489156E+00
  154.2000      0.874406923661E+00
  154.3000      0.832586438726E+00
  154.4000      0.791598498208E+00
  154.5000      0.755211564333E+00
  154.6000      0.722187080316E+00
  154.7000      0.692005511743E+00
  154.8000      0.669307067408E+00
  154.9000      0.659048080228E+00
  155.0000      0.661341432979E+00
  155.1000      0.672608669246E+00
  155.2000      0.689445054527E+00
  155.3000      0.711241069726E+00
  155.4000      0.737086136381E+00
  155.5000      0.763765491534E+00
  155.6000      0.787162199695E+00
  155.7000      0.803715372132E+00
  155.8000      0.812332883208E+00
  155.9000      0.813218647195E+00
  156.0000      0.806758709092E+00
  156.1000      0.793133456248E+00
  156.2000      0.772242054075E+00
  156.3000      0.746720849557E+00
  156.4000      0.721756798838E+00
  156.5000      0.701863276377E+00
  156.6000      0.687927572669E+00
  156.7000      0.678229077321E+00
  156.8000      0.674819725976E+00
  156.9000      0.683430768014E+00
  157.0000      0.706462221569E+00
  157.1000      0.738412615222E+00
  157.2000      0.770578290418E+00
  157.3000      0.801635347774E+00
  157.4000      0.836532268862E+00
  157.5000      0.875435757040E+00
  157.6000      0.908774424208E+00
  157.7000      0.925791029816E+00
  157.8000      0.927470120407E+00
  157.9000      0.923159481401E+00
  158.0000      0.916529441462E+00
  158.1000      0.901111893234E+00
  158.2000      0.870668785899E+00
  158.3000      0.831466670976E+00
  158.4000      0.796678372563E+00
  158.5000      0.772113750552E+00
  158.6000      0.753333001737E+00
  158.7000      0.735637079704E+00
  158.8000      0.723937004159E+00
  158.9000      0.726797319640E+00
  159.0000      0.745180223459E+00
  159.1000      0.771808844054E+00
  159.2000      0.799224997445E+00
  159.3000      0.826975235674E+00
  159.4000      0.857104188098E+00
  159.5000      0.886991813605E+00
  159.6000      0.909890543055E+00
  159.7000      0.919939094235E+00
  159.8000      0.917159620902E+00
  159.9000      0.904716414932E+00
  160.0000      0.884076838590E+00
  160.1000      0.854575564951E+00
  160.2000      0.815595072783E+00
  160.3000      0.770995325594E+00
  160.4000      0.727810647725E+00
  160.5000      0.691233136072E+00
  160.6000      0.662161142106E+00
  160.7000      0.638795815763E+00
  160.8000      0.623097145724E+00
  160.9000      0.620675980866E+00
  161.0000      0.633933850315E+00
  161.1000      0.658024962059E+00
  161.2000      0.684404459970E+00
  161.3000      0.710727325937E+00
  161.4000      0.741001887759E+00
  161.5000      0.775904982507E+00
  161.6000      0.807769172512E+00
  161.7000      0.826640324059E+00
  161.8000      0.832399201826E+00
  161.9000      0.833562393503E+00
  162.0000      0.834831856498E+00
  162.1000      0.831837522082E+00
  162.2000      0.818614006867E+00
  162.3000      0.799557978125E+00
  162.4000      0.786358908326E+00
  162.5000      0.784891485406E+00
  162.6000      0.791310075903E+00
  162.7000      0.799771142174E+00
  162.8000      0.812541567116E+00
  162.9000      0.836191063850E+00
  163.0000      0.870964725799E+00
  163.1000      0.909654707383E+00
  163.2000      0.944261563607E+00
  163.3000      0.973128536918E+00
  163.4000      0.997508671923E+00
  163.5000      0.101495978127E+01
  163.6000      0.102052955708E+01
  163.7000      0.101060007360E+01
  163.8000      0.986292571768E+00
  163.9000      0.950662577250E+00
  164.0000      0.905475836782E+00
  164.1000      0.853028840308E+00
  164.2000      0.796479696647E+00
  164.3000      0.740442098453E+00
  164.4000      0.689284922243E+00
  164.5000      0.646035977510E+00
  164.6000      0.613839449305E+00
  164.7000      0.594269032912E+00
  164.8000      0.587810635630E+00
  164.9000      0.594040078683E+00
  165.0000      0.611305490031E+00
  165.1000      0.637426603862E+00
  165.2000      0.668063309244E+00
  165.3000      0.699198489524E+00
  165.4000      0.728694985682E+00
  165.5000      0.754706147354E+00
  165.6000      0.774894197055E+00
  165.7000      0.785666665260E+00
  165.8000      0.786645415485E+00
  165.9000      0.781879194512E+00
  166.0000      0.775415145146E+00
  166.1000      0.769000506886E+00
  166.2000      0.762391330428E+00
  166.3000      0.758861981963E+00
  166.4000      0.765173052538E+00
  166.5000      0.785260623292E+00
  166.6000      0.818337952145E+00
  166.7000      0.860673449496E+00
  166.8000      0.911113466098E+00
  166.9000      0.970155977997E+00
  167.0000      0.103446213099E+01
  167.1000      0.109763325777E+01
  167.2000      0.115275906777E+01
  167.3000      0.119592992356E+01
  167.4000      0.122440215146E+01
  167.5000      0.123377755638E+01
  167.6000      0.122184702841E+01
  167.7000      0.118951954466E+01
  167.8000      0.113977925865E+01
  167.9000      0.107461667991E+01
  168.0000      0.995464454592E+00
  168.1000      0.909283771954E+00
  168.2000      0.826169238111E+00
  168.3000      0.753447752600E+00
  168.4000      0.692530273150E+00
  168.5000      0.643097761882E+00
  168.6000      0.610935021033E+00
  168.7000      0.602913292856E+00
  168.8000      0.618912697907E+00
  168.9000      0.650680678289E+00
  169.0000      0.689213587504E+00
  169.1000      0.733244269468E+00
  169.2000      0.783027200589E+00
  169.3000      0.832931508504E+00
  169.4000      0.872573668869E+00
  169.5000      0.894305733779E+00
  169.6000      0.899799912079E+00
  169.7000      0.893221603020E+00
  169.8000      0.875697314639E+00
  169.9000      0.847059999362E+00
  170.0000      0.809985616256E+00
  170.1000      0.773250308891E+00
  170.2000      0.745421040365E+00
  170.3000      0.731864267395E+00
  170.4000      0.736103802616E+00
  170.5000      0.760353802823E+00
  170.6000      0.807527974198E+00
  170.7000      0.877594173921E+00
  170.8000      0.967208035812E+00
  170.9000      0.107060872630E+01
  171.0000      0.117901695434E+01
  171.1000      0.128480795754E+01
  171.2000      0.138079041018E+01
  171.3000      0.145967499282E+01
  171.4000      0.151321881855E+01
  171.5000      0.153254183147E+01
  171.6000      0.151589428401E+01
  171.7000      0.146787338673E+01
  171.8000      0.139385141024E+01
  171.9000      0.129569796629E+01
  172.0000      0.117451284378E+01
  172.1000      0.104215111068E+01
  172.2000      0.917556919223E+00
  172.3000      0.814044007758E+00
  172.4000      0.732959125560E+00
  172.5000      0.671233342598E+00
  172.6000      0.637210883433E+00
  172.7000      0.644244986742E+00
  172.8000      0.693472220986E+00
  172.9000      0.769153347062E+00
  173.0000      0.852015928999E+00
  173.1000      0.938136562471E+00
  173.2000      0.103063670546E+01
  173.3000      0.112163684769E+01
  173.4000      0.119078161398E+01
  173.5000      0.122052886814E+01
  173.6000      0.121329960945E+01
  173.7000      0.118089303229E+01
  173.8000      0.112777507840E+01
  173.9000      0.105130195009E+01
  174.0000      0.953097696326E+00
  174.1000      0.850444814038E+00
  174.2000      0.764600475263E+00
  174.3000      0.707876334074E+00
  174.4000      0.684907940606E+00
  174.5000      0.698341517371E+00
  174.6000      0.756199016598E+00
  174.7000      0.863357834697E+00
  174.8000      0.101483786017E+01
  174.9000      0.119852840856E+01
  175.0000      0.139749288814E+01
  175.1000      0.159824514850E+01
  175.2000      0.178779194989E+01
  175.3000      0.195053456989E+01
  175.4000      0.206974600163E+01
  175.5000      0.212818706955E+01
  175.6000      0.212007592709E+01
  175.7000      0.205042191824E+01
  175.8000      0.192720776434E+01
  175.9000      0.175657336145E+01
  176.0000      0.154309721308E+01
  176.1000      0.130717215266E+01
  176.2000      0.108240027712E+01
  176.3000      0.896792291920E+00
  176.4000      0.761271175818E+00
  176.5000      0.674717415488E+00
  176.6000      0.650865139400E+00
  176.7000      0.713797006883E+00
  176.8000      0.869219823775E+00
  176.9000      0.109197887468E+01
  177.0000      0.134160074823E+01
  177.1000      0.160085871403E+01
  177.2000      0.186994086852E+01
  177.3000      0.213136256730E+01
  177.4000      0.234075597244E+01
  177.5000      0.245069066876E+01
  177.6000      0.245424025722E+01
  177.7000      0.237380896247E+01
  177.8000      0.222120276875E+01
  177.9000      0.199141794042E+01
  178.0000      0.168481005577E+01
  178.1000      0.134429649292E+01
  178.2000      0.103544801779E+01
  178.3000      0.806347722483E+00
  178.4000      0.686891104250E+00
  178.5000      0.701785960294E+00
  178.6000      0.896323481925E+00
  178.7000      0.131238022625E+01
  178.8000      0.195981658181E+01
  178.9000      0.283074137913E+01
  179.0000      0.390110386283E+01
  179.1000      0.514751920484E+01
  179.2000      0.652677915195E+01
  179.3000      0.796825732391E+01
  179.4000      0.941317872919E+01
  179.5000      0.107964326227E+02
  179.6000      0.120572136773E+02
  179.7000      0.131191586763E+02
  179.8000      0.138920555378E+02
  179.9000      0.143680847366E+02
  180.0000      0.145384619713E+02
