    0.1000      0.461183661741E+07
    0.2000      0.897796131444E+06
    0.3000      0.256033594093E+06
    0.4000      0.133883451453E+06
    0.5000      0.105266246922E+06
    0.6000      0.640550248548E+05
    0.7000      0.470053974113E+05
    0.8000      0.362481414008E+05
    0.9000      0.342774519374E+05
    1.0000      0.259859704664E+05
    1.1000      0.204619947185E+05
    1.2000      0.145671515075E+05
    1.3000      0.101254485012E+05
    1.4000      0.934035357148E+04
    1.5000      0.680060578237E+04
    1.6000      0.391638807038E+04
    1.7000      0.282778253358E+04
    1.8000      0.277613576197E+04
    1.9000      0.258355191085E+04
    2.0000      0.190007382202E+04
    2.1000      0.143396505170E+04
    2.2000      0.133315231122E+04
    2.3000      0.125753640959E+04
    2.4000      0.115055404564E+04
    2.5000      0.950876365304E+03
    2.6000      0.745011369365E+03
    2.7000      0.611831627513E+03
    2.8000      0.573573972203E+03
    2.9000      0.553327450631E+03
    3.0000      0.540292634083E+03
    3.1000      0.586660264136E+03
    3.2000      0.504356169587E+03
    3.3000      0.405060531656E+03
    3.4000      0.321224450841E+03
    3.5000      0.303446711893E+03
    3.6000      0.392693768685E+03
    3.7000      0.428585658632E+03
    3.8000      0.437670023347E+03
    3.9000      0.345063815413E+03
    4.0000      0.240051877401E+03
    4.1000      0.233917097796E+03
    4.2000      0.271549910308E+03
    4.3000      0.331221973234E+03
    4.4000      0.333277153294E+03
    4.5000      0.285206517814E+03
    4.6000      0.226283181654E+03
    4.7000      0.185166480223E+03
    4.8000      0.195828603876E+03
    4.9000      0.224096048539E+03
    5.0000      0.240384544650E+03
    5.1000      0.227317911024E+03
    5.2000      0.190692509634E+03
    5.3000      0.158156283676E+03
    5.4000      0.138879191185E+03
    5.5000      0.141460151907E+03
    5.6000      0.153012827784E+03
    5.7000      0.159101129242E+03
    5.8000      0.150156740397E+03
    5.9000      0.128751289309E+03
    6.0000      0.101659146317E+03
    6.1000      0.876803939497E+02
    6.2000      0.916770755842E+02
    6.3000      0.102366164543E+03
    6.4000      0.111933477637E+03
    6.5000      0.945576394028E+02
    6.6000      0.749006586405E+02
    6.7000      0.549504930082E+02
    6.8000      0.511483300599E+02
    6.9000      0.644234773798E+02
    7.0000      0.674900492768E+02
    7.1000      0.695505074093E+02
    7.2000      0.517762532355E+02
    7.3000      0.401598011065E+02
    7.4000      0.352324700118E+02
    7.5000      0.370275075105E+02
    7.6000      0.446868529986E+02
    7.7000      0.418665826784E+02
    7.8000      0.403471218212E+02
    7.9000      0.326569728926E+02
    8.0000      0.303729214184E+02
    8.1000      0.277355960068E+02
    8.2000      0.259545097773E+02
    8.3000      0.264115440278E+02
    8.4000      0.262415922449E+02
    8.5000      0.291013665648E+02
    8.6000      0.274004209407E+02
    8.7000      0.236486389857E+02
    8.8000      0.179837809536E+02
    8.9000      0.156540553191E+02
    9.0000      0.184060994596E+02
    9.1000      0.234009865117E+02
    9.2000      0.249935543693E+02
    9.3000      0.220199465523E+02
    9.4000      0.158506178527E+02
    9.5000      0.128656383743E+02
    9.6000      0.147109175872E+02
    9.7000      0.186444430366E+02
    9.8000      0.213199309348E+02
    9.9000      0.187030306875E+02
   10.0000      0.154834492977E+02
   10.1000      0.121908615958E+02
   10.2000      0.133825126881E+02
   10.3000      0.147015949340E+02
   10.4000      0.156081232376E+02
   10.5000      0.148536189866E+02
   10.6000      0.126911389292E+02
   10.7000      0.131376637077E+02
   10.8000      0.124486602009E+02
   10.9000      0.133468773415E+02
   11.0000      0.120581443753E+02
   11.1000      0.113467678410E+02
   11.2000      0.119842359786E+02
   11.3000      0.129070536958E+02
   11.4000      0.143695703202E+02
   11.5000      0.132025608453E+02
   11.6000      0.113667021234E+02
   11.7000      0.980927693858E+01
   11.8000      0.103290998698E+02
   11.9000      0.123049222151E+02
   12.0000      0.135815008101E+02
   12.1000      0.126718924795E+02
   12.2000      0.100723375728E+02
   12.3000      0.781841033373E+01
   12.4000      0.754020135290E+01
   12.5000      0.887707305602E+01
   12.6000      0.102808395027E+02
   12.7000      0.984763559917E+01
   12.8000      0.829370985548E+01
   12.9000      0.637682083683E+01
   13.0000      0.580925245299E+01
   13.1000      0.666980786889E+01
   13.2000      0.739867856215E+01
   13.3000      0.832487461154E+01
   13.4000      0.767562288350E+01
   13.5000      0.773165325109E+01
   13.6000      0.744336276657E+01
   13.7000      0.773922641450E+01
   13.8000      0.818863037737E+01
   13.9000      0.811073004534E+01
   14.0000      0.893789312245E+01
   14.1000      0.905224467221E+01
   14.2000      0.996023920218E+01
   14.3000      0.960077035766E+01
   14.4000      0.909437258340E+01
   14.5000      0.831122064098E+01
   14.6000      0.788214156086E+01
   14.7000      0.851809165770E+01
   14.8000      0.877686483577E+01
   14.9000      0.895802690021E+01
   15.0000      0.783953313027E+01
   15.1000      0.664703623843E+01
   15.2000      0.575041234252E+01
   15.3000      0.567691123397E+01
   15.4000      0.611265275665E+01
   15.5000      0.628652040549E+01
   15.6000      0.590233945437E+01
   15.7000      0.522110186172E+01
   15.8000      0.467969671503E+01
   15.9000      0.475054828275E+01
   16.0000      0.508826180170E+01
   16.1000      0.545596821947E+01
   16.2000      0.562019236757E+01
   16.3000      0.561321332407E+01
   16.4000      0.597951311990E+01
   16.5000      0.616494365847E+01
   16.6000      0.674467801749E+01
   16.7000      0.660742370176E+01
   16.8000      0.677824303255E+01
   16.9000      0.682166620643E+01
   17.0000      0.717536883944E+01
   17.1000      0.785180107592E+01
   17.2000      0.771733622817E+01
   17.3000      0.775865748516E+01
   17.4000      0.691702877688E+01
   17.5000      0.681785425149E+01
   17.6000      0.684471902420E+01
   17.7000      0.708551529109E+01
   17.8000      0.723749511056E+01
   17.9000      0.656982979544E+01
   18.0000      0.600137551247E+01
   18.1000      0.534481024408E+01
   18.2000      0.534401831403E+01
   18.3000      0.549283987142E+01
   18.4000      0.548072833521E+01
   18.5000      0.508327974684E+01
   18.6000      0.448071643174E+01
   18.7000      0.412582230617E+01
   18.8000      0.419145480085E+01
   18.9000      0.445520952722E+01
   19.0000      0.451917741168E+01
   19.1000      0.417394048404E+01
   19.2000      0.377769369405E+01
   19.3000      0.356246527926E+01
   19.4000      0.392283601555E+01
   19.5000      0.431030063514E+01
   19.6000      0.444396498317E+01
   19.7000      0.420595675695E+01
   19.8000      0.360136923883E+01
   19.9000      0.372369881021E+01
   20.0000      0.392825020576E+01
   20.1000      0.475953996775E+01
   20.2000      0.493071964535E+01
   20.3000      0.464431137384E+01
   20.4000      0.423293674888E+01
   20.5000      0.384337769529E+01
   20.6000      0.457022611427E+01
   20.7000      0.514289980617E+01
   20.8000      0.586941185646E+01
   20.9000      0.561220560895E+01
   21.0000      0.500824498388E+01
   21.1000      0.463248240370E+01
   21.2000      0.474897178845E+01
   21.3000      0.565510265371E+01
   21.4000      0.624775051719E+01
   21.5000      0.638133017307E+01
   21.6000      0.570162880747E+01
   21.7000      0.494348837836E+01
   21.8000      0.464532355219E+01
   21.9000      0.497886908308E+01
   22.0000      0.555522268475E+01
   22.1000      0.574087972015E+01
   22.2000      0.527203841624E+01
   22.3000      0.443981325710E+01
   22.4000      0.374881939200E+01
   22.5000      0.360177960451E+01
   22.6000      0.379137798214E+01
   22.7000      0.398025909566E+01
   22.8000      0.376136107731E+01
   22.9000      0.323427048180E+01
   23.0000      0.273784291740E+01
   23.1000      0.245281447327E+01
   23.2000      0.259277053801E+01
   23.3000      0.259371976567E+01
   23.4000      0.263393927438E+01
   23.5000      0.232991180456E+01
   23.6000      0.222919509173E+01
   23.7000      0.231216707041E+01
   23.8000      0.252667618144E+01
   23.9000      0.283476610844E+01
   24.0000      0.268689253433E+01
   24.1000      0.259994997825E+01
   24.2000      0.236819227606E+01
   24.3000      0.260395980549E+01
   24.4000      0.302060337110E+01
   24.5000      0.342272100343E+01
   24.6000      0.356478040628E+01
   24.7000      0.324154834006E+01
   24.8000      0.290422594428E+01
   24.9000      0.270156796237E+01
   25.0000      0.293457593481E+01
   25.1000      0.332995296651E+01
   25.2000      0.359274133903E+01
   25.3000      0.347371683937E+01
   25.4000      0.304582115539E+01
   25.5000      0.261005993386E+01
   25.6000      0.246100423817E+01
   25.7000      0.261279343941E+01
   25.8000      0.289292902535E+01
   25.9000      0.296424353706E+01
   26.0000      0.280584461964E+01
   26.1000      0.245251850884E+01
   26.2000      0.224900065482E+01
   26.3000      0.225492689986E+01
   26.4000      0.243477817293E+01
   26.5000      0.263659125507E+01
   26.6000      0.258020558231E+01
   26.7000      0.250852666515E+01
   26.8000      0.231509241361E+01
   26.9000      0.241531072685E+01
   27.0000      0.257798853117E+01
   27.1000      0.278144446997E+01
   27.2000      0.285546995574E+01
   27.3000      0.267363517962E+01
   27.4000      0.255438881813E+01
   27.5000      0.245636881907E+01
   27.6000      0.265070288530E+01
   27.7000      0.287422210248E+01
   27.8000      0.301198418571E+01
   27.9000      0.291663233855E+01
   28.0000      0.261860830869E+01
   28.1000      0.235527202310E+01
   28.2000      0.227252902281E+01
   28.3000      0.242037028575E+01
   28.4000      0.263858690396E+01
   28.5000      0.271788090901E+01
   28.6000      0.255585374797E+01
   28.7000      0.223368889551E+01
   28.8000      0.195790177944E+01
   28.9000      0.187711762101E+01
   29.0000      0.203079854174E+01
   29.1000      0.222573779820E+01
   29.2000      0.231954908923E+01
   29.3000      0.222378720682E+01
   29.4000      0.197657001469E+01
   29.5000      0.185239368188E+01
   29.6000      0.179571124430E+01
   29.7000      0.200486496624E+01
   29.8000      0.214950399877E+01
   29.9000      0.225093989219E+01
   30.0000      0.222093988372E+01
   30.1000      0.206702193315E+01
   30.2000      0.208218335303E+01
   30.3000      0.206910655829E+01
   30.4000      0.226414957357E+01
   30.5000      0.233011224586E+01
   30.6000      0.235471856577E+01
   30.7000      0.229971769511E+01
   30.8000      0.219460600806E+01
   30.9000      0.223380793269E+01
   31.0000      0.226905023806E+01
   31.1000      0.237601596044E+01
   31.2000      0.237339732553E+01
   31.3000      0.228798304858E+01
   31.4000      0.216793927458E+01
   31.5000      0.207353586822E+01
   31.6000      0.208628630144E+01
   31.7000      0.215095843375E+01
   31.8000      0.219990512629E+01
   31.9000      0.216194122585E+01
   32.0000      0.203724439466E+01
   32.1000      0.188872972906E+01
   32.2000      0.180845636887E+01
   32.3000      0.181975135601E+01
   32.4000      0.188162937439E+01
   32.5000      0.194223374582E+01
   32.6000      0.188973102966E+01
   32.7000      0.181388894355E+01
   32.8000      0.168040466103E+01
   32.9000      0.163775055307E+01
   33.0000      0.165799672453E+01
   33.1000      0.169999454031E+01
   33.2000      0.177300704343E+01
   33.3000      0.171679882927E+01
   33.4000      0.169826844527E+01
   33.5000      0.159750352683E+01
   33.6000      0.159250605417E+01
   33.7000      0.159975772757E+01
   33.8000      0.162307258493E+01
   33.9000      0.165583732731E+01
   34.0000      0.160819357736E+01
   34.1000      0.159383802138E+01
   34.2000      0.153298184926E+01
   34.3000      0.153630114167E+01
   34.4000      0.152712191348E+01
   34.5000      0.153133640231E+01
   34.6000      0.151197383105E+01
   34.7000      0.147574830000E+01
   34.8000      0.144403419943E+01
   34.9000      0.142117991525E+01
   35.0000      0.141884904154E+01
   35.1000      0.141552211009E+01
   35.2000      0.140327697193E+01
   35.3000      0.137887303786E+01
   35.4000      0.134864062923E+01
   35.5000      0.133821325123E+01
   35.6000      0.133714863882E+01
   35.7000      0.135440035244E+01
   35.8000      0.136370954049E+01
   35.9000      0.135776628643E+01
   36.0000      0.136094493787E+01
   36.1000      0.134565244219E+01
   36.2000      0.138517280856E+01
   36.3000      0.139607949859E+01
   36.4000      0.145123950155E+01
   36.5000      0.145778110498E+01
   36.6000      0.147620324562E+01
   36.7000      0.148601922281E+01
   36.8000      0.150094623415E+01
   36.9000      0.155871239228E+01
   37.0000      0.158852045865E+01
   37.1000      0.164917523082E+01
   37.2000      0.164571872692E+01
   37.3000      0.166341102315E+01
   37.4000      0.164998098704E+01
   37.5000      0.167698201670E+01
   37.6000      0.170792333322E+01
   37.7000      0.174913142334E+01
   37.8000      0.177253666263E+01
   37.9000      0.175992286675E+01
   38.0000      0.173619688537E+01
   38.1000      0.169838336150E+01
   38.2000      0.169310364387E+01
   38.3000      0.169748649485E+01
   38.4000      0.171461233712E+01
   38.5000      0.171105931946E+01
   38.6000      0.167554554784E+01
   38.7000      0.161919002548E+01
   38.8000      0.156265314973E+01
   38.9000      0.151777360645E+01
   39.0000      0.151918109175E+01
   39.1000      0.149702344241E+01
   39.2000      0.150915535037E+01
   39.3000      0.144205294954E+01
   39.4000      0.140376078564E+01
   39.5000      0.132633687400E+01
   39.6000      0.128668340654E+01
   39.7000      0.128624717114E+01
   39.8000      0.126275885749E+01
   39.9000      0.129887022460E+01
   40.0000      0.123236225164E+01
   40.1000      0.123100105038E+01
   40.2000      0.114957910502E+01
   40.3000      0.114421925983E+01
   40.4000      0.113488657198E+01
   40.5000      0.114871482679E+01
   40.6000      0.118365874673E+01
   40.7000      0.116088844344E+01
   40.8000      0.116688351712E+01
   40.9000      0.111539869718E+01
   41.0000      0.111930283713E+01
   41.1000      0.111358167890E+01
   41.2000      0.114760303974E+01
   41.3000      0.117386760963E+01
   41.4000      0.118748441790E+01
   41.5000      0.118279622784E+01
   41.6000      0.116263780757E+01
   41.7000      0.115003867911E+01
   41.8000      0.115381354092E+01
   41.9000      0.117148433225E+01
   42.0000      0.119836409327E+01
   42.1000      0.120557192961E+01
   42.2000      0.120514841120E+01
   42.3000      0.117953540621E+01
   42.4000      0.116626835359E+01
   42.5000      0.115581304565E+01
   42.6000      0.116190478893E+01
   42.7000      0.117847607057E+01
   42.8000      0.116948958626E+01
   42.9000      0.117583162899E+01
   43.0000      0.112996461231E+01
   43.1000      0.113225959142E+01
   43.2000      0.109463641615E+01
   43.3000      0.111320134943E+01
   43.4000      0.110440175117E+01
   43.5000      0.110454126688E+01
   43.6000      0.109766079514E+01
   43.7000      0.105804109910E+01
   43.8000      0.105796230316E+01
   43.9000      0.102046065472E+01
   44.0000      0.104409597559E+01
   44.1000      0.102926707449E+01
   44.2000      0.104318698990E+01
   44.3000      0.102496060005E+01
   44.4000      0.100599259352E+01
   44.5000      0.989769160812E+00
   44.6000      0.974801519350E+00
   44.7000      0.984551015942E+00
   44.8000      0.990570087357E+00
   44.9000      0.100056873646E+01
   45.0000      0.995260501631E+00
   45.1000      0.979311172560E+00
   45.2000      0.963127325113E+00
   45.3000      0.953022793504E+00
   45.4000      0.957673634139E+00
   45.5000      0.972798218981E+00
   45.6000      0.982324306528E+00
   45.7000      0.989040343298E+00
   45.8000      0.971102637255E+00
   45.9000      0.962490594620E+00
   46.0000      0.940095105862E+00
   46.1000      0.951264174683E+00
   46.2000      0.951118391141E+00
   46.3000      0.975446194924E+00
   46.4000      0.972256283080E+00
   46.5000      0.969899159724E+00
   46.6000      0.951910937479E+00
   46.7000      0.931153872279E+00
   46.8000      0.933590415428E+00
   46.9000      0.925289896053E+00
   47.0000      0.952985295986E+00
   47.1000      0.943169191748E+00
   47.2000      0.955098436249E+00
   47.3000      0.927179489124E+00
   47.4000      0.916963881647E+00
   47.5000      0.900703674900E+00
   47.6000      0.898729730165E+00
   47.7000      0.910761452955E+00
   47.8000      0.913377969582E+00
   47.9000      0.920625145492E+00
   48.0000      0.905063625666E+00
   48.1000      0.891729740730E+00
   48.2000      0.874510330838E+00
   48.3000      0.868337424679E+00
   48.4000      0.872530794835E+00
   48.5000      0.881329282980E+00
   48.6000      0.886227260975E+00
   48.7000      0.885859420843E+00
   48.8000      0.869662554664E+00
   48.9000      0.861103576874E+00
   49.0000      0.843778931720E+00
   49.1000      0.850177267482E+00
   49.2000      0.849337515965E+00
   49.3000      0.863839237418E+00
   49.4000      0.862382853250E+00
   49.5000      0.860930820158E+00
   49.6000      0.849220888987E+00
   49.7000      0.837375032265E+00
   49.8000      0.834100764588E+00
   49.9000      0.830460525362E+00
   50.0000      0.842580994388E+00
   50.1000      0.840560649806E+00
   50.2000      0.850359458357E+00
   50.3000      0.836746628985E+00
   50.4000      0.837036802173E+00
   50.5000      0.821633708052E+00
   50.6000      0.823222523162E+00
   50.7000      0.819920943866E+00
   50.8000      0.824128628183E+00
   50.9000      0.827489989268E+00
   51.0000      0.824643916657E+00
   51.1000      0.824691519333E+00
   51.2000      0.815606556756E+00
   51.3000      0.813733749502E+00
   51.4000      0.808050375786E+00
   51.5000      0.807599735750E+00
   51.6000      0.807327386977E+00
   51.7000      0.806632357913E+00
   51.8000      0.806660431872E+00
   51.9000      0.805714753972E+00
   52.0000      0.802462021344E+00
   52.1000      0.803812101361E+00
   52.2000      0.795925380325E+00
   52.3000      0.800126160935E+00
   52.4000      0.789210203992E+00
   52.5000      0.796119824950E+00
   52.6000      0.787926444378E+00
   52.7000      0.796168389845E+00
   52.8000      0.793656122933E+00
   52.9000      0.796632270181E+00
   53.0000      0.796588959360E+00
   53.1000      0.789193904870E+00
   53.2000      0.791576585029E+00
   53.3000      0.779905320255E+00
   53.4000      0.789881732042E+00
   53.5000      0.782616197349E+00
   53.6000      0.797329517661E+00
   53.7000      0.792218307264E+00
   53.8000      0.799597840922E+00
   53.9000      0.791746484832E+00
   54.0000      0.788803959002E+00
   54.1000      0.784472166685E+00
   54.2000      0.781590876172E+00
   54.3000      0.787844979575E+00
   54.4000      0.789670992646E+00
   54.5000      0.798491470842E+00
   54.6000      0.797435995434E+00
   54.7000      0.796979385658E+00
   54.8000      0.790866140353E+00
   54.9000      0.785099952548E+00
   55.0000      0.783160213013E+00
   55.1000      0.784003346258E+00
   55.2000      0.788564293420E+00
   55.3000      0.795770435784E+00
   55.4000      0.795102788708E+00
   55.5000      0.800177471192E+00
   55.6000      0.787632641524E+00
   55.7000      0.791261384373E+00
   55.8000      0.776828931248E+00
   55.9000      0.785689536019E+00
   56.0000      0.780421960181E+00
   56.1000      0.790503239829E+00
   56.2000      0.792255681675E+00
   56.3000      0.791289582093E+00
   56.4000      0.794154176746E+00
   56.5000      0.780140279121E+00
   56.6000      0.786518794311E+00
   56.7000      0.770773536540E+00
   56.8000      0.784069427593E+00
   56.9000      0.775043919546E+00
   57.0000      0.788459416276E+00
   57.1000      0.783661098272E+00
   57.2000      0.786913157251E+00
   57.3000      0.782804756248E+00
   57.4000      0.776234692337E+00
   57.5000      0.775755495502E+00
   57.6000      0.768970534735E+00
   57.7000      0.774340914158E+00
   57.8000      0.772543886225E+00
   57.9000      0.778131397457E+00
   58.0000      0.777560816774E+00
   58.1000      0.776667102066E+00
   58.2000      0.773508344196E+00
   58.3000      0.768541415827E+00
   58.4000      0.764685433352E+00
   58.5000      0.764175666625E+00
   58.6000      0.761377740713E+00
   58.7000      0.768274788753E+00
   58.8000      0.762870939426E+00
   58.9000      0.771646809326E+00
   59.0000      0.760380818960E+00
   59.1000      0.765650420777E+00
   59.2000      0.753332860878E+00
   59.3000      0.755235209061E+00
   59.4000      0.750694092261E+00
   59.5000      0.749879083502E+00
   59.6000      0.755281142375E+00
   59.7000      0.748607177091E+00
   59.8000      0.757927342355E+00
   59.9000      0.743809227994E+00
   60.0000      0.751541808517E+00
   60.1000      0.735830278225E+00
   60.2000      0.741655865366E+00
   60.3000      0.732660139661E+00
   60.4000      0.736575631411E+00
   60.5000      0.735641939942E+00
   60.6000      0.734553557679E+00
   60.7000      0.736186797933E+00
   60.8000      0.728912903964E+00
   60.9000      0.729184129537E+00
   61.0000      0.720656293837E+00
   61.1000      0.720527077617E+00
   61.2000      0.716522787406E+00
   61.3000      0.716944314955E+00
   61.4000      0.716752391821E+00
   61.5000      0.715929509347E+00
   61.6000      0.714118226479E+00
   61.7000      0.711636858889E+00
   61.8000      0.705639994007E+00
   61.9000      0.705062798535E+00
   62.0000      0.697172067733E+00
   62.1000      0.701313344553E+00
   62.2000      0.693983254833E+00
   62.3000      0.699974420657E+00
   62.4000      0.693391411289E+00
   62.5000      0.695468914247E+00
   62.6000      0.690418926100E+00
   62.7000      0.686337022049E+00
   62.8000      0.685669577843E+00
   62.9000      0.677821805005E+00
   63.0000      0.682814048229E+00
   63.1000      0.674068752358E+00
   63.2000      0.681361455808E+00
   63.3000      0.672772275906E+00
   63.4000      0.677180386928E+00
   63.5000      0.669821424630E+00
   63.6000      0.669381990166E+00
   63.7000      0.665441313565E+00
   63.8000      0.662100360076E+00
   63.9000      0.662500879470E+00
   64.0000      0.658610206206E+00
   64.1000      0.660994927286E+00
   64.2000      0.657119919862E+00
   64.3000      0.657945795421E+00
   64.4000      0.654119140801E+00
   64.5000      0.652403434984E+00
   64.6000      0.649464815702E+00
   64.7000      0.647290608340E+00
   64.8000      0.645727006275E+00
   64.9000      0.645249795062E+00
   65.0000      0.643705570354E+00
   65.1000      0.644887043038E+00
   65.2000      0.641372252283E+00
   65.3000      0.642886828223E+00
   65.4000      0.637527495233E+00
   65.5000      0.638621465052E+00
   65.6000      0.634126246801E+00
   65.7000      0.634551857212E+00
   65.8000      0.633489016184E+00
   65.9000      0.632296910923E+00
   66.0000      0.634577108297E+00
   66.1000      0.630538322669E+00
   66.2000      0.634072332979E+00
   66.3000      0.627743982488E+00
   66.4000      0.630856026422E+00
   66.5000      0.625142580368E+00
   66.6000      0.627342487476E+00
   66.7000      0.625013148102E+00
   66.8000      0.625786049406E+00
   66.9000      0.626792454166E+00
   67.0000      0.625220110812E+00
   67.1000      0.627268628979E+00
   67.2000      0.623590175529E+00
   67.3000      0.625021752279E+00
   67.4000      0.621466872648E+00
   67.5000      0.622474562998E+00
   67.6000      0.621222182478E+00
   67.7000      0.622283536594E+00
   67.8000      0.622887234674E+00
   67.9000      0.623519831299E+00
   68.0000      0.623537833544E+00
   68.1000      0.623479891905E+00
   68.2000      0.621641191239E+00
   68.3000      0.622101369514E+00
   68.4000      0.619638661507E+00
   68.5000      0.621841580725E+00
   68.6000      0.620441384305E+00
   68.7000      0.623280262162E+00
   68.8000      0.623112109455E+00
   68.9000      0.623794151475E+00
   69.0000      0.624454206124E+00
   69.1000      0.621753402465E+00
   69.2000      0.623912187310E+00
   69.3000      0.619535093882E+00
   69.4000      0.623966298134E+00
   69.5000      0.620241466687E+00
   69.6000      0.625581242579E+00
   69.7000      0.623089681101E+00
   69.8000      0.626330098938E+00
   69.9000      0.624721986064E+00
   70.0000      0.624400138820E+00
   70.1000      0.624299417500E+00
   70.2000      0.621945131319E+00
   70.3000      0.624290361579E+00
   70.4000      0.622130201862E+00
   70.5000      0.625952612168E+00
   70.6000      0.624397208532E+00
   70.7000      0.627069512276E+00
   70.8000      0.625430840014E+00
   70.9000      0.625660435334E+00
   71.0000      0.624222037411E+00
   71.1000      0.623520731505E+00
   71.2000      0.623205626598E+00
   71.3000      0.623667492930E+00
   71.4000      0.623953158936E+00
   71.5000      0.625665245665E+00
   71.6000      0.624617254589E+00
   71.7000      0.626265270552E+00
   71.8000      0.623200416731E+00
   71.9000      0.624291751241E+00
   72.0000      0.621118013776E+00
   72.1000      0.622068958923E+00
   72.2000      0.621114888553E+00
   72.3000      0.621436253162E+00
   72.4000      0.622845334321E+00
   72.5000      0.620980576995E+00
   72.6000      0.623215739355E+00
   72.7000      0.618781533876E+00
   72.8000      0.620932990242E+00
   72.9000      0.615900345959E+00
   73.0000      0.618108745408E+00
   73.1000      0.614822616305E+00
   73.2000      0.616670601913E+00
   73.3000      0.615415753681E+00
   73.4000      0.615516196485E+00
   73.5000      0.614956061721E+00
   73.6000      0.612759004675E+00
   73.7000      0.612166349254E+00
   73.8000      0.609089837343E+00
   73.9000      0.608888263832E+00
   74.0000      0.606745390553E+00
   74.1000      0.606977506098E+00
   74.2000      0.605887169142E+00
   74.3000      0.605534374446E+00
   74.4000      0.604286590473E+00
   74.5000      0.602688534123E+00
   74.6000      0.600751156431E+00
   74.7000      0.598758024077E+00
   74.8000      0.596820499924E+00
   74.9000      0.595691784020E+00
   75.0000      0.594226722262E+00
   75.1000      0.593898544628E+00
   75.2000      0.592300089251E+00
   75.3000      0.591620631344E+00
   75.4000      0.589273945095E+00
   75.5000      0.587728732340E+00
   75.6000      0.585140591842E+00
   75.7000      0.583427466301E+00
   75.8000      0.581525780824E+00
   75.9000      0.580317535787E+00
   76.0000      0.579025956782E+00
   76.1000      0.578012897091E+00
   76.2000      0.576336327619E+00
   76.3000      0.574931998515E+00
   76.4000      0.572399965519E+00
   76.5000      0.570773030784E+00
   76.6000      0.568068243993E+00
   76.7000      0.566804918810E+00
   76.8000      0.564767893875E+00
   76.9000      0.563789014775E+00
   77.0000      0.562387420011E+00
   77.1000      0.560917480418E+00
   77.2000      0.559569183122E+00
   77.3000      0.557258006350E+00
   77.4000      0.555746442587E+00
   77.5000      0.553268445271E+00
   77.6000      0.551813633690E+00
   77.7000      0.550075744804E+00
   77.8000      0.548686031177E+00
   77.9000      0.547758667435E+00
   78.0000      0.546115094752E+00
   78.1000      0.545222484414E+00
   78.2000      0.543376431225E+00
   78.3000      0.541713462348E+00
   78.4000      0.540503400133E+00
   78.5000      0.537742255806E+00
   78.6000      0.538163972378E+00
   78.7000      0.534315931204E+00
   78.8000      0.536509035723E+00
   78.9000      0.531780619838E+00
   79.0000      0.534757383176E+00
   79.1000      0.529776618562E+00
   79.2000      0.532070131472E+00
   79.3000      0.528024064145E+00
   79.4000      0.528508571283E+00
   79.5000      0.526683103976E+00
   79.6000      0.524946275100E+00
   79.7000      0.525903430430E+00
   79.8000      0.522201356635E+00
   79.9000      0.525314519403E+00
   80.0000      0.520412499088E+00
   80.1000      0.524181962067E+00
   80.2000      0.519188178528E+00
   80.3000      0.522109209826E+00
   80.4000      0.518190222363E+00
   80.5000      0.519549142186E+00
   80.6000      0.517445915013E+00
   80.7000      0.517519849358E+00
   80.8000      0.517042988280E+00
   80.9000      0.516684505792E+00
   81.0000      0.516641936670E+00
   81.1000      0.516724149007E+00
   81.2000      0.515616327718E+00
   81.3000      0.516763786109E+00
   81.4000      0.513904835803E+00
   81.5000      0.516382406840E+00
   81.6000      0.512500176054E+00
   81.7000      0.515890966529E+00
   81.8000      0.512623795177E+00
   81.9000      0.515495588039E+00
   82.0000      0.514334069867E+00
   82.1000      0.514652495124E+00
   82.2000      0.516368901928E+00
   82.3000      0.512825638232E+00
   82.4000      0.517582140492E+00
   82.5000      0.510735836845E+00
   82.6000      0.518098727678E+00
   82.7000      0.510083606370E+00
   82.8000      0.518602295952E+00
   82.9000      0.511670274726E+00
   83.0000      0.518883978466E+00
   83.1000      0.514328044252E+00
   83.2000      0.517996014469E+00
   83.3000      0.516274258480E+00
   83.4000      0.515988643362E+00
   83.5000      0.517167807941E+00
   83.6000      0.514578247666E+00
   83.7000      0.518051135911E+00
   83.8000      0.515337472422E+00
   83.9000      0.519365596937E+00
   84.0000      0.517653674476E+00
   84.1000      0.520090238280E+00
   84.2000      0.519383451092E+00
   84.3000      0.519425085382E+00
   84.4000      0.519483377453E+00
   84.5000      0.518522733074E+00
   84.6000      0.519036972327E+00
   84.7000      0.519416973449E+00
   84.8000      0.519325815603E+00
   84.9000      0.522319859810E+00
   85.0000      0.519851131735E+00
   85.1000      0.525074690174E+00
   85.2000      0.519276386037E+00
   85.3000      0.525725507206E+00
   85.4000      0.517902094472E+00
   85.5000      0.524761349442E+00
   85.6000      0.517850239851E+00
   85.7000      0.523999064716E+00
   85.8000      0.520348586801E+00
   85.9000      0.523835362405E+00
   86.0000      0.523833550843E+00
   86.1000      0.522890231565E+00
   86.2000      0.525674804981E+00
   86.3000      0.520519660501E+00
   86.4000      0.525291120165E+00
   86.5000      0.518396430197E+00
   86.6000      0.524441459124E+00
   86.7000      0.518602496691E+00
   86.8000      0.524445228794E+00
   86.9000      0.520749135552E+00
   87.0000      0.524378285206E+00
   87.1000      0.522228970773E+00
   87.2000      0.522774624424E+00
   87.3000      0.521410425882E+00
   87.4000      0.520235911878E+00
   87.5000      0.519463001092E+00
   87.6000      0.519000720228E+00
   87.7000      0.518422348437E+00
   87.8000      0.519910506988E+00
   87.9000      0.518345278773E+00
   88.0000      0.521041105435E+00
   88.1000      0.517545000467E+00
   88.2000      0.520033909844E+00
   88.3000      0.515399227392E+00
   88.4000      0.517005043008E+00
   88.5000      0.513553980536E+00
   88.6000      0.514123351017E+00
   88.7000      0.513696935971E+00
   88.8000      0.512596237050E+00
   88.9000      0.515025997542E+00
   89.0000      0.511302660772E+00
   89.1000      0.515035330562E+00
   89.2000      0.508823981517E+00
   89.3000      0.512617159842E+00
   89.4000      0.505797466776E+00
   89.5000      0.509281888812E+00
   89.6000      0.504168709000E+00
   89.7000      0.506958746750E+00
   89.8000      0.504403565598E+00
   89.9000      0.505523676620E+00
   90.0000      0.504623889230E+00
   90.1000      0.503386544247E+00
   90.2000      0.502925267423E+00
   90.3000      0.500080636486E+00
   90.4000      0.499719629750E+00
   90.5000      0.497083487113E+00
   90.6000      0.496982709100E+00
   90.7000      0.495741628434E+00
   90.8000      0.495582913809E+00
   90.9000      0.495289480614E+00
   91.0000      0.494371561097E+00
   91.1000      0.493770097134E+00
   91.2000      0.492087661578E+00
   91.3000      0.490583987329E+00
   91.4000      0.489227822592E+00
   91.5000      0.487188451024E+00
   91.6000      0.487269631501E+00
   91.7000      0.485103563986E+00
   91.8000      0.486466636223E+00
   91.9000      0.484037711836E+00
   92.0000      0.485385684961E+00
   92.1000      0.482588759430E+00
   92.2000      0.482821048246E+00
   92.3000      0.480322044601E+00
   92.4000      0.479404461566E+00
   92.5000      0.478260345046E+00
   92.6000      0.476742981006E+00
   92.7000      0.477237805697E+00
   92.8000      0.475367717823E+00
   92.9000      0.476581427733E+00
   93.0000      0.474287223098E+00
   93.1000      0.474994977905E+00
   93.2000      0.472565096391E+00
   93.3000      0.472350180648E+00
   93.4000      0.470578704957E+00
   93.5000      0.469872968421E+00
   93.6000      0.469271810443E+00
   93.7000      0.468531247664E+00
   93.8000      0.468642404962E+00
   93.9000      0.467890652210E+00
   94.0000      0.467697180904E+00
   94.1000      0.466909810150E+00
   94.2000      0.465897844896E+00
   94.3000      0.465397293711E+00
   94.4000      0.463992423116E+00
   94.5000      0.464071756840E+00
   94.6000      0.463056906379E+00
   94.7000      0.463301755075E+00
   94.8000      0.463116880173E+00
   94.9000      0.462475958043E+00
   95.0000      0.463235919963E+00
   95.1000      0.460937669137E+00
   95.2000      0.462823684882E+00
   95.3000      0.459093619300E+00
   95.4000      0.462254889170E+00
   95.5000      0.458047653611E+00
   95.6000      0.462011025996E+00
   95.7000      0.458232641827E+00
   95.8000      0.461737133324E+00
   95.9000      0.458935907115E+00
   96.0000      0.460684655064E+00
   96.1000      0.459324709579E+00
   96.2000      0.458927455207E+00
   96.3000      0.459467157346E+00
   96.4000      0.457541475605E+00
   96.5000      0.459927152949E+00
   96.6000      0.457373535357E+00
   96.7000      0.460623952901E+00
   96.8000      0.458044487937E+00
   96.9000      0.460726125668E+00
   97.0000      0.458543788545E+00
   97.1000      0.459837028594E+00
   97.2000      0.458563305192E+00
   97.3000      0.458789215043E+00
   97.4000      0.458708021970E+00
   97.5000      0.458804047503E+00
   97.6000      0.459344342990E+00
   97.7000      0.460036329734E+00
   97.8000      0.459812719210E+00
   97.9000      0.461441648861E+00
   98.0000      0.459242923039E+00
   98.1000      0.462140677086E+00
   98.2000      0.457913125531E+00
   98.3000      0.462419945919E+00
   98.4000      0.457210429917E+00
   98.5000      0.463030664483E+00
   98.6000      0.458084629309E+00
   98.7000      0.463827623151E+00
   98.8000      0.459963163956E+00
   98.9000      0.463738103522E+00
   99.0000      0.461542355233E+00
   99.1000      0.462221752857E+00
   99.2000      0.462388837041E+00
   99.3000      0.460260799416E+00
   99.4000      0.463228139420E+00
   99.5000      0.459438204003E+00
   99.6000      0.464603340772E+00
   99.7000      0.460180733581E+00
   99.8000      0.465813577697E+00
   99.9000      0.461390174728E+00
  100.0000      0.465672757849E+00
  100.1000      0.461900733594E+00
  100.2000      0.464147476650E+00
  100.3000      0.461841136348E+00
  100.4000      0.462672438341E+00
  100.5000      0.462164566049E+00
  100.6000      0.462613868612E+00
  100.7000      0.463069785441E+00
  100.8000      0.463766106687E+00
  100.9000      0.463502185895E+00
  101.0000      0.464745943143E+00
  101.1000      0.462468960094E+00
  101.2000      0.464722359086E+00
  101.3000      0.460466752741E+00
  101.4000      0.464254913724E+00
  101.5000      0.459114888249E+00
  101.6000      0.464246963321E+00
  101.7000      0.459378644337E+00
  101.8000      0.464493669217E+00
  101.9000      0.460568754771E+00
  102.0000      0.463794436958E+00
  102.1000      0.461302585350E+00
  102.2000      0.461516599240E+00
  102.3000      0.461141033064E+00
  102.4000      0.458585310410E+00
  102.5000      0.460850658896E+00
  102.6000      0.456593168906E+00
  102.7000      0.461086768948E+00
  102.8000      0.456100703591E+00
  102.9000      0.461307305985E+00
  103.0000      0.456182185340E+00
  103.1000      0.460354355923E+00
  103.2000      0.455673901097E+00
  103.3000      0.457952863882E+00
  103.4000      0.454501421488E+00
  103.5000      0.455208118188E+00
  103.6000      0.453493550956E+00
  103.7000      0.453460124038E+00
  103.8000      0.453068644212E+00
  103.9000      0.452884856824E+00
  104.0000      0.452547231678E+00
  104.1000      0.452482637700E+00
  104.2000      0.450958823728E+00
  104.3000      0.451352633035E+00
  104.4000      0.448298289031E+00
  104.5000      0.449647619253E+00
  104.6000      0.445655541444E+00
  104.7000      0.448129294884E+00
  104.8000      0.444063618077E+00
  104.9000      0.447019680990E+00
  105.0000      0.443450222128E+00
  105.1000      0.445639442235E+00
  105.2000      0.442877591746E+00
  105.3000      0.443255158527E+00
  105.4000      0.441671969632E+00
  105.5000      0.440048655881E+00
  105.6000      0.440058804718E+00
  105.7000      0.437019201081E+00
  105.8000      0.438645005776E+00
  105.9000      0.434956362570E+00
  106.0000      0.437513556960E+00
  106.1000      0.433696055859E+00
  106.2000      0.436073827592E+00
  106.3000      0.432453920662E+00
  106.4000      0.433801092008E+00
  106.5000      0.430742580710E+00
  106.6000      0.430924669456E+00
  106.7000      0.428791108249E+00
  106.8000      0.428246483438E+00
  106.9000      0.427085138956E+00
  107.0000      0.426329658151E+00
  107.1000      0.425685200841E+00
  107.2000      0.424986928348E+00
  107.3000      0.424146730911E+00
  107.4000      0.423584856574E+00
  107.5000      0.422081922953E+00
  107.6000      0.421745048687E+00
  107.7000      0.419661841218E+00
  107.8000      0.419652638191E+00
  107.9000      0.417477926710E+00
  108.0000      0.417709610125E+00
  108.1000      0.415939445786E+00
  108.2000      0.416014635542E+00
  108.3000      0.414881121209E+00
  108.4000      0.414278412697E+00
  108.5000      0.413776298060E+00
  108.6000      0.412226765516E+00
  108.7000      0.412274893116E+00
  108.8000      0.409987525001E+00
  108.9000      0.410479683115E+00
  109.0000      0.408011684076E+00
  109.1000      0.408723320893E+00
  109.2000      0.406624637043E+00
  109.3000      0.407161796791E+00
  109.4000      0.405700724585E+00
  109.5000      0.405646779192E+00
  109.6000      0.404793902123E+00
  109.7000      0.403978129980E+00
  109.8000      0.403564208909E+00
  109.9000      0.402212146977E+00
  110.0000      0.402055853022E+00
  110.1000      0.400662994833E+00
  110.2000      0.400573876420E+00
  110.3000      0.399587210655E+00
  110.4000      0.399334699222E+00
  110.5000      0.398890732544E+00
  110.6000      0.398279649782E+00
  110.7000      0.398179591860E+00
  110.8000      0.397233096897E+00
  110.9000      0.397113093668E+00
  111.0000      0.396192517179E+00
  111.1000      0.395697145750E+00
  111.2000      0.395390007465E+00
  111.3000      0.394224812888E+00
  111.4000      0.395032529518E+00
  111.5000      0.392958559282E+00
  111.6000      0.395011610421E+00
  111.7000      0.391919681983E+00
  111.8000      0.394926607732E+00
  111.9000      0.390998882251E+00
  112.0000      0.394418672292E+00
  112.1000      0.390213246383E+00
  112.2000      0.393465050367E+00
  112.3000      0.389768915034E+00
  112.4000      0.392335644420E+00
  112.5000      0.389832973657E+00
  112.6000      0.391295468230E+00
  112.7000      0.390276027069E+00
  112.8000      0.390401929770E+00
  112.9000      0.390698656288E+00
  113.0000      0.389600342808E+00
  113.1000      0.390742000406E+00
  113.2000      0.388951516760E+00
  113.3000      0.390363518408E+00
  113.4000      0.388670153768E+00
  113.5000      0.389798239603E+00
  113.6000      0.388893837373E+00
  113.7000      0.389280767489E+00
  113.8000      0.389451445421E+00
  113.9000      0.388863688379E+00
  114.0000      0.389929685464E+00
  114.1000      0.388525123476E+00
  114.2000      0.389995359519E+00
  114.3000      0.388383019025E+00
  114.4000      0.389627335161E+00
  114.5000      0.388691726351E+00
  114.6000      0.389023684436E+00
  114.7000      0.389575608322E+00
  114.8000      0.388340174686E+00
  114.9000      0.390811094786E+00
  115.0000      0.387597208885E+00
  115.1000      0.391944684147E+00
  115.2000      0.386844992288E+00
  115.3000      0.392642638735E+00
  115.4000      0.386327755319E+00
  115.5000      0.392890582448E+00
  115.6000      0.386380065641E+00
  115.7000      0.392846884171E+00
  115.8000      0.387124945503E+00
  115.9000      0.392575078671E+00
  116.0000      0.388308324452E+00
  116.1000      0.392012840539E+00
  116.2000      0.389477325972E+00
  116.3000      0.391211942454E+00
  116.4000      0.390331488645E+00
  116.5000      0.390510373616E+00
  116.6000      0.390876871288E+00
  116.7000      0.390352291462E+00
  116.8000      0.391234544735E+00
  116.9000      0.390903094044E+00
  117.0000      0.391365304216E+00
  117.1000      0.391885324358E+00
  117.2000      0.391087255045E+00
  117.3000      0.392831380820E+00
  117.4000      0.390401191136E+00
  117.5000      0.393478167909E+00
  117.6000      0.389708733370E+00
  117.7000      0.393876699736E+00
  117.8000      0.389576342853E+00
  117.9000      0.394129712205E+00
  118.0000      0.390243693113E+00
  118.1000      0.394105157545E+00
  118.2000      0.391423752239E+00
  118.3000      0.393508610922E+00
  118.4000      0.392621319811E+00
  118.5000      0.392277715880E+00
  118.6000      0.393595332769E+00
  118.7000      0.390839378988E+00
  118.8000      0.394452118072E+00
  118.9000      0.389859279267E+00
  119.0000      0.395312842838E+00
  119.1000      0.389685556890E+00
  119.2000      0.395979546572E+00
  119.3000      0.390087414389E+00
  119.4000      0.396016570497E+00
  119.5000      0.390578804003E+00
  119.6000      0.395209269125E+00
  119.7000      0.390939083714E+00
  119.8000      0.393913367330E+00
  119.9000      0.391336382014E+00
  120.0000      0.392849293589E+00
  120.1000      0.391953846800E+00
  120.2000      0.392485807419E+00
  120.3000      0.392583892408E+00
  120.4000      0.392673822453E+00
  120.5000      0.392679449607E+00
  120.6000      0.392935331364E+00
  120.7000      0.391865198353E+00
  120.8000      0.393039371452E+00
  120.9000      0.390389835228E+00
  121.0000      0.393194385614E+00
  121.1000      0.388982409450E+00
  121.2000      0.393682198333E+00
  121.3000      0.388205791503E+00
  121.4000      0.394375649428E+00
  121.5000      0.388009298134E+00
  121.6000      0.394687983545E+00
  121.7000      0.387953610154E+00
  121.8000      0.394073190098E+00
  121.9000      0.387787563024E+00
  122.0000      0.392591172004E+00
  122.1000      0.387717876511E+00
  122.2000      0.390892757053E+00
  122.3000      0.388114498777E+00
  122.4000      0.389605596073E+00
  122.5000      0.388975211267E+00
  122.6000      0.388806632782E+00
  122.7000      0.389738312362E+00
  122.8000      0.388119184678E+00
  122.9000      0.389728067788E+00
  123.0000      0.387249464739E+00
  123.1000      0.388795200684E+00
  123.2000      0.386374615868E+00
  123.3000      0.387435109003E+00
  123.4000      0.385966649727E+00
  123.5000      0.386283499550E+00
  123.6000      0.386205569605E+00
  123.7000      0.385556298097E+00
  123.8000      0.386654248590E+00
  123.9000      0.384965940223E+00
  124.0000      0.386613819348E+00
  124.1000      0.384164426238E+00
  124.2000      0.385755949562E+00
  124.3000      0.383240545421E+00
  124.4000      0.384367274255E+00
  124.5000      0.382677972755E+00
  124.6000      0.383024450809E+00
  124.7000      0.382803799889E+00
  124.8000      0.382034102135E+00
  124.9000      0.383380004278E+00
  125.0000      0.381193156715E+00
  125.1000      0.383762801299E+00
  125.2000      0.380133764555E+00
  125.3000      0.383450045076E+00
  125.4000      0.378832075135E+00
  125.5000      0.382502333303E+00
  125.6000      0.377694943696E+00
  125.7000      0.381401887772E+00
  125.8000      0.377169144947E+00
  125.9000      0.380511330453E+00
  126.0000      0.377267822086E+00
  126.1000      0.379758639829E+00
  126.2000      0.377499917963E+00
  126.3000      0.378821386730E+00
  126.4000      0.377324149924E+00
  126.5000      0.377555667412E+00
  126.6000      0.376626333430E+00
  126.7000      0.376243485606E+00
  126.8000      0.375726462962E+00
  126.9000      0.375361959776E+00
  127.0000      0.374994019486E+00
  127.1000      0.375103861445E+00
  127.2000      0.374472217982E+00
  127.3000      0.375188198995E+00
  127.4000      0.373879752255E+00
  127.5000      0.375118795677E+00
  127.6000      0.372976769985E+00
  127.7000      0.374619782267E+00
  127.8000      0.371867038426E+00
  127.9000      0.373828849540E+00
  128.0000      0.370937256736E+00
  128.1000      0.373060943127E+00
  128.2000      0.370499178541E+00
  128.3000      0.372456356296E+00
  128.4000      0.370481980567E+00
  128.5000      0.371865471166E+00
  128.6000      0.370518758445E+00
  128.7000      0.371039118593E+00
  128.8000      0.370293781619E+00
  128.9000      0.369948988626E+00
  129.0000      0.369787026925E+00
  129.1000      0.368865068094E+00
  129.2000      0.369227825319E+00
  129.3000      0.368111913629E+00
  129.4000      0.368809587991E+00
  129.5000      0.367784257787E+00
  129.6000      0.368494860082E+00
  129.7000      0.367676774046E+00
  129.8000      0.368087043206E+00
  129.9000      0.367497146240E+00
  130.0000      0.367459479275E+00
  130.1000      0.367106746109E+00
  130.2000      0.366725494554E+00
  130.3000      0.366582199456E+00
  130.4000      0.366130346534E+00
  130.5000      0.366091560811E+00
  130.6000      0.365838211906E+00
  130.7000      0.365679206170E+00
  130.8000      0.365812834359E+00
  130.9000      0.365247276584E+00
  131.0000      0.365841735145E+00
  131.1000      0.364689113325E+00
  131.2000      0.365747067773E+00
  131.3000      0.364009346201E+00
  131.4000      0.365495029360E+00
  131.5000      0.363372373500E+00
  131.6000      0.365160623208E+00
  131.7000      0.362954720118E+00
  131.8000      0.364828544776E+00
  131.9000      0.362819821949E+00
  132.0000      0.364478969094E+00
  132.1000      0.362885512607E+00
  132.2000      0.364053757579E+00
  132.3000      0.362994136718E+00
  132.4000      0.363522015351E+00
  132.5000      0.363044917276E+00
  132.6000      0.362946404882E+00
  132.7000      0.362991027771E+00
  132.8000      0.362461755620E+00
  132.9000      0.362850251909E+00
  133.0000      0.362161771291E+00
  133.1000      0.362625732708E+00
  133.2000      0.362095671356E+00
  133.3000      0.362295949398E+00
  133.4000      0.362202775322E+00
  133.5000      0.361868324827E+00
  133.6000      0.362393238589E+00
  133.7000      0.361351763866E+00
  133.8000      0.362574427729E+00
  133.9000      0.360836521600E+00
  134.0000      0.362659296957E+00
  134.1000      0.360416434266E+00
  134.2000      0.362624938310E+00
  134.3000      0.360191627065E+00
  134.4000      0.362441804663E+00
  134.5000      0.360227745663E+00
  134.6000      0.362130190089E+00
  134.7000      0.360510576671E+00
  134.8000      0.361689066692E+00
  134.9000      0.360973056409E+00
  135.0000      0.361134512081E+00
  135.1000      0.361469085850E+00
  135.2000      0.360495847744E+00
  135.3000      0.361887255966E+00
  135.4000      0.359855098885E+00
  135.5000      0.362137183469E+00
  135.6000      0.359357033992E+00
  135.7000      0.362228559645E+00
  135.8000      0.359115557276E+00
  135.9000      0.362154970858E+00
  136.0000      0.359196671659E+00
  136.1000      0.361909349871E+00
  136.2000      0.359501714577E+00
  136.3000      0.361466075548E+00
  136.4000      0.359918258920E+00
  136.5000      0.360834831461E+00
  136.6000      0.360301999293E+00
  136.7000      0.360151813630E+00
  136.8000      0.360619603968E+00
  136.9000      0.359582156683E+00
  137.0000      0.360858827234E+00
  137.1000      0.359323298754E+00
  137.2000      0.360995001643E+00
  137.3000      0.359408413606E+00
  137.4000      0.360939217044E+00
  137.5000      0.359777352717E+00
  137.6000      0.360571906480E+00
  137.7000      0.360268409749E+00
  137.8000      0.359871911065E+00
  137.9000      0.360801991854E+00
  138.0000      0.358957840886E+00
  138.1000      0.361344282742E+00
  138.2000      0.358069024075E+00
  138.3000      0.361916924210E+00
  138.4000      0.357399013358E+00
  138.5000      0.362421544555E+00
  138.6000      0.357033489237E+00
  138.7000      0.362721110268E+00
  138.8000      0.356903413764E+00
  138.9000      0.362633904809E+00
  139.0000      0.356959847657E+00
  139.1000      0.362148564110E+00
  139.2000      0.357162440404E+00
  139.3000      0.361378471530E+00
  139.4000      0.357591684056E+00
  139.5000      0.360558435013E+00
  139.6000      0.358219304336E+00
  139.7000      0.359857062175E+00
  139.8000      0.358957822405E+00
  139.9000      0.359323538907E+00
  140.0000      0.359530124803E+00
  140.1000      0.358915822044E+00
  140.2000      0.359736433225E+00
  140.3000      0.358617535641E+00
  140.4000      0.359473636633E+00
  140.5000      0.358515840139E+00
  140.6000      0.358872062307E+00
  140.7000      0.358739018932E+00
  140.8000      0.358099499293E+00
  140.9000      0.359322196959E+00
  141.0000      0.357299314558E+00
  141.1000      0.360147683819E+00
  141.2000      0.356482133487E+00
  141.3000      0.360950153913E+00
  141.4000      0.355641745294E+00
  141.5000      0.361519044151E+00
  141.6000      0.354821557158E+00
  141.7000      0.361726534639E+00
  141.8000      0.354189743120E+00
  141.9000      0.361655457891E+00
  142.0000      0.353931199493E+00
  142.1000      0.361358262591E+00
  142.2000      0.354132911195E+00
  142.3000      0.360904324639E+00
  142.4000      0.354683418516E+00
  142.5000      0.360188111706E+00
  142.6000      0.355350392828E+00
  142.7000      0.359220866874E+00
  142.8000      0.355925233988E+00
  142.9000      0.358048138008E+00
  143.0000      0.356326204481E+00
  143.1000      0.356950439066E+00
  143.2000      0.356593091429E+00
  143.3000      0.356143514833E+00
  143.4000      0.356749583188E+00
  143.5000      0.355808586383E+00
  143.6000      0.356755702557E+00
  143.7000      0.355879233439E+00
  143.8000      0.356464144566E+00
  143.9000      0.356217470978E+00
  144.0000      0.355782513780E+00
  144.1000      0.356651012702E+00
  144.2000      0.354731594161E+00
  144.3000      0.357122341592E+00
  144.4000      0.353518951845E+00
  144.5000      0.357650679536E+00
  144.6000      0.352403362556E+00
  144.7000      0.358213998048E+00
  144.8000      0.351549000564E+00
  144.9000      0.358694565354E+00
  145.0000      0.350989793490E+00
  145.1000      0.358876484263E+00
  145.2000      0.350625218371E+00
  145.3000      0.358603505207E+00
  145.4000      0.350445341376E+00
  145.5000      0.357881110115E+00
  145.6000      0.350452827703E+00
  145.7000      0.356846019761E+00
  145.8000      0.350771446976E+00
  145.9000      0.355748389350E+00
  146.0000      0.351384092023E+00
  146.1000      0.354692959032E+00
  146.2000      0.352185037719E+00
  146.3000      0.353762765547E+00
  146.4000      0.352916468630E+00
  146.5000      0.352857193774E+00
  146.6000      0.353323035897E+00
  146.7000      0.352029351206E+00
  146.8000      0.353324176105E+00
  146.9000      0.351344619639E+00
  147.0000      0.352944536772E+00
  147.1000      0.350995570454E+00
  147.2000      0.352371999837E+00
  147.3000      0.351070055639E+00
  147.4000      0.351663966813E+00
  147.5000      0.351507036317E+00
  147.6000      0.350859967560E+00
  147.7000      0.352125297837E+00
  147.8000      0.349895878027E+00
  147.9000      0.352682854248E+00
  148.0000      0.348798039122E+00
  148.1000      0.353049157120E+00
  148.2000      0.347693076403E+00
  148.3000      0.353202516642E+00
  148.4000      0.346804567369E+00
  148.5000      0.353199443316E+00
  148.6000      0.346304279728E+00
  148.7000      0.353049235273E+00
  148.8000      0.346242373271E+00
  148.9000      0.352685306650E+00
  149.0000      0.346476536915E+00
  149.1000      0.351961518205E+00
  149.2000      0.346840318229E+00
  149.3000      0.350877388839E+00
  149.4000      0.347231308819E+00
  149.5000      0.349504944903E+00
  149.6000      0.347626373583E+00
  149.7000      0.348107705330E+00
  149.8000      0.348127035749E+00
  149.9000      0.346914354274E+00
  150.0000      0.348680426452E+00
  150.1000      0.346027275976E+00
  150.2000      0.349208696682E+00
  150.3000      0.345463063226E+00
  150.4000      0.349488509362E+00
  150.5000      0.345055546902E+00
  150.6000      0.349336096426E+00
  150.7000      0.344773182370E+00
  150.8000      0.348774057658E+00
  150.9000      0.344626992160E+00
  151.0000      0.347902273756E+00
  151.1000      0.344701810240E+00
  151.2000      0.346965038298E+00
  151.3000      0.345063057069E+00
  151.4000      0.346084080404E+00
  151.5000      0.345588539411E+00
  151.6000      0.345274211157E+00
  151.7000      0.346097784343E+00
  151.8000      0.344496887583E+00
  151.9000      0.346364275989E+00
  152.0000      0.343716895761E+00
  152.1000      0.346287802265E+00
  152.2000      0.343035229049E+00
  152.3000      0.345908163169E+00
  152.4000      0.342612304767E+00
  152.5000      0.345363552149E+00
  152.6000      0.342614173100E+00
  152.7000      0.344764389217E+00
  152.8000      0.343019599420E+00
  152.9000      0.344066093556E+00
  153.0000      0.343661462721E+00
  153.1000      0.343200759790E+00
  153.2000      0.344324846296E+00
  153.3000      0.342084678780E+00
  153.4000      0.344816846404E+00
  153.5000      0.340789657892E+00
  153.6000      0.345164874293E+00
  153.7000      0.339554979444E+00
  153.8000      0.345445509147E+00
  153.9000      0.338571770934E+00
  154.0000      0.345708428087E+00
  154.1000      0.337997640816E+00
  154.2000      0.345957125733E+00
  154.3000      0.337803073514E+00
  154.4000      0.346001705966E+00
  154.5000      0.337790803750E+00
  154.6000      0.345675953526E+00
  154.7000      0.337836920305E+00
  154.8000      0.344962151022E+00
  154.9000      0.337898168478E+00
  155.0000      0.343967715578E+00
  155.1000      0.338048710005E+00
  155.2000      0.342935856934E+00
  155.3000      0.338392800636E+00
  155.4000      0.342046325700E+00
  155.5000      0.338895401106E+00
  155.6000      0.341333569853E+00
  155.7000      0.339410653284E+00
  155.8000      0.340734797362E+00
  155.9000      0.339725474875E+00
  156.0000      0.340147840891E+00
  156.1000      0.339694652596E+00
  156.2000      0.339586667103E+00
  156.3000      0.339352319685E+00
  156.4000      0.339178937791E+00
  156.5000      0.338838043280E+00
  156.6000      0.339076593823E+00
  156.7000      0.338327836859E+00
  156.8000      0.339369944209E+00
  156.9000      0.337889398393E+00
  157.0000      0.339934566148E+00
  157.1000      0.337400596606E+00
  157.2000      0.340510143622E+00
  157.3000      0.336734647603E+00
  157.4000      0.340908524244E+00
  157.5000      0.335877194717E+00
  157.6000      0.341051500162E+00
  157.7000      0.334929771531E+00
  157.8000      0.341001433595E+00
  157.9000      0.334129891970E+00
  158.0000      0.340926956102E+00
  158.1000      0.333708616207E+00
  158.2000      0.340908534801E+00
  158.3000      0.333708804960E+00
  158.4000      0.340857032422E+00
  158.5000      0.333997324524E+00
  158.6000      0.340595038988E+00
  158.7000      0.334370305126E+00
  158.8000      0.339970830817E+00
  158.9000      0.334681804010E+00
  159.0000      0.338984007670E+00
  159.1000      0.334948048606E+00
  159.2000      0.337810589763E+00
  159.3000      0.335297659814E+00
  159.4000      0.336681295664E+00
  159.5000      0.335834657768E+00
  159.6000      0.335756148166E+00
  159.7000      0.336549510678E+00
  159.8000      0.335055987481E+00
  159.9000      0.337287312044E+00
  160.0000      0.334465802986E+00
  160.1000      0.337821714334E+00
  160.2000      0.333863647142E+00
  160.3000      0.338027105297E+00
  160.4000      0.333262192377E+00
  160.5000      0.337956662833E+00
  160.6000      0.332792874665E+00
  160.7000      0.337754428274E+00
  160.8000      0.332589611384E+00
  160.9000      0.337542028274E+00
  161.0000      0.332700384867E+00
  161.1000      0.337347867917E+00
  161.2000      0.333038022213E+00
  161.3000      0.337078506615E+00
  161.4000      0.333403012334E+00
  161.5000      0.336596978064E+00
  161.6000      0.333616711933E+00
  161.7000      0.335874327385E+00
  161.8000      0.333649737618E+00
  161.9000      0.335050909971E+00
  162.0000      0.333617076823E+00
  162.1000      0.334356394299E+00
  162.2000      0.333668907839E+00
  162.3000      0.333974741038E+00
  162.4000      0.333865870882E+00
  162.5000      0.333933742837E+00
  162.6000      0.334109103509E+00
  162.7000      0.334086700220E+00
  162.8000      0.334188018621E+00
  162.9000      0.334221518764E+00
  163.0000      0.333927271036E+00
  163.1000      0.334216941142E+00
  163.2000      0.333313686443E+00
  163.3000      0.334119230168E+00
  163.4000      0.332511213951E+00
  163.5000      0.334098087637E+00
  163.6000      0.331768406241E+00
  163.7000      0.334322827902E+00
  163.8000      0.331274963327E+00
  163.9000      0.334829504517E+00
  164.0000      0.331048789759E+00
  164.1000      0.335466035617E+00
  164.2000      0.330937615635E+00
  164.3000      0.335970030489E+00
  164.4000      0.330746187877E+00
  164.5000      0.336130971619E+00
  164.6000      0.330391717096E+00
  164.7000      0.335912325228E+00
  164.8000      0.329966867768E+00
  164.9000      0.335447755465E+00
  165.0000      0.329674196069E+00
  165.1000      0.334930855756E+00
  165.2000      0.329692964085E+00
  165.3000      0.334486149557E+00
  165.4000      0.330070825075E+00
  165.5000      0.334103019808E+00
  165.6000      0.330702111781E+00
  165.7000      0.333663479231E+00
  165.8000      0.331398381486E+00
  165.9000      0.333039049537E+00
  166.0000      0.332004464269E+00
  166.1000      0.332194035860E+00
  166.2000      0.332484866684E+00
  166.3000      0.331225582313E+00
  166.4000      0.332920253417E+00
  166.5000      0.330308503897E+00
  166.6000      0.333416520060E+00
  166.7000      0.329584440248E+00
  166.8000      0.333999884809E+00
  166.9000      0.329082502946E+00
  167.0000      0.334582586252E+00
  167.1000      0.328729227624E+00
  167.2000      0.335019331428E+00
  167.3000      0.328427589140E+00
  167.4000      0.335201768198E+00
  167.5000      0.328138642295E+00
  167.6000      0.335122790854E+00
  167.7000      0.327913376237E+00
  167.8000      0.334873967449E+00
  167.9000      0.327858306085E+00
  168.0000      0.334577406487E+00
  168.1000      0.328052254350E+00
  168.2000      0.334292117017E+00
  168.3000      0.328469567076E+00
  168.4000      0.333966516998E+00
  168.5000      0.328978421840E+00
  168.6000      0.333486618877E+00
  168.7000      0.329427748439E+00
  168.8000      0.332785059819E+00
  168.9000      0.329751648758E+00
  169.0000      0.331916174479E+00
  169.1000      0.330005101965E+00
  169.2000      0.331039567661E+00
  169.3000      0.330313874727E+00
  169.4000      0.330335446918E+00
  169.5000      0.330782970685E+00
  169.6000      0.329908010275E+00
  169.7000      0.331413373957E+00
  169.8000      0.329723270912E+00
  169.9000      0.332070817956E+00
  170.0000      0.329622808020E+00
  170.1000      0.332544903325E+00
  170.2000      0.329428320978E+00
  170.3000      0.332681956585E+00
  170.4000      0.329074317144E+00
  170.5000      0.332493656065E+00
  170.6000      0.328659430933E+00
  170.7000      0.332148383179E+00
  170.8000      0.328375272366E+00
  170.9000      0.331859211846E+00
  171.0000      0.328380082060E+00
  171.1000      0.331759524020E+00
  171.2000      0.328703800567E+00
  171.3000      0.331832156329E+00
  171.4000      0.329219222302E+00
  171.5000      0.331913800091E+00
  171.6000      0.329690885070E+00
  171.7000      0.331787186580E+00
  171.8000      0.329902919208E+00
  171.9000      0.331333104786E+00
  172.0000      0.329800582294E+00
  172.1000      0.330635135917E+00
  172.2000      0.329528741256E+00
  172.3000      0.329939154195E+00
  172.4000      0.329327969406E+00
  172.5000      0.329501053543E+00
  172.6000      0.329380273630E+00
  172.7000      0.329447208404E+00
  172.8000      0.329712536150E+00
  172.9000      0.329720988789E+00
  173.0000      0.330183344379E+00
  173.1000      0.330112157226E+00
  173.2000      0.330544592628E+00
  173.3000      0.330362489659E+00
  173.4000      0.330577397476E+00
  173.5000      0.330322735165E+00
  173.6000      0.330241987799E+00
  173.7000      0.330056001379E+00
  173.8000      0.329714508343E+00
  173.9000      0.329784875221E+00
  174.0000      0.329265374829E+00
  174.1000      0.329727182982E+00
  174.2000      0.329091134789E+00
  174.3000      0.329965782360E+00
  174.4000      0.329225008032E+00
  174.5000      0.330417554297E+00
  174.6000      0.329535079325E+00
  174.7000      0.330866589869E+00
  174.8000      0.329781210518E+00
  174.9000      0.331052553369E+00
  175.0000      0.329744826669E+00
  175.1000      0.330822243616E+00
  175.2000      0.329391007069E+00
  175.3000      0.330249439419E+00
  175.4000      0.328917404996E+00
  175.5000      0.329590594724E+00
  175.6000      0.328619625953E+00
  175.7000      0.329108313093E+00
  175.8000      0.328703852468E+00
  175.9000      0.328932463916E+00
  176.0000      0.329201666353E+00
  176.1000      0.329030774047E+00
  176.2000      0.329978419911E+00
  176.3000      0.329226438408E+00
  176.4000      0.330774999419E+00
  176.5000      0.329256910729E+00
  176.6000      0.331319563660E+00
  176.7000      0.328930115292E+00
  176.8000      0.331508375669E+00
  176.9000      0.328291071356E+00
  177.0000      0.331487793306E+00
  177.1000      0.327605154619E+00
  177.2000      0.331518837457E+00
  177.3000      0.327159408034E+00
  177.4000      0.331773755169E+00
  177.5000      0.327101695818E+00
  177.6000      0.332266177566E+00
  177.7000      0.327417991208E+00
  177.8000      0.332874288185E+00
  177.9000      0.327935283936E+00
  178.0000      0.333337784941E+00
  178.1000      0.328333890333E+00
  178.2000      0.333319412597E+00
  178.3000      0.328318518438E+00
  178.4000      0.332637397277E+00
  178.5000      0.327894405386E+00
  178.6000      0.331457688081E+00
  178.7000      0.327419674881E+00
  178.8000      0.330171280464E+00
  178.9000      0.327337307233E+00
  179.0000      0.329105732309E+00
  179.1000      0.327941697065E+00
  179.2000      0.328441893872E+00
  179.3000      0.329436139425E+00
  179.4000      0.328305636591E+00
  179.5000      0.332073368436E+00
  179.6000      0.328711713604E+00
  179.7000      0.336427936508E+00
  179.8000      0.329714077567E+00
  179.9000      0.348075697486E+00
  180.0000      0.404984372812E+00
