    0.1000      0.434354508848E+07
    0.2000      0.125255265753E+07
    0.3000      0.483930472964E+06
    0.4000      0.189749432983E+06
    0.5000      0.931075138966E+05
    0.6000      0.858758171555E+05
    0.7000      0.676838392222E+05
    0.8000      0.293045798305E+05
    0.9000      0.203882851335E+05
    1.0000      0.229722270088E+05
    1.1000      0.187489941180E+05
    1.2000      0.117067350577E+05
    1.3000      0.972330617846E+04
    1.4000      0.103020293392E+05
    1.5000      0.944761738609E+04
    1.6000      0.824008119207E+04
    1.7000      0.718062153875E+04
    1.8000      0.598863649055E+04
    1.9000      0.503194404719E+04
    2.0000      0.506325394784E+04
    2.1000      0.558761806085E+04
    2.2000      0.521147992230E+04
    2.3000      0.417980203546E+04
    2.4000      0.340686573313E+04
    2.5000      0.354641058064E+04
    2.6000      0.412202996440E+04
    2.7000      0.419910905493E+04
    2.8000      0.386942240608E+04
    2.9000      0.325436282103E+04
    3.0000      0.283481007634E+04
    3.1000      0.259835704157E+04
    3.2000      0.240517464953E+04
    3.3000      0.230704639019E+04
    3.4000      0.209904268205E+04
    3.5000      0.183260143726E+04
    3.6000      0.153341210153E+04
    3.7000      0.133460017524E+04
    3.8000      0.132406387258E+04
    3.9000      0.133474347014E+04
    4.0000      0.124841908656E+04
    4.1000      0.105112134237E+04
    4.2000      0.849218793117E+03
    4.3000      0.777792336957E+03
    4.4000      0.828945284131E+03
    4.5000      0.913856519355E+03
    4.6000      0.948493696309E+03
    4.7000      0.863996595050E+03
    4.8000      0.726947108090E+03
    4.9000      0.612855215357E+03
    5.0000      0.554742824959E+03
    5.1000      0.561396769091E+03
    5.2000      0.560214170869E+03
    5.3000      0.562994693318E+03
    5.4000      0.566958544086E+03
    5.5000      0.538934027765E+03
    5.6000      0.498357520374E+03
    5.7000      0.427175477824E+03
    5.8000      0.362919525705E+03
    5.9000      0.318854676111E+03
    6.0000      0.280213232533E+03
    6.1000      0.281040953547E+03
    6.2000      0.292736341774E+03
    6.3000      0.294414340570E+03
    6.4000      0.279330076044E+03
    6.5000      0.241217404081E+03
    6.6000      0.212387648285E+03
    6.7000      0.188505738640E+03
    6.8000      0.166941090362E+03
    6.9000      0.156313908531E+03
    7.0000      0.143554012615E+03
    7.1000      0.131237526884E+03
    7.2000      0.121641534113E+03
    7.3000      0.117309314595E+03
    7.4000      0.121806653873E+03
    7.5000      0.122648680487E+03
    7.6000      0.114567969003E+03
    7.7000      0.999998044693E+02
    7.8000      0.802286217051E+02
    7.9000      0.631956749784E+02
    8.0000      0.551412984493E+02
    8.1000      0.556767040565E+02
    8.2000      0.617321733040E+02
    8.3000      0.660866195076E+02
    8.4000      0.657914668309E+02
    8.5000      0.625025523511E+02
    8.6000      0.551772145311E+02
    8.7000      0.471908692621E+02
    8.8000      0.414058084889E+02
    8.9000      0.370933921083E+02
    9.0000      0.353856677665E+02
    9.1000      0.346686175296E+02
    9.2000      0.355243893848E+02
    9.3000      0.382659250772E+02
    9.4000      0.387460917771E+02
    9.5000      0.379556018081E+02
    9.6000      0.364597681028E+02
    9.7000      0.330945670057E+02
    9.8000      0.301229409560E+02
    9.9000      0.276684925716E+02
   10.0000      0.269249511940E+02
   10.1000      0.282795975707E+02
   10.2000      0.288339880348E+02
   10.3000      0.304537518393E+02
   10.4000      0.329103847766E+02
   10.5000      0.331910045689E+02
   10.6000      0.328401363121E+02
   10.7000      0.314084750084E+02
   10.8000      0.290111086469E+02
   10.9000      0.270628962702E+02
   11.0000      0.248976524315E+02
   11.1000      0.252946070314E+02
   11.2000      0.276240321144E+02
   11.3000      0.288968100487E+02
   11.4000      0.306531494614E+02
   11.5000      0.313827300545E+02
   11.6000      0.302383698429E+02
   11.7000      0.283460799551E+02
   11.8000      0.254035958519E+02
   11.9000      0.238639716036E+02
   12.0000      0.231836336346E+02
   12.1000      0.222785309671E+02
   12.2000      0.233019979165E+02
   12.3000      0.245110837595E+02
   12.4000      0.250026024491E+02
   12.5000      0.251120758325E+02
   12.6000      0.240930728517E+02
   12.7000      0.235030576474E+02
   12.8000      0.225562158016E+02
   12.9000      0.213725184377E+02
   13.0000      0.221202154986E+02
   13.1000      0.229372240081E+02
   13.2000      0.234094346748E+02
   13.3000      0.239935707225E+02
   13.4000      0.238771152911E+02
   13.5000      0.240289014202E+02
   13.6000      0.237482618818E+02
   13.7000      0.236169204910E+02
   13.8000      0.251852267665E+02
   13.9000      0.263519393410E+02
   14.0000      0.271723564128E+02
   14.1000      0.282683804882E+02
   14.2000      0.282789206131E+02
   14.3000      0.277092389631E+02
   14.4000      0.264415107210E+02
   14.5000      0.250502607557E+02
   14.6000      0.246945692121E+02
   14.7000      0.240563845009E+02
   14.8000      0.240002006086E+02
   14.9000      0.252722535704E+02
   15.0000      0.259605796620E+02
   15.1000      0.263809477214E+02
   15.2000      0.266264865245E+02
   15.3000      0.259967924908E+02
   15.4000      0.250162926163E+02
   15.5000      0.232878100020E+02
   15.6000      0.216892303719E+02
   15.7000      0.210330885105E+02
   15.8000      0.200753473230E+02
   15.9000      0.198421907680E+02
   16.0000      0.207627241746E+02
   16.1000      0.212103268193E+02
   16.2000      0.216411097713E+02
   16.3000      0.219873642395E+02
   16.4000      0.216860091269E+02
   16.5000      0.211669561591E+02
   16.6000      0.200088112359E+02
   16.7000      0.191316758941E+02
   16.8000      0.190715156800E+02
   16.9000      0.187241651516E+02
   17.0000      0.191306682081E+02
   17.1000      0.203355761637E+02
   17.2000      0.209535688459E+02
   17.3000      0.214370395372E+02
   17.4000      0.215350883756E+02
   17.5000      0.210638810852E+02
   17.6000      0.204071084020E+02
   17.7000      0.192344897626E+02
   17.8000      0.185527577668E+02
   17.9000      0.185300420429E+02
   18.0000      0.183595949373E+02
   18.1000      0.187875107696E+02
   18.2000      0.194583544042E+02
   18.3000      0.196658697274E+02
   18.4000      0.195918048017E+02
   18.5000      0.189029010439E+02
   18.6000      0.180285714692E+02
   18.7000      0.170699838743E+02
   18.8000      0.158297797606E+02
   18.9000      0.152116543507E+02
   19.0000      0.150313711607E+02
   19.1000      0.149383260583E+02
   19.2000      0.151721343974E+02
   19.3000      0.153070771311E+02
   19.4000      0.153956029299E+02
   19.5000      0.151804923814E+02
   19.6000      0.144416783186E+02
   19.7000      0.139188550833E+02
   19.8000      0.133193264779E+02
   19.9000      0.125789864179E+02
   20.0000      0.123022674489E+02
   20.1000      0.122002119169E+02
   20.2000      0.122985604255E+02
   20.3000      0.124706811277E+02
   20.4000      0.125066499088E+02
   20.5000      0.127867886688E+02
   20.6000      0.127675886008E+02
   20.7000      0.124034034295E+02
   20.8000      0.123408010208E+02
   20.9000      0.121230136503E+02
   21.0000      0.118077702687E+02
   21.1000      0.117637380186E+02
   21.2000      0.117811963762E+02
   21.3000      0.120035248115E+02
   21.4000      0.121963056421E+02
   21.5000      0.123079136937E+02
   21.6000      0.126454415849E+02
   21.7000      0.126401273938E+02
   21.8000      0.123463305516E+02
   21.9000      0.122268706582E+02
   22.0000      0.118718166603E+02
   22.1000      0.114240860954E+02
   22.2000      0.111996941572E+02
   22.3000      0.110600561976E+02
   22.4000      0.111367950238E+02
   22.5000      0.112607149641E+02
   22.6000      0.113986996977E+02
   22.7000      0.117044218471E+02
   22.8000      0.116773327761E+02
   22.9000      0.113807331158E+02
   23.0000      0.111320251167E+02
   23.1000      0.105544438510E+02
   23.2000      0.983199582391E+01
   23.3000      0.927913665756E+01
   23.4000      0.878880140088E+01
   23.5000      0.852786427218E+01
   23.6000      0.843248025737E+01
   23.7000      0.850690983955E+01
   23.8000      0.884439601369E+01
   23.9000      0.900242310993E+01
   24.0000      0.903207567551E+01
   24.1000      0.907348593022E+01
   24.2000      0.873662699509E+01
   24.3000      0.817764117292E+01
   24.4000      0.756999358537E+01
   24.5000      0.687528234682E+01
   24.6000      0.630714933582E+01
   24.7000      0.582781785851E+01
   24.8000      0.560388724921E+01
   24.9000      0.575353908415E+01
   25.0000      0.593615975672E+01
   25.1000      0.625925865424E+01
   25.2000      0.669619688606E+01
   25.3000      0.692704984737E+01
   25.4000      0.700166773624E+01
   25.5000      0.682516139358E+01
   25.6000      0.646286993824E+01
   25.7000      0.603432939385E+01
   25.8000      0.539784337543E+01
   25.9000      0.490620218125E+01
   26.0000      0.468016325410E+01
   26.1000      0.450941584602E+01
   26.2000      0.462941344296E+01
   26.3000      0.497567091606E+01
   26.4000      0.540203959384E+01
   26.5000      0.587756137139E+01
   26.6000      0.614269944423E+01
   26.7000      0.633305290863E+01
   26.8000      0.636657357863E+01
   26.9000      0.597258964503E+01
   27.0000      0.554662435141E+01
   27.1000      0.511787857401E+01
   27.2000      0.455104976079E+01
   27.3000      0.417732774367E+01
   27.4000      0.399631989611E+01
   27.5000      0.400967873275E+01
   27.6000      0.422564681519E+01
   27.7000      0.444557409233E+01
   27.8000      0.479343977616E+01
   27.9000      0.508372156482E+01
   28.0000      0.504207791311E+01
   28.1000      0.493453545300E+01
   28.2000      0.467810366687E+01
   28.3000      0.415256303170E+01
   28.4000      0.365497995572E+01
   28.5000      0.322195474140E+01
   28.6000      0.288204107969E+01
   28.7000      0.273862616683E+01
   28.8000      0.273932271166E+01
   28.9000      0.293113352248E+01
   29.0000      0.320091967039E+01
   29.1000      0.338529762585E+01
   29.2000      0.356754104822E+01
   29.3000      0.364234461164E+01
   29.4000      0.350242135801E+01
   29.5000      0.331605412730E+01
   29.6000      0.309866447085E+01
   29.7000      0.282784523605E+01
   29.8000      0.264923589028E+01
   29.9000      0.258391848126E+01
   30.0000      0.259567810586E+01
   30.1000      0.270772955234E+01
   30.2000      0.287041574021E+01
   30.3000      0.304818122565E+01
   30.4000      0.320798770015E+01
   30.5000      0.328451611602E+01
   30.6000      0.332862530516E+01
   30.7000      0.333711550706E+01
   30.8000      0.324978847057E+01
   30.9000      0.318397402376E+01
   31.0000      0.315332539622E+01
   31.1000      0.307005263838E+01
   31.2000      0.303717575270E+01
   31.3000      0.305822438196E+01
   31.4000      0.304446447370E+01
   31.5000      0.305600978438E+01
   31.6000      0.308569670461E+01
   31.7000      0.310466516514E+01
   31.8000      0.313536843768E+01
   31.9000      0.313702160447E+01
   32.0000      0.315382383588E+01
   32.1000      0.318324340421E+01
   32.2000      0.313007377777E+01
   32.3000      0.309216813013E+01
   32.4000      0.307702168837E+01
   32.5000      0.296213007094E+01
   32.6000      0.286918860005E+01
   32.7000      0.283227775867E+01
   32.8000      0.274407900385E+01
   32.9000      0.269726866826E+01
   33.0000      0.270881111050E+01
   33.1000      0.272022014223E+01
   33.2000      0.276342444199E+01
   33.3000      0.278587358770E+01
   33.4000      0.281939010901E+01
   33.5000      0.287277931037E+01
   33.6000      0.281693329113E+01
   33.7000      0.278297095961E+01
   33.8000      0.280579270972E+01
   33.9000      0.270845363479E+01
   34.0000      0.265154021219E+01
   34.1000      0.268353704008E+01
   34.2000      0.264265486887E+01
   34.3000      0.263484657814E+01
   34.4000      0.266641248326E+01
   34.5000      0.268091201374E+01
   34.6000      0.272013806684E+01
   34.7000      0.270327625379E+01
   34.8000      0.271977157999E+01
   34.9000      0.279163089460E+01
   35.0000      0.274779966361E+01
   35.1000      0.275580590078E+01
   35.2000      0.284175747870E+01
   35.3000      0.280672399020E+01
   35.4000      0.279055806813E+01
   35.5000      0.281008642698E+01
   35.6000      0.274912020524E+01
   35.7000      0.268124096012E+01
   35.8000      0.258667025551E+01
   35.9000      0.249343156585E+01
   36.0000      0.243214775800E+01
   36.1000      0.232482554079E+01
   36.2000      0.228541418152E+01
   36.3000      0.231980698985E+01
   36.4000      0.230616790929E+01
   36.5000      0.233824373902E+01
   36.6000      0.240183985781E+01
   36.7000      0.239787841335E+01
   36.8000      0.236722738021E+01
   36.9000      0.229614898440E+01
   37.0000      0.217023586559E+01
   37.1000      0.201531601692E+01
   37.2000      0.183717875937E+01
   37.3000      0.168088250007E+01
   37.4000      0.156702639866E+01
   37.5000      0.150485969251E+01
   37.6000      0.151146942412E+01
   37.7000      0.157104723459E+01
   37.8000      0.167468081168E+01
   37.9000      0.178487607954E+01
   38.0000      0.186488011998E+01
   38.1000      0.190244248565E+01
   38.2000      0.187219166106E+01
   38.3000      0.178730279257E+01
   38.4000      0.164458539020E+01
   38.5000      0.147089376963E+01
   38.6000      0.134850124491E+01
   38.7000      0.124603840065E+01
   38.8000      0.118690292851E+01
   38.9000      0.125376102583E+01
   39.0000      0.136111839893E+01
   39.1000      0.148417895233E+01
   39.2000      0.164893974190E+01
   39.3000      0.177452488385E+01
   39.4000      0.184644515036E+01
   39.5000      0.184684625195E+01
   39.6000      0.177213232222E+01
   39.7000      0.168712846849E+01
   39.8000      0.154921031992E+01
   39.9000      0.140478953745E+01
   40.0000      0.136045478070E+01
   40.1000      0.133909573364E+01
   40.2000      0.135510534079E+01
   40.3000      0.146931661426E+01
   40.4000      0.159072393238E+01
   40.5000      0.169772536346E+01
   40.6000      0.178833701915E+01
   40.7000      0.182077881734E+01
   40.8000      0.180682167205E+01
   40.9000      0.172354744658E+01
   41.0000      0.159738890751E+01
   41.1000      0.149306948228E+01
   41.2000      0.138021613171E+01
   41.3000      0.129375779226E+01
   41.4000      0.129381466530E+01
   41.5000      0.132755631086E+01
   41.6000      0.138694713395E+01
   41.7000      0.149175076876E+01
   41.8000      0.158415766533E+01
   41.9000      0.163683420832E+01
   42.0000      0.166164683466E+01
   42.1000      0.163698658012E+01
   42.2000      0.156140105967E+01
   42.3000      0.146673802402E+01
   42.4000      0.136681883264E+01
   42.5000      0.128247976753E+01
   42.6000      0.123426543761E+01
   42.7000      0.122520823424E+01
   42.8000      0.127408304743E+01
   42.9000      0.135336021003E+01
   43.0000      0.142999078954E+01
   43.1000      0.153590608380E+01
   43.2000      0.161630830438E+01
   43.3000      0.162483234306E+01
   43.4000      0.163677005706E+01
   43.5000      0.161617100959E+01
   43.6000      0.153009641396E+01
   43.7000      0.147306138338E+01
   43.8000      0.143210834142E+01
   43.9000      0.139134868273E+01
   44.0000      0.139746683239E+01
   44.1000      0.142805296023E+01
   44.2000      0.149439021870E+01
   44.3000      0.156937995883E+01
   44.4000      0.160662064912E+01
   44.5000      0.167177366259E+01
   44.6000      0.170655143013E+01
   44.7000      0.165526266407E+01
   44.8000      0.163473897699E+01
   44.9000      0.160295530010E+01
   45.0000      0.150978833214E+01
   45.1000      0.146531203815E+01
   45.2000      0.144538417165E+01
   45.3000      0.141664534375E+01
   45.4000      0.142431499585E+01
   45.5000      0.144058266689E+01
   45.6000      0.147164459224E+01
   45.7000      0.149888929577E+01
   45.8000      0.148303118563E+01
   45.9000      0.148745213543E+01
   46.0000      0.147362744963E+01
   46.1000      0.139516111991E+01
   46.2000      0.135249605532E+01
   46.3000      0.131825867253E+01
   46.4000      0.124289669749E+01
   46.5000      0.121510166338E+01
   46.6000      0.121832271745E+01
   46.7000      0.120924737120E+01
   46.8000      0.123186333707E+01
   46.9000      0.126974825867E+01
   47.0000      0.130470112614E+01
   47.1000      0.134135850748E+01
   47.2000      0.135852494825E+01
   47.3000      0.137678948471E+01
   47.4000      0.138669048204E+01
   47.5000      0.136033426352E+01
   47.6000      0.135010868167E+01
   47.7000      0.134987955867E+01
   47.8000      0.132129093134E+01
   47.9000      0.132412401979E+01
   48.0000      0.135696569513E+01
   48.1000      0.137065781823E+01
   48.2000      0.140947726792E+01
   48.3000      0.147254458213E+01
   48.4000      0.151218289955E+01
   48.5000      0.155224337847E+01
   48.6000      0.159188717657E+01
   48.7000      0.160671509030E+01
   48.8000      0.161047153211E+01
   48.9000      0.159938195750E+01
   49.0000      0.158380729038E+01
   49.1000      0.157545084344E+01
   49.2000      0.155368254630E+01
   49.3000      0.155170879461E+01
   49.4000      0.157868237266E+01
   49.5000      0.158533806280E+01
   49.6000      0.160725097250E+01
   49.7000      0.165400910785E+01
   49.8000      0.166079958690E+01
   49.9000      0.165820131536E+01
   50.0000      0.166446951923E+01
   50.1000      0.163100737956E+01
   50.2000      0.158525210060E+01
   50.3000      0.154729783472E+01
   50.4000      0.150217158912E+01
   50.5000      0.147005065565E+01
   50.6000      0.144564733354E+01
   50.7000      0.143861572436E+01
   50.8000      0.145938968014E+01
   50.9000      0.146156523716E+01
   51.0000      0.146668561101E+01
   51.1000      0.148969350098E+01
   51.2000      0.146419971678E+01
   51.3000      0.142094886034E+01
   51.4000      0.139329033610E+01
   51.5000      0.132965334119E+01
   51.6000      0.126258423674E+01
   51.7000      0.122686243940E+01
   51.8000      0.119713527317E+01
   51.9000      0.119160428946E+01
   52.0000      0.121068394736E+01
   52.1000      0.124661387639E+01
   52.2000      0.130324615269E+01
   52.3000      0.133855431283E+01
   52.4000      0.136037715494E+01
   52.5000      0.138258357330E+01
   52.6000      0.135192589394E+01
   52.7000      0.129458376363E+01
   52.8000      0.124784821932E+01
   52.9000      0.117650898634E+01
   53.0000      0.111068457279E+01
   53.1000      0.108625517845E+01
   53.2000      0.108358335222E+01
   53.3000      0.111348233626E+01
   53.4000      0.117744212190E+01
   53.5000      0.125918059336E+01
   53.6000      0.135126795574E+01
   53.7000      0.142577993746E+01
   53.8000      0.147591838801E+01
   53.9000      0.150241490402E+01
   54.0000      0.148272313534E+01
   54.1000      0.143004229782E+01
   54.2000      0.136608578537E+01
   54.3000      0.128903849866E+01
   54.4000      0.121942591619E+01
   54.5000      0.118068404973E+01
   54.6000      0.117192323636E+01
   54.7000      0.119506822863E+01
   54.8000      0.125623601217E+01
   54.9000      0.133753931496E+01
   55.0000      0.141717959193E+01
   55.1000      0.149712416708E+01
   55.2000      0.155544087499E+01
   55.3000      0.156742613757E+01
   55.4000      0.155627016554E+01
   55.5000      0.151793922022E+01
   55.6000      0.144240869659E+01
   55.7000      0.136911110834E+01
   55.8000      0.130658592750E+01
   55.9000      0.125760411408E+01
   56.0000      0.124283081917E+01
   56.1000      0.125480948139E+01
   56.2000      0.130617712331E+01
   56.3000      0.137943674502E+01
   56.4000      0.143622500091E+01
   56.5000      0.151145548760E+01
   56.6000      0.157209322240E+01
   56.7000      0.156513798219E+01
   56.8000      0.155614614685E+01
   56.9000      0.153023464411E+01
   57.0000      0.144643425850E+01
   57.1000      0.137696900401E+01
   57.2000      0.132420399390E+01
   57.3000      0.127275730908E+01
   57.4000      0.125818142503E+01
   57.5000      0.126687923832E+01
   57.6000      0.131332866684E+01
   57.7000      0.138160735744E+01
   57.8000      0.142187081607E+01
   57.9000      0.148457477090E+01
   58.0000      0.153525318540E+01
   58.1000      0.150603043875E+01
   58.2000      0.147922678016E+01
   58.3000      0.144147131659E+01
   58.4000      0.133997347662E+01
   58.5000      0.125664248373E+01
   58.6000      0.119651699067E+01
   58.7000      0.113762438859E+01
   58.8000      0.111889454489E+01
   58.9000      0.112772017623E+01
   59.0000      0.117259307542E+01
   59.1000      0.124109513711E+01
   59.2000      0.128548337046E+01
   59.3000      0.134495072526E+01
   59.4000      0.139231545753E+01
   59.5000      0.136762793966E+01
   59.6000      0.133588776587E+01
   59.7000      0.129179324439E+01
   59.8000      0.119417902395E+01
   59.9000      0.110785564991E+01
   60.0000      0.104359036114E+01
   60.1000      0.984819925283E+00
   60.2000      0.962877255306E+00
   60.3000      0.973042373751E+00
   60.4000      0.101323521356E+01
   60.5000      0.107646412167E+01
   60.6000      0.113311843657E+01
   60.7000      0.119385652885E+01
   60.8000      0.124263416159E+01
   60.9000      0.124769802186E+01
   61.0000      0.123562275915E+01
   61.1000      0.120743571569E+01
   61.2000      0.114847857556E+01
   61.3000      0.109037102255E+01
   61.4000      0.104546652037E+01
   61.5000      0.100808987025E+01
   61.6000      0.994784206139E+00
   61.7000      0.100981215355E+01
   61.8000      0.104017272975E+01
   61.9000      0.108278845893E+01
   62.0000      0.113377221448E+01
   62.1000      0.117456956188E+01
   62.2000      0.119858064727E+01
   62.3000      0.121041187091E+01
   62.4000      0.119975048750E+01
   62.5000      0.117004981246E+01
   62.6000      0.113712066249E+01
   62.7000      0.110168312934E+01
   62.8000      0.107329764847E+01
   62.9000      0.105862972475E+01
   63.0000      0.105884208667E+01
   63.1000      0.108266991184E+01
   63.2000      0.111059889249E+01
   63.3000      0.113824604996E+01
   63.4000      0.118064718583E+01
   63.5000      0.120100476563E+01
   63.6000      0.119531680715E+01
   63.7000      0.119534169001E+01
   63.8000      0.116973465649E+01
   63.9000      0.112044010404E+01
   64.0000      0.108657038649E+01
   64.1000      0.105212446727E+01
   64.2000      0.102213312728E+01
   64.3000      0.101604188790E+01
   64.4000      0.102536654277E+01
   64.5000      0.105689305821E+01
   64.6000      0.109470901404E+01
   64.7000      0.112964775524E+01
   64.8000      0.117935682568E+01
   64.9000      0.120606308632E+01
   65.0000      0.120187307718E+01
   65.1000      0.120341405619E+01
   65.2000      0.117733344560E+01
   65.3000      0.112088358885E+01
   65.4000      0.107926221778E+01
   65.5000      0.103489967003E+01
   65.6000      0.987472594575E+00
   65.7000      0.966212305160E+00
   65.8000      0.961375274117E+00
   65.9000      0.972027712300E+00
   66.0000      0.997678689610E+00
   66.1000      0.102748515220E+01
   66.2000      0.106555804440E+01
   66.3000      0.109261025384E+01
   66.4000      0.109864915321E+01
   66.5000      0.110146485977E+01
   66.6000      0.108385455338E+01
   66.7000      0.104103783161E+01
   66.8000      0.100240518626E+01
   66.9000      0.960785457116E+00
   67.0000      0.912127504539E+00
   67.1000      0.884032089147E+00
   67.2000      0.872251172879E+00
   67.3000      0.864719081151E+00
   67.4000      0.877537691663E+00
   67.5000      0.903925239964E+00
   67.6000      0.923788463407E+00
   67.7000      0.945553808635E+00
   67.8000      0.964985063537E+00
   67.9000      0.964562260737E+00
   68.0000      0.953842306036E+00
   68.1000      0.935825594318E+00
   68.2000      0.905585115721E+00
   68.3000      0.874259887598E+00
   68.4000      0.843552290567E+00
   68.5000      0.822433121204E+00
   68.6000      0.817380878427E+00
   68.7000      0.812437520617E+00
   68.8000      0.826752704137E+00
   68.9000      0.862386593485E+00
   69.0000      0.879349021051E+00
   69.1000      0.904198982393E+00
   69.2000      0.944629129903E+00
   69.3000      0.948428051912E+00
   69.4000      0.946082544697E+00
   69.5000      0.956763805375E+00
   69.6000      0.936319911092E+00
   69.7000      0.911515638497E+00
   69.8000      0.901465489034E+00
   69.9000      0.884362120179E+00
   70.0000      0.876710431018E+00
   70.1000      0.875357194904E+00
   70.2000      0.883854479824E+00
   70.3000      0.912599085813E+00
   70.4000      0.923907733881E+00
   70.5000      0.941199115755E+00
   70.6000      0.982189131223E+00
   70.7000      0.984123805078E+00
   70.8000      0.979450041210E+00
   70.9000      0.100068750428E+01
   71.0000      0.983259785905E+00
   71.1000      0.955838610548E+00
   71.2000      0.955232456001E+00
   71.3000      0.935561720596E+00
   71.4000      0.914175860750E+00
   71.5000      0.910295894253E+00
   71.6000      0.905001647805E+00
   71.7000      0.908643567232E+00
   71.8000      0.908578408307E+00
   71.9000      0.909297844604E+00
   72.0000      0.926803342277E+00
   72.1000      0.921132923903E+00
   72.2000      0.909327535519E+00
   72.3000      0.920885159786E+00
   72.4000      0.906011922733E+00
   72.5000      0.881544495958E+00
   72.6000      0.884438669255E+00
   72.7000      0.871922930377E+00
   72.8000      0.852526049356E+00
   72.9000      0.856039350079E+00
   73.0000      0.855006725289E+00
   73.1000      0.850675010914E+00
   73.2000      0.855843704367E+00
   73.3000      0.858547363986E+00
   73.4000      0.860284780807E+00
   73.5000      0.858561134369E+00
   73.6000      0.852306672165E+00
   73.7000      0.849159337719E+00
   73.8000      0.839414893920E+00
   73.9000      0.826152313871E+00
   74.0000      0.822358451453E+00
   74.1000      0.817009799855E+00
   74.2000      0.810857312450E+00
   74.3000      0.818109172077E+00
   74.4000      0.827732737758E+00
   74.5000      0.834288286775E+00
   74.6000      0.852333515907E+00
   74.7000      0.871289498405E+00
   74.8000      0.878843399415E+00
   74.9000      0.893289061158E+00
   75.0000      0.907024583121E+00
   75.1000      0.902045614451E+00
   75.2000      0.902236042881E+00
   75.3000      0.905643832524E+00
   75.4000      0.890996503458E+00
   75.5000      0.883205867067E+00
   75.6000      0.884813006788E+00
   75.7000      0.876333106441E+00
   75.8000      0.875473770294E+00
   75.9000      0.883050735196E+00
   76.0000      0.889659192965E+00
   76.1000      0.901772777665E+00
   76.2000      0.910133732268E+00
   76.3000      0.923252760493E+00
   76.4000      0.940920574972E+00
   76.5000      0.938191068708E+00
   76.6000      0.942391270011E+00
   76.7000      0.955837207115E+00
   76.8000      0.938944438257E+00
   76.9000      0.928979333655E+00
   77.0000      0.936270084228E+00
   77.1000      0.915385512741E+00
   77.2000      0.899909317313E+00
   77.3000      0.904773826997E+00
   77.4000      0.892266131366E+00
   77.5000      0.883289071031E+00
   77.6000      0.886973190998E+00
   77.7000      0.885101486300E+00
   77.8000      0.887130804072E+00
   77.9000      0.885859306671E+00
   78.0000      0.885994276326E+00
   78.1000      0.894501304338E+00
   78.2000      0.884129105297E+00
   78.3000      0.875928413747E+00
   78.4000      0.883328288239E+00
   78.5000      0.864836200187E+00
   78.6000      0.845902459239E+00
   78.7000      0.848664255402E+00
   78.8000      0.829511767505E+00
   78.9000      0.808123349804E+00
   79.0000      0.809375244363E+00
   79.1000      0.799062498746E+00
   79.2000      0.787352016293E+00
   79.3000      0.791796865131E+00
   79.4000      0.793050321448E+00
   79.5000      0.794911085134E+00
   79.6000      0.800294056044E+00
   79.7000      0.803638414209E+00
   79.8000      0.809636822166E+00
   79.9000      0.806547009240E+00
   80.0000      0.797935392850E+00
   80.1000      0.796097608273E+00
   80.2000      0.780547026208E+00
   80.3000      0.758068536751E+00
   80.4000      0.750126375080E+00
   80.5000      0.733920589656E+00
   80.6000      0.713299312873E+00
   80.7000      0.714204001318E+00
   80.8000      0.714996143392E+00
   80.9000      0.712337609296E+00
   81.0000      0.729645434810E+00
   81.1000      0.748354708127E+00
   81.2000      0.758934732027E+00
   81.3000      0.778319962525E+00
   81.4000      0.793732394930E+00
   81.5000      0.796101871584E+00
   81.6000      0.796082024695E+00
   81.7000      0.788562685143E+00
   81.8000      0.772438365361E+00
   81.9000      0.752895509034E+00
   82.0000      0.729519797236E+00
   82.1000      0.711695015000E+00
   82.2000      0.698026852633E+00
   82.3000      0.685020111844E+00
   82.4000      0.689436149254E+00
   82.5000      0.702779111704E+00
   82.6000      0.712065960081E+00
   82.7000      0.737294832437E+00
   82.8000      0.766974027083E+00
   82.9000      0.779698276065E+00
   83.0000      0.797109638730E+00
   83.1000      0.812297810959E+00
   83.2000      0.802904967232E+00
   83.3000      0.791382885851E+00
   83.4000      0.779615308870E+00
   83.5000      0.751085779243E+00
   83.6000      0.725304721131E+00
   83.7000      0.708735243375E+00
   83.8000      0.692012912008E+00
   83.9000      0.686099220539E+00
   84.0000      0.692629634427E+00
   84.1000      0.707739804515E+00
   84.2000      0.732537309466E+00
   84.3000      0.757758068576E+00
   84.4000      0.785664458313E+00
   84.5000      0.814262959785E+00
   84.6000      0.824973260164E+00
   84.7000      0.828925321701E+00
   84.8000      0.831091962346E+00
   84.9000      0.808620479622E+00
   85.0000      0.780398481196E+00
   85.1000      0.762508492676E+00
   85.2000      0.730043888519E+00
   85.3000      0.701554243853E+00
   85.4000      0.698855040473E+00
   85.5000      0.694644668122E+00
   85.6000      0.697991966620E+00
   85.7000      0.727315828451E+00
   85.8000      0.755839477059E+00
   85.9000      0.782476995544E+00
   86.0000      0.817052567162E+00
   86.1000      0.841312056314E+00
   86.2000      0.853641617272E+00
   86.3000      0.854837709801E+00
   86.4000      0.841286832619E+00
   86.5000      0.822135162794E+00
   86.6000      0.788726989870E+00
   86.7000      0.748206632275E+00
   86.8000      0.723742352174E+00
   86.9000      0.695157215448E+00
   87.0000      0.668046224963E+00
   87.1000      0.674023397098E+00
   87.2000      0.682500605723E+00
   87.3000      0.687927894564E+00
   87.4000      0.722763439014E+00
   87.5000      0.754527221408E+00
   87.6000      0.768594179921E+00
   87.7000      0.793745159542E+00
   87.8000      0.807291300422E+00
   87.9000      0.796614450336E+00
   88.0000      0.783946245161E+00
   88.1000      0.761179850820E+00
   88.2000      0.727258314759E+00
   88.3000      0.693593800461E+00
   88.4000      0.659706639132E+00
   88.5000      0.637356486834E+00
   88.6000      0.623433020075E+00
   88.7000      0.612826750993E+00
   88.8000      0.625731463621E+00
   88.9000      0.646932049680E+00
   89.0000      0.660342776102E+00
   89.1000      0.690895703367E+00
   89.2000      0.721028401713E+00
   89.3000      0.727553106294E+00
   89.4000      0.738610791309E+00
   89.5000      0.744612699760E+00
   89.6000      0.723458780370E+00
   89.7000      0.703435295962E+00
   89.8000      0.685358268504E+00
   89.9000      0.652724215807E+00
   90.0000      0.627636359288E+00
   90.1000      0.614826569614E+00
   90.2000      0.603039028604E+00
   90.3000      0.602942191802E+00
   90.4000      0.614914801512E+00
   90.5000      0.632537837899E+00
   90.6000      0.656450587415E+00
   90.7000      0.679617629399E+00
   90.8000      0.702748065963E+00
   90.9000      0.724066746909E+00
   91.0000      0.731169410351E+00
   91.1000      0.733700470551E+00
   91.2000      0.734810073121E+00
   91.3000      0.718986446089E+00
   91.4000      0.701802105477E+00
   91.5000      0.693002793710E+00
   91.6000      0.673971516457E+00
   91.7000      0.659233049434E+00
   91.8000      0.661969946968E+00
   91.9000      0.660612852633E+00
   92.0000      0.663153204977E+00
   92.1000      0.682796380031E+00
   92.2000      0.698190658975E+00
   92.3000      0.710698197412E+00
   92.4000      0.732331017790E+00
   92.5000      0.746939728312E+00
   92.6000      0.753133754715E+00
   92.7000      0.761233057873E+00
   92.8000      0.763011871710E+00
   92.9000      0.758060698738E+00
   93.0000      0.753155092205E+00
   93.1000      0.746254386850E+00
   93.2000      0.739569242721E+00
   93.3000      0.733771685371E+00
   93.4000      0.728629807602E+00
   93.5000      0.729873450441E+00
   93.6000      0.731357537473E+00
   93.7000      0.730872850449E+00
   93.8000      0.739374349188E+00
   93.9000      0.746210281781E+00
   94.0000      0.745159596082E+00
   94.1000      0.753923947438E+00
   94.2000      0.761172607156E+00
   94.3000      0.755520679792E+00
   94.4000      0.760402354526E+00
   94.5000      0.766930452726E+00
   94.6000      0.758181554805E+00
   94.7000      0.759269169374E+00
   94.8000      0.765349720901E+00
   94.9000      0.756041835839E+00
   95.0000      0.753229587822E+00
   95.1000      0.756222541412E+00
   95.2000      0.746620290780E+00
   95.3000      0.739820032944E+00
   95.4000      0.737186484517E+00
   95.5000      0.728773429087E+00
   95.6000      0.722709134961E+00
   95.7000      0.717420810187E+00
   95.8000      0.714934618822E+00
   95.9000      0.717645458081E+00
   96.0000      0.715046554643E+00
   96.1000      0.719902518698E+00
   96.2000      0.732730235283E+00
   96.3000      0.731495816928E+00
   96.4000      0.735318549216E+00
   96.5000      0.748110238353E+00
   96.6000      0.739962598997E+00
   96.7000      0.731335375379E+00
   96.8000      0.733060811633E+00
   96.9000      0.715060845415E+00
   97.0000      0.694685346578E+00
   97.1000      0.687990117135E+00
   97.2000      0.671124541810E+00
   97.3000      0.655016814122E+00
   97.4000      0.654332119304E+00
   97.5000      0.653349329604E+00
   97.6000      0.655844143045E+00
   97.7000      0.668481510317E+00
   97.8000      0.682535150376E+00
   97.9000      0.697906556957E+00
   98.0000      0.711683286792E+00
   98.1000      0.721013775417E+00
   98.2000      0.728140723448E+00
   98.3000      0.724067435554E+00
   98.4000      0.711019850942E+00
   98.5000      0.698743837530E+00
   98.6000      0.676083044254E+00
   98.7000      0.647458857553E+00
   98.8000      0.630533687105E+00
   98.9000      0.612586869891E+00
   99.0000      0.594464977607E+00
   99.1000      0.597784073165E+00
   99.2000      0.607041824283E+00
   99.3000      0.614474064159E+00
   99.4000      0.641458325331E+00
   99.5000      0.671293369514E+00
   99.6000      0.688328811786E+00
   99.7000      0.712477225988E+00
   99.8000      0.731356270131E+00
   99.9000      0.728446481358E+00
  100.0000      0.722465683327E+00
  100.1000      0.709651467980E+00
  100.2000      0.680495326840E+00
  100.3000      0.650492978276E+00
  100.4000      0.621596216891E+00
  100.5000      0.594160430016E+00
  100.6000      0.575885670985E+00
  100.7000      0.565266024318E+00
  100.8000      0.570186652640E+00
  100.9000      0.588350565578E+00
  101.0000      0.607377018298E+00
  101.1000      0.639878015840E+00
  101.2000      0.678213997775E+00
  101.3000      0.700166954240E+00
  101.4000      0.722677628579E+00
  101.5000      0.741932030884E+00
  101.6000      0.733657715471E+00
  101.7000      0.718599864157E+00
  101.8000      0.702428185784E+00
  101.9000      0.665616971768E+00
  102.0000      0.628426194168E+00
  102.1000      0.602790339398E+00
  102.2000      0.574608500307E+00
  102.3000      0.556944971033E+00
  102.4000      0.559322238597E+00
  102.5000      0.569978697299E+00
  102.6000      0.591573810523E+00
  102.7000      0.625737750138E+00
  102.8000      0.662241860006E+00
  102.9000      0.697554467923E+00
  103.0000      0.727567123900E+00
  103.1000      0.747023866733E+00
  103.2000      0.754855179682E+00
  103.3000      0.746675412507E+00
  103.4000      0.725171078319E+00
  103.5000      0.697517936150E+00
  103.6000      0.660242015052E+00
  103.7000      0.620819596392E+00
  103.8000      0.593453789312E+00
  103.9000      0.570881565733E+00
  104.0000      0.556962096255E+00
  104.1000      0.567859016458E+00
  104.2000      0.588431614177E+00
  104.3000      0.612762136958E+00
  104.4000      0.656351719891E+00
  104.5000      0.699484408235E+00
  104.6000      0.728682918989E+00
  104.7000      0.760441876866E+00
  104.8000      0.779527995107E+00
  104.9000      0.773267473501E+00
  105.0000      0.760466249409E+00
  105.1000      0.736319805791E+00
  105.2000      0.695499266764E+00
  105.3000      0.655191769180E+00
  105.4000      0.617544326418E+00
  105.5000      0.584632762183E+00
  105.6000      0.564717975010E+00
  105.7000      0.557231522358E+00
  105.8000      0.568055611948E+00
  105.9000      0.593386355054E+00
  106.0000      0.623492470226E+00
  106.1000      0.666264392814E+00
  106.2000      0.711342087240E+00
  106.3000      0.742347340919E+00
  106.4000      0.770555926154E+00
  106.5000      0.788901723768E+00
  106.6000      0.782227170469E+00
  106.7000      0.766057103160E+00
  106.8000      0.742039544345E+00
  106.9000      0.701044738929E+00
  107.0000      0.659444352079E+00
  107.1000      0.624414525949E+00
  107.2000      0.590634040938E+00
  107.3000      0.568998624549E+00
  107.4000      0.564842814411E+00
  107.5000      0.571480161649E+00
  107.6000      0.590751453431E+00
  107.7000      0.622682231624E+00
  107.8000      0.657938959192E+00
  107.9000      0.692308548910E+00
  108.0000      0.723999145100E+00
  108.1000      0.745268356541E+00
  108.2000      0.752829900544E+00
  108.3000      0.748584200564E+00
  108.4000      0.730843936714E+00
  108.5000      0.701526213842E+00
  108.6000      0.666632912478E+00
  108.7000      0.629597588341E+00
  108.8000      0.595791597315E+00
  108.9000      0.569380562671E+00
  109.0000      0.553136127329E+00
  109.1000      0.551869383064E+00
  109.2000      0.561980873800E+00
  109.3000      0.580737144565E+00
  109.4000      0.611764944763E+00
  109.5000      0.644556816955E+00
  109.6000      0.671612903766E+00
  109.7000      0.698871785768E+00
  109.8000      0.715763838136E+00
  109.9000      0.714739873768E+00
  110.0000      0.707249638813E+00
  110.1000      0.688613072785E+00
  110.2000      0.654177981397E+00
  110.3000      0.619249590622E+00
  110.4000      0.585044811542E+00
  110.5000      0.548202228379E+00
  110.6000      0.521842302679E+00
  110.7000      0.508304885062E+00
  110.8000      0.502107007421E+00
  110.9000      0.509347781294E+00
  111.0000      0.529503032029E+00
  111.1000      0.554005071545E+00
  111.2000      0.582767527762E+00
  111.3000      0.613422860620E+00
  111.4000      0.637312284462E+00
  111.5000      0.653156849754E+00
  111.6000      0.660828852050E+00
  111.7000      0.655985506094E+00
  111.8000      0.640258408745E+00
  111.9000      0.617017451037E+00
  112.0000      0.587644173037E+00
  112.1000      0.556793266379E+00
  112.2000      0.527123325763E+00
  112.3000      0.502736517691E+00
  112.4000      0.488906709740E+00
  112.5000      0.481424946267E+00
  112.6000      0.483021555183E+00
  112.7000      0.499085763135E+00
  112.8000      0.516191300130E+00
  112.9000      0.534038269118E+00
  113.0000      0.561485652198E+00
  113.1000      0.579885337303E+00
  113.2000      0.586798185868E+00
  113.3000      0.597946231578E+00
  113.4000      0.596315985473E+00
  113.5000      0.578721812020E+00
  113.6000      0.566533871915E+00
  113.7000      0.548225262676E+00
  113.8000      0.519777064535E+00
  113.9000      0.502311438844E+00
  114.0000      0.489115144586E+00
  114.1000      0.474620371387E+00
  114.2000      0.472857394615E+00
  114.3000      0.479195101290E+00
  114.4000      0.488170042644E+00
  114.5000      0.503841510594E+00
  114.6000      0.521408067161E+00
  114.7000      0.539657686276E+00
  114.8000      0.555511515806E+00
  114.9000      0.563293266692E+00
  115.0000      0.569801974338E+00
  115.1000      0.570091399549E+00
  115.2000      0.557028944768E+00
  115.3000      0.545917979955E+00
  115.4000      0.533730356264E+00
  115.5000      0.509944323910E+00
  115.6000      0.494580412395E+00
  115.7000      0.487408729876E+00
  115.8000      0.472446479496E+00
  115.9000      0.468990121098E+00
  116.0000      0.479023729566E+00
  116.1000      0.481149872435E+00
  116.2000      0.490463577764E+00
  116.3000      0.511538177003E+00
  116.4000      0.521109780503E+00
  116.5000      0.529430887766E+00
  116.6000      0.544386130665E+00
  116.7000      0.546512533084E+00
  116.8000      0.542447233258E+00
  116.9000      0.541836106899E+00
  117.0000      0.532764611664E+00
  117.1000      0.519774578093E+00
  117.2000      0.510188855667E+00
  117.3000      0.499510916003E+00
  117.4000      0.491213057733E+00
  117.5000      0.485770962938E+00
  117.6000      0.483555867827E+00
  117.7000      0.488775322703E+00
  117.8000      0.492981192098E+00
  117.9000      0.498316743144E+00
  118.0000      0.512633951789E+00
  118.1000      0.520526444140E+00
  118.2000      0.523531002428E+00
  118.3000      0.535417766671E+00
  118.4000      0.538298469841E+00
  118.5000      0.531452660529E+00
  118.6000      0.534408787348E+00
  118.7000      0.531072912239E+00
  118.8000      0.517293885482E+00
  118.9000      0.515236122466E+00
  119.0000      0.512666117865E+00
  119.1000      0.501629726617E+00
  119.2000      0.502743295538E+00
  119.3000      0.507684010900E+00
  119.4000      0.505448052958E+00
  119.5000      0.512042159321E+00
  119.6000      0.522712758095E+00
  119.7000      0.526062362004E+00
  119.8000      0.532533563168E+00
  119.9000      0.540347696573E+00
  120.0000      0.541409032405E+00
  120.1000      0.541729020055E+00
  120.2000      0.541094967160E+00
  120.3000      0.536938538134E+00
  120.4000      0.532338804279E+00
  120.5000      0.526297705174E+00
  120.6000      0.521697396797E+00
  120.7000      0.519585839947E+00
  120.8000      0.515360571560E+00
  120.9000      0.515676392697E+00
  121.0000      0.520914431904E+00
  121.1000      0.521415940208E+00
  121.2000      0.525480219670E+00
  121.3000      0.534916736183E+00
  121.4000      0.536127147209E+00
  121.5000      0.537472613503E+00
  121.6000      0.544058981463E+00
  121.7000      0.540929929549E+00
  121.8000      0.535342870941E+00
  121.9000      0.536201660283E+00
  122.0000      0.529387552175E+00
  122.1000      0.519838157168E+00
  122.2000      0.519091704390E+00
  122.3000      0.514852443105E+00
  122.4000      0.508476279013E+00
  122.5000      0.512033519290E+00
  122.6000      0.515294141350E+00
  122.7000      0.515743664122E+00
  122.8000      0.524213914610E+00
  122.9000      0.532630025756E+00
  123.0000      0.535737168478E+00
  123.1000      0.542825594602E+00
  123.2000      0.548608276163E+00
  123.3000      0.547025929927E+00
  123.4000      0.546045950703E+00
  123.5000      0.543732077534E+00
  123.6000      0.535381110294E+00
  123.7000      0.527403906743E+00
  123.8000      0.520137699047E+00
  123.9000      0.511138012784E+00
  124.0000      0.504549625243E+00
  124.1000      0.500762597977E+00
  124.2000      0.499348238415E+00
  124.3000      0.501430850420E+00
  124.4000      0.505223739657E+00
  124.5000      0.512239903395E+00
  124.6000      0.521483360572E+00
  124.7000      0.528029563131E+00
  124.8000      0.535561522255E+00
  124.9000      0.543328010061E+00
  125.0000      0.543846186214E+00
  125.1000      0.543158566267E+00
  125.2000      0.543123065798E+00
  125.3000      0.534433387040E+00
  125.4000      0.524675655856E+00
  125.5000      0.519509845503E+00
  125.6000      0.507797838097E+00
  125.7000      0.496612247112E+00
  125.8000      0.495300634587E+00
  125.9000      0.490517961088E+00
  126.0000      0.486244292658E+00
  126.1000      0.494728953424E+00
  126.2000      0.500759708671E+00
  126.3000      0.503691733498E+00
  126.4000      0.518182680511E+00
  126.5000      0.528913234385E+00
  126.6000      0.530622437941E+00
  126.7000      0.540118926830E+00
  126.8000      0.545061489238E+00
  126.9000      0.537297525696E+00
  127.0000      0.534583570360E+00
  127.1000      0.529583676573E+00
  127.2000      0.513432465995E+00
  127.3000      0.502504604156E+00
  127.4000      0.494196150367E+00
  127.5000      0.480448653139E+00
  127.6000      0.472979487833E+00
  127.7000      0.471312703641E+00
  127.8000      0.469614632317E+00
  127.9000      0.473295892133E+00
  128.0000      0.480878651751E+00
  128.1000      0.490133788645E+00
  128.2000      0.501292678114E+00
  128.3000      0.510083868633E+00
  128.4000      0.519436895121E+00
  128.5000      0.527769854603E+00
  128.6000      0.527355643798E+00
  128.7000      0.526692625680E+00
  128.8000      0.526048784025E+00
  128.9000      0.513955600385E+00
  129.0000      0.503069711392E+00
  129.1000      0.497809175778E+00
  129.2000      0.482345527408E+00
  129.3000      0.470390495537E+00
  129.4000      0.471244257948E+00
  129.5000      0.464184923392E+00
  129.6000      0.460313743721E+00
  129.7000      0.473734001022E+00
  129.8000      0.479651227497E+00
  129.9000      0.483748983426E+00
  130.0000      0.504598060160E+00
  130.1000      0.516238670926E+00
  130.2000      0.518311002592E+00
  130.3000      0.533402307192E+00
  130.4000      0.538741014432E+00
  130.5000      0.529093861049E+00
  130.6000      0.529221027787E+00
  130.7000      0.523131802064E+00
  130.8000      0.503039772459E+00
  130.9000      0.492234225937E+00
  131.0000      0.481963724208E+00
  131.1000      0.463901392940E+00
  131.2000      0.455457953263E+00
  131.3000      0.452744219792E+00
  131.4000      0.449018589681E+00
  131.5000      0.453089608166E+00
  131.6000      0.462240919330E+00
  131.7000      0.473485519214E+00
  131.8000      0.487786465616E+00
  131.9000      0.500887341804E+00
  132.0000      0.515643431476E+00
  132.1000      0.528720676330E+00
  132.2000      0.532842522880E+00
  132.3000      0.537573157569E+00
  132.4000      0.539713968468E+00
  132.5000      0.528331925572E+00
  132.6000      0.518775244782E+00
  132.7000      0.511243579104E+00
  132.8000      0.490371626324E+00
  132.9000      0.474492545617E+00
  133.0000      0.468704689297E+00
  133.1000      0.452326873567E+00
  133.2000      0.442807727487E+00
  133.3000      0.450297928222E+00
  133.4000      0.448750524599E+00
  133.5000      0.451192320184E+00
  133.6000      0.472692621825E+00
  133.7000      0.483864632746E+00
  133.8000      0.491492006177E+00
  133.9000      0.515499979885E+00
  134.0000      0.527365764111E+00
  134.1000      0.527815511925E+00
  134.2000      0.540643493136E+00
  134.3000      0.542570073673E+00
  134.4000      0.529726910401E+00
  134.5000      0.527100693105E+00
  134.6000      0.519044820898E+00
  134.7000      0.498822158759E+00
  134.8000      0.488531775860E+00
  134.9000      0.479587401763E+00
  135.0000      0.464241630967E+00
  135.1000      0.458311551157E+00
  135.2000      0.457789063888E+00
  135.3000      0.455793822333E+00
  135.4000      0.460567165200E+00
  135.5000      0.469754119668E+00
  135.6000      0.479201166796E+00
  135.7000      0.490908267874E+00
  135.8000      0.502093253681E+00
  135.9000      0.512856378034E+00
  136.0000      0.521859076085E+00
  136.1000      0.524752450614E+00
  136.2000      0.526829145072E+00
  136.3000      0.526684020182E+00
  136.4000      0.517565870455E+00
  136.5000      0.509632593341E+00
  136.6000      0.503607231500E+00
  136.7000      0.488892529604E+00
  136.8000      0.478565244557E+00
  136.9000      0.476539393051E+00
  137.0000      0.466823630877E+00
  137.1000      0.462429114932E+00
  137.2000      0.471071158898E+00
  137.3000      0.471253803748E+00
  137.4000      0.473280450374E+00
  137.5000      0.489550834806E+00
  137.6000      0.495339152646E+00
  137.7000      0.496734291407E+00
  137.8000      0.511313148962E+00
  137.9000      0.514879745170E+00
  138.0000      0.508772800795E+00
  138.1000      0.514760593200E+00
  138.2000      0.512495742578E+00
  138.3000      0.498622075193E+00
  138.4000      0.496611789316E+00
  138.5000      0.491684066904E+00
  138.6000      0.476346314422E+00
  138.7000      0.472800776253E+00
  138.8000      0.471808592478E+00
  138.9000      0.462652484624E+00
  139.0000      0.463992721173E+00
  139.1000      0.471094530472E+00
  139.2000      0.471193052371E+00
  139.3000      0.478376617322E+00
  139.4000      0.491241929639E+00
  139.5000      0.496454348613E+00
  139.6000      0.503813569092E+00
  139.7000      0.514618188975E+00
  139.8000      0.516983976536E+00
  139.9000      0.517536994398E+00
  140.0000      0.519696213951E+00
  140.1000      0.514829896991E+00
  140.2000      0.507361977323E+00
  140.3000      0.501382348899E+00
  140.4000      0.492317523671E+00
  140.5000      0.482971103009E+00
  140.6000      0.475702604502E+00
  140.7000      0.469442592227E+00
  140.8000      0.465989452217E+00
  140.9000      0.463838362579E+00
  141.0000      0.464203359128E+00
  141.1000      0.469272830720E+00
  141.2000      0.473084476052E+00
  141.3000      0.477762494969E+00
  141.4000      0.487608147289E+00
  141.5000      0.493178944952E+00
  141.6000      0.496154831204E+00
  141.7000      0.504269201580E+00
  141.8000      0.506473408379E+00
  141.9000      0.502817662480E+00
  142.0000      0.504939140047E+00
  142.1000      0.502074499340E+00
  142.2000      0.491614699130E+00
  142.3000      0.488713217285E+00
  142.4000      0.484231851859E+00
  142.5000      0.471861706330E+00
  142.6000      0.469159034301E+00
  142.7000      0.469268809055E+00
  142.8000      0.461153869988E+00
  142.9000      0.463199970823E+00
  143.0000      0.471360053924E+00
  143.1000      0.469506771938E+00
  143.2000      0.475386192932E+00
  143.3000      0.488747541657E+00
  143.4000      0.489389585732E+00
  143.5000      0.493340806853E+00
  143.6000      0.505321949014E+00
  143.7000      0.503181868053E+00
  143.8000      0.500162071254E+00
  143.9000      0.506255344840E+00
  144.0000      0.499579720039E+00
  144.1000      0.489436884991E+00
  144.2000      0.490154784517E+00
  144.3000      0.481867259409E+00
  144.4000      0.469066027836E+00
  144.5000      0.468658696735E+00
  144.6000      0.463803824943E+00
  144.7000      0.453892905587E+00
  144.8000      0.456588217346E+00
  144.9000      0.458522440733E+00
  145.0000      0.454413424460E+00
  145.1000      0.461217435941E+00
  145.2000      0.469190464795E+00
  145.3000      0.469389981522E+00
  145.4000      0.477054870109E+00
  145.5000      0.486205359433E+00
  145.6000      0.486014752314E+00
  145.7000      0.489509394693E+00
  145.8000      0.494546649216E+00
  145.9000      0.490665156987E+00
  146.0000      0.488179369998E+00
  146.1000      0.487916846011E+00
  146.2000      0.481625834906E+00
  146.3000      0.476298499422E+00
  146.4000      0.473727936613E+00
  146.5000      0.469000949253E+00
  146.6000      0.465717056701E+00
  146.7000      0.464234624043E+00
  146.8000      0.463407208443E+00
  146.9000      0.464498597122E+00
  147.0000      0.464717586371E+00
  147.1000      0.466505289497E+00
  147.2000      0.470852421761E+00
  147.3000      0.471155287879E+00
  147.4000      0.472481675895E+00
  147.5000      0.477669217891E+00
  147.6000      0.476378915937E+00
  147.7000      0.474688469321E+00
  147.8000      0.478965253511E+00
  147.9000      0.475789636086E+00
  148.0000      0.470408267955E+00
  148.1000      0.473896255552E+00
  148.2000      0.470667710594E+00
  148.3000      0.463181055663E+00
  148.4000      0.467772231165E+00
  148.5000      0.467697754771E+00
  148.6000      0.460603464406E+00
  148.7000      0.467930313588E+00
  148.8000      0.473123198381E+00
  148.9000      0.467272136932E+00
  149.0000      0.476087138234E+00
  149.1000      0.485220418678E+00
  149.2000      0.478505725232E+00
  149.3000      0.484575978637E+00
  149.4000      0.493890818719E+00
  149.5000      0.483727879648E+00
  149.6000      0.483550961925E+00
  149.7000      0.490690652537E+00
  149.8000      0.477410669053E+00
  149.9000      0.471145368683E+00
  150.0000      0.476799870404E+00
  150.1000      0.463684790849E+00
  150.2000      0.454471205275E+00
  150.3000      0.461137880348E+00
  150.4000      0.452370414740E+00
  150.5000      0.444137138166E+00
  150.6000      0.454107389159E+00
  150.7000      0.452446714518E+00
  150.8000      0.447482570690E+00
  150.9000      0.460767866031E+00
  151.0000      0.465697873886E+00
  151.1000      0.463083341012E+00
  151.2000      0.476516491401E+00
  151.3000      0.484129205206E+00
  151.4000      0.480351815264E+00
  151.5000      0.489101534940E+00
  151.6000      0.494488504440E+00
  151.7000      0.486557495339E+00
  151.8000      0.487886478872E+00
  151.9000      0.489028821860E+00
  152.0000      0.477906092090E+00
  152.1000      0.473872541469E+00
  152.2000      0.473003980636E+00
  152.3000      0.463077156404E+00
  152.4000      0.458559485791E+00
  152.5000      0.459102175204E+00
  152.6000      0.454099312117E+00
  152.7000      0.452641031125E+00
  152.8000      0.455832428132E+00
  152.9000      0.456161612213E+00
  153.0000      0.458169947851E+00
  153.1000      0.462515262285E+00
  153.2000      0.465608346960E+00
  153.3000      0.469110917500E+00
  153.4000      0.471702236468E+00
  153.5000      0.473813259575E+00
  153.6000      0.476314838500E+00
  153.7000      0.474784424162E+00
  153.8000      0.473151828297E+00
  153.9000      0.473724433890E+00
  154.0000      0.468178734916E+00
  154.1000      0.462771243114E+00
  154.2000      0.463328561814E+00
  154.3000      0.457081443100E+00
  154.4000      0.450567101962E+00
  154.5000      0.454709771550E+00
  154.6000      0.452239313063E+00
  154.7000      0.447233790158E+00
  154.8000      0.456684891095E+00
  154.9000      0.459951619113E+00
  155.0000      0.456091629941E+00
  155.1000      0.468556660564E+00
  155.2000      0.475934328243E+00
  155.3000      0.470536759193E+00
  155.4000      0.481681728730E+00
  155.5000      0.490397903400E+00
  155.6000      0.481350939262E+00
  155.7000      0.487823909378E+00
  155.8000      0.496101338951E+00
  155.9000      0.483157816287E+00
  156.0000      0.483583021578E+00
  156.1000      0.491044811785E+00
  156.2000      0.475718860589E+00
  156.3000      0.470792283226E+00
  156.4000      0.478648964173E+00
  156.5000      0.464110798615E+00
  156.6000      0.456320101005E+00
  156.7000      0.466740066458E+00
  156.8000      0.456508785898E+00
  156.9000      0.448202737509E+00
  157.0000      0.461910294816E+00
  157.1000      0.457268755760E+00
  157.2000      0.448366920373E+00
  157.3000      0.462953079292E+00
  157.4000      0.462139040046E+00
  157.5000      0.450658309165E+00
  157.6000      0.462358754704E+00
  157.7000      0.463058014238E+00
  157.8000      0.448249014233E+00
  157.9000      0.455390756056E+00
  158.0000      0.457456349657E+00
  158.1000      0.441490125706E+00
  158.2000      0.445393369907E+00
  158.3000      0.450473778208E+00
  158.4000      0.436749807667E+00
  158.5000      0.439684602869E+00
  158.6000      0.449115776285E+00
  158.7000      0.439988928708E+00
  158.8000      0.443351359141E+00
  158.9000      0.457096704697E+00
  159.0000      0.453112550366E+00
  159.1000      0.456745795406E+00
  159.2000      0.472963825625E+00
  159.3000      0.472489280114E+00
  159.4000      0.474195660403E+00
  159.5000      0.488950132387E+00
  159.6000      0.488455517218E+00
  159.7000      0.485017876429E+00
  159.8000      0.494095971047E+00
  159.9000      0.490759505404E+00
  160.0000      0.481243902140E+00
  160.1000      0.483636968943E+00
  160.2000      0.478181201439E+00
  160.3000      0.465853959753E+00
  160.4000      0.464593423669E+00
  160.5000      0.460403021929E+00
  160.6000      0.450301083857E+00
  160.7000      0.449413565030E+00
  160.8000      0.449057498509E+00
  160.9000      0.444312307842E+00
  161.0000      0.445994573141E+00
  161.1000      0.449582311717E+00
  161.2000      0.450438902791E+00
  161.3000      0.454815750269E+00
  161.4000      0.460608783637E+00
  161.5000      0.465120505134E+00
  161.6000      0.470607511133E+00
  161.7000      0.475458587616E+00
  161.8000      0.479982050354E+00
  161.9000      0.483690340414E+00
  162.0000      0.483926983950E+00
  162.1000      0.484810721171E+00
  162.2000      0.484825766290E+00
  162.3000      0.479032610836E+00
  162.4000      0.475592723790E+00
  162.5000      0.473583527473E+00
  162.6000      0.464390854791E+00
  162.7000      0.459345135683E+00
  162.8000      0.459450003350E+00
  162.9000      0.451203216651E+00
  163.0000      0.447349402461E+00
  163.1000      0.452247170882E+00
  163.2000      0.447411091894E+00
  163.3000      0.444993960936E+00
  163.4000      0.454223733244E+00
  163.5000      0.452867899883E+00
  163.6000      0.450417764016E+00
  163.7000      0.461862556259E+00
  163.8000      0.463107663237E+00
  163.9000      0.458915162421E+00
  164.0000      0.469995949831E+00
  164.1000      0.472438037953E+00
  164.2000      0.464687154046E+00
  164.3000      0.472726182601E+00
  164.4000      0.474977431977E+00
  164.5000      0.462693500897E+00
  164.6000      0.466511352224E+00
  164.7000      0.469160115475E+00
  164.8000      0.454027696768E+00
  164.9000      0.455112959097E+00
  165.0000      0.460956221093E+00
  165.1000      0.446434525013E+00
  165.2000      0.446738847789E+00
  165.3000      0.457625559580E+00
  165.4000      0.445690786913E+00
  165.5000      0.444770656450E+00
  165.6000      0.459475205191E+00
  165.7000      0.449895805995E+00
  165.8000      0.445874137007E+00
  165.9000      0.462055990510E+00
  166.0000      0.454795061200E+00
  166.1000      0.447111160121E+00
  166.2000      0.463534602881E+00
  166.3000      0.459584000728E+00
  166.4000      0.448887467091E+00
  166.5000      0.464666398807E+00
  166.6000      0.464493215773E+00
  166.7000      0.451093271985E+00
  166.8000      0.464967971689E+00
  166.9000      0.468542267254E+00
  167.0000      0.453101119715E+00
  167.1000      0.464732642866E+00
  167.2000      0.472931541910E+00
  167.3000      0.457296797190E+00
  167.4000      0.467027484420E+00
  167.5000      0.480321066859E+00
  167.6000      0.465402755086E+00
  167.7000      0.471596498544E+00
  167.8000      0.487495253514E+00
  167.9000      0.471786017877E+00
  168.0000      0.470966704949E+00
  168.1000      0.485631440413E+00
  168.2000      0.468168220171E+00
  168.3000      0.459203922391E+00
  168.4000      0.471661947183E+00
  168.5000      0.455048316313E+00
  168.6000      0.440955981214E+00
  168.7000      0.453310601310E+00
  168.8000      0.441706087621E+00
  168.9000      0.426336802715E+00
  169.0000      0.440276117985E+00
  169.1000      0.435951126116E+00
  169.2000      0.421231409694E+00
  169.3000      0.436786171868E+00
  169.4000      0.440268535324E+00
  169.5000      0.427034880990E+00
  169.6000      0.443624741404E+00
  169.7000      0.454658414093E+00
  169.8000      0.442890239095E+00
  169.9000      0.458384876323E+00
  170.0000      0.474370257437E+00
  170.1000      0.461748652352E+00
  170.2000      0.471466155331E+00
  170.3000      0.487433815422E+00
  170.4000      0.471023786571E+00
  170.5000      0.471155063702E+00
  170.6000      0.484008527667E+00
  170.7000      0.464587476693E+00
  170.8000      0.456294141858E+00
  170.9000      0.467446497139E+00
  171.0000      0.449652065880E+00
  171.1000      0.437409335540E+00
  171.2000      0.449799053246E+00
  171.3000      0.437801113635E+00
  171.4000      0.425000357656E+00
  171.5000      0.439945187079E+00
  171.6000      0.435614229884E+00
  171.7000      0.423937388381E+00
  171.8000      0.441762112445E+00
  171.9000      0.446051144076E+00
  172.0000      0.436471128697E+00
  172.1000      0.456381231988E+00
  172.2000      0.468308461417E+00
  172.3000      0.459343061231E+00
  172.4000      0.477023916636E+00
  172.5000      0.491687604172E+00
  172.6000      0.479109936702E+00
  172.7000      0.488407312835E+00
  172.8000      0.500350073395E+00
  172.9000      0.482195121329E+00
  173.0000      0.481261844412E+00
  173.1000      0.489880976214E+00
  173.2000      0.469735832430E+00
  173.3000      0.462384652830E+00
  173.4000      0.470808686405E+00
  173.5000      0.453673973978E+00
  173.6000      0.443992305990E+00
  173.7000      0.454166846207E+00
  173.8000      0.442246013881E+00
  173.9000      0.431941602851E+00
  174.0000      0.444626873021E+00
  174.1000      0.439367319480E+00
  174.2000      0.430179368412E+00
  174.3000      0.446884210680E+00
  174.4000      0.450096493421E+00
  174.5000      0.442806647835E+00
  174.6000      0.462143055459E+00
  174.7000      0.471460151504E+00
  174.8000      0.461934832131E+00
  174.9000      0.476676994716E+00
  175.0000      0.485136219543E+00
  175.1000      0.467984510420E+00
  175.2000      0.472098751603E+00
  175.3000      0.476587890437E+00
  175.4000      0.453959057589E+00
  175.5000      0.450510650339E+00
  175.6000      0.455860752335E+00
  175.7000      0.436310549174E+00
  175.8000      0.432670575514E+00
  175.9000      0.443915408668E+00
  176.0000      0.432174989928E+00
  176.1000      0.430572717056E+00
  176.2000      0.447163041679E+00
  176.3000      0.441979164629E+00
  176.4000      0.440745729453E+00
  176.5000      0.461516821199E+00
  176.6000      0.462629408939E+00
  176.7000      0.461576472990E+00
  176.8000      0.486903678937E+00
  176.9000      0.494511665854E+00
  177.0000      0.490821614948E+00
  177.1000      0.514938965534E+00
  177.2000      0.522417519147E+00
  177.3000      0.506907757846E+00
  177.4000      0.517842653356E+00
  177.5000      0.516572275731E+00
  177.6000      0.484915813553E+00
  177.7000      0.479424827099E+00
  177.8000      0.472621516708E+00
  177.9000      0.436117892930E+00
  178.0000      0.426046407277E+00
  178.1000      0.426693594425E+00
  178.2000      0.401135426765E+00
  178.3000      0.398231213564E+00
  178.4000      0.412595363372E+00
  178.5000      0.401597311499E+00
  178.6000      0.406416108919E+00
  178.7000      0.432984952981E+00
  178.8000      0.434222317191E+00
  178.9000      0.446853706666E+00
  179.0000      0.491597130214E+00
  179.1000      0.511385865679E+00
  179.2000      0.537034382644E+00
  179.3000      0.609963604796E+00
  179.4000      0.652731003473E+00
  179.5000      0.680848810647E+00
  179.6000      0.771118709997E+00
  179.7000      0.820019966471E+00
  179.8000      0.806849523765E+00
  179.9000      0.890475994480E+00
  180.0000      0.104562984394E+01
