    0.1000      0.491528556270E+07
    0.2000      0.889773340953E+06
    0.3000      0.281047170272E+06
    0.4000      0.130997586814E+06
    0.5000      0.111332614225E+06
    0.6000      0.626591775131E+05
    0.7000      0.472896101346E+05
    0.8000      0.352100052811E+05
    0.9000      0.294401381622E+05
    1.0000      0.251362857916E+05
    1.1000      0.208541075688E+05
    1.2000      0.183249792939E+05
    1.3000      0.131642876303E+05
    1.4000      0.950593525934E+04
    1.5000      0.903251962479E+04
    1.6000      0.715106312065E+04
    1.7000      0.480221029420E+04
    1.8000      0.355935979123E+04
    1.9000      0.301230470174E+04
    2.0000      0.277034303521E+04
    2.1000      0.209318419240E+04
    2.2000      0.160519569654E+04
    2.3000      0.143722044823E+04
    2.4000      0.123850329229E+04
    2.5000      0.100366927988E+04
    2.6000      0.834438834351E+03
    2.7000      0.777032683735E+03
    2.8000      0.645259421042E+03
    2.9000      0.589067955869E+03
    3.0000      0.533233948361E+03
    3.1000      0.437406917531E+03
    3.2000      0.443152361404E+03
    3.3000      0.438122619340E+03
    3.4000      0.439375963035E+03
    3.5000      0.380942660772E+03
    3.6000      0.319810411927E+03
    3.7000      0.290566116653E+03
    3.8000      0.295267966305E+03
    3.9000      0.320210397173E+03
    4.0000      0.370300195427E+03
    4.1000      0.384882634889E+03
    4.2000      0.315804713618E+03
    4.3000      0.267350917231E+03
    4.4000      0.210284630138E+03
    4.5000      0.230660775201E+03
    4.6000      0.263166886680E+03
    4.7000      0.284424294826E+03
    4.8000      0.285746169015E+03
    4.9000      0.237973739008E+03
    5.0000      0.188069345073E+03
    5.1000      0.164008550307E+03
    5.2000      0.178874208171E+03
    5.3000      0.209529615027E+03
    5.4000      0.229988233563E+03
    5.5000      0.208939674509E+03
    5.6000      0.183078705975E+03
    5.7000      0.146153917558E+03
    5.8000      0.140686061095E+03
    5.9000      0.146380026090E+03
    6.0000      0.152950451419E+03
    6.1000      0.155455100468E+03
    6.2000      0.142286644480E+03
    6.3000      0.130337273227E+03
    6.4000      0.114624299058E+03
    6.5000      0.993528100624E+02
    6.6000      0.884572169857E+02
    6.7000      0.890757828254E+02
    6.8000      0.894340529574E+02
    6.9000      0.982234622952E+02
    7.0000      0.882880133633E+02
    7.1000      0.747871786607E+02
    7.2000      0.572779968909E+02
    7.3000      0.460517229414E+02
    7.4000      0.536751036100E+02
    7.5000      0.636949925998E+02
    7.6000      0.715979475702E+02
    7.7000      0.650282849799E+02
    7.8000      0.498098285844E+02
    7.9000      0.364962097108E+02
    8.0000      0.351726745883E+02
    8.1000      0.410206788369E+02
    8.2000      0.496991959519E+02
    8.3000      0.493310795959E+02
    8.4000      0.423279518656E+02
    8.5000      0.327972347012E+02
    8.6000      0.265709690553E+02
    8.7000      0.257700487976E+02
    8.8000      0.266636042051E+02
    8.9000      0.274741130113E+02
    9.0000      0.265389527110E+02
    9.1000      0.251647818893E+02
    9.2000      0.236179665067E+02
    9.3000      0.212665138294E+02
    9.4000      0.179581884721E+02
    9.5000      0.157083143488E+02
    9.6000      0.155229391591E+02
    9.7000      0.192763566294E+02
    9.8000      0.232669417018E+02
    9.9000      0.244815308032E+02
   10.0000      0.216114635139E+02
   10.1000      0.162421249820E+02
   10.2000      0.134447265526E+02
   10.3000      0.151253153738E+02
   10.4000      0.198197147271E+02
   10.5000      0.231821847574E+02
   10.6000      0.222696838284E+02
   10.7000      0.173225515516E+02
   10.8000      0.125224802774E+02
   10.9000      0.110558798684E+02
   11.0000      0.126537447346E+02
   11.1000      0.157071473362E+02
   11.2000      0.158481788406E+02
   11.3000      0.137995244690E+02
   11.4000      0.105249014413E+02
   11.5000      0.864042204515E+01
   11.6000      0.890066413085E+01
   11.7000      0.995935329294E+01
   11.8000      0.104490222331E+02
   11.9000      0.995702100438E+01
   12.0000      0.920803143079E+01
   12.1000      0.925358778450E+01
   12.2000      0.968379834145E+01
   12.3000      0.101201579236E+02
   12.4000      0.932637734421E+01
   12.5000      0.840782786684E+01
   12.6000      0.806240262785E+01
   12.7000      0.872553567100E+01
   12.8000      0.103659295883E+02
   12.9000      0.107345103479E+02
   13.0000      0.999575376644E+01
   13.1000      0.814266555608E+01
   13.2000      0.682685986942E+01
   13.3000      0.693872750636E+01
   13.4000      0.853289477847E+01
   13.5000      0.948652802759E+01
   13.6000      0.101405198747E+02
   13.7000      0.875969939967E+01
   13.8000      0.779329704766E+01
   13.9000      0.731688324141E+01
   14.0000      0.769811920364E+01
   14.1000      0.893574326952E+01
   14.2000      0.939882257627E+01
   14.3000      0.968174284946E+01
   14.4000      0.944826249669E+01
   14.5000      0.933621693387E+01
   14.6000      0.935550602737E+01
   14.7000      0.937258480067E+01
   14.8000      0.904976581606E+01
   14.9000      0.894201917397E+01
   15.0000      0.881763391530E+01
   15.1000      0.925807519516E+01
   15.2000      0.946541735626E+01
   15.3000      0.927108902025E+01
   15.4000      0.841633952660E+01
   15.5000      0.733408902528E+01
   15.6000      0.669043078676E+01
   15.7000      0.672930867658E+01
   15.8000      0.719737257039E+01
   15.9000      0.745431365901E+01
   16.0000      0.708585762529E+01
   16.1000      0.623823510641E+01
   16.2000      0.545729516291E+01
   16.3000      0.520338533016E+01
   16.4000      0.538087980502E+01
   16.5000      0.574490103392E+01
   16.6000      0.564680877314E+01
   16.7000      0.539558636075E+01
   16.8000      0.500503861966E+01
   16.9000      0.496879314451E+01
   17.0000      0.517589815810E+01
   17.1000      0.528716637335E+01
   17.2000      0.507227647729E+01
   17.3000      0.467891128730E+01
   17.4000      0.428919138810E+01
   17.5000      0.447863230604E+01
   17.6000      0.492594285904E+01
   17.7000      0.525535165933E+01
   17.8000      0.527234630143E+01
   17.9000      0.452759811914E+01
   18.0000      0.405652830587E+01
   18.1000      0.379551398540E+01
   18.2000      0.431205224877E+01
   18.3000      0.501277841851E+01
   18.4000      0.539912729933E+01
   18.5000      0.517671109961E+01
   18.6000      0.456530394389E+01
   18.7000      0.405648329627E+01
   18.8000      0.415489471387E+01
   18.9000      0.472449544408E+01
   19.0000      0.539316246566E+01
   19.1000      0.560721290249E+01
   19.2000      0.534255622913E+01
   19.3000      0.473170655519E+01
   19.4000      0.441872906816E+01
   19.5000      0.444986053034E+01
   19.6000      0.482381393351E+01
   19.7000      0.514989420111E+01
   19.8000      0.513079934394E+01
   19.9000      0.478424436313E+01
   20.0000      0.440060370313E+01
   20.1000      0.404965158483E+01
   20.2000      0.402151615390E+01
   20.3000      0.402637255272E+01
   20.4000      0.392591069803E+01
   20.5000      0.389287986610E+01
   20.6000      0.358215431192E+01
   20.7000      0.360530616146E+01
   20.8000      0.348582078676E+01
   20.9000      0.346157104902E+01
   21.0000      0.330408442848E+01
   21.1000      0.306160696276E+01
   21.2000      0.290939130814E+01
   21.3000      0.299647037343E+01
   21.4000      0.326486209074E+01
   21.5000      0.363555370491E+01
   21.6000      0.386116101737E+01
   21.7000      0.375944519613E+01
   21.8000      0.359790496065E+01
   21.9000      0.339094229066E+01
   22.0000      0.351344585360E+01
   22.1000      0.395044437474E+01
   22.2000      0.445019232734E+01
   22.3000      0.494288412574E+01
   22.4000      0.507209248800E+01
   22.5000      0.497628471054E+01
   22.6000      0.476724887464E+01
   22.7000      0.467389111011E+01
   22.8000      0.473126167742E+01
   22.9000      0.512789122790E+01
   23.0000      0.534756470901E+01
   23.1000      0.570986823125E+01
   23.2000      0.562399709846E+01
   23.3000      0.545368465817E+01
   23.4000      0.513927717489E+01
   23.5000      0.474500819513E+01
   23.6000      0.462443046563E+01
   23.7000      0.452396423348E+01
   23.8000      0.463483151082E+01
   23.9000      0.470519296405E+01
   24.0000      0.462043640600E+01
   24.1000      0.435134797091E+01
   24.2000      0.394146809179E+01
   24.3000      0.341329918452E+01
   24.4000      0.317891887883E+01
   24.5000      0.295051572729E+01
   24.6000      0.313396627650E+01
   24.7000      0.319056637871E+01
   24.8000      0.329611210902E+01
   24.9000      0.315699509691E+01
   25.0000      0.289810223083E+01
   25.1000      0.261545480761E+01
   25.2000      0.243663975532E+01
   25.3000      0.244477281432E+01
   25.4000      0.266438132910E+01
   25.5000      0.290622686529E+01
   25.6000      0.320224868675E+01
   25.7000      0.325382622178E+01
   25.8000      0.328683544049E+01
   25.9000      0.310955388005E+01
   26.0000      0.303088402806E+01
   26.1000      0.301107573148E+01
   26.2000      0.312350796416E+01
   26.3000      0.340156997795E+01
   26.4000      0.361997890738E+01
   26.5000      0.379074287070E+01
   26.6000      0.376689095923E+01
   26.7000      0.353334726665E+01
   26.8000      0.329717180381E+01
   26.9000      0.305625208607E+01
   27.0000      0.299068573666E+01
   27.1000      0.315755601083E+01
   27.2000      0.321336887454E+01
   27.3000      0.342197547230E+01
   27.4000      0.316803614801E+01
   27.5000      0.297370869582E+01
   27.6000      0.253357151223E+01
   27.7000      0.227841486254E+01
   27.8000      0.218295613400E+01
   27.9000      0.227133475632E+01
   28.0000      0.240792843417E+01
   28.1000      0.252973013135E+01
   28.2000      0.237561742818E+01
   28.3000      0.223875417451E+01
   28.4000      0.191200989750E+01
   28.5000      0.182128663620E+01
   28.6000      0.179803201148E+01
   28.7000      0.193594205772E+01
   28.8000      0.212740873742E+01
   28.9000      0.219804122839E+01
   29.0000      0.223451325892E+01
   29.1000      0.212669807610E+01
   29.2000      0.204734580318E+01
   29.3000      0.201253713824E+01
   29.4000      0.201949475057E+01
   29.5000      0.212645477161E+01
   29.6000      0.218363091682E+01
   29.7000      0.224177126270E+01
   29.8000      0.227464765436E+01
   29.9000      0.219957336678E+01
   30.0000      0.223777900571E+01
   30.1000      0.210192412835E+01
   30.2000      0.213297483866E+01
   30.3000      0.202578573596E+01
   30.4000      0.202318236418E+01
   30.5000      0.199584720466E+01
   30.6000      0.199860784177E+01
   30.7000      0.199216789544E+01
   30.8000      0.200602846299E+01
   30.9000      0.190813138222E+01
   31.0000      0.190295187029E+01
   31.1000      0.175719796377E+01
   31.2000      0.176435290665E+01
   31.3000      0.172063101149E+01
   31.4000      0.176561334082E+01
   31.5000      0.182534732930E+01
   31.6000      0.185708179284E+01
   31.7000      0.189859493842E+01
   31.8000      0.188766551352E+01
   31.9000      0.187836300866E+01
   32.0000      0.187329491520E+01
   32.1000      0.187768515165E+01
   32.2000      0.193758858213E+01
   32.3000      0.198923952287E+01
   32.4000      0.211123093193E+01
   32.5000      0.216337456205E+01
   32.6000      0.225259396118E+01
   32.7000      0.224255189018E+01
   32.8000      0.221822103656E+01
   32.9000      0.218923265363E+01
   33.0000      0.214251165304E+01
   33.1000      0.219822619948E+01
   33.2000      0.225180897387E+01
   33.3000      0.232793970680E+01
   33.4000      0.238045662411E+01
   33.5000      0.231434416603E+01
   33.6000      0.222231105928E+01
   33.7000      0.210469263033E+01
   33.8000      0.197089092835E+01
   33.9000      0.202868979495E+01
   34.0000      0.197073887165E+01
   34.1000      0.210848877567E+01
   34.2000      0.201838252113E+01
   34.3000      0.197944848191E+01
   34.4000      0.181732324535E+01
   34.5000      0.168642078205E+01
   34.6000      0.161339381366E+01
   34.7000      0.162294533224E+01
   34.8000      0.163751336111E+01
   34.9000      0.171117146662E+01
   35.0000      0.163317094392E+01
   35.1000      0.161088217501E+01
   35.2000      0.148302329292E+01
   35.3000      0.145341773681E+01
   35.4000      0.145540637954E+01
   35.5000      0.149382380882E+01
   35.6000      0.156183830614E+01
   35.7000      0.155908721142E+01
   35.8000      0.155012510901E+01
   35.9000      0.150632131745E+01
   36.0000      0.149175794771E+01
   36.1000      0.153264271986E+01
   36.2000      0.157373038461E+01
   36.3000      0.164961857664E+01
   36.4000      0.164126548794E+01
   36.5000      0.162992614460E+01
   36.6000      0.158122464772E+01
   36.7000      0.154977682715E+01
   36.8000      0.159826939300E+01
   36.9000      0.161859139113E+01
   37.0000      0.170660587098E+01
   37.1000      0.168265586062E+01
   37.2000      0.165225317633E+01
   37.3000      0.156883173089E+01
   37.4000      0.149583312855E+01
   37.5000      0.148151042964E+01
   37.6000      0.151544969063E+01
   37.7000      0.153995380797E+01
   37.8000      0.160524366647E+01
   37.9000      0.151182570335E+01
   38.0000      0.149939373621E+01
   38.1000      0.134417590455E+01
   38.2000      0.133335910471E+01
   38.3000      0.129593900927E+01
   38.4000      0.134243092676E+01
   38.5000      0.138200076135E+01
   38.6000      0.138876291181E+01
   38.7000      0.134945275561E+01
   38.8000      0.129979281389E+01
   38.9000      0.121204461892E+01
   39.0000      0.122216328842E+01
   39.1000      0.119732538280E+01
   39.2000      0.127019973000E+01
   39.3000      0.127715049584E+01
   39.4000      0.129452088262E+01
   39.5000      0.127211135070E+01
   39.6000      0.122876916699E+01
   39.7000      0.122346770456E+01
   39.8000      0.121353192954E+01
   39.9000      0.124745946272E+01
   40.0000      0.127275835630E+01
   40.1000      0.127484397968E+01
   40.2000      0.128012253948E+01
   40.3000      0.124065507974E+01
   40.4000      0.124480852192E+01
   40.5000      0.124315775415E+01
   40.6000      0.126596162907E+01
   40.7000      0.130785987302E+01
   40.8000      0.129170279513E+01
   40.9000      0.130733162867E+01
   41.0000      0.124344692750E+01
   41.1000      0.123975662101E+01
   41.2000      0.122132653794E+01
   41.3000      0.125367928475E+01
   41.4000      0.130077918631E+01
   41.5000      0.133535444315E+01
   41.6000      0.134015887612E+01
   41.7000      0.132387697567E+01
   41.8000      0.125348994525E+01
   41.9000      0.125069859553E+01
   42.0000      0.121244694504E+01
   42.1000      0.129163245199E+01
   42.2000      0.132350219758E+01
   42.3000      0.139999288057E+01
   42.4000      0.140288060108E+01
   42.5000      0.137941709452E+01
   42.6000      0.132514910010E+01
   42.7000      0.128079421895E+01
   42.8000      0.126968449394E+01
   42.9000      0.131807074791E+01
   43.0000      0.136570401389E+01
   43.1000      0.144489876105E+01
   43.2000      0.143622533208E+01
   43.3000      0.143447613603E+01
   43.4000      0.135035420301E+01
   43.5000      0.131416324097E+01
   43.6000      0.127767116860E+01
   43.7000      0.130045086406E+01
   43.8000      0.134370204995E+01
   43.9000      0.137844483737E+01
   44.0000      0.138581121351E+01
   44.1000      0.135631001108E+01
   44.2000      0.128455404783E+01
   44.3000      0.124911105742E+01
   44.4000      0.119047307117E+01
   44.5000      0.121980619190E+01
   44.6000      0.121516627108E+01
   44.7000      0.124356045349E+01
   44.8000      0.123330924622E+01
   44.9000      0.118840781661E+01
   45.0000      0.116082896689E+01
   45.1000      0.110328798866E+01
   45.2000      0.110562246454E+01
   45.3000      0.110471607710E+01
   45.4000      0.111757614614E+01
   45.5000      0.112876094692E+01
   45.6000      0.110143788238E+01
   45.7000      0.107773366672E+01
   45.8000      0.105238648152E+01
   45.9000      0.103278297638E+01
   46.0000      0.107316233548E+01
   46.1000      0.107537165729E+01
   46.2000      0.113221524760E+01
   46.3000      0.110709387689E+01
   46.4000      0.110644911621E+01
   46.5000      0.106024948815E+01
   46.6000      0.104490402470E+01
   46.7000      0.105112899355E+01
   46.8000      0.108780174789E+01
   46.9000      0.113584261541E+01
   47.0000      0.117834608622E+01
   47.1000      0.117190735955E+01
   47.2000      0.116009789165E+01
   47.3000      0.109363582182E+01
   47.4000      0.108287630352E+01
   47.5000      0.105410154952E+01
   47.6000      0.110500587853E+01
   47.7000      0.113317473388E+01
   47.8000      0.118037430491E+01
   47.9000      0.117879444955E+01
   48.0000      0.114794179545E+01
   48.1000      0.109267343136E+01
   48.2000      0.104440597087E+01
   48.3000      0.100742127746E+01
   48.4000      0.103126408907E+01
   48.5000      0.103031458911E+01
   48.6000      0.108928864845E+01
   48.7000      0.105915862926E+01
   48.8000      0.106493790881E+01
   48.9000      0.995489020947E+00
   49.0000      0.956770347786E+00
   49.1000      0.918409380718E+00
   49.2000      0.902205764544E+00
   49.3000      0.914537437839E+00
   49.4000      0.928064164728E+00
   49.5000      0.926848081416E+00
   49.6000      0.933735772612E+00
   49.7000      0.887562830830E+00
   49.8000      0.884979365702E+00
   49.9000      0.840582652188E+00
   50.0000      0.843552983317E+00
   50.1000      0.839243212833E+00
   50.2000      0.836609789592E+00
   50.3000      0.854942363457E+00
   50.4000      0.837538243483E+00
   50.5000      0.852751633658E+00
   50.6000      0.840918709031E+00
   50.7000      0.847110350772E+00
   50.8000      0.852613276765E+00
   50.9000      0.846463033661E+00
   51.0000      0.851906477787E+00
   51.1000      0.839650260006E+00
   51.2000      0.837152375278E+00
   51.3000      0.844974422952E+00
   51.4000      0.846292529164E+00
   51.5000      0.881072407585E+00
   51.6000      0.879561740720E+00
   51.7000      0.905717778113E+00
   51.8000      0.883421677777E+00
   51.9000      0.877470959005E+00
   52.0000      0.853268182889E+00
   52.1000      0.844042406290E+00
   52.2000      0.853299642312E+00
   52.3000      0.868468585968E+00
   52.4000      0.893331311317E+00
   52.5000      0.911027855023E+00
   52.6000      0.897288903410E+00
   52.7000      0.894826641804E+00
   52.8000      0.841736815098E+00
   52.9000      0.844127818924E+00
   53.0000      0.808813184665E+00
   53.1000      0.838552024333E+00
   53.2000      0.843134893243E+00
   53.3000      0.867970814271E+00
   53.4000      0.870467614732E+00
   53.5000      0.857052294046E+00
   53.6000      0.828208750452E+00
   53.7000      0.807767038737E+00
   53.8000      0.771853085799E+00
   53.9000      0.793285820325E+00
   54.0000      0.773072213843E+00
   54.1000      0.821649027355E+00
   54.2000      0.801884486764E+00
   54.3000      0.823706401596E+00
   54.4000      0.793493163377E+00
   54.5000      0.779628147518E+00
   54.6000      0.759941373393E+00
   54.7000      0.750375440813E+00
   54.8000      0.752297770194E+00
   54.9000      0.768552464707E+00
   55.0000      0.766224568625E+00
   55.1000      0.790362670646E+00
   55.2000      0.762932692836E+00
   55.3000      0.778496105604E+00
   55.4000      0.745523471458E+00
   55.5000      0.756148165500E+00
   55.6000      0.745740371045E+00
   55.7000      0.753038710181E+00
   55.8000      0.761243229536E+00
   55.9000      0.759531603345E+00
   56.0000      0.763973587304E+00
   56.1000      0.759596416679E+00
   56.2000      0.752119448188E+00
   56.3000      0.760188263316E+00
   56.4000      0.746438109376E+00
   56.5000      0.765683416711E+00
   56.6000      0.750110239208E+00
   56.7000      0.762832421741E+00
   56.8000      0.751178554155E+00
   56.9000      0.749190462978E+00
   57.0000      0.750786134720E+00
   57.1000      0.742982080816E+00
   57.2000      0.755515402484E+00
   57.3000      0.750504710912E+00
   57.4000      0.755433990475E+00
   57.5000      0.754032811881E+00
   57.6000      0.740482843861E+00
   57.7000      0.744092303727E+00
   57.8000      0.725856905614E+00
   57.9000      0.734859630296E+00
   58.0000      0.731401004258E+00
   58.1000      0.735364511454E+00
   58.2000      0.746360728736E+00
   58.3000      0.732964779915E+00
   58.4000      0.743876141477E+00
   58.5000      0.719789404635E+00
   58.6000      0.723505673357E+00
   58.7000      0.710701123389E+00
   58.8000      0.710723985187E+00
   58.9000      0.717491413142E+00
   59.0000      0.716422472974E+00
   59.1000      0.725436310925E+00
   59.2000      0.723859115440E+00
   59.3000      0.715387457940E+00
   59.4000      0.718958192960E+00
   59.5000      0.695161795773E+00
   59.6000      0.710006879878E+00
   59.7000      0.688490711397E+00
   59.8000      0.709029770453E+00
   59.9000      0.700070474710E+00
   60.0000      0.711764807370E+00
   60.1000      0.710522836769E+00
   60.2000      0.707873592318E+00
   60.3000      0.704902449634E+00
   60.4000      0.699757767512E+00
   60.5000      0.690790293123E+00
   60.6000      0.698731994471E+00
   60.7000      0.684524344245E+00
   60.8000      0.706834751552E+00
   60.9000      0.689883739971E+00
   61.0000      0.712733556997E+00
   61.1000      0.696678139900E+00
   61.2000      0.706758317087E+00
   61.3000      0.695914269536E+00
   61.4000      0.694068238793E+00
   61.5000      0.690095683318E+00
   61.6000      0.689081970690E+00
   61.7000      0.687507189849E+00
   61.8000      0.697696259964E+00
   61.9000      0.689808201553E+00
   62.0000      0.708848693533E+00
   62.1000      0.690070647362E+00
   62.2000      0.707363914152E+00
   62.3000      0.684355493380E+00
   62.4000      0.693616777401E+00
   62.5000      0.679637301869E+00
   62.6000      0.683764975004E+00
   62.7000      0.683872586129E+00
   62.8000      0.688164520577E+00
   62.9000      0.691417719209E+00
   63.0000      0.697241387063E+00
   63.1000      0.688349314522E+00
   63.2000      0.695761967394E+00
   63.3000      0.673689017175E+00
   63.4000      0.685000869003E+00
   63.5000      0.664280734629E+00
   63.6000      0.679457593129E+00
   63.7000      0.671818659853E+00
   63.8000      0.683446667451E+00
   63.9000      0.684272508776E+00
   64.0000      0.684632050907E+00
   64.1000      0.681519439224E+00
   64.2000      0.675013811453E+00
   64.3000      0.664344873802E+00
   64.4000      0.665422094275E+00
   64.5000      0.653623294689E+00
   64.6000      0.668809304847E+00
   64.7000      0.659990273889E+00
   64.8000      0.677924827606E+00
   64.9000      0.669066690957E+00
   65.0000      0.674202802256E+00
   65.1000      0.663976532414E+00
   65.2000      0.656452210995E+00
   65.3000      0.650377394858E+00
   65.4000      0.644934316044E+00
   65.5000      0.646210258512E+00
   65.6000      0.652331184085E+00
   65.7000      0.653142259281E+00
   65.8000      0.664378841075E+00
   65.9000      0.654405470306E+00
   66.0000      0.660003152214E+00
   66.1000      0.642030012635E+00
   66.2000      0.641746851401E+00
   66.3000      0.630453243060E+00
   66.4000      0.631494263196E+00
   66.5000      0.634516446319E+00
   66.6000      0.638246186810E+00
   66.7000      0.645442635561E+00
   66.8000      0.645977017860E+00
   66.9000      0.642592089344E+00
   67.0000      0.638698684575E+00
   67.1000      0.624459419870E+00
   67.2000      0.624168241254E+00
   67.3000      0.612167443622E+00
   67.4000      0.620916117602E+00
   67.5000      0.619154038782E+00
   67.6000      0.629297612155E+00
   67.7000      0.631469792293E+00
   67.8000      0.630954069089E+00
   67.9000      0.627891465315E+00
   68.0000      0.617367723155E+00
   68.1000      0.610383907595E+00
   68.2000      0.603829788987E+00
   68.3000      0.600473217169E+00
   68.4000      0.607039306201E+00
   68.5000      0.607570112033E+00
   68.6000      0.619540126174E+00
   68.7000      0.616059465539E+00
   68.8000      0.619616566042E+00
   68.9000      0.609345002330E+00
   69.0000      0.602810903342E+00
   69.1000      0.594440761564E+00
   69.2000      0.588872976173E+00
   69.3000      0.590838447970E+00
   69.4000      0.593676531928E+00
   69.5000      0.600882056062E+00
   69.6000      0.606759622893E+00
   69.7000      0.606006734458E+00
   69.8000      0.606747721630E+00
   69.9000      0.594433246364E+00
   70.0000      0.591839973918E+00
   70.1000      0.579222615656E+00
   70.2000      0.581388955262E+00
   70.3000      0.579767236361E+00
   70.4000      0.587295514995E+00
   70.5000      0.593517773240E+00
   70.6000      0.597332239683E+00
   70.7000      0.599135429055E+00
   70.8000      0.593976030670E+00
   70.9000      0.586674276008E+00
   71.0000      0.580316018991E+00
   71.1000      0.571499982449E+00
   71.2000      0.575147909346E+00
   71.3000      0.572401196919E+00
   71.4000      0.585008186762E+00
   71.5000      0.585547174566E+00
   71.6000      0.594290802663E+00
   71.7000      0.590911335053E+00
   71.8000      0.587764182781E+00
   71.9000      0.580814894876E+00
   72.0000      0.572749415537E+00
   72.1000      0.569652240876E+00
   72.2000      0.569033918130E+00
   72.3000      0.572232315465E+00
   72.4000      0.581084450566E+00
   72.5000      0.582904979263E+00
   72.6000      0.591960432621E+00
   72.7000      0.584855092773E+00
   72.8000      0.586934825329E+00
   72.9000      0.574835791910E+00
   73.0000      0.573232129210E+00
   73.1000      0.567448215661E+00
   73.2000      0.569067010249E+00
   73.3000      0.573652936320E+00
   73.4000      0.578656428335E+00
   73.5000      0.584940983966E+00
   73.6000      0.587956173782E+00
   73.7000      0.585459186642E+00
   73.8000      0.585197746745E+00
   73.9000      0.574310417334E+00
   74.0000      0.576310416336E+00
   74.1000      0.566687196551E+00
   74.2000      0.574831655117E+00
   74.3000      0.572976672422E+00
   74.4000      0.582484369220E+00
   74.5000      0.585123168350E+00
   74.6000      0.587927189084E+00
   74.7000      0.588126986148E+00
   74.8000      0.583830090837E+00
   74.9000      0.579803260726E+00
   75.0000      0.577126298140E+00
   75.1000      0.572307686926E+00
   75.2000      0.578600895710E+00
   75.3000      0.575208285384E+00
   75.4000      0.587476661216E+00
   75.5000      0.583905168342E+00
   75.6000      0.592574799823E+00
   75.7000      0.587546594856E+00
   75.8000      0.587701118763E+00
   75.9000      0.583651488564E+00
   76.0000      0.579811684325E+00
   76.1000      0.579712158164E+00
   76.2000      0.579507118158E+00
   76.3000      0.581681183713E+00
   76.4000      0.587386471446E+00
   76.5000      0.586343842260E+00
   76.6000      0.594053424629E+00
   76.7000      0.587078741970E+00
   76.8000      0.592473439274E+00
   76.9000      0.583501624641E+00
   77.0000      0.585997027980E+00
   77.1000      0.581501251706E+00
   77.2000      0.582844980225E+00
   77.3000      0.584586973044E+00
   77.4000      0.585777810211E+00
   77.5000      0.589012179409E+00
   77.6000      0.590111993222E+00
   77.7000      0.588937886304E+00
   77.8000      0.590793266661E+00
   77.9000      0.584119500926E+00
   78.0000      0.588191592041E+00
   78.1000      0.580024098877E+00
   78.2000      0.586044832626E+00
   78.3000      0.580886150363E+00
   78.4000      0.585998737455E+00
   78.5000      0.584884299378E+00
   78.6000      0.586286052677E+00
   78.7000      0.586851578157E+00
   78.8000      0.585093234467E+00
   78.9000      0.584286105154E+00
   79.0000      0.583114625913E+00
   79.1000      0.579476903083E+00
   79.2000      0.582142971446E+00
   79.3000      0.576333622369E+00
   79.4000      0.582368701722E+00
   79.5000      0.576376953576E+00
   79.6000      0.582134096247E+00
   79.7000      0.577901374814E+00
   79.8000      0.580027069684E+00
   79.9000      0.578127781111E+00
   80.0000      0.576471532063E+00
   80.1000      0.575745083448E+00
   80.2000      0.573258062290E+00
   80.3000      0.571831459981E+00
   80.4000      0.571874638570E+00
   80.5000      0.568686538882E+00
   80.6000      0.572144437716E+00
   80.7000      0.567543196919E+00
   80.8000      0.572136605383E+00
   80.9000      0.567281988516E+00
   81.0000      0.569705626379E+00
   81.1000      0.565749122584E+00
   81.2000      0.564771000014E+00
   81.3000      0.562434713276E+00
   81.4000      0.559956733537E+00
   81.5000      0.559147930938E+00
   81.6000      0.558088756575E+00
   81.7000      0.557507048636E+00
   81.8000      0.558792798636E+00
   81.9000      0.556497145846E+00
   82.0000      0.558499867671E+00
   82.1000      0.553742953324E+00
   82.2000      0.554566179137E+00
   82.3000      0.549071835762E+00
   82.4000      0.548648913043E+00
   82.5000      0.545245780751E+00
   82.6000      0.544753365525E+00
   82.7000      0.544302164454E+00
   82.8000      0.544147671338E+00
   82.9000      0.544366211277E+00
   83.0000      0.543782501411E+00
   83.1000      0.541746913976E+00
   83.2000      0.540414174346E+00
   83.3000      0.535929093005E+00
   83.4000      0.534927355815E+00
   83.5000      0.530626276915E+00
   83.6000      0.531010960763E+00
   83.7000      0.529077096112E+00
   83.8000      0.530051007767E+00
   83.9000      0.529717357402E+00
   84.0000      0.529276444142E+00
   84.1000      0.528143116477E+00
   84.2000      0.525655480204E+00
   84.3000      0.522880423161E+00
   84.4000      0.520110743102E+00
   84.5000      0.517296415935E+00
   84.6000      0.516265521448E+00
   84.7000      0.515136405329E+00
   84.8000      0.515512655484E+00
   84.9000      0.515662972201E+00
   85.0000      0.515173891112E+00
   85.1000      0.514774037380E+00
   85.2000      0.512178376042E+00
   85.3000      0.510446753631E+00
   85.4000      0.507180658237E+00
   85.5000      0.505272138267E+00
   85.6000      0.503588021329E+00
   85.7000      0.502938252247E+00
   85.8000      0.502945699753E+00
   85.9000      0.503495965963E+00
   86.0000      0.502946775565E+00
   86.1000      0.503536134503E+00
   86.2000      0.500643617239E+00
   86.3000      0.500724756063E+00
   86.4000      0.496437067624E+00
   86.5000      0.496603420119E+00
   86.6000      0.493504757439E+00
   86.7000      0.494243158176E+00
   86.8000      0.493519592144E+00
   86.9000      0.494220672250E+00
   87.0000      0.494408232960E+00
   87.1000      0.494253008797E+00
   87.2000      0.493078460985E+00
   87.3000      0.492589326878E+00
   87.4000      0.489435903515E+00
   87.5000      0.490280990746E+00
   87.6000      0.486421498085E+00
   87.7000      0.489340647099E+00
   87.8000      0.486170743470E+00
   87.9000      0.489644353621E+00
   88.0000      0.487430077676E+00
   88.1000      0.489079540888E+00
   88.2000      0.487451581369E+00
   88.3000      0.486730650193E+00
   88.4000      0.485551636660E+00
   88.5000      0.484495251099E+00
   88.6000      0.483569850042E+00
   88.7000      0.484643070269E+00
   88.8000      0.482994400335E+00
   88.9000      0.486569444886E+00
   89.0000      0.483044998983E+00
   89.1000      0.487317940897E+00
   89.2000      0.482301837420E+00
   89.3000      0.485365597392E+00
   89.4000      0.481190815697E+00
   89.5000      0.482628918406E+00
   89.6000      0.481428372266E+00
   89.7000      0.481980341849E+00
   89.8000      0.483130310873E+00
   89.9000      0.483623298895E+00
   90.0000      0.484004053741E+00
   90.1000      0.485135291896E+00
   90.2000      0.482290085116E+00
   90.3000      0.484889085413E+00
   90.4000      0.479580534784E+00
   90.5000      0.484019557280E+00
   90.6000      0.479297529974E+00
   90.7000      0.484368131161E+00
   90.8000      0.482380909210E+00
   90.9000      0.485589402911E+00
   91.0000      0.485811985701E+00
   91.1000      0.485700769929E+00
   91.2000      0.486154771537E+00
   91.3000      0.484298609007E+00
   91.4000      0.483717783934E+00
   91.5000      0.483667578807E+00
   91.6000      0.482037638562E+00
   91.7000      0.485822495234E+00
   91.8000      0.483425369893E+00
   91.9000      0.489339175632E+00
   92.0000      0.486310516111E+00
   92.1000      0.490537744709E+00
   92.2000      0.487588752052E+00
   92.3000      0.487957442203E+00
   92.4000      0.486659518019E+00
   92.5000      0.484510369538E+00
   92.6000      0.485892804015E+00
   92.7000      0.484338923924E+00
   92.8000      0.487159609029E+00
   92.9000      0.487982723536E+00
   93.0000      0.489181959957E+00
   93.1000      0.491667380482E+00
   93.2000      0.489234212001E+00
   93.3000      0.491605971345E+00
   93.4000      0.486960962258E+00
   93.5000      0.488235779582E+00
   93.6000      0.485252823176E+00
   93.7000      0.485490965026E+00
   93.8000      0.486803023847E+00
   93.9000      0.486156103595E+00
   94.0000      0.490509991785E+00
   94.1000      0.488860479855E+00
   94.2000      0.492347930035E+00
   94.3000      0.490093734922E+00
   94.4000      0.489987996920E+00
   94.5000      0.488545390016E+00
   94.6000      0.485738778976E+00
   94.7000      0.486439090626E+00
   94.8000      0.484128614090E+00
   94.9000      0.486419207521E+00
   95.0000      0.486781309188E+00
   95.1000      0.488082328487E+00
   95.2000      0.490567842233E+00
   95.3000      0.488569959799E+00
   95.4000      0.491206240998E+00
   95.5000      0.486397728968E+00
   95.6000      0.488041324587E+00
   95.7000      0.483547001290E+00
   95.8000      0.484460784421E+00
   95.9000      0.483069642288E+00
   96.0000      0.483753793952E+00
   96.1000      0.485198884035E+00
   96.2000      0.485528287459E+00
   96.3000      0.486877587367E+00
   96.4000      0.486705594013E+00
   96.5000      0.485328002278E+00
   96.6000      0.485385807880E+00
   96.7000      0.481311366819E+00
   96.8000      0.482767976096E+00
   96.9000      0.478228938313E+00
   97.0000      0.481216826730E+00
   97.1000      0.478284876629E+00
   97.2000      0.481303781888E+00
   97.3000      0.480207416679E+00
   97.4000      0.481404831140E+00
   97.5000      0.480881373326E+00
   97.6000      0.479939755594E+00
   97.7000      0.478737022047E+00
   97.8000      0.477294778636E+00
   97.9000      0.475148563745E+00
   98.0000      0.475253089239E+00
   98.1000      0.472675144657E+00
   98.2000      0.474842369125E+00
   98.3000      0.472358222032E+00
   98.4000      0.475155101906E+00
   98.5000      0.472914033648E+00
   98.6000      0.474387445107E+00
   98.7000      0.472368902115E+00
   98.8000      0.471853431111E+00
   98.9000      0.470164876104E+00
   99.0000      0.468748020665E+00
   99.1000      0.467519990138E+00
   99.2000      0.466849300939E+00
   99.3000      0.465877843123E+00
   99.4000      0.466600325018E+00
   99.5000      0.465332555254E+00
   99.6000      0.466681866760E+00
   99.7000      0.464758265383E+00
   99.8000      0.465515900624E+00
   99.9000      0.463285027982E+00
  100.0000      0.462973858805E+00
  100.1000      0.461252011392E+00
  100.2000      0.460397037109E+00
  100.3000      0.459597554685E+00
  100.4000      0.459040835840E+00
  100.5000      0.458644639650E+00
  100.6000      0.458799366368E+00
  100.7000      0.457843364839E+00
  100.8000      0.458534111627E+00
  100.9000      0.456627589231E+00
  101.0000      0.457384259307E+00
  101.1000      0.455134765616E+00
  101.2000      0.455515534066E+00
  101.3000      0.453907671095E+00
  101.4000      0.453711852322E+00
  101.5000      0.453114402151E+00
  101.6000      0.452537891315E+00
  101.7000      0.452335675904E+00
  101.8000      0.451962433736E+00
  101.9000      0.451104724501E+00
  102.0000      0.451567141963E+00
  102.1000      0.449468765748E+00
  102.2000      0.450930508414E+00
  102.3000      0.447948965162E+00
  102.4000      0.449868398957E+00
  102.5000      0.447015096626E+00
  102.6000      0.448473232310E+00
  102.7000      0.446625581197E+00
  102.8000      0.447008666705E+00
  102.9000      0.446242156379E+00
  103.0000      0.445770005235E+00
  103.1000      0.445313296250E+00
  103.2000      0.445008760940E+00
  103.3000      0.443818017043E+00
  103.4000      0.444861612478E+00
  103.5000      0.442331075710E+00
  103.6000      0.445162150878E+00
  103.7000      0.441474043376E+00
  103.8000      0.445306580225E+00
  103.9000      0.441310604025E+00
  104.0000      0.444588946768E+00
  104.1000      0.441387873257E+00
  104.2000      0.442971888339E+00
  104.3000      0.441351513209E+00
  104.4000      0.441458392770E+00
  104.5000      0.441293011199E+00
  104.6000      0.441321003830E+00
  104.7000      0.441357253196E+00
  104.8000      0.442742540992E+00
  104.9000      0.441249236179E+00
  105.0000      0.444402967962E+00
  105.1000      0.440525871040E+00
  105.2000      0.444694255823E+00
  105.3000      0.439428216887E+00
  105.4000      0.443344128820E+00
  105.5000      0.439028766983E+00
  105.6000      0.441639471880E+00
  105.7000      0.440162080066E+00
  105.8000      0.441012357136E+00
  105.9000      0.442240181883E+00
  106.0000      0.441607194859E+00
  106.1000      0.443476346284E+00
  106.2000      0.442366982773E+00
  106.3000      0.442554155827E+00
  106.4000      0.442370184580E+00
  106.5000      0.440088057183E+00
  106.6000      0.441813722306E+00
  106.7000      0.438288573465E+00
  106.8000      0.441591329854E+00
  106.9000      0.439004566855E+00
  107.0000      0.442054022090E+00
  107.1000      0.441947097393E+00
  107.2000      0.442440750178E+00
  107.3000      0.444832778423E+00
  107.4000      0.441742597444E+00
  107.5000      0.445453494979E+00
  107.6000      0.440143228863E+00
  107.7000      0.443784691295E+00
  107.8000      0.439307009043E+00
  107.9000      0.442008171322E+00
  108.0000      0.440793969250E+00
  108.1000      0.442285232581E+00
  108.2000      0.444049273463E+00
  108.3000      0.444540267245E+00
  108.4000      0.446373496666E+00
  108.5000      0.446687267638E+00
  108.6000      0.445445954213E+00
  108.7000      0.447076103533E+00
  108.8000      0.441954552347E+00
  108.9000      0.446318400127E+00
  109.0000      0.439275195882E+00
  109.1000      0.446321963655E+00
  109.2000      0.440173608280E+00
  109.3000      0.447731831776E+00
  109.4000      0.443939607159E+00
  109.5000      0.448966864217E+00
  109.6000      0.447082344126E+00
  109.7000      0.448122174953E+00
  109.8000      0.446858904726E+00
  109.9000      0.445494089078E+00
  110.0000      0.443885381511E+00
  110.1000      0.443654028244E+00
  110.2000      0.441235918368E+00
  110.3000      0.444799090534E+00
  110.4000      0.441232514012E+00
  110.5000      0.448214576917E+00
  110.6000      0.443331686658E+00
  110.7000      0.450648743976E+00
  110.8000      0.445076635690E+00
  110.9000      0.449401003376E+00
  111.0000      0.444865025281E+00
  111.1000      0.445118992203E+00
  111.2000      0.443571252685E+00
  111.3000      0.441433875927E+00
  111.4000      0.443366992351E+00
  111.5000      0.441562378985E+00
  111.6000      0.445050116567E+00
  111.7000      0.445110799170E+00
  111.8000      0.446879840185E+00
  111.9000      0.448379802645E+00
  112.0000      0.446423000115E+00
  112.1000      0.448029209347E+00
  112.2000      0.443524587238E+00
  112.3000      0.444358282684E+00
  112.4000      0.440930751293E+00
  112.5000      0.440741596627E+00
  112.6000      0.441495310935E+00
  112.7000      0.439921732232E+00
  112.8000      0.444888429355E+00
  112.9000      0.441286904598E+00
  113.0000      0.447592861110E+00
  113.1000      0.441993996565E+00
  113.2000      0.446416880109E+00
  113.3000      0.440374199050E+00
  113.4000      0.441798164277E+00
  113.5000      0.437671169480E+00
  113.6000      0.437394203771E+00
  113.7000      0.436357035341E+00
  113.8000      0.436480738598E+00
  113.9000      0.437179659734E+00
  114.0000      0.438903458816E+00
  114.1000      0.438276356032E+00
  114.2000      0.441478626639E+00
  114.3000      0.437226845485E+00
  114.4000      0.441175342262E+00
  114.5000      0.433779556017E+00
  114.6000      0.437888997402E+00
  114.7000      0.430358446794E+00
  114.8000      0.434250461755E+00
  114.9000      0.429735897582E+00
  115.0000      0.432816881928E+00
  115.1000      0.432130185043E+00
  115.2000      0.433509652560E+00
  115.3000      0.434702876266E+00
  115.4000      0.433924210485E+00
  115.5000      0.434185112939E+00
  115.6000      0.432136853624E+00
  115.7000      0.430145084703E+00
  115.8000      0.428882377459E+00
  115.9000      0.425504702772E+00
  116.0000      0.426638333752E+00
  116.1000      0.423629911567E+00
  116.2000      0.426669405641E+00
  116.3000      0.424996791978E+00
  116.4000      0.427451567419E+00
  116.5000      0.426926213845E+00
  116.6000      0.426323724349E+00
  116.7000      0.426504573535E+00
  116.8000      0.422514539928E+00
  116.9000      0.423438879318E+00
  117.0000      0.418142278282E+00
  117.1000      0.419979513315E+00
  117.2000      0.416088785044E+00
  117.3000      0.418370996586E+00
  117.4000      0.417064436321E+00
  117.5000      0.418659500445E+00
  117.6000      0.418903472819E+00
  117.7000      0.418929566802E+00
  117.8000      0.418666515631E+00
  117.9000      0.417463186657E+00
  118.0000      0.415400934711E+00
  118.1000      0.414530626652E+00
  118.2000      0.410987496755E+00
  118.3000      0.412050572620E+00
  118.4000      0.408336479896E+00
  118.5000      0.411530150615E+00
  118.6000      0.408618622832E+00
  118.7000      0.412375783112E+00
  118.8000      0.410193422066E+00
  118.9000      0.412347102933E+00
  119.0000      0.410303649271E+00
  119.1000      0.409860527441E+00
  119.2000      0.407823408901E+00
  119.3000      0.405810782171E+00
  119.4000      0.404269542151E+00
  119.5000      0.402824453266E+00
  119.6000      0.402092877238E+00
  119.7000      0.402586376119E+00
  119.8000      0.402108590310E+00
  119.9000      0.404081965905E+00
  120.0000      0.402800713893E+00
  120.1000      0.404607721833E+00
  120.2000      0.402121828598E+00
  120.3000      0.402455934711E+00
  120.4000      0.399668721188E+00
  120.5000      0.398539779980E+00
  120.6000      0.396940053227E+00
  120.7000      0.395398143379E+00
  120.8000      0.395674079938E+00
  120.9000      0.394727887314E+00
  121.0000      0.396102488006E+00
  121.1000      0.395932532247E+00
  121.2000      0.396774744292E+00
  121.3000      0.396848212250E+00
  121.4000      0.396025605162E+00
  121.5000      0.395758605648E+00
  121.6000      0.393603930760E+00
  121.7000      0.392901372710E+00
  121.8000      0.390940018150E+00
  121.9000      0.390136961025E+00
  122.0000      0.389844708582E+00
  122.1000      0.389123321970E+00
  122.2000      0.390746244442E+00
  122.3000      0.389778212614E+00
  122.4000      0.392133288094E+00
  122.5000      0.390457060344E+00
  122.6000      0.391949099501E+00
  122.7000      0.389649968296E+00
  122.8000      0.389607405623E+00
  122.9000      0.387505259688E+00
  123.0000      0.386573549920E+00
  123.1000      0.385532997575E+00
  123.2000      0.384966977611E+00
  123.3000      0.384892887141E+00
  123.4000      0.385543012295E+00
  123.5000      0.385256607435E+00
  123.6000      0.387080310433E+00
  123.7000      0.385318653951E+00
  123.8000      0.387702951538E+00
  123.9000      0.384251764455E+00
  124.0000      0.386560965900E+00
  124.1000      0.382545489101E+00
  124.2000      0.384367546742E+00
  124.3000      0.381417821790E+00
  124.4000      0.382589442788E+00
  124.5000      0.381636204055E+00
  124.6000      0.382131950425E+00
  124.7000      0.382847054912E+00
  124.8000      0.382739485492E+00
  124.9000      0.383809272212E+00
  125.0000      0.383393179415E+00
  125.1000      0.383434039761E+00
  125.2000      0.383222459706E+00
  125.3000      0.381758254369E+00
  125.4000      0.382274786661E+00
  125.5000      0.379968485981E+00
  125.6000      0.381314296342E+00
  125.7000      0.379443693267E+00
  125.8000      0.380866845139E+00
  125.9000      0.380487451818E+00
  126.0000      0.380653827989E+00
  126.1000      0.382065503168E+00
  126.2000      0.379991976924E+00
  126.3000      0.382863666188E+00
  126.4000      0.378782720240E+00
  126.5000      0.382419331093E+00
  126.6000      0.377788502576E+00
  126.7000      0.381331642419E+00
  126.8000      0.377789212080E+00
  126.9000      0.380438597427E+00
  127.0000      0.378762500336E+00
  127.1000      0.380069647661E+00
  127.2000      0.379864623084E+00
  127.3000      0.380137951690E+00
  127.4000      0.380220377941E+00
  127.5000      0.380448896605E+00
  127.6000      0.379636749466E+00
  127.7000      0.380897309258E+00
  127.8000      0.378565642997E+00
  127.9000      0.381394136206E+00
  128.0000      0.377763328601E+00
  128.1000      0.381726082674E+00
  128.2000      0.377792797997E+00
  128.3000      0.381617977090E+00
  128.4000      0.378655853078E+00
  128.5000      0.380784642675E+00
  128.6000      0.379835535678E+00
  128.7000      0.379261350787E+00
  128.8000      0.380701564961E+00
  128.9000      0.377670430360E+00
  129.0000      0.381105897047E+00
  129.1000      0.376964207249E+00
  129.2000      0.381284877779E+00
  129.3000      0.377664720226E+00
  129.4000      0.381348701540E+00
  129.5000      0.379158734445E+00
  129.6000      0.381077161860E+00
  129.7000      0.380197144894E+00
  129.8000      0.380333706066E+00
  129.9000      0.380019158556E+00
  130.0000      0.379663279496E+00
  130.1000      0.378977874276E+00
  130.2000      0.379897356204E+00
  130.3000      0.378053754031E+00
  130.4000      0.381290566378E+00
  130.5000      0.377818161788E+00
  130.6000      0.383046954883E+00
  130.7000      0.378155743791E+00
  130.8000      0.383861635778E+00
  130.9000      0.378600018654E+00
  131.0000      0.382960575051E+00
  131.1000      0.378916438582E+00
  131.2000      0.380642163458E+00
  131.3000      0.379257057149E+00
  131.4000      0.378202021773E+00
  131.5000      0.379978207980E+00
  131.6000      0.377065376955E+00
  131.7000      0.381239212935E+00
  131.8000      0.377837967377E+00
  131.9000      0.382537743879E+00
  132.0000      0.379698607375E+00
  132.1000      0.382918781228E+00
  132.2000      0.380992605448E+00
  132.3000      0.381766472662E+00
  132.4000      0.380656162361E+00
  132.5000      0.379772804854E+00
  132.6000      0.379126391186E+00
  132.7000      0.378611986047E+00
  132.8000      0.377837602059E+00
  132.9000      0.379533830219E+00
  133.0000      0.377685939280E+00
  133.1000      0.382061067239E+00
  133.2000      0.378316782487E+00
  133.3000      0.384268164202E+00
  133.4000      0.378660204425E+00
  133.5000      0.384361897220E+00
  133.6000      0.378208946124E+00
  133.7000      0.382060590810E+00
  133.8000      0.377471345458E+00
  133.9000      0.378779884728E+00
  134.0000      0.377525162142E+00
  134.1000      0.376502599579E+00
  134.2000      0.378994633498E+00
  134.3000      0.376443222730E+00
  134.4000      0.381370848331E+00
  134.5000      0.378127095157E+00
  134.6000      0.383124384142E+00
  134.7000      0.379821894937E+00
  134.8000      0.382763625004E+00
  134.9000      0.379898410136E+00
  135.0000      0.380222951622E+00
  135.1000      0.378280466244E+00
  135.2000      0.377237548150E+00
  135.3000      0.376398159974E+00
  135.4000      0.376109556227E+00
  135.5000      0.375777321592E+00
  135.6000      0.377699177528E+00
  135.7000      0.376504667326E+00
  135.8000      0.380635576097E+00
  135.9000      0.377319695534E+00
  136.0000      0.382435505139E+00
  136.1000      0.376958620577E+00
  136.2000      0.381580325575E+00
  136.3000      0.375489289287E+00
  136.4000      0.378545054484E+00
  136.5000      0.374208951477E+00
  136.6000      0.375301371842E+00
  136.7000      0.374537960467E+00
  136.8000      0.373701108245E+00
  136.9000      0.376754940158E+00
  137.0000      0.374258777892E+00
  137.1000      0.379621879707E+00
  137.2000      0.375812532725E+00
  137.3000      0.381088692925E+00
  137.4000      0.376563228635E+00
  137.5000      0.379800205234E+00
  137.6000      0.375530396481E+00
  137.7000      0.376326414313E+00
  137.8000      0.373451521746E+00
  137.9000      0.372955690570E+00
  138.0000      0.372031050503E+00
  138.1000      0.371931607520E+00
  138.2000      0.372290568566E+00
  138.3000      0.373604806487E+00
  138.4000      0.373567774154E+00
  138.5000      0.376187246264E+00
  138.6000      0.374235451503E+00
  138.7000      0.377376865250E+00
  138.8000      0.373321262115E+00
  138.9000      0.376154244620E+00
  139.0000      0.371392966585E+00
  139.1000      0.373378338354E+00
  139.2000      0.370022170275E+00
  139.3000      0.370784540351E+00
  139.4000      0.370457447704E+00
  139.5000      0.369702040106E+00
  139.6000      0.372656661512E+00
  139.7000      0.370129758023E+00
  139.8000      0.375188233769E+00
  139.9000      0.370947628148E+00
  140.0000      0.376130872639E+00
  140.1000      0.370787953953E+00
  140.2000      0.374440250877E+00
  140.3000      0.369314960918E+00
  140.4000      0.370927266402E+00
  140.5000      0.367527526585E+00
  140.6000      0.367762737639E+00
  140.7000      0.366898050095E+00
  140.8000      0.366779762929E+00
  140.9000      0.367850013889E+00
  141.0000      0.367988647233E+00
  141.1000      0.369349084712E+00
  141.2000      0.369777729607E+00
  141.3000      0.369872518959E+00
  141.4000      0.370434021911E+00
  141.5000      0.368831136708E+00
  141.6000      0.369431841147E+00
  141.7000      0.366947918378E+00
  141.8000      0.367496422203E+00
  141.9000      0.365556896925E+00
  142.0000      0.365748549982E+00
  142.1000      0.365586861566E+00
  142.2000      0.364928031846E+00
  142.3000      0.366984960958E+00
  142.4000      0.364946197343E+00
  142.5000      0.368667007580E+00
  142.6000      0.365051860148E+00
  142.7000      0.369174875007E+00
  142.8000      0.364429119759E+00
  142.9000      0.367717783042E+00
  143.0000      0.363091325605E+00
  143.1000      0.365000290346E+00
  143.2000      0.361981786066E+00
  143.3000      0.362654709636E+00
  143.4000      0.362092759826E+00
  143.5000      0.361890330773E+00
  143.6000      0.363361772514E+00
  143.7000      0.362460160045E+00
  143.8000      0.364669280831E+00
  143.9000      0.363233172003E+00
  144.0000      0.364917457436E+00
  144.1000      0.363298219625E+00
  144.2000      0.363902085204E+00
  144.3000      0.362598203268E+00
  144.4000      0.362296740589E+00
  144.5000      0.361569733901E+00
  144.6000      0.360975764363E+00
  144.7000      0.360701212696E+00
  144.8000      0.360565242820E+00
  144.9000      0.360253252380E+00
  145.0000      0.361094332744E+00
  145.1000      0.360128379598E+00
  145.2000      0.361916930700E+00
  145.3000      0.359847551216E+00
  145.4000      0.362010790640E+00
  145.5000      0.359008510302E+00
  145.6000      0.360925213773E+00
  145.7000      0.357902511420E+00
  145.8000      0.359254819908E+00
  145.9000      0.357396319081E+00
  146.0000      0.358116333873E+00
  146.1000      0.358044038839E+00
  146.2000      0.357945178442E+00
  146.3000      0.359334854821E+00
  146.4000      0.358197074050E+00
  146.5000      0.360209327580E+00
  146.6000      0.358118081685E+00
  146.7000      0.359982283008E+00
  146.8000      0.357510665299E+00
  146.9000      0.358834109412E+00
  147.0000      0.356738654415E+00
  147.1000      0.357392191115E+00
  147.2000      0.356161929277E+00
  147.3000      0.356292391632E+00
  147.4000      0.355984883449E+00
  147.5000      0.355975159488E+00
  147.6000      0.356175565885E+00
  147.7000      0.356393087416E+00
  147.8000      0.356399308893E+00
  147.9000      0.356904276285E+00
  148.0000      0.356084317361E+00
  148.1000      0.356664577596E+00
  148.2000      0.355003659075E+00
  148.3000      0.355566542401E+00
  148.4000      0.353800671732E+00
  148.5000      0.354425680149E+00
  148.6000      0.353492915563E+00
  148.7000      0.354122970992E+00
  148.8000      0.354452428253E+00
  148.9000      0.354615638066E+00
  149.0000      0.355912727010E+00
  149.1000      0.355039000633E+00
  149.2000      0.356736118809E+00
  149.3000      0.354712116337E+00
  149.4000      0.356323909797E+00
  149.5000      0.353639184470E+00
  149.6000      0.354856110575E+00
  149.7000      0.352360665329E+00
  149.8000      0.353051310505E+00
  149.9000      0.351499032055E+00
  150.0000      0.351766114339E+00
  150.1000      0.351521586683E+00
  150.2000      0.351693462062E+00
  150.3000      0.352503811676E+00
  150.4000      0.352748756761E+00
  150.5000      0.353741719533E+00
  150.6000      0.353887715819E+00
  150.7000      0.354135968687E+00
  150.8000      0.353968256522E+00
  150.9000      0.353171154607E+00
  151.0000      0.352810735927E+00
  151.1000      0.351524759117E+00
  151.2000      0.351374393554E+00
  151.3000      0.350527368282E+00
  151.4000      0.350706272659E+00
  151.5000      0.350899097736E+00
  151.6000      0.350956153497E+00
  151.7000      0.352261900318E+00
  151.8000      0.351501058914E+00
  151.9000      0.353606965838E+00
  152.0000      0.351627717406E+00
  152.1000      0.354003351012E+00
  152.2000      0.351009887569E+00
  152.3000      0.353030980210E+00
  152.4000      0.349782247853E+00
  152.5000      0.350990273721E+00
  152.6000      0.348587877065E+00
  152.7000      0.348980928997E+00
  152.8000      0.348420420317E+00
  152.9000      0.348271533560E+00
  153.0000      0.349818878018E+00
  153.1000      0.349211890317E+00
  153.2000      0.352141965014E+00
  153.3000      0.350833148014E+00
  153.4000      0.353834251928E+00
  153.5000      0.351657116514E+00
  153.6000      0.353648052508E+00
  153.7000      0.351013623141E+00
  153.8000      0.351696201835E+00
  153.9000      0.349466211278E+00
  154.0000      0.349205759007E+00
  154.1000      0.348060614920E+00
  154.2000      0.347510671199E+00
  154.3000      0.347536071694E+00
  154.4000      0.347364062622E+00
  154.5000      0.348092877286E+00
  154.6000      0.348695304665E+00
  154.7000      0.349377302660E+00
  154.8000      0.350615622585E+00
  154.9000      0.350540026504E+00
  155.0000      0.351772607440E+00
  155.1000      0.350665882188E+00
  155.2000      0.351230671129E+00
  155.3000      0.349600009514E+00
  155.4000      0.349299006201E+00
  155.5000      0.348298361529E+00
  155.6000      0.347305001965E+00
  155.7000      0.348027306326E+00
  155.8000      0.346416733291E+00
  155.9000      0.349162507669E+00
  156.0000      0.346741115252E+00
  156.1000      0.350860333428E+00
  156.2000      0.347553602659E+00
  156.3000      0.351859409237E+00
  156.4000      0.348154609525E+00
  156.5000      0.351431193968E+00
  156.6000      0.348297959306E+00
  156.7000      0.349626192942E+00
  156.8000      0.348072748030E+00
  156.9000      0.347105264726E+00
  157.0000      0.347847149549E+00
  157.1000      0.344983327568E+00
  157.2000      0.348239690414E+00
  157.3000      0.344375809808E+00
  157.4000      0.349602019325E+00
  157.5000      0.345564141461E+00
  157.6000      0.351349820815E+00
  157.7000      0.347596908104E+00
  157.8000      0.352144206968E+00
  157.9000      0.349022336263E+00
  158.0000      0.351058352445E+00
  158.1000      0.349126333597E+00
  158.2000      0.348488758674E+00
  158.3000      0.348313435834E+00
  158.4000      0.345764869440E+00
  158.5000      0.347412554671E+00
  158.6000      0.344087147128E+00
  158.7000      0.346999966342E+00
  158.8000      0.343989647313E+00
  158.9000      0.347327899894E+00
  159.0000      0.345391785521E+00
  159.1000      0.348348692408E+00
  159.2000      0.347626720560E+00
  159.3000      0.349516277935E+00
  159.4000      0.349480350317E+00
  159.5000      0.349911965538E+00
  159.6000      0.349794991854E+00
  159.7000      0.349037201716E+00
  159.8000      0.348421460380E+00
  159.9000      0.347459096951E+00
  160.0000      0.346410635134E+00
  160.1000      0.346327023937E+00
  160.2000      0.345051764369E+00
  160.3000      0.346223928059E+00
  160.4000      0.344872604277E+00
  160.5000      0.346782597568E+00
  160.6000      0.345671515668E+00
  160.7000      0.347354366308E+00
  160.8000      0.347090735277E+00
  160.9000      0.347572078457E+00
  161.0000      0.348711194425E+00
  161.1000      0.347207531501E+00
  161.2000      0.349864804312E+00
  161.3000      0.346082751117E+00
  161.4000      0.349991236980E+00
  161.5000      0.344524036439E+00
  161.6000      0.349259819505E+00
  161.7000      0.343538176334E+00
  161.8000      0.348386746480E+00
  161.9000      0.344005773257E+00
  162.0000      0.347708459888E+00
  162.1000      0.345762254292E+00
  162.2000      0.346844830136E+00
  162.3000      0.347830096698E+00
  162.4000      0.345456966101E+00
  162.5000      0.349432480280E+00
  162.6000      0.343910110014E+00
  162.7000      0.350365014145E+00
  162.8000      0.342869682986E+00
  162.9000      0.350516400529E+00
  163.0000      0.342602563999E+00
  163.1000      0.349687176395E+00
  163.2000      0.343091277179E+00
  163.3000      0.348087314568E+00
  163.4000      0.344503290729E+00
  163.5000      0.346462749533E+00
  163.6000      0.346897581091E+00
  163.7000      0.345329956994E+00
  163.8000      0.349524359299E+00
  163.9000      0.344441215605E+00
  164.0000      0.351085599098E+00
  164.1000      0.343412719054E+00
  164.2000      0.350922279478E+00
  164.3000      0.342559858714E+00
  164.4000      0.349522336951E+00
  164.5000      0.342589569896E+00
  164.6000      0.347717989876E+00
  164.7000      0.343654293919E+00
  164.8000      0.345907699332E+00
  164.9000      0.345262780437E+00
  165.0000      0.344337835447E+00
  165.1000      0.347019375918E+00
  165.2000      0.343539804225E+00
  165.3000      0.348804289750E+00
  165.4000      0.343841180839E+00
  165.5000      0.350158826423E+00
  165.6000      0.344709776816E+00
  165.7000      0.350222059672E+00
  165.8000      0.345231486583E+00
  165.9000      0.348700564799E+00
  166.0000      0.345191918900E+00
  166.1000      0.346448408691E+00
  166.2000      0.345140986555E+00
  166.3000      0.344640838835E+00
  166.4000      0.345415668931E+00
  166.5000      0.343702308948E+00
  166.6000      0.345733631772E+00
  166.7000      0.343463526753E+00
  166.8000      0.345896971883E+00
  166.9000      0.343948103253E+00
  167.0000      0.346232804819E+00
  167.1000      0.345259826779E+00
  167.2000      0.346932686599E+00
  167.3000      0.346806973559E+00
  167.4000      0.347472544769E+00
  167.5000      0.347452386230E+00
  167.6000      0.347248022171E+00
  167.7000      0.346700072580E+00
  167.8000      0.346471538622E+00
  167.9000      0.345201569505E+00
  168.0000      0.345854425802E+00
  168.1000      0.343853572276E+00
  168.2000      0.345602086704E+00
  168.3000      0.342954876501E+00
  168.4000      0.345371438246E+00
  168.5000      0.342607745494E+00
  168.6000      0.345138439737E+00
  168.7000      0.343315648365E+00
  168.8000      0.345326871699E+00
  168.9000      0.345409475218E+00
  169.0000      0.345863006392E+00
  169.1000      0.348105547127E+00
  169.2000      0.345832867489E+00
  169.3000      0.349908522625E+00
  169.4000      0.344592075204E+00
  169.5000      0.350035032157E+00
  169.6000      0.342757721935E+00
  169.7000      0.348889098123E+00
  169.8000      0.341562899613E+00
  169.9000      0.347127997166E+00
  170.0000      0.341584752788E+00
  170.1000      0.345000129484E+00
  170.2000      0.342694713638E+00
  170.3000      0.342865399935E+00
  170.4000      0.344878864253E+00
  170.5000      0.341569794006E+00
  170.6000      0.348134008444E+00
  170.7000      0.341595200736E+00
  170.8000      0.351470421424E+00
  170.9000      0.342263145584E+00
  171.0000      0.353000080514E+00
  171.1000      0.342553802433E+00
  171.2000      0.351616796164E+00
  171.3000      0.342535375872E+00
  171.4000      0.348106156036E+00
  171.5000      0.343219933920E+00
  171.6000      0.344145323341E+00
  171.7000      0.345044982258E+00
  171.8000      0.340745068567E+00
  171.9000      0.347325216810E+00
  172.0000      0.338270241817E+00
  172.1000      0.349343570279E+00
  172.2000      0.337366713209E+00
  172.3000      0.351032664438E+00
  172.4000      0.338692404000E+00
  172.5000      0.352070084486E+00
  172.6000      0.341710656183E+00
  172.7000      0.351233370208E+00
  172.8000      0.344820611340E+00
  172.9000      0.347713983389E+00
  173.0000      0.347069413628E+00
  173.1000      0.342686345983E+00
  173.2000      0.348895809341E+00
  173.3000      0.338505975118E+00
  173.4000      0.350729092505E+00
  173.5000      0.336436845494E+00
  173.6000      0.351790811593E+00
  173.7000      0.336167844533E+00
  173.8000      0.351146993578E+00
  173.9000      0.337482986626E+00
  174.0000      0.349211579890E+00
  174.1000      0.340936735424E+00
  174.2000      0.347030994509E+00
  174.3000      0.346226109771E+00
  174.4000      0.344530352361E+00
  174.5000      0.351196704051E+00
  174.6000      0.340947444400E+00
  174.7000      0.353723702015E+00
  174.8000      0.337018784213E+00
  174.9000      0.353873249926E+00
  175.0000      0.335093504061E+00
  175.1000      0.352958348126E+00
  175.2000      0.336429672345E+00
  175.3000      0.351112046336E+00
  175.4000      0.339781970276E+00
  175.5000      0.347499548563E+00
  175.6000      0.343585715854E+00
  175.7000      0.342733478451E+00
  175.8000      0.348042805973E+00
  175.9000      0.339023452347E+00
  176.0000      0.353425896922E+00
  176.1000      0.337354775736E+00
  176.2000      0.357549842094E+00
  176.3000      0.336466134979E+00
  176.4000      0.357430172448E+00
  176.5000      0.335741295343E+00
  176.6000      0.353293891545E+00
  176.7000      0.337158730769E+00
  176.8000      0.348448665853E+00
  176.9000      0.342371801501E+00
  177.0000      0.344721496310E+00
  177.1000      0.349307717880E+00
  177.2000      0.340685028381E+00
  177.3000      0.354314081298E+00
  177.4000      0.335637621485E+00
  177.5000      0.356857870207E+00
  177.6000      0.332476613032E+00
  177.7000      0.358870502513E+00
  177.8000      0.333971201938E+00
  177.9000      0.359572764249E+00
  178.0000      0.338341625421E+00
  178.1000      0.355208304461E+00
  178.2000      0.342218920151E+00
  178.3000      0.345713608888E+00
  178.4000      0.346695313013E+00
  178.5000      0.337464334612E+00
  178.6000      0.355492154650E+00
  178.7000      0.335453643772E+00
  178.8000      0.366632236668E+00
  178.9000      0.335834492156E+00
  179.0000      0.371743286117E+00
  179.1000      0.332203493828E+00
  179.2000      0.367164704730E+00
  179.3000      0.328507935968E+00
  179.4000      0.360900443196E+00
  179.5000      0.338390634999E+00
  179.6000      0.361912078284E+00
  179.7000      0.369227571234E+00
  179.8000      0.363141783005E+00
  179.9000      0.422674565244E+00
  180.0000      0.333343337287E+00
