 # E =   0.74385072109759209       eV =    6000.0000000000000       1/cm
 #  1801
# DFFCSO.  ACCUM LEV(I),J(I) =  1  0 LEV(F),J(F) =  1  0       , M =  0, WEIGHTED BY  1.00000
   0.10000  0.397054032636E+07
   0.20000  0.141922046478E+07
   0.30000  0.415492316028E+06
   0.40000  0.213251932300E+06
   0.50000  0.836228170222E+05
   0.60000  0.151378162587E+05
   0.70000  0.922533814614E+04
   0.80000  0.214379187438E+05
   0.90000  0.171449383119E+05
   1.00000  0.467439165002E+04
   1.10000  0.693523284583E+03
   1.20000  0.128485732346E+04
   1.30000  0.194629969225E+04
   1.40000  0.267167729960E+04
   1.50000  0.297931066967E+04
   1.60000  0.246255485086E+04
   1.70000  0.117785651741E+04
   1.80000  0.490729285906E+03
   1.90000  0.147422254692E+04
   2.00000  0.250073152745E+04
   2.10000  0.218607728721E+04
   2.20000  0.126969188905E+04
   2.30000  0.807389470152E+03
   2.40000  0.125754978106E+04
   2.50000  0.173493550519E+04
   2.60000  0.140340571247E+04
   2.70000  0.947017977110E+03
   2.80000  0.940053672851E+03
   2.90000  0.132130271840E+04
   3.00000  0.161656501102E+04
   3.10000  0.125190183625E+04
   3.20000  0.640273877500E+03
   3.30000  0.446605572812E+03
   3.40000  0.663433205616E+03
   3.50000  0.102168932834E+04
   3.60000  0.109127371254E+04
   3.70000  0.748548526558E+03
   3.80000  0.402913923559E+03
   3.90000  0.264195000075E+03
   4.00000  0.304243256021E+03
   4.10000  0.434853538192E+03
   4.20000  0.465756136445E+03
   4.30000  0.400136812263E+03
   4.40000  0.339195184963E+03
   4.50000  0.268913179815E+03
   4.60000  0.215432899841E+03
   4.70000  0.195895263766E+03
   4.80000  0.186910469786E+03
   4.90000  0.221028865051E+03
   5.00000  0.268659832598E+03
   5.10000  0.269433946038E+03
   5.20000  0.234946857451E+03
   5.30000  0.175523072778E+03
   5.40000  0.122848149867E+03
   5.50000  0.119840813533E+03
   5.60000  0.140061803109E+03
   5.70000  0.154308316648E+03
   5.80000  0.159094467003E+03
   5.90000  0.138121293944E+03
   6.00000  0.104385629385E+03
   6.10000  0.794671664568E+02
   6.20000  0.591109206631E+02
   6.30000  0.516830872356E+02
   6.40000  0.592464847497E+02
   6.50000  0.622992860291E+02
   6.60000  0.559636189070E+02
   6.70000  0.447807288793E+02
   6.80000  0.290443258908E+02
   6.90000  0.163960286778E+02
   7.00000  0.107315563971E+02
   7.10000  0.795004509287E+01
   7.20000  0.872300728883E+01
   7.30000  0.143429155921E+02
   7.40000  0.204618029787E+02
   7.50000  0.231591408772E+02
   7.60000  0.248111224038E+02
   7.70000  0.253213992618E+02
   7.80000  0.211537078307E+02
   7.90000  0.147432869323E+02
   8.00000  0.976967638659E+01
   8.10000  0.749908205028E+01
   8.20000  0.127956122307E+02
   8.30000  0.248259016171E+02
   8.40000  0.356722869222E+02
   8.50000  0.454869457352E+02
   8.60000  0.525306458893E+02
   8.70000  0.494231902602E+02
   8.80000  0.394315377879E+02
   8.90000  0.292842781865E+02
   9.00000  0.214294630824E+02
   9.10000  0.221690807363E+02
   9.20000  0.312533710087E+02
   9.30000  0.401228409588E+02
   9.40000  0.482080091728E+02
   9.50000  0.537548037041E+02
   9.60000  0.500426268144E+02
   9.70000  0.399726287643E+02
   9.80000  0.294805604958E+02
   9.90000  0.206908128285E+02
  10.00000  0.186662957749E+02
  10.10000  0.232202338921E+02
  10.20000  0.277138837853E+02
  10.30000  0.316139536988E+02
  10.40000  0.341379798674E+02
  10.50000  0.308365765113E+02
  10.60000  0.233652754057E+02
  10.70000  0.158613576801E+02
  10.80000  0.960846207232E+01
  10.90000  0.728413099038E+01
  11.00000  0.924584001206E+01
  11.10000  0.118773648342E+02
  11.20000  0.146800043740E+02
  11.30000  0.176803226329E+02
  11.40000  0.179156322019E+02
  11.50000  0.149433125585E+02
  11.60000  0.112785695708E+02
  11.70000  0.753030819691E+01
  11.80000  0.427607147385E+01
  11.90000  0.296431994183E+01
  12.00000  0.312520482194E+01
  12.10000  0.459127806174E+01
  12.20000  0.806846176965E+01
  12.30000  0.115924196347E+02
  12.40000  0.131053063221E+02
  12.50000  0.138076620272E+02
  12.60000  0.136599891117E+02
  12.70000  0.115135530857E+02
  12.80000  0.881216345503E+01
  12.90000  0.669050660546E+01
  13.00000  0.521320906420E+01
  13.10000  0.551679479535E+01
  13.20000  0.704391049757E+01
  13.30000  0.801355054839E+01
  13.40000  0.926450628577E+01
  13.50000  0.108233503689E+02
  13.60000  0.109162818642E+02
  13.70000  0.100658750072E+02
  13.80000  0.931103578443E+01
  13.90000  0.827562102370E+01
  14.00000  0.748619353064E+01
  14.10000  0.709796242526E+01
  14.20000  0.610656722640E+01
  14.30000  0.526562908947E+01
  14.40000  0.516922536322E+01
  14.50000  0.462840404343E+01
  14.60000  0.381096463330E+01
  14.70000  0.378560605562E+01
  14.80000  0.411049929483E+01
  14.90000  0.454879843286E+01
  15.00000  0.531017546419E+01
  15.10000  0.564313586354E+01
  15.20000  0.558883469429E+01
  15.30000  0.562089900324E+01
  15.40000  0.491954462008E+01
  15.50000  0.338958660644E+01
  15.60000  0.229818781175E+01
  15.70000  0.169625226521E+01
  15.80000  0.123521634616E+01
  15.90000  0.148437004532E+01
  16.00000  0.226906619749E+01
  16.10000  0.317421017617E+01
  16.20000  0.431893032609E+01
  16.30000  0.498285641248E+01
  16.40000  0.455116032673E+01
  16.50000  0.388682329607E+01
  16.60000  0.317857438605E+01
  16.70000  0.192979266755E+01
  16.80000  0.874181014012E+00
  16.90000  0.578890935866E+00
  17.00000  0.726300059386E+00
  17.10000  0.138316779459E+01
  17.20000  0.233583808589E+01
  17.30000  0.289104967284E+01
  17.40000  0.332022597725E+01
  17.50000  0.369463853361E+01
  17.60000  0.325745270567E+01
  17.70000  0.232886043837E+01
  17.80000  0.171918316918E+01
  17.90000  0.121123799683E+01
  18.00000  0.739323074129E+00
  18.10000  0.719092687274E+00
  18.20000  0.938552088910E+00
  18.30000  0.132730534056E+01
  18.40000  0.200088377534E+01
  18.50000  0.240778388152E+01
  18.60000  0.240565630317E+01
  18.70000  0.255388735422E+01
  18.80000  0.263258364030E+01
  18.90000  0.224026020981E+01
  19.00000  0.188556202925E+01
  19.10000  0.175548871700E+01
  19.20000  0.157843261721E+01
  19.30000  0.149335537895E+01
  19.40000  0.150358527948E+01
  19.50000  0.142378095476E+01
  19.60000  0.154297153790E+01
  19.70000  0.183565752117E+01
  19.80000  0.186713418172E+01
  19.90000  0.190584372092E+01
  20.00000  0.221345750559E+01
  20.10000  0.239801237740E+01
  20.20000  0.238078292127E+01
  20.30000  0.238354766517E+01
  20.40000  0.225912849115E+01
  20.50000  0.204102756984E+01
  20.60000  0.187171904022E+01
  20.70000  0.155114606864E+01
  20.80000  0.122698214358E+01
  20.90000  0.122971676217E+01
  21.00000  0.131898782699E+01
  21.10000  0.131970824260E+01
  21.20000  0.150017787195E+01
  21.30000  0.176447325793E+01
  21.40000  0.189377371579E+01
  21.50000  0.196850289331E+01
  21.60000  0.190485985899E+01
  21.70000  0.167430553891E+01
  21.80000  0.152880896938E+01
  21.90000  0.139438963034E+01
  22.00000  0.109592829939E+01
  22.10000  0.948795914420E+00
  22.20000  0.103823666831E+01
  22.30000  0.107665854192E+01
  22.40000  0.110887474879E+01
  22.50000  0.122705815000E+01
  22.60000  0.128493097988E+01
  22.70000  0.133047155422E+01
  22.80000  0.138446735602E+01
  22.90000  0.126243030878E+01
  23.00000  0.115015449552E+01
  23.10000  0.122042415892E+01
  23.20000  0.120134031560E+01
  23.30000  0.107328423363E+01
  23.40000  0.109607090384E+01
  23.50000  0.115073843566E+01
  23.60000  0.111176808182E+01
  23.70000  0.110670507291E+01
  23.80000  0.107042560991E+01
  23.90000  0.101895119945E+01
  24.00000  0.111549152321E+01
  24.10000  0.119758334052E+01
  24.20000  0.115687563307E+01
  24.30000  0.126053160874E+01
  24.40000  0.145249442153E+01
  24.50000  0.145976698484E+01
  24.60000  0.140938026618E+01
  24.70000  0.138895730504E+01
  24.80000  0.128189894692E+01
  24.90000  0.116748551053E+01
  25.00000  0.108658587236E+01
  25.10000  0.955400069031E+00
  25.20000  0.967552728130E+00
  25.30000  0.118365312345E+01
  25.40000  0.133685111619E+01
  25.50000  0.147303365820E+01
  25.60000  0.174814161374E+01
  25.70000  0.195160467603E+01
  25.80000  0.196962106993E+01
  25.90000  0.192101253116E+01
  26.00000  0.175350830098E+01
  26.10000  0.151104349530E+01
  26.20000  0.133851394813E+01
  26.30000  0.114304758893E+01
  26.40000  0.972255156206E+00
  26.50000  0.107498596250E+01
  26.60000  0.134137203755E+01
  26.70000  0.157932678797E+01
  26.80000  0.191158285215E+01
  26.90000  0.228984374422E+01
  27.00000  0.253680639826E+01
  27.10000  0.267768517933E+01
  27.20000  0.264843990162E+01
  27.30000  0.238954115207E+01
  27.40000  0.213034270850E+01
  27.50000  0.189748630933E+01
  27.60000  0.153413011632E+01
  27.70000  0.128924789790E+01
  27.80000  0.135241980850E+01
  27.90000  0.152409242219E+01
  28.00000  0.178904220945E+01
  28.10000  0.222962405695E+01
  28.20000  0.267731486195E+01
  28.30000  0.310559934470E+01
  28.40000  0.350159174482E+01
  28.50000  0.359022626931E+01
  28.60000  0.344707661784E+01
  28.70000  0.334354509302E+01
  28.80000  0.306756787870E+01
  28.90000  0.253744201662E+01
  29.00000  0.217369317488E+01
  29.10000  0.204054241262E+01
  29.20000  0.196299685091E+01
  29.30000  0.210176851046E+01
  29.40000  0.247250949448E+01
  29.50000  0.293120083177E+01
  29.60000  0.355989336439E+01
  29.70000  0.418086070322E+01
  29.80000  0.446346300098E+01
  29.90000  0.463531125238E+01
  30.00000  0.479791239869E+01
  30.10000  0.455170665973E+01
  30.20000  0.400546201130E+01
  30.30000  0.360008545633E+01
  30.40000  0.324377703305E+01
  30.50000  0.287852077712E+01
  30.60000  0.277206419470E+01
  30.70000  0.289155920171E+01
  30.80000  0.319703254499E+01
  30.90000  0.378834356578E+01
  31.00000  0.436382438260E+01
  31.10000  0.472284316176E+01
  31.20000  0.514332530517E+01
  31.30000  0.547636260176E+01
  31.40000  0.532871693934E+01
  31.50000  0.498271149987E+01
  31.60000  0.471367564866E+01
  31.70000  0.431926335571E+01
  31.80000  0.387901455943E+01
  31.90000  0.363173993905E+01
  32.00000  0.350716567938E+01
  32.10000  0.356958504069E+01
  32.20000  0.386867557390E+01
  32.30000  0.410076257041E+01
  32.40000  0.427885906015E+01
  32.50000  0.463040714972E+01
  32.60000  0.485804862558E+01
  32.70000  0.475152906953E+01
  32.80000  0.464874636736E+01
  32.90000  0.459459014509E+01
  33.00000  0.438032713529E+01
  33.10000  0.415159332697E+01
  33.20000  0.400041948601E+01
  33.30000  0.384193352404E+01
  33.40000  0.378610652034E+01
  33.50000  0.378784697048E+01
  33.60000  0.363734909188E+01
  33.70000  0.352287211451E+01
  33.80000  0.356930508534E+01
  33.90000  0.348875043736E+01
  34.00000  0.330471069784E+01
  34.10000  0.329671885717E+01
  34.20000  0.335600155470E+01
  34.30000  0.335713350608E+01
  34.40000  0.341751568982E+01
  34.50000  0.347580898046E+01
  34.60000  0.347327514931E+01
  34.70000  0.348952993331E+01
  34.80000  0.338127805950E+01
  34.90000  0.306828345020E+01
  35.00000  0.280243958252E+01
  35.10000  0.259179032018E+01
  35.20000  0.225253323231E+01
  35.30000  0.196940181239E+01
  35.40000  0.191029682820E+01
  35.50000  0.193252973512E+01
  35.60000  0.201591119323E+01
  35.70000  0.220694366162E+01
  35.80000  0.238327827842E+01
  35.90000  0.253960799226E+01
  36.00000  0.268004824968E+01
  36.10000  0.261539415357E+01
  36.20000  0.238104900621E+01
  36.30000  0.218066645560E+01
  36.40000  0.192043759660E+01
  36.50000  0.153164738609E+01
  36.60000  0.124460788775E+01
  36.70000  0.111726263300E+01
  36.80000  0.104263626636E+01
  36.90000  0.107148146200E+01
  37.00000  0.120092300707E+01
  37.10000  0.134143344927E+01
  37.20000  0.152691285664E+01
  37.30000  0.169599366939E+01
  37.40000  0.169501081142E+01
  37.50000  0.162624782015E+01
  37.60000  0.158293347488E+01
  37.70000  0.141920316212E+01
  37.80000  0.115352736931E+01
  37.90000  0.969305828231E+00
  38.00000  0.840105059784E+00
  38.10000  0.708872404564E+00
  38.20000  0.653015723176E+00
  38.30000  0.656880854717E+00
  38.40000  0.689289899439E+00
  38.50000  0.791566075915E+00
  38.60000  0.887088392535E+00
  38.70000  0.905176012633E+00
  38.80000  0.950295897979E+00
  38.90000  0.101460273553E+01
  39.00000  0.969210872445E+00
  39.10000  0.875792088857E+00
  39.20000  0.825844523065E+00
  39.30000  0.749857292745E+00
  39.40000  0.633961491057E+00
  39.50000  0.544835678424E+00
  39.60000  0.467095595976E+00
  39.70000  0.407647588086E+00
  39.80000  0.399745617726E+00
  39.90000  0.391932240241E+00
  40.00000  0.384031146659E+00
  40.10000  0.443878426746E+00
  40.20000  0.520882098801E+00
  40.30000  0.544997755003E+00
  40.40000  0.574220727630E+00
  40.50000  0.618927496889E+00
  40.60000  0.613671824996E+00
  40.70000  0.568228956435E+00
  40.80000  0.511398722234E+00
  40.90000  0.429299481559E+00
  41.00000  0.343636253427E+00
  41.10000  0.272586141348E+00
  41.20000  0.194407861172E+00
  41.30000  0.142491894890E+00
  41.40000  0.149252268491E+00
  41.50000  0.173131307467E+00
  41.60000  0.200012139388E+00
  41.70000  0.260584046991E+00
  41.80000  0.330896997430E+00
  41.90000  0.378039306127E+00
  42.00000  0.409191439820E+00
  42.10000  0.412417196089E+00
  42.20000  0.382680981925E+00
  42.30000  0.340377903931E+00
  42.40000  0.277906737212E+00
  42.50000  0.189936623628E+00
  42.60000  0.118334207543E+00
  42.70000  0.739102673982E-01
  42.80000  0.360502106664E-01
  42.90000  0.221127661458E-01
  43.00000  0.432243832693E-01
  43.10000  0.812581866606E-01
  43.20000  0.133344898529E+00
  43.30000  0.191328570849E+00
  43.40000  0.228217921898E+00
  43.50000  0.255429982583E+00
  43.60000  0.278736685992E+00
  43.70000  0.263135455796E+00
  43.80000  0.215493622375E+00
  43.90000  0.175008504780E+00
  44.00000  0.131341889284E+00
  44.10000  0.718253578551E-01
  44.20000  0.284787431290E-01
  44.30000  0.798478297643E-02
  44.40000  0.743551910371E-03
  44.50000  0.156676539259E-01
  44.60000  0.423815979201E-01
  44.70000  0.660240566186E-01
  44.80000  0.103942885190E+00
  44.90000  0.145665887742E+00
  45.00000  0.153984662892E+00
  45.10000  0.148884330194E+00
  45.20000  0.153939627448E+00
  45.30000  0.139902260941E+00
  45.40000  0.101277995336E+00
  45.50000  0.736351662063E-01
  45.60000  0.556987459987E-01
  45.70000  0.333549009013E-01
  45.80000  0.201999583014E-01
  45.90000  0.166095217267E-01
  46.00000  0.163985824138E-01
  46.10000  0.270979709536E-01
  46.20000  0.399902217583E-01
  46.30000  0.395618224486E-01
  46.40000  0.428255559594E-01
  46.50000  0.538432552302E-01
  46.60000  0.499181286197E-01
  46.70000  0.367817261049E-01
  46.80000  0.337157292162E-01
  46.90000  0.312363981511E-01
  47.00000  0.199896230867E-01
  47.10000  0.126634656550E-01
  47.20000  0.993334198708E-02
  47.30000  0.634106353979E-02
  47.40000  0.391138266236E-02
  47.50000  0.252607106003E-02
  47.60000  0.546805897861E-03
  47.70000  0.694452472193E-03
  47.80000  0.213441450895E-02
  47.90000  0.229137652142E-02
  48.00000  0.402484406648E-02
  48.10000  0.483191913708E-02
  48.20000  0.530617159382E-02
  48.30000  0.813168839011E-02
  48.40000  0.877835479120E-02
  48.50000  0.535147546984E-02
  48.60000  0.606073056752E-02
  48.70000  0.991391294720E-02
  48.80000  0.102940329122E-01
  48.90000  0.137922144719E-01
  49.00000  0.219442610353E-01
  49.10000  0.310204425973E-01
  49.20000  0.434322956371E-01
  49.30000  0.562541549408E-01
  49.40000  0.618046876144E-01
  49.50000  0.699472848086E-01
  49.60000  0.819208489807E-01
  49.70000  0.785452542506E-01
  49.80000  0.677709504601E-01
  49.90000  0.697097356805E-01
  50.00000  0.702748738604E-01
  50.10000  0.574679062651E-01
  50.20000  0.552357551881E-01
  50.30000  0.675469775021E-01
  50.40000  0.759721024944E-01
  50.50000  0.854216794640E-01
  50.60000  0.103064446425E+00
  50.70000  0.119148484659E+00
  50.80000  0.133655913963E+00
  50.90000  0.147087239089E+00
  51.00000  0.146061562492E+00
  51.10000  0.140306189727E+00
  51.20000  0.141939338673E+00
  51.30000  0.131647542473E+00
  51.40000  0.106877442736E+00
  51.50000  0.969908946412E-01
  51.60000  0.976477895644E-01
  51.70000  0.849720101576E-01
  51.80000  0.763116059180E-01
  51.90000  0.864291265777E-01
  52.00000  0.956253875229E-01
  52.10000  0.975283244063E-01
  52.20000  0.105290147937E+00
  52.30000  0.113158183825E+00
  52.40000  0.115281104860E+00
  52.50000  0.116684144182E+00
  52.60000  0.111409459726E+00
  52.70000  0.999516651641E-01
  52.80000  0.943229473491E-01
  52.90000  0.881210883654E-01
  53.00000  0.702786971283E-01
  53.10000  0.577853145613E-01
  53.20000  0.570339641245E-01
  53.30000  0.493974078508E-01
  53.40000  0.364248249323E-01
  53.50000  0.350611442363E-01
  53.60000  0.378291986307E-01
  53.70000  0.321965181333E-01
  53.80000  0.285572659861E-01
  53.90000  0.313989873580E-01
  54.00000  0.322203470428E-01
  54.10000  0.302038044280E-01
  54.20000  0.307435753845E-01
  54.30000  0.318077887806E-01
  54.40000  0.319806204718E-01
  54.50000  0.330612541548E-01
  54.60000  0.330705563067E-01
  54.70000  0.325850281948E-01
  54.80000  0.337593523945E-01
  54.90000  0.347418375994E-01
  55.00000  0.322494787432E-01
  55.10000  0.307054383052E-01
  55.20000  0.316062352928E-01
  55.30000  0.290684267400E-01
  55.40000  0.234022907844E-01
  55.50000  0.221048706172E-01
  55.60000  0.234432702435E-01
  55.70000  0.194302380916E-01
  55.80000  0.177094690822E-01
  55.90000  0.259494305907E-01
  56.00000  0.345956738789E-01
  56.10000  0.387997951236E-01
  56.20000  0.516129104766E-01
  56.30000  0.719873869925E-01
  56.40000  0.846084561732E-01
  56.50000  0.934706651643E-01
  56.60000  0.107202318890E+00
  56.70000  0.116014187349E+00
  56.80000  0.113372436682E+00
  56.90000  0.108115671136E+00
  57.00000  0.998749636095E-01
  57.10000  0.867142461870E-01
  57.20000  0.749793477144E-01
  57.30000  0.632847768952E-01
  57.40000  0.517476173520E-01
  57.50000  0.534490684166E-01
  57.60000  0.658056357768E-01
  57.70000  0.728692009103E-01
  57.80000  0.872897698879E-01
  57.90000  0.119531354256E+00
  58.00000  0.144696006608E+00
  58.10000  0.153544372818E+00
  58.20000  0.168678165028E+00
  58.30000  0.183608882195E+00
  58.40000  0.174760935284E+00
  58.50000  0.155426489841E+00
  58.60000  0.140445735694E+00
  58.70000  0.118796040112E+00
  58.80000  0.912040005854E-01
  58.90000  0.709666424595E-01
  59.00000  0.559197641068E-01
  59.10000  0.499158939363E-01
  59.20000  0.597041114380E-01
  59.30000  0.712416884949E-01
  59.40000  0.832695544874E-01
  59.50000  0.112319096131E+00
  59.60000  0.142922900992E+00
  59.70000  0.151131093990E+00
  59.80000  0.157070220407E+00
  59.90000  0.170373760319E+00
  60.00000  0.162697874214E+00
  60.10000  0.134693468026E+00
  60.20000  0.113957520353E+00
  60.30000  0.946570615599E-01
  60.40000  0.647009752421E-01
  60.50000  0.407310921182E-01
  60.60000  0.286205040890E-01
  60.70000  0.224915835822E-01
  60.80000  0.278349000350E-01
  60.90000  0.411839339959E-01
  61.00000  0.524803414987E-01
  61.10000  0.726064027605E-01
  61.20000  0.100164401869E+00
  61.30000  0.110688794565E+00
  61.40000  0.110199521981E+00
  61.50000  0.117636191977E+00
  61.60000  0.115758902403E+00
  61.70000  0.919423325817E-01
  61.80000  0.703321423521E-01
  61.90000  0.567387713748E-01
  62.00000  0.360213525448E-01
  62.10000  0.159722936963E-01
  62.20000  0.781898293073E-02
  62.30000  0.564521046349E-02
  62.40000  0.100965933458E-01
  62.50000  0.229730063290E-01
  62.60000  0.337818147853E-01
  62.70000  0.465488144980E-01
  62.80000  0.670949251988E-01
  62.90000  0.784414893406E-01
  63.00000  0.753854923047E-01
  63.10000  0.761401531918E-01
  63.20000  0.765566818213E-01
  63.30000  0.605352727107E-01
  63.40000  0.412792444034E-01
  63.50000  0.308002900471E-01
  63.60000  0.192435977418E-01
  63.70000  0.622892838052E-02
  63.80000  0.168646816243E-02
  63.90000  0.258014673594E-02
  64.00000  0.780530980257E-02
  64.10000  0.200078473575E-01
  64.20000  0.306860125543E-01
  64.30000  0.389617244479E-01
  64.40000  0.529754567211E-01
  64.50000  0.639735089787E-01
  64.60000  0.612536373181E-01
  64.70000  0.575928395558E-01
  64.80000  0.574796039509E-01
  64.90000  0.476837365101E-01
  65.00000  0.313579006127E-01
  65.10000  0.215866159950E-01
  65.20000  0.145828192593E-01
  65.30000  0.546888363407E-02
  65.40000  0.146338528705E-02
  65.50000  0.300236457475E-02
  65.60000  0.730822068377E-02
  65.70000  0.159659013254E-01
  65.80000  0.259682075811E-01
  65.90000  0.333576821840E-01
  66.00000  0.426188400647E-01
  66.10000  0.523007516292E-01
  66.20000  0.536881727582E-01
  66.30000  0.507016874186E-01
  66.40000  0.496853041890E-01
  66.50000  0.448406211333E-01
  66.60000  0.330905726684E-01
  66.70000  0.233900344163E-01
  66.80000  0.175451741616E-01
  66.90000  0.102485651905E-01
  67.00000  0.411178070582E-02
  67.10000  0.403642999636E-02
  67.20000  0.773233294594E-02
  67.30000  0.120089333898E-01
  67.40000  0.190456560328E-01
  67.50000  0.284445197860E-01
  67.60000  0.372001030432E-01
  67.70000  0.439622388820E-01
  67.80000  0.490764373437E-01
  67.90000  0.513129353913E-01
  68.00000  0.501166932960E-01
  68.10000  0.465104483820E-01
  68.20000  0.398152011457E-01
  68.30000  0.315098997433E-01
  68.40000  0.248259863400E-01
  68.50000  0.193286723377E-01
  68.60000  0.130100593312E-01
  68.70000  0.114354396425E-01
  68.80000  0.167870397058E-01
  68.90000  0.214680221042E-01
  69.00000  0.256404122418E-01
  69.10000  0.367816162600E-01
  69.20000  0.493103612365E-01
  69.30000  0.536407156718E-01
  69.40000  0.568855898719E-01
  69.50000  0.627572861061E-01
  69.60000  0.619572207378E-01
  69.70000  0.543138403911E-01
  69.80000  0.481507610256E-01
  69.90000  0.418649761599E-01
  70.00000  0.339976607118E-01
  70.10000  0.295262495338E-01
  70.20000  0.266411226419E-01
  70.30000  0.264491439936E-01
  70.40000  0.350633669911E-01
  70.50000  0.457340413582E-01
  70.60000  0.509111068483E-01
  70.70000  0.618711044543E-01
  70.80000  0.787491250171E-01
  70.90000  0.835581260803E-01
  71.00000  0.802982231248E-01
  71.10000  0.835119777018E-01
  71.20000  0.826581971297E-01
  71.30000  0.684543199488E-01
  71.40000  0.560636305441E-01
  71.50000  0.497685088473E-01
  71.60000  0.409012270390E-01
  71.70000  0.340116115696E-01
  71.80000  0.340586082665E-01
  71.90000  0.372054259759E-01
  72.00000  0.466347930740E-01
  72.10000  0.618392591407E-01
  72.20000  0.716688618442E-01
  72.30000  0.811170098608E-01
  72.40000  0.974231399306E-01
  72.50000  0.105122287956E+00
  72.60000  0.981065353250E-01
  72.70000  0.941416674307E-01
  72.80000  0.917347237266E-01
  72.90000  0.751377774384E-01
  73.00000  0.548816659233E-01
  73.10000  0.443608874132E-01
  73.20000  0.346263397283E-01
  73.30000  0.224630767385E-01
  73.40000  0.184570615350E-01
  73.50000  0.216564555939E-01
  73.60000  0.273227723309E-01
  73.70000  0.373085910790E-01
  73.80000  0.485454921739E-01
  73.90000  0.580979104202E-01
  74.00000  0.690652078434E-01
  74.10000  0.778183715702E-01
  74.20000  0.777293799848E-01
  74.30000  0.746928456796E-01
  74.40000  0.719950889797E-01
  74.50000  0.632448568619E-01
  74.60000  0.494576387631E-01
  74.70000  0.380877683069E-01
  74.80000  0.282547308440E-01
  74.90000  0.170414987955E-01
  75.00000  0.823088705627E-02
  75.10000  0.369370225708E-02
  75.20000  0.176269523989E-02
  75.30000  0.140620303270E-02
  75.40000  0.425550747685E-02
  75.50000  0.108016999107E-01
  75.60000  0.181839593586E-01
  75.70000  0.252074370878E-01
  75.80000  0.359846472524E-01
  75.90000  0.493152167895E-01
  76.00000  0.573573676455E-01
  76.10000  0.641463143906E-01
  76.20000  0.760174294961E-01
  76.30000  0.830586955425E-01
  76.40000  0.792664497292E-01
  76.50000  0.769445023775E-01
  76.60000  0.762083432492E-01
  76.70000  0.643897524556E-01
  76.80000  0.476113793659E-01
  76.90000  0.365843989835E-01
  77.00000  0.257610078957E-01
  77.10000  0.139460437255E-01
  77.20000  0.963105065098E-02
  77.30000  0.116674552863E-01
  77.40000  0.211466367963E-01
  77.50000  0.429591021671E-01
  77.60000  0.677501309535E-01
  77.70000  0.916808351778E-01
  77.80000  0.126869462530E+00
  77.90000  0.164170344619E+00
  78.00000  0.182272324425E+00
  78.10000  0.193553394115E+00
  78.20000  0.209404567666E+00
  78.30000  0.206660741475E+00
  78.40000  0.180172724669E+00
  78.50000  0.156133366217E+00
  78.60000  0.134064120572E+00
  78.70000  0.983137698176E-01
  78.80000  0.641204798737E-01
  78.90000  0.469238330765E-01
  79.00000  0.388592945871E-01
  79.10000  0.394967042229E-01
  79.20000  0.565683281384E-01
  79.30000  0.850018791025E-01
  79.40000  0.122369455518E+00
  79.50000  0.168326429085E+00
  79.60000  0.209572623140E+00
  79.70000  0.241130226210E+00
  79.80000  0.270453533463E+00
  79.90000  0.287718867265E+00
  80.00000  0.279379066701E+00
  80.10000  0.258504268081E+00
  80.20000  0.234380749446E+00
  80.30000  0.195505225597E+00
  80.40000  0.145384483449E+00
  80.50000  0.103903966226E+00
  80.60000  0.723698608199E-01
  80.70000  0.437839123070E-01
  80.80000  0.279144329941E-01
  80.90000  0.323797108094E-01
  81.00000  0.492933678082E-01
  81.10000  0.729119491116E-01
  81.20000  0.106244958593E+00
  81.30000  0.145413288389E+00
  81.40000  0.180088695420E+00
  81.50000  0.206661706339E+00
  81.60000  0.226537012672E+00
  81.70000  0.235674657527E+00
  81.80000  0.228850491974E+00
  81.90000  0.210534871820E+00
  82.00000  0.185812917125E+00
  82.10000  0.153359308127E+00
  82.20000  0.115472489075E+00
  82.30000  0.804107885956E-01
  82.40000  0.505611330310E-01
  82.50000  0.261313127141E-01
  82.60000  0.111950540879E-01
  82.70000  0.536035243935E-02
  82.80000  0.780643169324E-02
  82.90000  0.218029019418E-01
  83.00000  0.423872866499E-01
  83.10000  0.610343175657E-01
  83.20000  0.847532633143E-01
  83.30000  0.115206187837E+00
  83.40000  0.135215826203E+00
  83.50000  0.144431087935E+00
  83.60000  0.158914658202E+00
  83.70000  0.169107124218E+00
  83.80000  0.158745410585E+00
  83.90000  0.143816288017E+00
  84.00000  0.134922590763E+00
  84.10000  0.115160638837E+00
  84.20000  0.841323253154E-01
  84.30000  0.605682157744E-01
  84.40000  0.425491260934E-01
  84.50000  0.219124630274E-01
  84.60000  0.801940908509E-02
  84.70000  0.531580904770E-02
  84.80000  0.102652196431E-01
  84.90000  0.260187613810E-01
  85.00000  0.509980847921E-01
  85.10000  0.780822375013E-01
  85.20000  0.112486284754E+00
  85.30000  0.153700149462E+00
  85.40000  0.185207509208E+00
  85.50000  0.206089724159E+00
  85.60000  0.227080105893E+00
  85.70000  0.237579203624E+00
  85.80000  0.225145988145E+00
  85.90000  0.203523583039E+00
  86.00000  0.180960721734E+00
  86.10000  0.146791889956E+00
  86.20000  0.104529778271E+00
  86.30000  0.716601432414E-01
  86.40000  0.495456146799E-01
  86.50000  0.325379831166E-01
  86.60000  0.290606065452E-01
  86.70000  0.458070585081E-01
  86.80000  0.757130422000E-01
  86.90000  0.112735303845E+00
  87.00000  0.158759965188E+00
  87.10000  0.209303890655E+00
  87.20000  0.253246471074E+00
  87.30000  0.286127498921E+00
  87.40000  0.308235764647E+00
  87.50000  0.314846437570E+00
  87.60000  0.302013742981E+00
  87.70000  0.274375654366E+00
  87.80000  0.236092780879E+00
  87.90000  0.189792673948E+00
  88.00000  0.142334573718E+00
  88.10000  0.995089539872E-01
  88.20000  0.643698251736E-01
  88.30000  0.452381491216E-01
  88.40000  0.452232999048E-01
  88.50000  0.557683770480E-01
  88.60000  0.791851653818E-01
  88.70000  0.122749588001E+00
  88.80000  0.170950226052E+00
  88.90000  0.208293674851E+00
  89.00000  0.246932821764E+00
  89.10000  0.286287313376E+00
  89.20000  0.301091463763E+00
  89.30000  0.293219781713E+00
  89.40000  0.283449089415E+00
  89.50000  0.262274163917E+00
  89.60000  0.217552955247E+00
  89.70000  0.169645622525E+00
  89.80000  0.130199444407E+00
  89.90000  0.897191367281E-01
  90.00000  0.534412930411E-01
  90.10000  0.328975600824E-01
  90.20000  0.249964090712E-01
  90.30000  0.304560723550E-01
  90.40000  0.512310596265E-01
  90.50000  0.763707870276E-01
  90.60000  0.106168436784E+00
  90.70000  0.147827481240E+00
  90.80000  0.184902636521E+00
  90.90000  0.204593185242E+00
  91.00000  0.223510741649E+00
  91.10000  0.241470758452E+00
  91.20000  0.235582777165E+00
  91.30000  0.213220188273E+00
  91.40000  0.194924542685E+00
  91.50000  0.169877707168E+00
  91.60000  0.128902288429E+00
  91.70000  0.915023882630E-01
  91.80000  0.652672494260E-01
  91.90000  0.399637145080E-01
  92.00000  0.197564086976E-01
  92.10000  0.142626317453E-01
  92.20000  0.200469627943E-01
  92.30000  0.342555576868E-01
  92.40000  0.582787689030E-01
  92.50000  0.876825038875E-01
  92.60000  0.119956753502E+00
  92.70000  0.154520539186E+00
  92.80000  0.184591173812E+00
  92.90000  0.205191018591E+00
  93.00000  0.219130344625E+00
  93.10000  0.224676042388E+00
  93.20000  0.216348102890E+00
  93.30000  0.197181815521E+00
  93.40000  0.172794645053E+00
  93.50000  0.142948964542E+00
  93.60000  0.108131941707E+00
  93.70000  0.757993432903E-01
  93.80000  0.511405549982E-01
  93.90000  0.326017394563E-01
  94.00000  0.213255320888E-01
  94.10000  0.243706839265E-01
  94.20000  0.408214273812E-01
  94.30000  0.613776836581E-01
  94.40000  0.879183826781E-01
  94.50000  0.125609139536E+00
  94.60000  0.162368185820E+00
  94.70000  0.187378838913E+00
  94.80000  0.210489268420E+00
  94.90000  0.232099873799E+00
  95.00000  0.235276055731E+00
  95.10000  0.222414042891E+00
  95.20000  0.208651941476E+00
  95.30000  0.188141820058E+00
  95.40000  0.153528555465E+00
  95.50000  0.118736831172E+00
  95.60000  0.908989442945E-01
  95.70000  0.647451715027E-01
  95.80000  0.446657975301E-01
  95.90000  0.359405272488E-01
  96.00000  0.357127449363E-01
  96.10000  0.474479761148E-01
  96.20000  0.711177207442E-01
  96.30000  0.947378985255E-01
  96.40000  0.120803831600E+00
  96.50000  0.157358492188E+00
  96.60000  0.188080387235E+00
  96.70000  0.201452333498E+00
  96.80000  0.214745110156E+00
  96.90000  0.228269703156E+00
  97.00000  0.220067485534E+00
  97.10000  0.197409111451E+00
  97.20000  0.180743124008E+00
  97.30000  0.159860629159E+00
  97.40000  0.125042666355E+00
  97.50000  0.949004768066E-01
  97.60000  0.771561964015E-01
  97.70000  0.608121787629E-01
  97.80000  0.486213821325E-01
  97.90000  0.499569094003E-01
  98.00000  0.607060818520E-01
  98.10000  0.767476926353E-01
  98.20000  0.993584403671E-01
  98.30000  0.124104184746E+00
  98.40000  0.148318727032E+00
  98.50000  0.172651519561E+00
  98.60000  0.190779764110E+00
  98.70000  0.197927766842E+00
  98.80000  0.200145226288E+00
  98.90000  0.197616393859E+00
  99.00000  0.182666137535E+00
  99.10000  0.159985531837E+00
  99.20000  0.139577927599E+00
  99.30000  0.118120122093E+00
  99.40000  0.917066274057E-01
  99.50000  0.709741311717E-01
  99.60000  0.613675479578E-01
  99.70000  0.544476245475E-01
  99.80000  0.497349636300E-01
  99.90000  0.569853629920E-01
 100.00000  0.726925980460E-01
 100.10000  0.852782014179E-01
 100.20000  0.988236617776E-01
 100.30000  0.119355354364E+00
 100.40000  0.136132752806E+00
 100.50000  0.142139048602E+00
 100.60000  0.147316115860E+00
 100.70000  0.152491135138E+00
 100.80000  0.146608813263E+00
 100.90000  0.132918753106E+00
 101.00000  0.121498198883E+00
 101.10000  0.108388057343E+00
 101.20000  0.894728151784E-01
 101.30000  0.725783527662E-01
 101.40000  0.603305266517E-01
 101.50000  0.497116893738E-01
 101.60000  0.430197672396E-01
 101.70000  0.410968802052E-01
 101.80000  0.416728917013E-01
 101.90000  0.482021749225E-01
 102.00000  0.601513430299E-01
 102.10000  0.692633872136E-01
 102.20000  0.787062992268E-01
 102.30000  0.949936255120E-01
 102.40000  0.108020430735E+00
 102.50000  0.110996672140E+00
 102.60000  0.116233697869E+00
 102.70000  0.124608864400E+00
 102.80000  0.121432843772E+00
 102.90000  0.110946870018E+00
 103.00000  0.106968998983E+00
 103.10000  0.102029584326E+00
 103.20000  0.871129604824E-01
 103.30000  0.747131761891E-01
 103.40000  0.711069271869E-01
 103.50000  0.656425331308E-01
 103.60000  0.582115515357E-01
 103.70000  0.594815767116E-01
 103.80000  0.668726493109E-01
 103.90000  0.723993918766E-01
 104.00000  0.800927176458E-01
 104.10000  0.933170443953E-01
 104.20000  0.106190488379E+00
 104.30000  0.115787988209E+00
 104.40000  0.125114578061E+00
 104.50000  0.132834754594E+00
 104.60000  0.136354035489E+00
 104.70000  0.136763034729E+00
 104.80000  0.133863205636E+00
 104.90000  0.127409572312E+00
 105.00000  0.120588583939E+00
 105.10000  0.113541175229E+00
 105.20000  0.103198248627E+00
 105.30000  0.946472435971E-01
 105.40000  0.925704890479E-01
 105.50000  0.901707025646E-01
 105.60000  0.857265003622E-01
 105.70000  0.896669085877E-01
 105.80000  0.999407222045E-01
 105.90000  0.103816770321E+00
 106.00000  0.107349587822E+00
 106.10000  0.120676567002E+00
 106.20000  0.131548398583E+00
 106.30000  0.131233117700E+00
 106.40000  0.134120097402E+00
 106.50000  0.142536559207E+00
 106.60000  0.140793755312E+00
 106.70000  0.132085388964E+00
 106.80000  0.130411034955E+00
 106.90000  0.129119891264E+00
 107.00000  0.119468478363E+00
 107.10000  0.111942833051E+00
 107.20000  0.111379640944E+00
 107.30000  0.109603299123E+00
 107.40000  0.106981894236E+00
 107.50000  0.109382178688E+00
 107.60000  0.114215768061E+00
 107.70000  0.119546246826E+00
 107.80000  0.127024394275E+00
 107.90000  0.133346093269E+00
 108.00000  0.138362431098E+00
 108.10000  0.145927866247E+00
 108.20000  0.151137695180E+00
 108.30000  0.148981388048E+00
 108.40000  0.147970038978E+00
 108.50000  0.150286943870E+00
 108.60000  0.144823752704E+00
 108.70000  0.134455968407E+00
 108.80000  0.132203747974E+00
 108.90000  0.131890654627E+00
 109.00000  0.123048273438E+00
 109.10000  0.117775015476E+00
 109.20000  0.123744367053E+00
 109.30000  0.126793468185E+00
 109.40000  0.124013474048E+00
 109.50000  0.129930185429E+00
 109.60000  0.141283652200E+00
 109.70000  0.143783091979E+00
 109.80000  0.143855995844E+00
 109.90000  0.150626639077E+00
 110.00000  0.154010536143E+00
 110.10000  0.148244061687E+00
 110.20000  0.143455775731E+00
 110.30000  0.140796553010E+00
 110.40000  0.132962334683E+00
 110.50000  0.122830366247E+00
 110.60000  0.115246075423E+00
 110.70000  0.108060328622E+00
 110.80000  0.101852246527E+00
 110.90000  0.986221829746E-01
 111.00000  0.953782029966E-01
 111.10000  0.944996589788E-01
 111.20000  0.996782474117E-01
 111.30000  0.103922360022E+00
 111.40000  0.104240436124E+00
 111.50000  0.110047508357E+00
 111.60000  0.119205375183E+00
 111.70000  0.119302194601E+00
 111.80000  0.116302355669E+00
 111.90000  0.120255186073E+00
 112.00000  0.120471807147E+00
 112.10000  0.109983300287E+00
 112.20000  0.102654297326E+00
 112.30000  0.101103084334E+00
 112.40000  0.922282451915E-01
 112.50000  0.794781694358E-01
 112.60000  0.752732171269E-01
 112.70000  0.739849010452E-01
 112.80000  0.675445838107E-01
 112.90000  0.644799035319E-01
 113.00000  0.691186370014E-01
 113.10000  0.733190972206E-01
 113.20000  0.755941853175E-01
 113.30000  0.819257436897E-01
 113.40000  0.902419923965E-01
 113.50000  0.954161176467E-01
 113.60000  0.992074829457E-01
 113.70000  0.102880064984E+00
 113.80000  0.103980522927E+00
 113.90000  0.102062268692E+00
 114.00000  0.982960268443E-01
 114.10000  0.918517952807E-01
 114.20000  0.841269052890E-01
 114.30000  0.769500102698E-01
 114.40000  0.682919483747E-01
 114.50000  0.588384510092E-01
 114.60000  0.536322374184E-01
 114.70000  0.513822104541E-01
 114.80000  0.469900873400E-01
 114.90000  0.454935382513E-01
 115.00000  0.513262983100E-01
 115.10000  0.563254703467E-01
 115.20000  0.571965128078E-01
 115.30000  0.633567080106E-01
 115.40000  0.733331108869E-01
 115.50000  0.755468839182E-01
 115.60000  0.743949369144E-01
 115.70000  0.789613775698E-01
 115.80000  0.807531589659E-01
 115.90000  0.730637429470E-01
 116.00000  0.668124264740E-01
 116.10000  0.649269558590E-01
 116.20000  0.573151225440E-01
 116.30000  0.458089479801E-01
 116.40000  0.396630857840E-01
 116.50000  0.355795623902E-01
 116.60000  0.283448993689E-01
 116.70000  0.233319601220E-01
 116.80000  0.229646728397E-01
 116.90000  0.234031469498E-01
 117.00000  0.245653832728E-01
 117.10000  0.285022793509E-01
 117.20000  0.338338702169E-01
 117.30000  0.400358024544E-01
 117.40000  0.473843212389E-01
 117.50000  0.538030607268E-01
 117.60000  0.592912716186E-01
 117.70000  0.651652871631E-01
 117.80000  0.693656713078E-01
 117.90000  0.697915441604E-01
 118.00000  0.691190054526E-01
 118.10000  0.680973014469E-01
 118.20000  0.636053271629E-01
 118.30000  0.563491290829E-01
 118.40000  0.503089661298E-01
 118.50000  0.447817522169E-01
 118.60000  0.368321329986E-01
 118.70000  0.300241364530E-01
 118.80000  0.279394140269E-01
 118.90000  0.267628872660E-01
 119.00000  0.243596308939E-01
 119.10000  0.268043468837E-01
 119.20000  0.344683302081E-01
 119.30000  0.394274651106E-01
 119.40000  0.432142074593E-01
 119.50000  0.529764914245E-01
 119.60000  0.629550483573E-01
 119.70000  0.654169476898E-01
 119.80000  0.682385083077E-01
 119.90000  0.753616851446E-01
 120.00000  0.763083938252E-01
 120.10000  0.702161603074E-01
 120.20000  0.678696509731E-01
 120.30000  0.667711949201E-01
 120.40000  0.582766757837E-01
 120.50000  0.487623478256E-01
 120.60000  0.446050292363E-01
 120.70000  0.396700470149E-01
 120.80000  0.319240929241E-01
 120.90000  0.280508242539E-01
 121.00000  0.279932498528E-01
 121.10000  0.279303490669E-01
 121.20000  0.296857410084E-01
 121.30000  0.345274902003E-01
 121.40000  0.408174337622E-01
 121.50000  0.487435859949E-01
 121.60000  0.580007818228E-01
 121.70000  0.660308746352E-01
 121.80000  0.740794467582E-01
 121.90000  0.830470751509E-01
 122.00000  0.888763702667E-01
 122.10000  0.906229013656E-01
 122.20000  0.925152388222E-01
 122.30000  0.933612809615E-01
 122.40000  0.883947224521E-01
 122.50000  0.813177534100E-01
 122.60000  0.769815584090E-01
 122.70000  0.712227949051E-01
 122.80000  0.615717662624E-01
 122.90000  0.557323906542E-01
 123.00000  0.556927948907E-01
 123.10000  0.536827674408E-01
 123.20000  0.513501951310E-01
 123.30000  0.575052584138E-01
 123.40000  0.673281169589E-01
 123.50000  0.717149396880E-01
 123.60000  0.782475788620E-01
 123.70000  0.923142140700E-01
 123.80000  0.101918417353E+00
 123.90000  0.103357058890E+00
 124.00000  0.108825005448E+00
 124.10000  0.116395052643E+00
 124.20000  0.113444805971E+00
 124.30000  0.105983744070E+00
 124.40000  0.104038416345E+00
 124.50000  0.994173964187E-01
 124.60000  0.868021539687E-01
 124.70000  0.769182117004E-01
 124.80000  0.721180647362E-01
 124.90000  0.646198827780E-01
 125.00000  0.566958758736E-01
 125.10000  0.544155395641E-01
 125.20000  0.550540732994E-01
 125.30000  0.564205224728E-01
 125.40000  0.611236815053E-01
 125.50000  0.680944646675E-01
 125.60000  0.764591735544E-01
 125.70000  0.873748730896E-01
 125.80000  0.979738067805E-01
 125.90000  0.105934801487E+00
 126.00000  0.114975907947E+00
 126.10000  0.124168925959E+00
 126.20000  0.127100014240E+00
 126.30000  0.126367402107E+00
 126.40000  0.127418445343E+00
 126.50000  0.125154499931E+00
 126.60000  0.115461821347E+00
 126.70000  0.106653304308E+00
 126.80000  0.101718677149E+00
 126.90000  0.926009827377E-01
 127.00000  0.808914937528E-01
 127.10000  0.768936592755E-01
 127.20000  0.774319317227E-01
 127.30000  0.736393352369E-01
 127.40000  0.730829524816E-01
 127.50000  0.828165960042E-01
 127.60000  0.919547506134E-01
 127.70000  0.952565999421E-01
 127.80000  0.104606367430E+00
 127.90000  0.119297147194E+00
 128.00000  0.124887697046E+00
 128.10000  0.125132821479E+00
 128.20000  0.131623134051E+00
 128.30000  0.135579184954E+00
 128.40000  0.127757833573E+00
 128.50000  0.119933754949E+00
 128.60000  0.117106133292E+00
 128.70000  0.107966717421E+00
 128.80000  0.932181039532E-01
 128.90000  0.840946131645E-01
 129.00000  0.779571484855E-01
 129.10000  0.681465583530E-01
 129.20000  0.604074866543E-01
 129.30000  0.584490834466E-01
 129.40000  0.579928687800E-01
 129.50000  0.585611251277E-01
 129.60000  0.626931294209E-01
 129.70000  0.687708807854E-01
 129.80000  0.763599689107E-01
 129.90000  0.860026610250E-01
 130.00000  0.946324761946E-01
 130.10000  0.101986001129E+00
 130.20000  0.110757437065E+00
 130.30000  0.118039671196E+00
 130.40000  0.119747468953E+00
 130.50000  0.120134565181E+00
 130.60000  0.121267733459E+00
 130.70000  0.117328743377E+00
 130.80000  0.108280657323E+00
 130.90000  0.101409808216E+00
 131.00000  0.956302700712E-01
 131.10000  0.848202917340E-01
 131.20000  0.743308720398E-01
 131.30000  0.708381378399E-01
 131.40000  0.681516071590E-01
 131.50000  0.620933779773E-01
 131.60000  0.621089666125E-01
 131.70000  0.697974363708E-01
 131.80000  0.737987959000E-01
 131.90000  0.754170828570E-01
 132.00000  0.852276141425E-01
 132.10000  0.965737826526E-01
 132.20000  0.983639133722E-01
 132.30000  0.100017903285E+00
 132.40000  0.108080656680E+00
 132.50000  0.109665061693E+00
 132.60000  0.101843108045E+00
 132.70000  0.983567055656E-01
 132.80000  0.976517734666E-01
 132.90000  0.878292182276E-01
 133.00000  0.754259058312E-01
 133.10000  0.700506987259E-01
 133.20000  0.641471508709E-01
 133.30000  0.528855138970E-01
 133.40000  0.455564210138E-01
 133.50000  0.439503005710E-01
 133.60000  0.409530035765E-01
 133.70000  0.378985830688E-01
 133.80000  0.400229670267E-01
 133.90000  0.448667162372E-01
 134.00000  0.491525653065E-01
 134.10000  0.552796716021E-01
 134.20000  0.638363502603E-01
 134.30000  0.724197402895E-01
 134.40000  0.801395734541E-01
 134.50000  0.876199838972E-01
 134.60000  0.939074491800E-01
 134.70000  0.979516523994E-01
 134.80000  0.998128502185E-01
 134.90000  0.991382810166E-01
 135.00000  0.959129860388E-01
 135.10000  0.908413933958E-01
 135.20000  0.842056614923E-01
 135.30000  0.754231431083E-01
 135.40000  0.665814344638E-01
 135.50000  0.595315208138E-01
 135.60000  0.522860556131E-01
 135.70000  0.449020870385E-01
 135.80000  0.419799015560E-01
 135.90000  0.426783990105E-01
 136.00000  0.413691369615E-01
 136.10000  0.417682674030E-01
 136.20000  0.488106618839E-01
 136.30000  0.552007818984E-01
 136.40000  0.564176928590E-01
 136.50000  0.616689864289E-01
 136.60000  0.712854666524E-01
 136.70000  0.737436844443E-01
 136.80000  0.720721525365E-01
 136.90000  0.766180492801E-01
 137.00000  0.803213955128E-01
 137.10000  0.747027406473E-01
 137.20000  0.699951522244E-01
 137.30000  0.709938904573E-01
 137.40000  0.667949970125E-01
 137.50000  0.568494948962E-01
 137.60000  0.522014487485E-01
 137.70000  0.505822046134E-01
 137.80000  0.433046081605E-01
 137.90000  0.362184072331E-01
 138.00000  0.362200705642E-01
 138.10000  0.369840556598E-01
 138.20000  0.345416423866E-01
 138.30000  0.367947062254E-01
 138.40000  0.452708055791E-01
 138.50000  0.517965825368E-01
 138.60000  0.567435720250E-01
 138.70000  0.671749413376E-01
 138.80000  0.792614506202E-01
 138.90000  0.852104673498E-01
 139.00000  0.900368931281E-01
 139.10000  0.981665466171E-01
 139.20000  0.101899797474E+00
 139.30000  0.982631863775E-01
 139.40000  0.955270426990E-01
 139.50000  0.936702748904E-01
 139.60000  0.855088851885E-01
 139.70000  0.746150910755E-01
 139.80000  0.671787323204E-01
 139.90000  0.596821490157E-01
 140.00000  0.496941500751E-01
 140.10000  0.421905486662E-01
 140.20000  0.378092103115E-01
 140.30000  0.341738993435E-01
 140.40000  0.325025054847E-01
 140.50000  0.330758011142E-01
 140.60000  0.347228787681E-01
 140.70000  0.391156798651E-01
 140.80000  0.457963501222E-01
 140.90000  0.509987215125E-01
 141.00000  0.570981401047E-01
 141.10000  0.667382016576E-01
 141.20000  0.748742952043E-01
 141.30000  0.791861886162E-01
 141.40000  0.853572767992E-01
 141.50000  0.926683800012E-01
 141.60000  0.942934907056E-01
 141.70000  0.927343330979E-01
 141.80000  0.934842863497E-01
 141.90000  0.922354580819E-01
 142.00000  0.847357452737E-01
 142.10000  0.776807752278E-01
 142.20000  0.741980679703E-01
 142.30000  0.677768305400E-01
 142.40000  0.585791625051E-01
 142.50000  0.552977105144E-01
 142.60000  0.565120773403E-01
 142.70000  0.539551957591E-01
 142.80000  0.529669939355E-01
 142.90000  0.610275601884E-01
 143.00000  0.693595716755E-01
 143.10000  0.713951054670E-01
 143.20000  0.782019898538E-01
 143.30000  0.914033811884E-01
 143.40000  0.966759658532E-01
 143.50000  0.957844646534E-01
 143.60000  0.101923432815E+00
 143.70000  0.107837476571E+00
 143.80000  0.101758286674E+00
 143.90000  0.952677645088E-01
 144.00000  0.960912170473E-01
 144.10000  0.912033707033E-01
 144.20000  0.782721787976E-01
 144.30000  0.713447498177E-01
 144.40000  0.689237841062E-01
 144.50000  0.597471816711E-01
 144.60000  0.498847289047E-01
 144.70000  0.480791485030E-01
 144.80000  0.474448311964E-01
 144.90000  0.430805811998E-01
 145.00000  0.432979801154E-01
 145.10000  0.501344664151E-01
 145.20000  0.561866064470E-01
 145.30000  0.616293949789E-01
 145.40000  0.725796543831E-01
 145.50000  0.863676768502E-01
 145.60000  0.966721103969E-01
 145.70000  0.106533762235E+00
 145.80000  0.119064545028E+00
 145.90000  0.128711652651E+00
 146.00000  0.132147583778E+00
 146.10000  0.134583035298E+00
 146.20000  0.136249579164E+00
 146.30000  0.131726140807E+00
 146.40000  0.122868062895E+00
 146.50000  0.114429040159E+00
 146.60000  0.104604602290E+00
 146.70000  0.918959531854E-01
 146.80000  0.802391438174E-01
 146.90000  0.703587851325E-01
 147.00000  0.616859676355E-01
 147.10000  0.560380706102E-01
 147.20000  0.525575223734E-01
 147.30000  0.500219094793E-01
 147.40000  0.521457961738E-01
 147.50000  0.582044584911E-01
 147.60000  0.618076484876E-01
 147.70000  0.664878323830E-01
 147.80000  0.775988379201E-01
 147.90000  0.874939319680E-01
 148.00000  0.914301322262E-01
 148.10000  0.991209220947E-01
 148.20000  0.110940996924E+00
 148.30000  0.115261010335E+00
 148.40000  0.115006423271E+00
 148.50000  0.120125693100E+00
 148.60000  0.123795171110E+00
 148.70000  0.117665543472E+00
 148.80000  0.111383364207E+00
 148.90000  0.109955453865E+00
 149.00000  0.103187392890E+00
 149.10000  0.902249988268E-01
 149.20000  0.828771800605E-01
 149.30000  0.799930824058E-01
 149.40000  0.715730297874E-01
 149.50000  0.637747068080E-01
 149.60000  0.662905895644E-01
 149.70000  0.708175914260E-01
 149.80000  0.697370318172E-01
 149.90000  0.746235061297E-01
 150.00000  0.888211812520E-01
 150.10000  0.973247039934E-01
 150.20000  0.997654325065E-01
 150.30000  0.110454117378E+00
 150.40000  0.123025778032E+00
 150.50000  0.122593052900E+00
 150.60000  0.119979193807E+00
 150.70000  0.125709029275E+00
 150.80000  0.125208936292E+00
 150.90000  0.112914149864E+00
 151.00000  0.105873158580E+00
 151.10000  0.104509481858E+00
 151.20000  0.935729107194E-01
 151.30000  0.789346433410E-01
 151.40000  0.736206886312E-01
 151.50000  0.693853795385E-01
 151.60000  0.579158999545E-01
 151.70000  0.502694069048E-01
 151.80000  0.507868562111E-01
 151.90000  0.495028834869E-01
 152.00000  0.461069291302E-01
 152.10000  0.499073663195E-01
 152.20000  0.587789754353E-01
 152.30000  0.649488020551E-01
 152.40000  0.724112886293E-01
 152.50000  0.861690002277E-01
 152.60000  0.100123281761E+00
 152.70000  0.109322580227E+00
 152.80000  0.119673344510E+00
 152.90000  0.131980991797E+00
 153.00000  0.138219234897E+00
 153.10000  0.138419621467E+00
 153.20000  0.139228990522E+00
 153.30000  0.137837789600E+00
 153.40000  0.128630619035E+00
 153.50000  0.117184905808E+00
 153.60000  0.107574008868E+00
 153.70000  0.955432176431E-01
 153.80000  0.809603419030E-01
 153.90000  0.691622207978E-01
 154.00000  0.597604011397E-01
 154.10000  0.510026463780E-01
 154.20000  0.450063512267E-01
 154.30000  0.413019778803E-01
 154.40000  0.394088668933E-01
 154.50000  0.413322717781E-01
 154.60000  0.453568747208E-01
 154.70000  0.481218219918E-01
 154.80000  0.538974476679E-01
 154.90000  0.640976779022E-01
 155.00000  0.719381315273E-01
 155.10000  0.778052142460E-01
 155.20000  0.882790429651E-01
 155.30000  0.996074447516E-01
 155.40000  0.104785655278E+00
 155.50000  0.109310768071E+00
 155.60000  0.116703521861E+00
 155.70000  0.119537357406E+00
 155.80000  0.115650732354E+00
 155.90000  0.112540265924E+00
 156.00000  0.109807995338E+00
 156.10000  0.100625526508E+00
 156.20000  0.885813508138E-01
 156.30000  0.807286648592E-01
 156.40000  0.733637297299E-01
 156.50000  0.616310602408E-01
 156.60000  0.534233318720E-01
 156.70000  0.529607918350E-01
 156.80000  0.513002364224E-01
 156.90000  0.469984784589E-01
 157.00000  0.508279221098E-01
 157.10000  0.600412808776E-01
 157.20000  0.618962115989E-01
 157.30000  0.629360545334E-01
 157.40000  0.731962297049E-01
 157.50000  0.809109059228E-01
 157.60000  0.779392886234E-01
 157.70000  0.793442468380E-01
 157.80000  0.877937236163E-01
 157.90000  0.869279329134E-01
 158.00000  0.798751995104E-01
 158.10000  0.819768188565E-01
 158.20000  0.854676618577E-01
 158.30000  0.779468618066E-01
 158.40000  0.713377090194E-01
 158.50000  0.730821340086E-01
 158.60000  0.700303659404E-01
 158.70000  0.592602813391E-01
 158.80000  0.544327944558E-01
 158.90000  0.546208087705E-01
 159.00000  0.480862517235E-01
 159.10000  0.404754041688E-01
 159.20000  0.422900594627E-01
 159.30000  0.463155303460E-01
 159.40000  0.446392277888E-01
 159.50000  0.478961657569E-01
 159.60000  0.604995514142E-01
 159.70000  0.694409561784E-01
 159.80000  0.727767371199E-01
 159.90000  0.833216024388E-01
 160.00000  0.969331335482E-01
 160.10000  0.991259205707E-01
 160.20000  0.977923586509E-01
 160.30000  0.103629521732E+00
 160.40000  0.104526025844E+00
 160.50000  0.933010420812E-01
 160.60000  0.854613182147E-01
 160.70000  0.835712719963E-01
 160.80000  0.732739439547E-01
 160.90000  0.584316723136E-01
 161.00000  0.522959054543E-01
 161.10000  0.483705897944E-01
 161.20000  0.373847273831E-01
 161.30000  0.289586720727E-01
 161.40000  0.279420237392E-01
 161.50000  0.251656263845E-01
 161.60000  0.191427629387E-01
 161.70000  0.184464919610E-01
 161.80000  0.220975485196E-01
 161.90000  0.233720472603E-01
 162.00000  0.255947899030E-01
 162.10000  0.339287082357E-01
 162.20000  0.444052240347E-01
 162.30000  0.523321705772E-01
 162.40000  0.628050793053E-01
 162.50000  0.775250891114E-01
 162.60000  0.890911362227E-01
 162.70000  0.957408790786E-01
 162.80000  0.104012782646E+00
 162.90000  0.111596507626E+00
 163.00000  0.110340250713E+00
 163.10000  0.104976790404E+00
 163.20000  0.101574497753E+00
 163.30000  0.942385030722E-01
 163.40000  0.799012097157E-01
 163.50000  0.673991339517E-01
 163.60000  0.581443202000E-01
 163.70000  0.459797095378E-01
 163.80000  0.336095478046E-01
 163.90000  0.261209508383E-01
 164.00000  0.207895162039E-01
 164.10000  0.150285989319E-01
 164.20000  0.118719860435E-01
 164.30000  0.109105558834E-01
 164.40000  0.109168768176E-01
 164.50000  0.125268427209E-01
 164.60000  0.153655017786E-01
 164.70000  0.189473090431E-01
 164.80000  0.249290009048E-01
 164.90000  0.331936223306E-01
 165.00000  0.414281373877E-01
 165.10000  0.511469283844E-01
 165.20000  0.627973403677E-01
 165.30000  0.741834710769E-01
 165.40000  0.838711250477E-01
 165.50000  0.926302407044E-01
 165.60000  0.992893460663E-01
 165.70000  0.102290585030E+00
 165.80000  0.101877984979E+00
 165.90000  0.980999201676E-01
 166.00000  0.914222037503E-01
 166.10000  0.817167110374E-01
 166.20000  0.705349944048E-01
 166.30000  0.594014554451E-01
 166.40000  0.484567284049E-01
 166.50000  0.373104669179E-01
 166.60000  0.291422939981E-01
 166.70000  0.248399333789E-01
 166.80000  0.198646261322E-01
 166.90000  0.157202563920E-01
 167.00000  0.170233913799E-01
 167.10000  0.195892045577E-01
 167.20000  0.176685744798E-01
 167.30000  0.184548478266E-01
 167.40000  0.246603369206E-01
 167.50000  0.273358707718E-01
 167.60000  0.268845875478E-01
 167.70000  0.328092320274E-01
 167.80000  0.419120874277E-01
 167.90000  0.456614038149E-01
 168.00000  0.505285395371E-01
 168.10000  0.611451438515E-01
 168.20000  0.696581651671E-01
 168.30000  0.724571689649E-01
 168.40000  0.767204851435E-01
 168.50000  0.818322734903E-01
 168.60000  0.803847179265E-01
 168.70000  0.745751437455E-01
 168.80000  0.704839836076E-01
 168.90000  0.655082563525E-01
 169.00000  0.546459633807E-01
 169.10000  0.447356924390E-01
 169.20000  0.405742906578E-01
 169.30000  0.354241534200E-01
 169.40000  0.269818009904E-01
 169.50000  0.254278692315E-01
 169.60000  0.301864764902E-01
 169.70000  0.288580443408E-01
 169.80000  0.262288434007E-01
 169.90000  0.328409602079E-01
 170.00000  0.389576781094E-01
 170.10000  0.345597078515E-01
 170.20000  0.339433969251E-01
 170.30000  0.417742968631E-01
 170.40000  0.423344958279E-01
 170.50000  0.368357544654E-01
 170.60000  0.411698999216E-01
 170.70000  0.497440625440E-01
 170.80000  0.489627210475E-01
 170.90000  0.492329753903E-01
 171.00000  0.583861822946E-01
 171.10000  0.641863702184E-01
 171.20000  0.612403996174E-01
 171.30000  0.617814055553E-01
 171.40000  0.657341835676E-01
 171.50000  0.611818902800E-01
 171.60000  0.518682613260E-01
 171.70000  0.485930179910E-01
 171.80000  0.464466003226E-01
 171.90000  0.363293832663E-01
 172.00000  0.291614676159E-01
 172.10000  0.321302328828E-01
 172.20000  0.328960843605E-01
 172.30000  0.273629658304E-01
 172.40000  0.311053439485E-01
 172.50000  0.423580223911E-01
 172.60000  0.425444133331E-01
 172.70000  0.391877604752E-01
 172.80000  0.473758545462E-01
 172.90000  0.535436424845E-01
 173.00000  0.447471678621E-01
 173.10000  0.407829912615E-01
 173.20000  0.477648632661E-01
 173.30000  0.455198316247E-01
 173.40000  0.359410446427E-01
 173.50000  0.390291982418E-01
 173.60000  0.476553670098E-01
 173.70000  0.446735658218E-01
 173.80000  0.429368005705E-01
 173.90000  0.521520091409E-01
 174.00000  0.573249377775E-01
 174.10000  0.513670912175E-01
 174.20000  0.502913416929E-01
 174.30000  0.548850186401E-01
 174.40000  0.493007710697E-01
 174.50000  0.383542014977E-01
 174.60000  0.376403915780E-01
 174.70000  0.402436174850E-01
 174.80000  0.318145021069E-01
 174.90000  0.279848681792E-01
 175.00000  0.391243827474E-01
 175.10000  0.458285776045E-01
 175.20000  0.413604741960E-01
 175.30000  0.488915098945E-01
 175.40000  0.654806516183E-01
 175.50000  0.639559508626E-01
 175.60000  0.560717854772E-01
 175.70000  0.635057624598E-01
 175.80000  0.675928158948E-01
 175.90000  0.512261102487E-01
 176.00000  0.421637440541E-01
 176.10000  0.481913984612E-01
 176.20000  0.431014075156E-01
 176.30000  0.297900179001E-01
 176.40000  0.330339908161E-01
 176.50000  0.436242604029E-01
 176.60000  0.399121983112E-01
 176.70000  0.377386747188E-01
 176.80000  0.481130207508E-01
 176.90000  0.535141662867E-01
 177.00000  0.445560794783E-01
 177.10000  0.416990622028E-01
 177.20000  0.472828587552E-01
 177.30000  0.404293327151E-01
 177.40000  0.271732764972E-01
 177.50000  0.303294780653E-01
 177.60000  0.409397423492E-01
 177.70000  0.342756200361E-01
 177.80000  0.347881733234E-01
 177.90000  0.596818980447E-01
 178.00000  0.755659478986E-01
 178.10000  0.688032167203E-01
 178.20000  0.806219034687E-01
 178.30000  0.106882934996E+00
 178.40000  0.977262264918E-01
 178.50000  0.760735287416E-01
 178.60000  0.820382900913E-01
 178.70000  0.836616614118E-01
 178.80000  0.489656868697E-01
 178.90000  0.316634864457E-01
 179.00000  0.451214543936E-01
 179.10000  0.428309998202E-01
 179.20000  0.316106925852E-01
 179.30000  0.525808249062E-01
 179.40000  0.910555075738E-01
 179.50000  0.106132297484E+00
 179.60000  0.130014256724E+00
 179.70000  0.166839680744E+00
 179.80000  0.199901878277E+00
 179.90000  0.200177736465E+00
 180.00000  0.226310588298E+00

