 # E =    1.2497931865641376       eV =    10081.000000000000       1/cm
 #  1801
# DFFCSO.  ACCUM LEV(I),J(I) =  1  0 LEV(F),J(F) =  1  0       , M =  0, WEIGHTED BY  1.00000
   0.10000  0.398155077459E+07
   0.20000  0.106469773517E+07
   0.30000  0.349903521941E+06
   0.40000  0.640180195889E+05
   0.50000  0.163661020845E+05
   0.60000  0.407036176290E+05
   0.70000  0.254800672947E+05
   0.80000  0.128454692057E+04
   0.90000  0.539253106006E+04
   1.00000  0.713177950330E+04
   1.10000  0.445498082986E+04
   1.20000  0.396359907133E+04
   1.30000  0.403670192403E+04
   1.40000  0.238097722612E+04
   1.50000  0.253714734005E+04
   1.60000  0.413713949851E+04
   1.70000  0.329699409679E+04
   1.80000  0.170175329863E+04
   1.90000  0.152135141697E+04
   2.00000  0.260595757955E+04
   2.10000  0.262872600115E+04
   2.20000  0.198804252629E+04
   2.30000  0.161586920217E+04
   2.40000  0.152530865808E+04
   2.50000  0.140824817623E+04
   2.60000  0.113858141068E+04
   2.70000  0.126890275051E+04
   2.80000  0.131138564818E+04
   2.90000  0.115203905614E+04
   3.00000  0.708450758141E+03
   3.10000  0.370652160480E+03
   3.20000  0.364015383171E+03
   3.30000  0.419693200178E+03
   3.40000  0.436103794209E+03
   3.50000  0.288715420913E+03
   3.60000  0.168549964094E+03
   3.70000  0.123490162049E+03
   3.80000  0.975286112141E+02
   3.90000  0.991561932757E+02
   4.00000  0.888326464251E+02
   4.10000  0.921844712576E+02
   4.20000  0.870913724275E+02
   4.30000  0.662604487806E+02
   4.40000  0.801562470381E+02
   4.50000  0.105636282257E+03
   4.60000  0.147651500604E+03
   4.70000  0.177305992954E+03
   4.80000  0.175079327542E+03
   4.90000  0.156671100698E+03
   5.00000  0.103264215474E+03
   5.10000  0.894736220206E+02
   5.20000  0.125460570297E+03
   5.30000  0.186465074333E+03
   5.40000  0.234814618046E+03
   5.50000  0.218023344468E+03
   5.60000  0.179082862075E+03
   5.70000  0.115536704506E+03
   5.80000  0.653946031445E+02
   5.90000  0.664387966220E+02
   6.00000  0.918705550534E+02
   6.10000  0.128077130465E+03
   6.20000  0.128828239350E+03
   6.30000  0.107762164941E+03
   6.40000  0.819264533394E+02
   6.50000  0.456574002017E+02
   6.60000  0.301933915337E+02
   6.70000  0.299647379103E+02
   6.80000  0.384704790724E+02
   6.90000  0.451038749766E+02
   7.00000  0.393696012046E+02
   7.10000  0.361276127287E+02
   7.20000  0.283565907678E+02
   7.30000  0.206535857726E+02
   7.40000  0.220727994509E+02
   7.50000  0.250364718774E+02
   7.60000  0.292418801322E+02
   7.70000  0.278231004898E+02
   7.80000  0.232475357722E+02
   7.90000  0.197342087890E+02
   8.00000  0.131787894080E+02
   8.10000  0.132402606788E+02
   8.20000  0.197197657356E+02
   8.30000  0.272154159976E+02
   8.40000  0.339771037462E+02
   8.50000  0.340014806265E+02
   8.60000  0.308036157289E+02
   8.70000  0.229508950196E+02
   8.80000  0.131099684813E+02
   8.90000  0.106398308458E+02
   9.00000  0.115722910395E+02
   9.10000  0.154916299836E+02
   9.20000  0.205050862096E+02
   9.30000  0.230850941270E+02
   9.40000  0.239059634531E+02
   9.50000  0.193236584908E+02
   9.60000  0.146077163297E+02
   9.70000  0.121435656384E+02
   9.80000  0.827594400774E+01
   9.90000  0.725256529629E+01
  10.00000  0.782084318490E+01
  10.10000  0.833327847437E+01
  10.20000  0.929278123125E+01
  10.30000  0.913112581384E+01
  10.40000  0.105133459897E+02
  10.50000  0.107800025813E+02
  10.60000  0.904783724780E+01
  10.70000  0.880229405329E+01
  10.80000  0.694845921745E+01
  10.90000  0.450614259685E+01
  11.00000  0.330200211188E+01
  11.10000  0.287144554511E+01
  11.20000  0.434274159669E+01
  11.30000  0.536546916422E+01
  11.40000  0.690148679227E+01
  11.50000  0.858408794598E+01
  11.60000  0.740554827122E+01
  11.70000  0.590663218248E+01
  11.80000  0.424571316133E+01
  11.90000  0.254758203611E+01
  12.00000  0.205051718754E+01
  12.10000  0.220088617438E+01
  12.20000  0.412776774752E+01
  12.30000  0.589249972458E+01
  12.40000  0.669959164388E+01
  12.50000  0.768426007661E+01
  12.60000  0.732190966460E+01
  12.70000  0.634296559459E+01
  12.80000  0.502761813503E+01
  12.90000  0.396851053937E+01
  13.00000  0.403530359528E+01
  13.10000  0.383415102995E+01
  13.20000  0.483364658422E+01
  13.30000  0.675796814657E+01
  13.40000  0.810319433571E+01
  13.50000  0.951379479563E+01
  13.60000  0.100272401672E+02
  13.70000  0.100497640173E+02
  13.80000  0.905010845930E+01
  13.90000  0.694761481358E+01
  14.00000  0.611826872657E+01
  14.10000  0.538618010120E+01
  14.20000  0.522236829558E+01
  14.30000  0.679203068734E+01
  14.40000  0.852527725912E+01
  14.50000  0.103670324161E+02
  14.60000  0.111361730042E+02
  14.70000  0.110702719147E+02
  14.80000  0.106779782170E+02
  14.90000  0.850244490750E+01
  15.00000  0.694207445849E+01
  15.10000  0.644130249123E+01
  15.20000  0.576486549334E+01
  15.30000  0.635863877184E+01
  15.40000  0.740189921121E+01
  15.50000  0.854796183127E+01
  15.60000  0.933227867677E+01
  15.70000  0.905275590473E+01
  15.80000  0.919156890153E+01
  15.90000  0.839681145039E+01
  16.00000  0.687158536303E+01
  16.10000  0.645265896624E+01
  16.20000  0.574947285224E+01
  16.30000  0.528531530970E+01
  16.40000  0.544809605726E+01
  16.50000  0.578408896317E+01
  16.60000  0.659406806457E+01
  16.70000  0.664117141895E+01
  16.80000  0.677100879032E+01
  16.90000  0.698497266256E+01
  17.00000  0.585985587918E+01
  17.10000  0.501073577755E+01
  17.20000  0.438765760025E+01
  17.30000  0.360643449845E+01
  17.40000  0.345845027102E+01
  17.50000  0.352620384999E+01
  17.60000  0.420901017308E+01
  17.70000  0.465875637842E+01
  17.80000  0.449029579848E+01
  17.90000  0.468875833234E+01
  18.00000  0.416391505217E+01
  18.10000  0.330443566270E+01
  18.20000  0.294041668602E+01
  18.30000  0.260716819621E+01
  18.40000  0.266554154592E+01
  18.50000  0.268839210307E+01
  18.60000  0.285642207727E+01
  18.70000  0.315992179437E+01
  18.80000  0.274382442585E+01
  18.90000  0.252215089113E+01
  19.00000  0.247170537911E+01
  19.10000  0.224776673978E+01
  19.20000  0.237925014582E+01
  19.30000  0.253774044061E+01
  19.40000  0.284256965883E+01
  19.50000  0.286732296486E+01
  19.60000  0.245089711454E+01
  19.70000  0.230416744058E+01
  19.80000  0.188390364593E+01
  19.90000  0.151732897329E+01
  20.00000  0.170085048463E+01
  20.10000  0.203568970684E+01
  20.20000  0.262104021101E+01
  20.30000  0.298645170538E+01
  20.40000  0.322286186437E+01
  20.50000  0.332400393704E+01
  20.60000  0.267985894323E+01
  20.70000  0.215835276728E+01
  20.80000  0.185123287281E+01
  20.90000  0.148590856947E+01
  21.00000  0.163873934694E+01
  21.10000  0.203818368285E+01
  21.20000  0.265429399063E+01
  21.30000  0.315340666882E+01
  21.40000  0.324988152172E+01
  21.50000  0.345089770039E+01
  21.60000  0.312844206287E+01
  21.70000  0.247377088046E+01
  21.80000  0.220388943756E+01
  21.90000  0.183345441338E+01
  22.00000  0.167094355163E+01
  22.10000  0.183738484032E+01
  22.20000  0.217202439609E+01
  22.30000  0.273639557319E+01
  22.40000  0.296433712824E+01
  22.50000  0.321356234623E+01
  22.60000  0.339329941768E+01
  22.70000  0.287923818156E+01
  22.80000  0.243727982372E+01
  22.90000  0.203204869080E+01
  23.00000  0.150513675958E+01
  23.10000  0.137247656153E+01
  23.20000  0.149999234718E+01
  23.30000  0.203207183071E+01
  23.40000  0.259630169984E+01
  23.50000  0.291519624805E+01
  23.60000  0.332784564041E+01
  23.70000  0.310423244666E+01
  23.80000  0.239195622586E+01
  23.90000  0.181528413227E+01
  24.00000  0.108717972891E+01
  24.10000  0.650457152855E+00
  24.20000  0.682349639628E+00
  24.30000  0.112135557396E+01
  24.40000  0.192411136768E+01
  24.50000  0.244081939747E+01
  24.60000  0.286039925102E+01
  24.70000  0.297712956853E+01
  24.80000  0.230229706933E+01
  24.90000  0.157221355230E+01
  25.00000  0.874618537033E+00
  25.10000  0.247776056003E+00
  25.20000  0.125959737096E+00
  25.30000  0.371802041675E+00
  25.40000  0.102589376869E+01
  25.50000  0.165012528553E+01
  25.60000  0.198537113036E+01
  25.70000  0.226306577923E+01
  25.80000  0.197577865712E+01
  25.90000  0.133811620639E+01
  26.00000  0.833671889504E+00
  26.10000  0.295999627627E+00
  26.20000  0.176703343511E-01
  26.30000  0.522953065053E-01
  26.40000  0.321324604610E+00
  26.50000  0.761973118312E+00
  26.60000  0.993461866746E+00
  26.70000  0.117975286336E+01
  26.80000  0.122880983666E+01
  26.90000  0.902003348861E+00
  27.00000  0.610035182911E+00
  27.10000  0.348898571599E+00
  27.20000  0.801808791422E-01
  27.30000  0.112897684396E-02
  27.40000  0.290214177256E-01
  27.50000  0.179439717430E+00
  27.60000  0.324083184854E+00
  27.70000  0.401374796725E+00
  27.80000  0.519445303601E+00
  27.90000  0.485783195674E+00
  28.00000  0.362449712311E+00
  28.10000  0.292067266127E+00
  28.20000  0.158629357606E+00
  28.30000  0.476245962054E-01
  28.40000  0.981378936595E-02
  28.50000  0.671813419284E-02
  28.60000  0.597577613275E-01
  28.70000  0.121496752686E+00
  28.80000  0.205151132062E+00
  28.90000  0.283121807316E+00
  29.00000  0.293153867935E+00
  29.10000  0.281500040878E+00
  29.20000  0.235897665010E+00
  29.30000  0.146237858668E+00
  29.40000  0.697538469170E-01
  29.50000  0.199174150424E-01
  29.60000  0.206969956302E-02
  29.70000  0.363510715332E-01
  29.80000  0.112117766701E+00
  29.90000  0.191930216482E+00
  30.00000  0.271790018055E+00
  30.10000  0.328418161080E+00
  30.20000  0.317259461411E+00
  30.30000  0.278787783007E+00
  30.40000  0.216530912934E+00
  30.50000  0.117697309883E+00
  30.60000  0.483736248677E-01
  30.70000  0.105418714686E-01
  30.80000  0.519010685062E-02
  30.90000  0.421903810446E-01
  31.00000  0.987628034174E-01
  31.10000  0.193378781514E+00
  31.20000  0.259082244131E+00
  31.30000  0.285354091408E+00
  31.40000  0.331939458307E+00
  31.50000  0.298871668794E+00
  31.60000  0.220633977327E+00
  31.70000  0.178444444928E+00
  31.80000  0.937272089874E-01
  31.90000  0.242942133176E-01
  32.00000  0.673252565270E-02
  32.10000  0.143377807792E-01
  32.20000  0.710221054101E-01
  32.30000  0.121111880615E+00
  32.40000  0.202669141868E+00
  32.50000  0.289519667041E+00
  32.60000  0.278703439155E+00
  32.70000  0.280837363447E+00
  32.80000  0.262582614702E+00
  32.90000  0.158471427760E+00
  33.00000  0.974535482946E-01
  33.10000  0.533756635202E-01
  33.20000  0.120597836106E-01
  33.30000  0.170778795357E-01
  33.40000  0.376721259030E-01
  33.50000  0.933435609302E-01
  33.60000  0.126616372300E+00
  33.70000  0.134682825585E+00
  33.80000  0.175149264669E+00
  33.90000  0.161267697364E+00
  34.00000  0.131050423987E+00
  34.10000  0.145000694672E+00
  34.20000  0.126715153184E+00
  34.30000  0.108981376829E+00
  34.40000  0.111222584338E+00
  34.50000  0.895334779515E-01
  34.60000  0.626870534380E-01
  34.70000  0.324500003678E-01
  34.80000  0.112994798995E-01
  34.90000  0.172531994125E-01
  35.00000  0.424265467073E-01
  35.10000  0.115042069498E+00
  35.20000  0.219861818924E+00
  35.30000  0.307469086208E+00
  35.40000  0.392597642204E+00
  35.50000  0.439855512045E+00
  35.60000  0.398360471109E+00
  35.70000  0.329174512103E+00
  35.80000  0.237102226834E+00
  35.90000  0.115814874231E+00
  36.00000  0.653136493809E-01
  36.10000  0.891211711966E-01
  36.20000  0.168506083163E+00
  36.30000  0.329325992923E+00
  36.40000  0.514244586559E+00
  36.50000  0.685098467433E+00
  36.60000  0.787484986911E+00
  36.70000  0.791334182238E+00
  36.80000  0.742140223321E+00
  36.90000  0.592442521539E+00
  37.00000  0.408848225292E+00
  37.10000  0.305386095953E+00
  37.20000  0.221985321289E+00
  37.30000  0.221541488773E+00
  37.40000  0.345360144165E+00
  37.50000  0.487404352307E+00
  37.60000  0.642378061748E+00
  37.70000  0.768316633226E+00
  37.80000  0.819648950528E+00
  37.90000  0.796863516665E+00
  38.00000  0.672009707108E+00
  38.10000  0.529311354443E+00
  38.20000  0.391027933042E+00
  38.30000  0.239034339820E+00
  38.40000  0.185474704448E+00
  38.50000  0.203268653863E+00
  38.60000  0.236837366039E+00
  38.70000  0.336304502464E+00
  38.80000  0.438250968749E+00
  38.90000  0.494748578137E+00
  39.00000  0.523570714683E+00
  39.10000  0.500716560813E+00
  39.20000  0.435970249518E+00
  39.30000  0.342306766921E+00
  39.40000  0.238298268875E+00
  39.50000  0.161118698572E+00
  39.60000  0.949513508197E-01
  39.70000  0.578766555310E-01
  39.80000  0.772286972157E-01
  39.90000  0.100782943941E+00
  40.00000  0.137753234905E+00
  40.10000  0.209256774449E+00
  40.20000  0.248603472803E+00
  40.30000  0.271415560347E+00
  40.40000  0.302175872015E+00
  40.50000  0.285884834324E+00
  40.60000  0.251049173515E+00
  40.70000  0.219274545008E+00
  40.80000  0.169543929304E+00
  40.90000  0.130150219165E+00
  41.00000  0.989797784111E-01
  41.10000  0.950152205936E-01
  41.20000  0.118988844199E+00
  41.30000  0.129952880696E+00
  41.40000  0.179197097398E+00
  41.50000  0.233630808420E+00
  41.60000  0.236040833352E+00
  41.70000  0.261025384195E+00
  41.80000  0.268967658974E+00
  41.90000  0.227288368181E+00
  42.00000  0.205848638055E+00
  42.10000  0.179476224824E+00
  42.20000  0.150145239374E+00
  42.30000  0.137056093264E+00
  42.40000  0.130058792440E+00
  42.50000  0.151287603381E+00
  42.60000  0.156720378525E+00
  42.70000  0.156548645898E+00
  42.80000  0.184949722055E+00
  42.90000  0.171068379056E+00
  43.00000  0.148404240385E+00
  43.10000  0.152046219903E+00
  43.20000  0.123910869122E+00
  43.30000  0.100659538100E+00
  43.40000  0.979394881096E-01
  43.50000  0.871558175432E-01
  43.60000  0.855435763121E-01
  43.70000  0.838890332919E-01
  43.80000  0.869138106114E-01
  43.90000  0.916210470500E-01
  44.00000  0.778831504700E-01
  44.10000  0.767047617539E-01
  44.20000  0.749104326895E-01
  44.30000  0.531946531676E-01
  44.40000  0.510611537839E-01
  44.50000  0.515933987063E-01
  44.60000  0.384458749820E-01
  44.70000  0.448812503003E-01
  44.80000  0.538801787976E-01
  44.90000  0.520294270497E-01
  45.00000  0.621452035636E-01
  45.10000  0.701570928121E-01
  45.20000  0.679310981027E-01
  45.30000  0.684776946183E-01
  45.40000  0.641686575292E-01
  45.50000  0.570445900353E-01
  45.60000  0.483501838858E-01
  45.70000  0.399123296134E-01
  45.80000  0.457239341537E-01
  45.90000  0.471962069734E-01
  46.00000  0.543373059117E-01
  46.10000  0.872924217539E-01
  46.20000  0.102573345413E+00
  46.30000  0.116667234827E+00
  46.40000  0.150113486519E+00
  46.50000  0.148659905139E+00
  46.60000  0.137913979851E+00
  46.70000  0.136959585420E+00
  46.80000  0.108617246141E+00
  46.90000  0.827109459556E-01
  47.00000  0.675434951895E-01
  47.10000  0.592029033529E-01
  47.20000  0.705229714358E-01
  47.30000  0.833508337774E-01
  47.40000  0.125388236067E+00
  47.50000  0.176635773272E+00
  47.60000  0.195284683186E+00
  47.70000  0.236251792987E+00
  47.80000  0.259664635557E+00
  47.90000  0.228162475822E+00
  48.00000  0.214225568380E+00
  48.10000  0.183839566026E+00
  48.20000  0.125901421732E+00
  48.30000  0.980818565092E-01
  48.40000  0.805828684521E-01
  48.50000  0.819385541907E-01
  48.60000  0.104968772516E+00
  48.70000  0.141204977305E+00
  48.80000  0.206047190256E+00
  48.90000  0.244129489866E+00
  49.00000  0.268033130665E+00
  49.10000  0.303560084897E+00
  49.20000  0.277461723460E+00
  49.30000  0.232687076353E+00
  49.40000  0.204849880504E+00
  49.50000  0.140379552228E+00
  49.60000  0.904644871887E-01
  49.70000  0.759490391668E-01
  49.80000  0.693986704862E-01
  49.90000  0.927124184724E-01
  50.00000  0.132589322170E+00
  50.10000  0.186348249772E+00
  50.20000  0.240191062470E+00
  50.30000  0.263639444823E+00
  50.40000  0.285114718831E+00
  50.50000  0.280801850235E+00
  50.60000  0.232209066418E+00
  50.70000  0.190892375919E+00
  50.80000  0.140204415992E+00
  50.90000  0.770220518435E-01
  51.00000  0.467676286936E-01
  51.10000  0.352703009603E-01
  51.20000  0.389797804522E-01
  51.30000  0.761939091229E-01
  51.40000  0.129477297655E+00
  51.50000  0.187685268112E+00
  51.60000  0.248418038423E+00
  51.70000  0.296296738160E+00
  51.80000  0.321616798632E+00
  51.90000  0.321699823359E+00
  52.00000  0.294144842447E+00
  52.10000  0.244833803568E+00
  52.20000  0.180252193994E+00
  52.30000  0.114764653478E+00
  52.40000  0.701601954652E-01
  52.50000  0.437655603619E-01
  52.60000  0.530892278271E-01
  52.70000  0.115614662286E+00
  52.80000  0.190625653894E+00
  52.90000  0.285662589710E+00
  53.00000  0.402782551031E+00
  53.10000  0.472869361374E+00
  53.20000  0.510325817232E+00
  53.30000  0.522296827470E+00
  53.40000  0.463967215172E+00
  53.50000  0.376626252117E+00
  53.60000  0.282441780394E+00
  53.70000  0.188509388732E+00
  53.80000  0.130773212811E+00
  53.90000  0.109035866312E+00
  54.00000  0.155956884030E+00
  54.10000  0.248981761112E+00
  54.20000  0.339730077686E+00
  54.30000  0.469622351431E+00
  54.40000  0.570525125242E+00
  54.50000  0.590711329592E+00
  54.60000  0.598593034535E+00
  54.70000  0.544503639241E+00
  54.80000  0.425810342434E+00
  54.90000  0.320932036641E+00
  55.00000  0.217914067313E+00
  55.10000  0.144123239386E+00
  55.20000  0.119086866287E+00
  55.30000  0.139814973204E+00
  55.40000  0.220572184469E+00
  55.50000  0.295903787800E+00
  55.60000  0.373368638311E+00
  55.70000  0.462373052724E+00
  55.80000  0.470541323191E+00
  55.90000  0.444065797638E+00
  56.00000  0.411143054263E+00
  56.10000  0.312106039871E+00
  56.20000  0.214812616007E+00
  56.30000  0.144990457624E+00
  56.40000  0.792319787996E-01
  56.50000  0.533125333946E-01
  56.60000  0.584260543576E-01
  56.70000  0.956448601976E-01
  56.80000  0.150303387330E+00
  56.90000  0.189715968906E+00
  57.00000  0.244479683954E+00
  57.10000  0.276831181772E+00
  57.20000  0.261943333669E+00
  57.30000  0.255752627795E+00
  57.40000  0.223899625877E+00
  57.50000  0.159965438249E+00
  57.60000  0.119088355324E+00
  57.70000  0.771134154642E-01
  57.80000  0.369626310744E-01
  57.90000  0.282926051878E-01
  58.00000  0.356908855249E-01
  58.10000  0.610977951109E-01
  58.20000  0.101646597459E+00
  58.30000  0.149132884287E+00
  58.40000  0.202161123962E+00
  58.50000  0.236398635891E+00
  58.60000  0.255483661305E+00
  58.70000  0.264007832535E+00
  58.80000  0.236942716088E+00
  58.90000  0.196837067206E+00
  59.00000  0.161316201306E+00
  59.10000  0.111771439482E+00
  59.20000  0.800802413704E-01
  59.30000  0.828572004622E-01
  59.40000  0.934025589202E-01
  59.50000  0.131307897984E+00
  59.60000  0.195272081065E+00
  59.70000  0.247607319184E+00
  59.80000  0.295034259710E+00
  59.90000  0.328914933477E+00
  60.00000  0.328038312386E+00
  60.10000  0.304189778014E+00
  60.20000  0.259424814241E+00
  60.30000  0.208274313594E+00
  60.40000  0.162265333040E+00
  60.50000  0.122699256042E+00
  60.60000  0.122627653123E+00
  60.70000  0.145833544597E+00
  60.80000  0.173236149103E+00
  60.90000  0.236851355652E+00
  61.00000  0.292507648462E+00
  61.10000  0.314749233716E+00
  61.20000  0.340170744321E+00
  61.30000  0.330290193307E+00
  61.40000  0.281652310542E+00
  61.50000  0.235016551437E+00
  61.60000  0.177057870642E+00
  61.70000  0.123864910737E+00
  61.80000  0.914507206554E-01
  61.90000  0.812469397075E-01
  62.00000  0.105617994719E+00
  62.10000  0.134468682468E+00
  62.20000  0.177811097151E+00
  62.30000  0.239982918923E+00
  62.40000  0.263255488562E+00
  62.50000  0.276263640298E+00
  62.60000  0.288069797074E+00
  62.70000  0.248249366738E+00
  62.80000  0.202537271195E+00
  62.90000  0.164592747553E+00
  63.00000  0.107317012322E+00
  63.10000  0.688325862694E-01
  63.20000  0.521450563600E-01
  63.30000  0.509648822381E-01
  63.40000  0.723060311646E-01
  63.50000  0.101509569328E+00
  63.60000  0.150442336721E+00
  63.70000  0.195678398096E+00
  63.80000  0.216685020892E+00
  63.90000  0.244898892480E+00
  64.00000  0.246643182653E+00
  64.10000  0.212579286737E+00
  64.20000  0.188325681307E+00
  64.30000  0.147582628174E+00
  64.40000  0.949722600511E-01
  64.50000  0.705021643304E-01
  64.60000  0.561209893481E-01
  64.70000  0.569071690500E-01
  64.80000  0.853082561633E-01
  64.90000  0.126187384498E+00
  65.00000  0.176343890576E+00
  65.10000  0.220439669374E+00
  65.20000  0.253319598233E+00
  65.30000  0.273825118558E+00
  65.40000  0.260629256096E+00
  65.50000  0.230280741381E+00
  65.60000  0.194256511595E+00
  65.70000  0.138419363582E+00
  65.80000  0.927662659120E-01
  65.90000  0.704553575311E-01
  66.00000  0.546106016967E-01
  66.10000  0.658484956374E-01
  66.20000  0.102961139706E+00
  66.30000  0.139474283391E+00
  66.40000  0.181502460712E+00
  66.50000  0.219867541230E+00
  66.60000  0.233756234756E+00
  66.70000  0.230364355026E+00
  66.80000  0.209359053210E+00
  66.90000  0.170127904443E+00
  67.00000  0.125314473676E+00
  67.10000  0.809330052803E-01
  67.20000  0.488221809811E-01
  67.30000  0.311843154419E-01
  67.40000  0.251305425756E-01
  67.50000  0.426005530919E-01
  67.60000  0.668300243456E-01
  67.70000  0.860112558490E-01
  67.80000  0.115461606772E+00
  67.90000  0.131111012684E+00
  68.00000  0.125930575519E+00
  68.10000  0.124134440442E+00
  68.20000  0.106701788643E+00
  68.30000  0.759578622602E-01
  68.40000  0.556795282524E-01
  68.50000  0.330245217729E-01
  68.60000  0.129048400447E-01
  68.70000  0.480943184687E-02
  68.80000  0.228074368093E-02
  68.90000  0.889804748622E-02
  69.00000  0.169089385245E-01
  69.10000  0.300654196776E-01
  69.20000  0.512833867527E-01
  69.30000  0.610707231345E-01
  69.40000  0.730892079927E-01
  69.50000  0.891114652098E-01
  69.60000  0.857506044313E-01
  69.70000  0.817720498706E-01
  69.80000  0.783922375985E-01
  69.90000  0.577875920255E-01
  70.00000  0.394973468201E-01
  70.10000  0.260297187912E-01
  70.20000  0.981038668684E-02
  70.30000  0.486073420159E-02
  70.40000  0.117076525087E-01
  70.50000  0.274347636554E-01
  70.60000  0.533994479312E-01
  70.70000  0.838116330390E-01
  70.80000  0.115351311894E+00
  70.90000  0.140063271832E+00
  71.00000  0.151590198534E+00
  71.10000  0.152148816115E+00
  71.20000  0.137072102676E+00
  71.30000  0.108371354035E+00
  71.40000  0.789613290392E-01
  71.50000  0.494719417389E-01
  71.60000  0.253247823458E-01
  71.70000  0.217475624161E-01
  71.80000  0.316606409617E-01
  71.90000  0.515998997554E-01
  72.00000  0.903373185739E-01
  72.10000  0.127926444777E+00
  72.20000  0.154802445831E+00
  72.30000  0.179532190032E+00
  72.40000  0.183108106219E+00
  72.50000  0.164885359037E+00
  72.60000  0.140380368753E+00
  72.70000  0.103782836236E+00
  72.80000  0.654701269786E-01
  72.90000  0.364232584619E-01
  73.00000  0.196067531275E-01
  73.10000  0.225135704132E-01
  73.20000  0.343902210458E-01
  73.30000  0.610343585038E-01
  73.40000  0.100610218217E+00
  73.50000  0.123650873223E+00
  73.60000  0.144933194354E+00
  73.70000  0.162221871774E+00
  73.80000  0.147046109269E+00
  73.90000  0.126991402644E+00
  74.00000  0.105013232473E+00
  74.10000  0.657477355308E-01
  74.20000  0.360143818287E-01
  74.30000  0.166970485638E-01
  74.40000  0.404331564189E-02
  74.50000  0.589384940500E-02
  74.60000  0.153697297161E-01
  74.70000  0.383946853402E-01
  74.80000  0.613889914740E-01
  74.90000  0.759182874278E-01
  75.00000  0.987704208167E-01
  75.10000  0.106921735037E+00
  75.20000  0.987022485861E-01
  75.30000  0.972093921750E-01
  75.40000  0.817355823445E-01
  75.50000  0.572338916447E-01
  75.60000  0.421965203250E-01
  75.70000  0.237896520372E-01
  75.80000  0.812400874091E-02
  75.90000  0.159473544782E-02
  76.00000  0.455269233876E-03
  76.10000  0.777617133886E-02
  76.20000  0.186821262075E-01
  76.30000  0.358297530375E-01
  76.40000  0.578748157577E-01
  76.50000  0.748917415817E-01
  76.60000  0.912823665311E-01
  76.70000  0.103513413497E+00
  76.80000  0.104523612358E+00
  76.90000  0.987234853013E-01
  77.00000  0.855556721768E-01
  77.10000  0.652630498469E-01
  77.20000  0.432135002440E-01
  77.30000  0.235076432977E-01
  77.40000  0.850227657739E-02
  77.50000  0.349969001894E-02
  77.60000  0.116889606793E-01
  77.70000  0.264805927629E-01
  77.80000  0.521391801477E-01
  77.90000  0.861851550138E-01
  78.00000  0.110480605068E+00
  78.10000  0.133200671074E+00
  78.20000  0.150392438783E+00
  78.30000  0.143454304367E+00
  78.40000  0.129797899946E+00
  78.50000  0.110019870178E+00
  78.60000  0.765496304861E-01
  78.70000  0.487035824131E-01
  78.80000  0.281465194013E-01
  78.90000  0.184666154026E-01
  79.00000  0.233011116156E-01
  79.10000  0.377283880205E-01
  79.20000  0.720664177774E-01
  79.30000  0.106385150572E+00
  79.40000  0.131932907066E+00
  79.50000  0.167091373932E+00
  79.60000  0.180129118124E+00
  79.70000  0.170120281961E+00
  79.80000  0.164403893412E+00
  79.90000  0.136671900943E+00
  80.00000  0.972899543917E-01
  80.10000  0.714936826095E-01
  80.20000  0.446243864906E-01
  80.30000  0.278911114608E-01
  80.40000  0.278074678119E-01
  80.50000  0.396177730587E-01
  80.60000  0.655585786252E-01
  80.70000  0.897575958974E-01
  80.80000  0.118797223158E+00
  80.90000  0.148700695562E+00
  81.00000  0.154461980220E+00
  81.10000  0.156729798784E+00
  81.20000  0.153336444728E+00
  81.30000  0.124583837418E+00
  81.40000  0.989953238111E-01
  81.50000  0.769791556830E-01
  81.60000  0.469608124957E-01
  81.70000  0.313945169603E-01
  81.80000  0.280350644819E-01
  81.90000  0.291254843502E-01
  82.00000  0.426262796693E-01
  82.10000  0.624916606432E-01
  82.20000  0.835234266513E-01
  82.30000  0.103310760854E+00
  82.40000  0.117123238080E+00
  82.50000  0.124914824285E+00
  82.60000  0.122958123552E+00
  82.70000  0.111754126626E+00
  82.80000  0.970438621726E-01
  82.90000  0.770338135374E-01
  83.00000  0.552424099488E-01
  83.10000  0.402659536974E-01
  83.20000  0.282364515706E-01
  83.30000  0.209378866322E-01
  83.40000  0.273169059654E-01
  83.50000  0.365939013446E-01
  83.60000  0.474977202219E-01
  83.70000  0.700642338337E-01
  83.80000  0.865898056063E-01
  83.90000  0.960249381236E-01
  84.00000  0.111447145844E+00
  84.10000  0.113256661239E+00
  84.20000  0.104535971629E+00
  84.30000  0.100320973025E+00
  84.40000  0.853043457031E-01
  84.50000  0.666149215094E-01
  84.60000  0.553435130243E-01
  84.70000  0.440650468746E-01
  84.80000  0.393119995116E-01
  84.90000  0.409365188742E-01
  85.00000  0.502931613213E-01
  85.10000  0.687198746865E-01
  85.20000  0.826719718225E-01
  85.30000  0.103005592384E+00
  85.40000  0.126185268075E+00
  85.50000  0.131046005807E+00
  85.60000  0.138518296910E+00
  85.70000  0.144275638774E+00
  85.80000  0.128166217987E+00
  85.90000  0.117765618030E+00
  86.00000  0.109928588786E+00
  86.10000  0.896460417235E-01
  86.20000  0.822295131913E-01
  86.30000  0.834981892726E-01
  86.40000  0.827640414496E-01
  86.50000  0.943929837940E-01
  86.60000  0.111696128910E+00
  86.70000  0.128491427985E+00
  86.80000  0.146648108913E+00
  86.90000  0.160351353040E+00
  87.00000  0.171588534337E+00
  87.10000  0.174044942342E+00
  87.20000  0.167324255951E+00
  87.30000  0.163692947692E+00
  87.40000  0.151303351864E+00
  87.50000  0.134775900835E+00
  87.60000  0.132870169230E+00
  87.70000  0.126587687534E+00
  87.80000  0.121227134099E+00
  87.90000  0.135826043446E+00
  88.00000  0.144145963792E+00
  88.10000  0.150370643591E+00
  88.20000  0.171005581989E+00
  88.30000  0.178778479679E+00
  88.40000  0.179222493063E+00
  88.50000  0.186188302108E+00
  88.60000  0.180115028719E+00
  88.70000  0.169117276844E+00
  88.80000  0.161812122924E+00
  88.90000  0.150914815220E+00
  89.00000  0.143420237206E+00
  89.10000  0.137497146987E+00
  89.20000  0.137818011151E+00
  89.30000  0.145591333359E+00
  89.40000  0.146709418221E+00
  89.50000  0.156598859265E+00
  89.60000  0.170576863859E+00
  89.70000  0.167216072801E+00
  89.80000  0.171485146725E+00
  89.90000  0.176434657390E+00
  90.00000  0.160832270895E+00
  90.10000  0.154736653522E+00
  90.20000  0.151280477311E+00
  90.30000  0.133628144490E+00
  90.40000  0.128672636155E+00
  90.50000  0.129244972968E+00
  90.60000  0.123530118505E+00
  90.70000  0.128152765888E+00
  90.80000  0.135774307476E+00
  90.90000  0.140300624706E+00
  91.00000  0.146741519928E+00
  91.10000  0.150159513513E+00
  91.20000  0.152038886420E+00
  91.30000  0.148719554073E+00
  91.40000  0.140085410333E+00
  91.50000  0.135534050748E+00
  91.60000  0.124994875451E+00
  91.70000  0.112395075309E+00
  91.80000  0.112211720021E+00
  91.90000  0.107699406760E+00
  92.00000  0.103941093058E+00
  92.10000  0.116700951174E+00
  92.20000  0.122724117337E+00
  92.30000  0.126946256022E+00
  92.40000  0.144652480209E+00
  92.50000  0.149753983395E+00
  92.60000  0.148486342859E+00
  92.70000  0.155520897812E+00
  92.80000  0.148107277154E+00
  92.90000  0.134998394762E+00
  93.00000  0.128624016909E+00
  93.10000  0.114466633394E+00
  93.20000  0.101593333444E+00
  93.30000  0.958190313777E-01
  93.40000  0.924769344790E-01
  93.50000  0.963338944190E-01
  93.60000  0.102622687905E+00
  93.70000  0.116422811666E+00
  93.80000  0.135631006250E+00
  93.90000  0.145733966108E+00
  94.00000  0.161757042715E+00
  94.10000  0.176805703205E+00
  94.20000  0.172443329738E+00
  94.30000  0.173026504830E+00
  94.40000  0.170973225353E+00
  94.50000  0.149792716751E+00
  94.60000  0.138736878418E+00
  94.70000  0.131007741682E+00
  94.80000  0.113446416050E+00
  94.90000  0.112178772550E+00
  95.00000  0.119452292140E+00
  95.10000  0.123694953827E+00
  95.20000  0.141545199509E+00
  95.30000  0.163662222323E+00
  95.40000  0.180412820791E+00
  95.50000  0.198972473365E+00
  95.60000  0.211864097293E+00
  95.70000  0.215527330723E+00
  95.80000  0.211824174114E+00
  95.90000  0.199443479803E+00
  96.00000  0.184200003929E+00
  96.10000  0.163719140443E+00
  96.20000  0.142572511431E+00
  96.30000  0.133840397119E+00
  96.40000  0.126154971224E+00
  96.50000  0.125465235476E+00
  96.60000  0.146884665307E+00
  96.70000  0.165620573250E+00
  96.80000  0.186686091579E+00
  96.90000  0.225113364715E+00
  97.00000  0.246287765391E+00
  97.10000  0.257661462648E+00
  97.20000  0.276175087708E+00
  97.30000  0.268205812470E+00
  97.40000  0.247490579685E+00
  97.50000  0.232637834997E+00
  97.60000  0.200454756682E+00
  97.70000  0.167817539847E+00
  97.80000  0.147958760377E+00
  97.90000  0.130466069019E+00
  98.00000  0.126099973007E+00
  98.10000  0.133936891334E+00
  98.20000  0.154795685986E+00
  98.30000  0.187139302935E+00
  98.40000  0.214979338542E+00
  98.50000  0.250691684398E+00
  98.60000  0.283594220372E+00
  98.70000  0.291624690568E+00
  98.80000  0.300184150490E+00
  98.90000  0.297603147743E+00
  99.00000  0.265965511851E+00
  99.10000  0.240176616870E+00
  99.20000  0.211579732992E+00
  99.30000  0.168672023400E+00
  99.40000  0.145483765816E+00
  99.50000  0.133537696856E+00
  99.60000  0.122862200644E+00
  99.70000  0.136377540579E+00
  99.80000  0.162384377908E+00
  99.90000  0.189135423121E+00
 100.00000  0.226871043366E+00
 100.10000  0.263121156161E+00
 100.20000  0.288032723333E+00
 100.30000  0.305893146409E+00
 100.40000  0.309961304437E+00
 100.50000  0.298783669434E+00
 100.60000  0.276244714721E+00
 100.70000  0.244308257128E+00
 100.80000  0.211419036445E+00
 100.90000  0.177689220682E+00
 101.00000  0.149824580973E+00
 101.10000  0.141134262097E+00
 101.20000  0.138850170666E+00
 101.30000  0.148947555722E+00
 101.40000  0.184512656089E+00
 101.50000  0.215757239502E+00
 101.60000  0.248388956633E+00
 101.70000  0.295974451872E+00
 101.80000  0.318684012792E+00
 101.90000  0.327848687511E+00
 102.00000  0.341206167865E+00
 102.10000  0.321857420109E+00
 102.20000  0.289487553812E+00
 102.30000  0.264524369675E+00
 102.40000  0.221761692837E+00
 102.50000  0.182691349956E+00
 102.60000  0.161372468296E+00
 102.70000  0.144965620808E+00
 102.80000  0.145529095314E+00
 102.90000  0.162043993543E+00
 103.00000  0.192007170989E+00
 103.10000  0.232790502727E+00
 103.20000  0.269388456207E+00
 103.30000  0.310914144655E+00
 103.40000  0.345383700143E+00
 103.50000  0.354013085158E+00
 103.60000  0.360097961638E+00
 103.70000  0.351534974372E+00
 103.80000  0.314621205561E+00
 103.90000  0.283612491604E+00
 104.00000  0.249518410378E+00
 104.10000  0.203185103037E+00
 104.20000  0.179469024286E+00
 104.30000  0.168211973641E+00
 104.40000  0.158342989829E+00
 104.50000  0.175850198958E+00
 104.60000  0.205546698940E+00
 104.70000  0.232069685862E+00
 104.80000  0.272109854228E+00
 104.90000  0.308726608652E+00
 105.00000  0.328039274949E+00
 105.10000  0.343841266226E+00
 105.20000  0.344837034937E+00
 105.30000  0.326105617302E+00
 105.40000  0.301382221473E+00
 105.50000  0.268251066216E+00
 105.60000  0.231742849781E+00
 105.70000  0.198980154119E+00
 105.80000  0.172906371307E+00
 105.90000  0.163270500256E+00
 106.00000  0.160849778848E+00
 106.10000  0.169761234290E+00
 106.20000  0.200263251434E+00
 106.30000  0.224793475614E+00
 106.40000  0.250070879305E+00
 106.50000  0.287916646706E+00
 106.60000  0.300985310574E+00
 106.70000  0.303457723225E+00
 106.80000  0.311293622659E+00
 106.90000  0.288962172395E+00
 107.00000  0.258425909068E+00
 107.10000  0.237714720887E+00
 107.20000  0.199485900704E+00
 107.30000  0.166132815475E+00
 107.40000  0.150805365221E+00
 107.50000  0.134591585785E+00
 107.60000  0.131377153535E+00
 107.70000  0.144118983804E+00
 107.80000  0.161222616307E+00
 107.90000  0.185474257838E+00
 108.00000  0.211427339238E+00
 108.10000  0.235809235658E+00
 108.20000  0.254999134984E+00
 108.30000  0.261772525865E+00
 108.40000  0.262750773849E+00
 108.50000  0.253848099731E+00
 108.60000  0.230398089962E+00
 108.70000  0.207538112550E+00
 108.80000  0.182024118931E+00
 108.90000  0.150065669320E+00
 109.00000  0.130883133185E+00
 109.10000  0.118736686400E+00
 109.20000  0.106190073824E+00
 109.30000  0.112943835254E+00
 109.40000  0.127564196140E+00
 109.50000  0.137359894784E+00
 109.60000  0.162793089400E+00
 109.70000  0.187587302444E+00
 109.80000  0.197048595572E+00
 109.90000  0.214731658189E+00
 110.00000  0.223769049906E+00
 110.10000  0.212472442611E+00
 110.20000  0.206956614802E+00
 110.30000  0.193622414808E+00
 110.40000  0.166474163274E+00
 110.50000  0.148683685132E+00
 110.60000  0.130829498503E+00
 110.70000  0.111715937033E+00
 110.80000  0.104403036649E+00
 110.90000  0.102891130828E+00
 111.00000  0.108395561471E+00
 111.10000  0.120158532406E+00
 111.20000  0.135891642772E+00
 111.30000  0.158366198889E+00
 111.40000  0.175135257433E+00
 111.50000  0.189273386781E+00
 111.60000  0.206265794649E+00
 111.70000  0.207914068610E+00
 111.80000  0.203652802308E+00
 111.90000  0.202452307008E+00
 112.00000  0.185278943809E+00
 112.10000  0.166455089272E+00
 112.20000  0.156962260523E+00
 112.30000  0.137609654148E+00
 112.40000  0.123957442475E+00
 112.50000  0.126188991464E+00
 112.60000  0.122937169185E+00
 112.70000  0.127827505132E+00
 112.80000  0.148533785772E+00
 112.90000  0.160943404021E+00
 113.00000  0.176691200043E+00
 113.10000  0.201597459450E+00
 113.20000  0.211665037598E+00
 113.30000  0.218884646835E+00
 113.40000  0.228931242971E+00
 113.50000  0.222439519080E+00
 113.60000  0.212581186487E+00
 113.70000  0.204870072576E+00
 113.80000  0.187920192410E+00
 113.90000  0.172961825998E+00
 114.00000  0.162494898287E+00
 114.10000  0.154112437361E+00
 114.20000  0.152243892891E+00
 114.30000  0.153360886637E+00
 114.40000  0.163722188194E+00
 114.50000  0.178373998991E+00
 114.60000  0.188041210108E+00
 114.70000  0.207701712060E+00
 114.80000  0.224612014853E+00
 114.90000  0.227156660964E+00
 115.00000  0.238801051026E+00
 115.10000  0.243156646435E+00
 115.20000  0.229820301953E+00
 115.30000  0.228071486961E+00
 115.40000  0.220842260708E+00
 115.50000  0.200026856801E+00
 115.60000  0.195794226278E+00
 115.70000  0.190802678110E+00
 115.80000  0.177814739587E+00
 115.90000  0.183183297194E+00
 116.00000  0.189422318430E+00
 116.10000  0.189140365386E+00
 116.20000  0.202553845912E+00
 116.30000  0.213751475229E+00
 116.40000  0.216711582626E+00
 116.50000  0.225815879613E+00
 116.60000  0.229348218157E+00
 116.70000  0.224988811620E+00
 116.80000  0.221864407266E+00
 116.90000  0.214311094841E+00
 117.00000  0.204258532754E+00
 117.10000  0.194044984132E+00
 117.20000  0.184079256045E+00
 117.30000  0.179213489309E+00
 117.40000  0.172520671278E+00
 117.50000  0.169460708072E+00
 117.60000  0.176136062046E+00
 117.70000  0.175876909361E+00
 117.80000  0.178874908679E+00
 117.90000  0.191967622198E+00
 118.00000  0.191301567406E+00
 118.10000  0.191839238501E+00
 118.20000  0.201487085943E+00
 118.30000  0.193584494620E+00
 118.40000  0.186824041884E+00
 118.50000  0.189602304623E+00
 118.60000  0.176027980926E+00
 118.70000  0.166074127733E+00
 118.80000  0.167132852225E+00
 118.90000  0.155704159850E+00
 119.00000  0.149820075114E+00
 119.10000  0.154631634820E+00
 119.20000  0.150088161854E+00
 119.30000  0.150193998306E+00
 119.40000  0.157515875906E+00
 119.50000  0.156707845843E+00
 119.60000  0.157810704087E+00
 119.70000  0.161621702331E+00
 119.80000  0.158695521124E+00
 119.90000  0.155706910587E+00
 120.00000  0.152544852886E+00
 120.10000  0.146508569773E+00
 120.20000  0.140637044373E+00
 120.30000  0.133588930243E+00
 120.40000  0.129260101120E+00
 120.50000  0.126037763367E+00
 120.60000  0.120581272122E+00
 120.70000  0.122554930062E+00
 120.80000  0.124895556951E+00
 120.90000  0.122196334443E+00
 121.00000  0.129114128242E+00
 121.10000  0.133798608452E+00
 121.20000  0.129887088933E+00
 121.30000  0.136076085029E+00
 121.40000  0.137571829999E+00
 121.50000  0.128590885250E+00
 121.60000  0.130442444543E+00
 121.70000  0.127390819801E+00
 121.80000  0.114808009914E+00
 121.90000  0.114346183139E+00
 122.00000  0.110719608831E+00
 122.10000  0.100207875866E+00
 122.20000  0.102429820868E+00
 122.30000  0.102910689882E+00
 122.40000  0.982702135228E-01
 122.50000  0.104977035950E+00
 122.60000  0.109712076247E+00
 122.70000  0.109214739499E+00
 122.80000  0.116721795322E+00
 122.90000  0.120899749114E+00
 123.00000  0.119418233517E+00
 123.10000  0.122609722925E+00
 123.20000  0.121971093016E+00
 123.30000  0.116913629686E+00
 123.40000  0.114653704680E+00
 123.50000  0.110322786842E+00
 123.60000  0.105106586702E+00
 123.70000  0.101584303767E+00
 123.80000  0.988304023675E-01
 123.90000  0.992482519299E-01
 124.00000  0.991572810669E-01
 124.10000  0.101572744396E+00
 124.20000  0.109344940776E+00
 124.30000  0.112205370982E+00
 124.40000  0.117253214081E+00
 124.50000  0.127608216674E+00
 124.60000  0.127962964259E+00
 124.70000  0.129490964086E+00
 124.80000  0.135828859545E+00
 124.90000  0.129172194073E+00
 125.00000  0.124160205380E+00
 125.10000  0.125092725408E+00
 125.20000  0.113652436195E+00
 125.30000  0.106290602012E+00
 125.40000  0.107409414608E+00
 125.50000  0.987874527235E-01
 125.60000  0.968521648719E-01
 125.70000  0.105141154315E+00
 125.80000  0.104934493853E+00
 125.90000  0.111442201666E+00
 126.00000  0.126979063988E+00
 126.10000  0.132374285490E+00
 126.20000  0.141661866957E+00
 126.30000  0.156260428057E+00
 126.40000  0.157977725418E+00
 126.50000  0.160565474540E+00
 126.60000  0.165445758139E+00
 126.70000  0.157797461299E+00
 126.80000  0.150690360954E+00
 126.90000  0.145576339756E+00
 127.00000  0.133268987951E+00
 127.10000  0.123977044144E+00
 127.20000  0.117931496849E+00
 127.30000  0.112327709514E+00
 127.40000  0.111303718457E+00
 127.50000  0.112716807117E+00
 127.60000  0.120137868150E+00
 127.70000  0.129722587222E+00
 127.80000  0.137077802875E+00
 127.90000  0.151864897879E+00
 128.00000  0.163260813339E+00
 128.10000  0.166409409026E+00
 128.20000  0.176553192824E+00
 128.30000  0.178901965192E+00
 128.40000  0.170022836116E+00
 128.50000  0.169340125187E+00
 128.60000  0.160923169297E+00
 128.70000  0.143227622018E+00
 128.80000  0.137564901578E+00
 128.90000  0.127866618804E+00
 129.00000  0.113124406579E+00
 129.10000  0.114124241691E+00
 129.20000  0.114102111438E+00
 129.30000  0.111064947047E+00
 129.40000  0.124118826095E+00
 129.50000  0.135086631586E+00
 129.60000  0.140655289165E+00
 129.70000  0.158736527841E+00
 129.80000  0.170561253142E+00
 129.90000  0.173014955514E+00
 130.00000  0.183636113110E+00
 130.10000  0.184971021111E+00
 130.20000  0.175931240472E+00
 130.30000  0.173262401503E+00
 130.40000  0.163055134431E+00
 130.50000  0.146693452195E+00
 130.60000  0.137264927902E+00
 130.70000  0.125581013227E+00
 130.80000  0.114382391430E+00
 130.90000  0.109682397694E+00
 131.00000  0.107473244960E+00
 131.10000  0.110123270955E+00
 131.20000  0.114713250224E+00
 131.30000  0.122772918527E+00
 131.40000  0.135767774501E+00
 131.50000  0.143104941798E+00
 131.60000  0.152120411293E+00
 131.70000  0.163981753767E+00
 131.80000  0.163695970881E+00
 131.90000  0.163982527914E+00
 132.00000  0.166590599778E+00
 132.10000  0.155174145495E+00
 132.20000  0.146229918122E+00
 132.30000  0.142077833563E+00
 132.40000  0.126092558449E+00
 132.50000  0.116237478606E+00
 132.60000  0.114570654822E+00
 132.70000  0.103615848317E+00
 132.80000  0.101098608064E+00
 132.90000  0.107996300423E+00
 133.00000  0.105220139738E+00
 133.10000  0.109982836366E+00
 133.20000  0.122279123725E+00
 133.30000  0.122035290246E+00
 133.40000  0.126729640556E+00
 133.50000  0.136086958859E+00
 133.60000  0.130806435113E+00
 133.70000  0.128850834578E+00
 133.80000  0.130231501059E+00
 133.90000  0.118533002433E+00
 134.00000  0.110852814858E+00
 134.10000  0.107119512553E+00
 134.20000  0.949873261386E-01
 134.30000  0.882179895814E-01
 134.40000  0.860566583844E-01
 134.50000  0.806363545999E-01
 134.60000  0.803260299775E-01
 134.70000  0.833959434387E-01
 134.80000  0.861931745411E-01
 134.90000  0.913786280145E-01
 135.00000  0.968389835039E-01
 135.10000  0.102770821367E+00
 135.20000  0.107459215272E+00
 135.30000  0.109267097018E+00
 135.40000  0.111772955786E+00
 135.50000  0.110759312438E+00
 135.60000  0.105624392520E+00
 135.70000  0.102928461028E+00
 135.80000  0.969227333738E-01
 135.90000  0.876893862893E-01
 136.00000  0.842547321641E-01
 136.10000  0.788681219209E-01
 136.20000  0.714591985571E-01
 136.30000  0.731906770056E-01
 136.40000  0.731416756783E-01
 136.50000  0.705595528336E-01
 136.60000  0.786811833903E-01
 136.70000  0.829375876234E-01
 136.80000  0.823172964542E-01
 136.90000  0.921847230209E-01
 137.00000  0.952747876562E-01
 137.10000  0.913250764131E-01
 137.20000  0.972859121847E-01
 137.30000  0.950459782838E-01
 137.40000  0.856585898084E-01
 137.50000  0.862339161038E-01
 137.60000  0.796739965577E-01
 137.70000  0.680683017292E-01
 137.80000  0.668838612962E-01
 137.90000  0.610798811719E-01
 138.00000  0.528444076769E-01
 138.10000  0.548337657397E-01
 138.20000  0.542233534860E-01
 138.30000  0.525195374311E-01
 138.40000  0.595928845879E-01
 138.50000  0.643046117555E-01
 138.60000  0.672728655804E-01
 138.70000  0.765558346536E-01
 138.80000  0.821398052571E-01
 138.90000  0.843390242450E-01
 139.00000  0.905576987290E-01
 139.10000  0.918637712147E-01
 139.20000  0.890628703264E-01
 139.30000  0.891527615328E-01
 139.40000  0.848140186657E-01
 139.50000  0.777425001661E-01
 139.60000  0.735253039489E-01
 139.70000  0.673265996256E-01
 139.80000  0.612757108528E-01
 139.90000  0.576950677867E-01
 140.00000  0.550556550897E-01
 140.10000  0.550634068571E-01
 140.20000  0.554248008984E-01
 140.30000  0.585744386474E-01
 140.40000  0.651853745680E-01
 140.50000  0.683573103698E-01
 140.60000  0.746443598722E-01
 140.70000  0.836717803037E-01
 140.80000  0.852596270751E-01
 140.90000  0.896393821205E-01
 141.00000  0.958752605248E-01
 141.10000  0.923058715632E-01
 141.20000  0.918303313603E-01
 141.30000  0.934084293656E-01
 141.40000  0.850344087170E-01
 141.50000  0.810987969408E-01
 141.60000  0.806008319747E-01
 141.70000  0.712926033263E-01
 141.80000  0.682105408668E-01
 141.90000  0.701131800602E-01
 142.00000  0.638033476768E-01
 142.10000  0.647308011342E-01
 142.20000  0.710976350886E-01
 142.30000  0.682481528728E-01
 142.40000  0.724681945861E-01
 142.50000  0.814035778830E-01
 142.60000  0.792033489544E-01
 142.70000  0.833589951258E-01
 142.80000  0.911701314097E-01
 142.90000  0.865335422504E-01
 143.00000  0.879016783270E-01
 143.10000  0.924917656286E-01
 143.20000  0.851103539331E-01
 143.30000  0.840669948421E-01
 143.40000  0.865465080728E-01
 143.50000  0.790276606143E-01
 143.60000  0.782272685463E-01
 143.70000  0.812896737431E-01
 143.80000  0.767133893473E-01
 143.90000  0.785326064448E-01
 144.00000  0.838452962236E-01
 144.10000  0.831262799902E-01
 144.20000  0.873292677506E-01
 144.30000  0.936499585436E-01
 144.40000  0.945957324601E-01
 144.50000  0.983613142896E-01
 144.60000  0.102582973359E+00
 144.70000  0.102148324618E+00
 144.80000  0.102842728741E+00
 144.90000  0.103015172230E+00
 145.00000  0.100369037926E+00
 145.10000  0.981061491257E-01
 145.20000  0.952958132681E-01
 145.30000  0.927050722157E-01
 145.40000  0.901316734354E-01
 145.50000  0.871588297696E-01
 145.60000  0.875604440786E-01
 145.70000  0.869665360829E-01
 145.80000  0.854507315959E-01
 145.90000  0.896177737623E-01
 146.00000  0.908903296552E-01
 146.10000  0.900427204798E-01
 146.20000  0.962124233134E-01
 146.30000  0.973446716563E-01
 146.40000  0.951875781215E-01
 146.50000  0.101014044283E+00
 146.60000  0.100345206361E+00
 146.70000  0.959152221696E-01
 146.80000  0.100688965395E+00
 146.90000  0.984654596635E-01
 147.00000  0.927414389158E-01
 147.10000  0.979001353011E-01
 147.20000  0.961319825100E-01
 147.30000  0.913818252457E-01
 147.40000  0.992711310557E-01
 147.50000  0.999275371149E-01
 147.60000  0.974646540029E-01
 147.70000  0.108592236482E+00
 147.80000  0.111079726056E+00
 147.90000  0.109368661025E+00
 148.00000  0.121141440046E+00
 148.10000  0.122395263434E+00
 148.20000  0.118309436349E+00
 148.30000  0.127106244882E+00
 148.40000  0.124375802145E+00
 148.50000  0.116236309565E+00
 148.60000  0.120568216975E+00
 148.70000  0.114229778888E+00
 148.80000  0.103934476332E+00
 148.90000  0.105956958832E+00
 149.00000  0.996216939974E-01
 149.10000  0.913358955834E-01
 149.20000  0.946968493873E-01
 149.30000  0.919953486360E-01
 149.40000  0.886043322581E-01
 149.50000  0.952024517379E-01
 149.60000  0.969889450176E-01
 149.70000  0.980832155572E-01
 149.80000  0.106692683280E+00
 149.90000  0.110534440750E+00
 150.00000  0.112777137586E+00
 150.10000  0.119906412714E+00
 150.20000  0.121949606126E+00
 150.30000  0.121727671075E+00
 150.40000  0.124435308785E+00
 150.50000  0.122631563964E+00
 150.60000  0.119101231687E+00
 150.70000  0.117413951991E+00
 150.80000  0.113193567561E+00
 150.90000  0.108906882931E+00
 151.00000  0.105582612634E+00
 151.10000  0.102502106418E+00
 151.20000  0.101106922569E+00
 151.30000  0.989888739302E-01
 151.40000  0.995103600837E-01
 151.50000  0.102473405644E+00
 151.60000  0.101888614187E+00
 151.70000  0.105331321541E+00
 151.80000  0.110902869668E+00
 151.90000  0.109750409640E+00
 152.00000  0.113330641818E+00
 152.10000  0.118419864258E+00
 152.20000  0.114317698441E+00
 152.30000  0.115666772854E+00
 152.40000  0.118435215695E+00
 152.50000  0.110851633116E+00
 152.60000  0.110021322358E+00
 152.70000  0.111410084282E+00
 152.80000  0.102290159124E+00
 152.90000  0.101689258928E+00
 153.00000  0.104434977530E+00
 153.10000  0.964124921042E-01
 153.20000  0.983995963536E-01
 153.30000  0.104258066869E+00
 153.40000  0.981619892099E-01
 153.50000  0.102749638666E+00
 153.60000  0.110774704447E+00
 153.70000  0.104962911769E+00
 153.80000  0.109824976707E+00
 153.90000  0.117225393075E+00
 154.00000  0.109297648454E+00
 154.10000  0.111968445229E+00
 154.20000  0.116663631257E+00
 154.30000  0.105911906794E+00
 154.40000  0.106021438914E+00
 154.50000  0.108380356325E+00
 154.60000  0.965128853921E-01
 154.70000  0.959267178242E-01
 154.80000  0.982120233161E-01
 154.90000  0.879617848153E-01
 155.00000  0.891816065411E-01
 155.10000  0.937177913930E-01
 155.20000  0.869051376289E-01
 155.30000  0.912034276952E-01
 155.40000  0.985725892000E-01
 155.50000  0.946996979609E-01
 155.60000  0.100887143947E+00
 155.70000  0.109103449450E+00
 155.80000  0.105456638261E+00
 155.90000  0.110494764003E+00
 156.00000  0.116378131617E+00
 156.10000  0.110303225060E+00
 156.20000  0.111897037046E+00
 156.30000  0.113874191741E+00
 156.40000  0.105352551818E+00
 156.50000  0.104037250513E+00
 156.60000  0.103510366292E+00
 156.70000  0.953163200405E-01
 156.80000  0.938535163013E-01
 156.90000  0.937661625644E-01
 157.00000  0.890172132858E-01
 157.10000  0.898090811948E-01
 157.20000  0.919848998771E-01
 157.30000  0.915383641792E-01
 157.40000  0.946887727261E-01
 157.50000  0.985326407649E-01
 157.60000  0.100553076800E+00
 157.70000  0.104081934618E+00
 157.80000  0.107331706080E+00
 157.90000  0.108832085334E+00
 158.00000  0.110239948290E+00
 158.10000  0.110645996073E+00
 158.20000  0.109567802134E+00
 158.30000  0.107593446156E+00
 158.40000  0.104566255701E+00
 158.50000  0.101358286825E+00
 158.60000  0.970767012111E-01
 158.70000  0.923497883403E-01
 158.80000  0.898774087820E-01
 158.90000  0.860098197500E-01
 159.00000  0.823133339669E-01
 159.10000  0.835811613467E-01
 159.20000  0.821279551318E-01
 159.30000  0.807677906469E-01
 159.40000  0.863842376863E-01
 159.50000  0.869273911138E-01
 159.60000  0.868143835854E-01
 159.70000  0.947427428698E-01
 159.80000  0.951091768630E-01
 159.90000  0.940171612494E-01
 160.00000  0.101448519882E+00
 160.10000  0.996361135349E-01
 160.20000  0.960507206577E-01
 160.30000  0.101407447592E+00
 160.40000  0.969825686800E-01
 160.50000  0.911047079285E-01
 160.60000  0.949427083704E-01
 160.70000  0.892514495824E-01
 160.80000  0.828102822143E-01
 160.90000  0.872922117604E-01
 161.00000  0.824546099940E-01
 161.10000  0.774097978078E-01
 161.20000  0.845651012914E-01
 161.30000  0.817746838686E-01
 161.40000  0.787091528733E-01
 161.50000  0.887363358754E-01
 161.60000  0.872535640501E-01
 161.70000  0.849057955798E-01
 161.80000  0.960634184718E-01
 161.90000  0.939252311219E-01
 162.00000  0.903728250256E-01
 162.10000  0.100505192998E+00
 162.20000  0.962473182118E-01
 162.30000  0.905545973647E-01
 162.40000  0.987370437476E-01
 162.50000  0.925105736877E-01
 162.60000  0.853843233508E-01
 162.70000  0.924021576241E-01
 162.80000  0.857430990670E-01
 162.90000  0.789159428125E-01
 163.00000  0.864902291959E-01
 163.10000  0.811278186272E-01
 163.20000  0.760357854071E-01
 163.30000  0.853686050196E-01
 163.40000  0.818389493285E-01
 163.50000  0.784194578355E-01
 163.60000  0.890498767278E-01
 163.70000  0.861638270703E-01
 163.80000  0.828391797811E-01
 163.90000  0.929642058670E-01
 164.00000  0.888764398197E-01
 164.10000  0.840336961724E-01
 164.20000  0.921835675331E-01
 164.30000  0.861782908897E-01
 164.40000  0.797247036111E-01
 164.50000  0.860482038275E-01
 164.60000  0.791676976566E-01
 164.70000  0.725458699725E-01
 164.80000  0.785065613125E-01
 164.90000  0.725836369507E-01
 165.00000  0.675360705624E-01
 165.10000  0.747387310257E-01
 165.20000  0.710805926637E-01
 165.30000  0.684973900155E-01
 165.40000  0.776855175589E-01
 165.50000  0.762662466970E-01
 165.60000  0.755900920076E-01
 165.70000  0.860164490301E-01
 165.80000  0.852721667824E-01
 165.90000  0.845765277561E-01
 166.00000  0.941655812924E-01
 166.10000  0.918299689604E-01
 166.20000  0.890427763655E-01
 166.30000  0.958440336767E-01
 166.40000  0.907595102969E-01
 166.50000  0.854465757714E-01
 166.60000  0.892973673020E-01
 166.70000  0.825401137551E-01
 166.80000  0.763835911926E-01
 166.90000  0.789573345045E-01
 167.00000  0.729468809868E-01
 167.10000  0.683220656098E-01
 167.20000  0.716364278000E-01
 167.30000  0.682573491463E-01
 167.40000  0.665071797404E-01
 167.50000  0.715746517336E-01
 167.60000  0.710817567705E-01
 167.70000  0.718561813356E-01
 167.80000  0.782371037192E-01
 167.90000  0.792413174533E-01
 168.00000  0.807539339981E-01
 168.10000  0.867534374938E-01
 168.20000  0.869581662997E-01
 168.30000  0.869628875612E-01
 168.40000  0.906337667705E-01
 168.50000  0.883424318191E-01
 168.60000  0.857380549792E-01
 168.70000  0.864346594782E-01
 168.80000  0.819522074222E-01
 168.90000  0.777357038295E-01
 169.00000  0.766749631777E-01
 169.10000  0.720367232146E-01
 169.20000  0.684014836826E-01
 169.30000  0.675190909407E-01
 169.40000  0.647680826640E-01
 169.50000  0.633570722808E-01
 169.60000  0.638850312135E-01
 169.70000  0.637999217706E-01
 169.80000  0.648913230777E-01
 169.90000  0.669002964925E-01
 170.00000  0.689154563442E-01
 170.10000  0.715962026119E-01
 170.20000  0.740927062051E-01
 170.30000  0.767157179146E-01
 170.40000  0.793660510602E-01
 170.50000  0.806865392178E-01
 170.60000  0.823171922113E-01
 170.70000  0.835883626464E-01
 170.80000  0.825076529417E-01
 170.90000  0.826858455711E-01
 171.00000  0.826273581750E-01
 171.10000  0.793919405579E-01
 171.20000  0.792005046441E-01
 171.30000  0.791262971661E-01
 171.40000  0.750558577752E-01
 171.50000  0.759606603705E-01
 171.60000  0.770875187513E-01
 171.70000  0.733606516092E-01
 171.80000  0.759825507661E-01
 171.90000  0.786029662990E-01
 172.00000  0.757264472793E-01
 172.10000  0.797523316910E-01
 172.20000  0.833957815743E-01
 172.30000  0.811254277334E-01
 172.40000  0.855888631811E-01
 172.50000  0.892000092902E-01
 172.60000  0.863518862794E-01
 172.70000  0.899548525245E-01
 172.80000  0.923437454111E-01
 172.90000  0.874391087202E-01
 173.00000  0.896451524365E-01
 173.10000  0.906969464223E-01
 173.20000  0.834045872527E-01
 173.30000  0.852850119202E-01
 173.40000  0.862608593203E-01
 173.50000  0.775065579809E-01
 173.60000  0.805311732783E-01
 173.70000  0.824287345095E-01
 173.80000  0.729964877261E-01
 173.90000  0.772630818923E-01
 174.00000  0.797290433272E-01
 174.10000  0.700036354364E-01
 174.20000  0.747041062193E-01
 174.30000  0.772181940455E-01
 174.40000  0.681981769236E-01
 174.50000  0.730355576898E-01
 174.60000  0.757702481716E-01
 174.70000  0.684404859279E-01
 174.80000  0.732080845221E-01
 174.90000  0.759499387186E-01
 175.00000  0.695151947030E-01
 175.10000  0.734865764080E-01
 175.20000  0.755608464560E-01
 175.30000  0.682227296441E-01
 175.40000  0.717985891419E-01
 175.50000  0.740020218852E-01
 175.60000  0.653671211781E-01
 175.70000  0.709872348836E-01
 175.80000  0.754306939933E-01
 175.90000  0.660645387284E-01
 176.00000  0.753873128386E-01
 176.10000  0.823506875998E-01
 176.20000  0.715689223381E-01
 176.30000  0.830467737634E-01
 176.40000  0.902347819746E-01
 176.50000  0.770430772225E-01
 176.60000  0.880994813057E-01
 176.70000  0.938095753441E-01
 176.80000  0.793809921247E-01
 176.90000  0.891343493335E-01
 177.00000  0.935678452711E-01
 177.10000  0.797892988571E-01
 177.20000  0.879259557785E-01
 177.30000  0.909827903758E-01
 177.40000  0.772667614598E-01
 177.50000  0.830816176071E-01
 177.60000  0.843483826206E-01
 177.70000  0.688784170366E-01
 177.80000  0.739258339974E-01
 177.90000  0.754872350539E-01
 178.00000  0.583215809677E-01
 178.10000  0.670391699276E-01
 178.20000  0.723502149503E-01
 178.30000  0.538705856014E-01
 178.40000  0.686763774557E-01
 178.50000  0.777171578757E-01
 178.60000  0.558363830990E-01
 178.70000  0.743543987061E-01
 178.80000  0.838457513539E-01
 178.90000  0.570229748794E-01
 179.00000  0.765494035984E-01
 179.10000  0.855495003187E-01
 179.20000  0.567520791402E-01
 179.30000  0.779162097308E-01
 179.40000  0.888155505467E-01
 179.50000  0.612142986337E-01
 179.60000  0.850416344624E-01
 179.70000  0.995326569515E-01
 179.80000  0.670894186639E-01
 179.90000  0.983370544636E-01
 180.00000  0.194359335373E+00

