 # E =   0.61987560091466010       eV =    5000.0000000000000       1/cm
 #  1801
# DFFCSO.  ACCUM LEV(I),J(I) =  1  0 LEV(F),J(F) =  1  0       , M =  0, WEIGHTED BY  1.00000
   0.10000  0.411097647035E+07
   0.20000  0.168699904257E+07
   0.30000  0.492702951755E+06
   0.40000  0.230819612302E+06
   0.50000  0.127545119615E+06
   0.60000  0.449593519707E+05
   0.70000  0.926859546911E+04
   0.80000  0.111467996098E+05
   0.90000  0.196130862600E+05
   1.00000  0.144675867416E+05
   1.10000  0.498874640667E+04
   1.20000  0.958929485842E+03
   1.30000  0.527942559604E+03
   1.40000  0.119656812371E+04
   1.50000  0.219067021503E+04
   1.60000  0.259433818764E+04
   1.70000  0.221589660262E+04
   1.80000  0.124438899234E+04
   1.90000  0.302726129635E+03
   2.00000  0.441400143884E+03
   2.10000  0.130391901071E+04
   2.20000  0.154867808774E+04
   2.30000  0.107186517810E+04
   2.40000  0.554089857565E+03
   2.50000  0.597362357051E+03
   2.60000  0.121186408928E+04
   2.70000  0.149743138867E+04
   2.80000  0.106002776827E+04
   2.90000  0.579815801665E+03
   3.00000  0.585747774815E+03
   3.10000  0.112258336715E+04
   3.20000  0.173600532382E+04
   3.30000  0.170392553549E+04
   3.40000  0.107804642570E+04
   3.50000  0.524172398760E+03
   3.60000  0.383469632970E+03
   3.70000  0.648937987149E+03
   3.80000  0.102519928338E+04
   3.90000  0.108075433433E+04
   4.00000  0.818367310695E+03
   4.10000  0.527229682311E+03
   4.20000  0.337984642850E+03
   4.30000  0.295762808007E+03
   4.40000  0.360892396841E+03
   4.50000  0.390938412368E+03
   4.60000  0.374995706468E+03
   4.70000  0.367622823417E+03
   4.80000  0.340748089351E+03
   4.90000  0.291834037019E+03
   5.00000  0.243515056128E+03
   5.10000  0.188029415050E+03
   5.20000  0.165593771577E+03
   5.30000  0.204727649746E+03
   5.40000  0.255973926645E+03
   5.50000  0.282363442490E+03
   5.60000  0.272457953089E+03
   5.70000  0.215782157324E+03
   5.80000  0.152301028519E+03
   5.90000  0.126247710063E+03
   6.00000  0.131314317376E+03
   6.10000  0.159618340933E+03
   6.20000  0.198032524301E+03
   6.30000  0.211366397269E+03
   6.40000  0.194865167899E+03
   6.50000  0.164955310764E+03
   6.60000  0.124872339324E+03
   6.70000  0.952181415069E+02
   6.80000  0.966489910677E+02
   6.90000  0.114183788513E+03
   7.00000  0.132106583497E+03
   7.10000  0.146302512184E+03
   7.20000  0.142474259401E+03
   7.30000  0.121274810078E+03
   7.40000  0.992167456741E+02
   7.50000  0.776777120849E+02
   7.60000  0.573551755247E+02
   7.70000  0.513179367498E+02
   7.80000  0.579091179526E+02
   7.90000  0.654911297023E+02
   8.00000  0.709647681435E+02
   8.10000  0.702161563516E+02
   8.20000  0.588376458927E+02
   8.30000  0.443773002105E+02
   8.40000  0.328669011256E+02
   8.50000  0.219646026240E+02
   8.60000  0.137557202275E+02
   8.70000  0.127120149540E+02
   8.80000  0.158959102783E+02
   8.90000  0.192170325490E+02
   9.00000  0.221429497087E+02
   9.10000  0.232786057133E+02
   9.20000  0.215064634474E+02
   9.30000  0.183933382994E+02
   9.40000  0.148343894967E+02
   9.50000  0.101380193968E+02
   9.60000  0.601925630495E+01
   9.70000  0.518395885398E+01
   9.80000  0.718975548175E+01
   9.90000  0.100102400540E+02
  10.00000  0.139718494309E+02
  10.10000  0.186065077973E+02
  10.20000  0.211896143742E+02
  10.30000  0.206521622907E+02
  10.40000  0.179644013989E+02
  10.50000  0.133369434187E+02
  10.60000  0.911281546066E+01
  10.70000  0.862750443219E+01
  10.80000  0.113923501687E+02
  10.90000  0.157826844973E+02
  11.00000  0.222542029263E+02
  11.10000  0.285536737821E+02
  11.20000  0.309380626146E+02
  11.30000  0.291758080049E+02
  11.40000  0.241692890509E+02
  11.50000  0.169103989990E+02
  11.60000  0.114302816535E+02
  11.70000  0.105056285428E+02
  11.80000  0.128436846802E+02
  11.90000  0.179009142593E+02
  12.00000  0.252717679395E+02
  12.10000  0.314342695509E+02
  12.20000  0.337175397398E+02
  12.30000  0.321733699846E+02
  12.40000  0.267070365654E+02
  12.50000  0.188828957546E+02
  12.60000  0.122207174580E+02
  12.70000  0.795870327281E+01
  12.80000  0.563285996628E+01
  12.90000  0.615284400822E+01
  13.00000  0.928663796085E+01
  13.10000  0.128372129723E+02
  13.20000  0.154814439448E+02
  13.30000  0.169160275253E+02
  13.40000  0.164928595547E+02
  13.50000  0.145503359781E+02
  13.60000  0.121014616411E+02
  13.70000  0.929181178282E+01
  13.80000  0.618685780782E+01
  13.90000  0.397113045303E+01
  14.00000  0.319277082714E+01
  14.10000  0.304731953296E+01
  14.20000  0.320338344624E+01
  14.30000  0.417603144759E+01
  14.40000  0.555650652550E+01
  14.50000  0.649839774422E+01
  14.60000  0.706302054737E+01
  14.70000  0.730197891357E+01
  14.80000  0.694913569506E+01
  14.90000  0.655902205831E+01
  15.00000  0.648078076085E+01
  15.10000  0.594487061589E+01
  15.20000  0.507390962957E+01
  15.30000  0.478248179890E+01
  15.40000  0.458725756723E+01
  15.50000  0.368840512375E+01
  15.60000  0.276180039832E+01
  15.70000  0.225050637279E+01
  15.80000  0.186414982701E+01
  15.90000  0.186314942055E+01
  16.00000  0.238048193939E+01
  16.10000  0.277569350108E+01
  16.20000  0.315166445743E+01
  16.30000  0.382644165281E+01
  16.40000  0.405623932293E+01
  16.50000  0.337379449795E+01
  16.60000  0.253705230425E+01
  16.70000  0.184789378080E+01
  16.80000  0.103028520303E+01
  16.90000  0.368059818077E+00
  17.00000  0.200307687617E+00
  17.10000  0.323331607426E+00
  17.20000  0.776550874314E+00
  17.30000  0.159072622606E+01
  17.40000  0.221637494820E+01
  17.50000  0.240896902179E+01
  17.60000  0.253371284480E+01
  17.70000  0.251337513621E+01
  17.80000  0.201974019484E+01
  17.90000  0.135947539763E+01
  18.00000  0.877574811157E+00
  18.10000  0.529415494846E+00
  18.20000  0.446459326833E+00
  18.30000  0.745434888837E+00
  18.40000  0.108812229640E+01
  18.50000  0.142621007146E+01
  18.60000  0.196493652896E+01
  18.70000  0.239196537207E+01
  18.80000  0.236445730198E+01
  18.90000  0.220059637211E+01
  19.00000  0.206950265074E+01
  19.10000  0.186624086953E+01
  19.20000  0.178483927989E+01
  19.30000  0.191709645433E+01
  19.40000  0.198547129374E+01
  19.50000  0.214656368616E+01
  19.60000  0.257987830317E+01
  19.70000  0.279192497823E+01
  19.80000  0.253420898400E+01
  19.90000  0.228986934695E+01
  20.00000  0.214299469055E+01
  20.10000  0.182565180851E+01
  20.20000  0.156278915129E+01
  20.30000  0.157869437650E+01
  20.40000  0.171834370689E+01
  20.50000  0.209430835072E+01
  20.60000  0.276573195828E+01
  20.70000  0.322775342674E+01
  20.80000  0.334504325492E+01
  20.90000  0.353557143263E+01
  21.00000  0.363329257688E+01
  21.10000  0.316674271278E+01
  21.20000  0.246772016776E+01
  21.30000  0.198431046922E+01
  21.40000  0.156679009999E+01
  21.50000  0.119006626166E+01
  21.60000  0.112304211519E+01
  21.70000  0.126339620051E+01
  21.80000  0.153023033856E+01
  21.90000  0.208736198549E+01
  22.00000  0.268313403530E+01
  22.10000  0.289875923010E+01
  22.20000  0.298352423806E+01
  22.30000  0.315662629355E+01
  22.40000  0.303942996100E+01
  22.50000  0.253566415550E+01
  22.60000  0.208086183371E+01
  22.70000  0.174854370741E+01
  22.80000  0.138290370902E+01
  22.90000  0.112091020981E+01
  23.00000  0.102167862684E+01
  23.10000  0.952629872325E+00
  23.20000  0.102898375142E+01
  23.30000  0.129767507092E+01
  23.40000  0.146669411899E+01
  23.50000  0.149774631783E+01
  23.60000  0.163941927845E+01
  23.70000  0.180099917391E+01
  23.80000  0.175055145180E+01
  23.90000  0.160249536112E+01
  24.00000  0.147107647782E+01
  24.10000  0.127242129347E+01
  24.20000  0.102709256860E+01
  24.30000  0.818072916591E+00
  24.40000  0.589800879363E+00
  24.50000  0.396474039773E+00
  24.60000  0.365480051884E+00
  24.70000  0.430488632861E+00
  24.80000  0.484561344017E+00
  24.90000  0.612209030161E+00
  25.00000  0.819276126210E+00
  25.10000  0.982618708300E+00
  25.20000  0.106560265745E+01
  25.30000  0.108664212175E+01
  25.40000  0.994580406737E+00
  25.50000  0.823089597690E+00
  25.60000  0.643923405341E+00
  25.70000  0.436371881316E+00
  25.80000  0.213630114615E+00
  25.90000  0.924961164607E-01
  26.00000  0.879131921248E-01
  26.10000  0.138919793461E+00
  26.20000  0.251883524352E+00
  26.30000  0.408587851825E+00
  26.40000  0.536151679702E+00
  26.50000  0.632741920358E+00
  26.60000  0.693102566082E+00
  26.70000  0.636397761113E+00
  26.80000  0.488081744108E+00
  26.90000  0.353167841883E+00
  27.00000  0.229465162948E+00
  27.10000  0.892586539260E-01
  27.20000  0.858021240641E-02
  27.30000  0.663861512471E-02
  27.40000  0.467672093447E-01
  27.50000  0.141501275608E+00
  27.60000  0.265837290048E+00
  27.70000  0.321108606483E+00
  27.80000  0.335175177978E+00
  27.90000  0.366365145008E+00
  28.00000  0.340551677790E+00
  28.10000  0.217964543568E+00
  28.20000  0.111540135978E+00
  28.30000  0.556638930547E-01
  28.40000  0.114711365806E-01
  28.50000  0.157032213278E-01
  28.60000  0.844248443667E-01
  28.70000  0.159535731963E+00
  28.80000  0.275086094712E+00
  28.90000  0.451984526816E+00
  29.00000  0.564771653983E+00
  29.10000  0.573519768989E+00
  29.20000  0.593031203171E+00
  29.30000  0.608258466056E+00
  29.40000  0.518206341699E+00
  29.50000  0.387561235600E+00
  29.60000  0.301258489919E+00
  29.70000  0.233932506490E+00
  29.80000  0.213860919123E+00
  29.90000  0.292560328133E+00
  30.00000  0.400314664452E+00
  30.10000  0.540563573086E+00
  30.20000  0.806165998144E+00
  30.30000  0.111390779610E+01
  30.40000  0.131034305272E+01
  30.50000  0.146259222090E+01
  30.60000  0.162744360302E+01
  30.70000  0.168558559814E+01
  30.80000  0.160206466606E+01
  30.90000  0.147132217310E+01
  31.00000  0.129195832361E+01
  31.10000  0.108842826659E+01
  31.20000  0.970569409506E+00
  31.30000  0.923044027056E+00
  31.40000  0.896383468131E+00
  31.50000  0.102821391560E+01
  31.60000  0.136484634344E+01
  31.70000  0.172400890834E+01
  31.80000  0.204906768880E+01
  31.90000  0.242949573682E+01
  32.00000  0.277899740007E+01
  32.10000  0.296898984302E+01
  32.20000  0.303154166312E+01
  32.30000  0.296118174312E+01
  32.40000  0.272716120794E+01
  32.50000  0.246118806399E+01
  32.60000  0.223529761732E+01
  32.70000  0.195181707618E+01
  32.80000  0.170537876999E+01
  32.90000  0.170761099045E+01
  33.00000  0.188135927246E+01
  33.10000  0.206665967645E+01
  33.20000  0.235357054961E+01
  33.30000  0.277026425574E+01
  33.40000  0.315590783664E+01
  33.50000  0.346258913923E+01
  33.60000  0.370100004451E+01
  33.70000  0.376185617874E+01
  33.80000  0.368247877675E+01
  33.90000  0.360697223534E+01
  34.00000  0.344002833458E+01
  34.10000  0.309408942845E+01
  34.20000  0.281403853736E+01
  34.30000  0.272320432549E+01
  34.40000  0.262579310572E+01
  34.50000  0.250856272296E+01
  34.60000  0.255835716200E+01
  34.70000  0.272427530959E+01
  34.80000  0.288475248890E+01
  34.90000  0.308893898253E+01
  35.00000  0.329814767852E+01
  35.10000  0.342027625471E+01
  35.20000  0.356728526191E+01
  35.30000  0.375860918871E+01
  35.40000  0.377520660951E+01
  35.50000  0.364833615268E+01
  35.60000  0.361755245402E+01
  35.70000  0.359164654970E+01
  35.80000  0.336890816029E+01
  35.90000  0.310176867165E+01
  36.00000  0.294114445096E+01
  36.10000  0.277846583746E+01
  36.20000  0.260357486283E+01
  36.30000  0.252529636045E+01
  36.40000  0.249785878673E+01
  36.50000  0.252760026787E+01
  36.60000  0.272945129980E+01
  36.70000  0.299316306008E+01
  36.80000  0.314568449977E+01
  36.90000  0.331914099319E+01
  37.00000  0.358539505032E+01
  37.10000  0.370250430075E+01
  37.20000  0.358723561294E+01
  37.30000  0.342899846675E+01
  37.40000  0.323781044529E+01
  37.50000  0.291269886517E+01
  37.60000  0.254651287338E+01
  37.70000  0.223191179649E+01
  37.80000  0.195359501324E+01
  37.90000  0.180473461881E+01
  38.00000  0.185032807001E+01
  38.10000  0.195551329498E+01
  38.20000  0.209275271066E+01
  38.30000  0.238795129943E+01
  38.40000  0.274545678076E+01
  38.50000  0.295288585866E+01
  38.60000  0.304575921807E+01
  38.70000  0.310346942809E+01
  38.80000  0.303031972425E+01
  38.90000  0.279660003288E+01
  39.00000  0.249889961919E+01
  39.10000  0.215335871582E+01
  39.20000  0.179498621361E+01
  39.30000  0.154210347623E+01
  39.40000  0.138933046644E+01
  39.50000  0.126536620828E+01
  39.60000  0.126191623648E+01
  39.70000  0.143481458187E+01
  39.80000  0.164385141823E+01
  39.90000  0.181287208619E+01
  40.00000  0.200309122550E+01
  40.10000  0.217502285038E+01
  40.20000  0.224739711682E+01
  40.30000  0.224218040632E+01
  40.40000  0.215893191288E+01
  40.50000  0.196668602519E+01
  40.60000  0.175003276605E+01
  40.70000  0.156743333176E+01
  40.80000  0.134411927194E+01
  40.90000  0.110236438763E+01
  41.00000  0.975161001167E+00
  41.10000  0.946011727823E+00
  41.20000  0.923369383248E+00
  41.30000  0.949383725139E+00
  41.40000  0.105785529882E+01
  41.50000  0.118435811674E+01
  41.60000  0.131593778467E+01
  41.70000  0.145731595211E+01
  41.80000  0.153043013461E+01
  41.90000  0.153558413365E+01
  42.00000  0.155161919617E+01
  42.10000  0.152327718994E+01
  42.20000  0.136453203675E+01
  42.30000  0.117590591161E+01
  42.40000  0.104446062090E+01
  42.50000  0.897217497830E+00
  42.60000  0.721783535877E+00
  42.70000  0.615673823132E+00
  42.80000  0.584594747345E+00
  42.90000  0.596239186972E+00
  43.00000  0.680074479966E+00
  43.10000  0.808862118738E+00
  43.20000  0.917312617189E+00
  43.30000  0.104717579980E+01
  43.40000  0.120910180361E+01
  43.50000  0.128218675571E+01
  43.60000  0.124027222704E+01
  43.70000  0.118975871117E+01
  43.80000  0.112215400328E+01
  43.90000  0.958159302994E+00
  44.00000  0.755564059072E+00
  44.10000  0.598197442067E+00
  44.20000  0.471490865479E+00
  44.30000  0.383098270996E+00
  44.40000  0.374012479781E+00
  44.50000  0.413380401066E+00
  44.60000  0.488750461150E+00
  44.70000  0.641433855401E+00
  44.80000  0.821304669691E+00
  44.90000  0.930568695530E+00
  45.00000  0.998407824945E+00
  45.10000  0.106769010208E+01
  45.20000  0.106631002001E+01
  45.30000  0.957269115743E+00
  45.40000  0.814565418261E+00
  45.50000  0.668998727794E+00
  45.60000  0.505475629513E+00
  45.70000  0.359899652132E+00
  45.80000  0.265079810337E+00
  45.90000  0.210577171573E+00
  46.00000  0.221900015270E+00
  46.10000  0.317314081951E+00
  46.20000  0.438942063147E+00
  46.30000  0.551471635946E+00
  46.40000  0.685766691037E+00
  46.50000  0.818714520922E+00
  46.60000  0.881403225012E+00
  46.70000  0.875018226616E+00
  46.80000  0.831516969823E+00
  46.90000  0.740359919238E+00
  47.00000  0.604122609117E+00
  47.10000  0.458721240004E+00
  47.20000  0.317126651468E+00
  47.30000  0.195239717478E+00
  47.40000  0.131353813576E+00
  47.50000  0.127738778444E+00
  47.60000  0.156804609687E+00
  47.70000  0.228326162579E+00
  47.80000  0.347963639388E+00
  47.90000  0.476060889173E+00
  48.00000  0.581762854762E+00
  48.10000  0.664545466734E+00
  48.20000  0.706927227844E+00
  48.30000  0.697480985346E+00
  48.40000  0.650158487632E+00
  48.50000  0.565776769276E+00
  48.60000  0.441175421819E+00
  48.70000  0.315784912251E+00
  48.80000  0.220397300221E+00
  48.90000  0.141892750303E+00
  49.00000  0.840557824064E-01
  49.10000  0.785735076354E-01
  49.20000  0.119620917422E+00
  49.30000  0.180706009523E+00
  49.40000  0.258339501048E+00
  49.50000  0.341230403921E+00
  49.60000  0.405013725794E+00
  49.70000  0.451818021775E+00
  49.80000  0.481496564426E+00
  49.90000  0.465275759865E+00
  50.00000  0.409018624320E+00
  50.10000  0.354120748109E+00
  50.20000  0.299424461416E+00
  50.30000  0.221021579958E+00
  50.40000  0.147851399063E+00
  50.50000  0.112655610497E+00
  50.60000  0.975616855641E-01
  50.70000  0.866001580556E-01
  50.80000  0.954906348486E-01
  50.90000  0.120128606334E+00
  51.00000  0.144473194440E+00
  51.10000  0.170030767906E+00
  51.20000  0.191504658604E+00
  51.30000  0.191350129776E+00
  51.40000  0.182922383381E+00
  51.50000  0.182902998399E+00
  51.60000  0.172526888438E+00
  51.70000  0.142367265167E+00
  51.80000  0.123210492577E+00
  51.90000  0.123898989146E+00
  52.00000  0.118199820839E+00
  52.10000  0.104057494759E+00
  52.20000  0.103122282701E+00
  52.30000  0.109831313501E+00
  52.40000  0.105533981876E+00
  52.50000  0.941488862532E-01
  52.60000  0.838827542935E-01
  52.70000  0.701183721632E-01
  52.80000  0.522896179021E-01
  52.90000  0.368266223206E-01
  53.00000  0.228101806459E-01
  53.10000  0.120513495695E-01
  53.20000  0.126929773778E-01
  53.30000  0.241174445862E-01
  53.40000  0.362531283424E-01
  53.50000  0.524683278014E-01
  53.60000  0.800119999195E-01
  53.70000  0.109497626959E+00
  53.80000  0.126377147913E+00
  53.90000  0.138196883503E+00
  54.00000  0.153568364795E+00
  54.10000  0.159748322146E+00
  54.20000  0.145660996367E+00
  54.30000  0.127414661205E+00
  54.40000  0.114983841268E+00
  54.50000  0.948224081851E-01
  54.60000  0.634855593481E-01
  54.70000  0.405044963076E-01
  54.80000  0.304560860617E-01
  54.90000  0.223786626887E-01
  55.00000  0.198678038172E-01
  55.10000  0.326018969412E-01
  55.20000  0.558061061332E-01
  55.30000  0.875014746404E-01
  55.40000  0.131007125233E+00
  55.50000  0.174798095940E+00
  55.60000  0.210835037863E+00
  55.70000  0.250536320870E+00
  55.80000  0.289284504297E+00
  55.90000  0.300474928752E+00
  56.00000  0.288184481404E+00
  56.10000  0.276562667548E+00
  56.20000  0.255518164567E+00
  56.30000  0.204666247740E+00
  56.40000  0.146181736388E+00
  56.50000  0.104339097876E+00
  56.60000  0.689260594131E-01
  56.70000  0.350686876497E-01
  56.80000  0.227622918361E-01
  56.90000  0.359555343571E-01
  57.00000  0.658373191480E-01
  57.10000  0.113441643140E+00
  57.20000  0.173913935843E+00
  57.30000  0.230533651053E+00
  57.40000  0.284155101994E+00
  57.50000  0.336567839143E+00
  57.60000  0.366156116888E+00
  57.70000  0.361515637407E+00
  57.80000  0.342139761732E+00
  57.90000  0.313393403350E+00
  58.00000  0.259930824647E+00
  58.10000  0.189677631652E+00
  58.20000  0.127373276596E+00
  58.30000  0.763201804904E-01
  58.40000  0.321036723747E-01
  58.50000  0.507490020593E-02
  58.60000  0.109746279401E-02
  58.70000  0.152976058303E-01
  58.80000  0.463908199050E-01
  58.90000  0.913869117655E-01
  59.00000  0.137994780725E+00
  59.10000  0.181959405666E+00
  59.20000  0.223907716446E+00
  59.30000  0.255323971160E+00
  59.40000  0.267704019398E+00
  59.50000  0.265842136553E+00
  59.60000  0.252216446025E+00
  59.70000  0.225683218464E+00
  59.80000  0.190752441558E+00
  59.90000  0.152856023724E+00
  60.00000  0.111709013092E+00
  60.10000  0.743549820329E-01
  60.20000  0.481198487497E-01
  60.30000  0.291231473733E-01
  60.40000  0.146434914789E-01
  60.50000  0.130794238046E-01
  60.60000  0.246868327247E-01
  60.70000  0.415667993065E-01
  60.80000  0.636206993422E-01
  60.90000  0.920504223395E-01
  61.00000  0.120733598181E+00
  61.10000  0.149727365942E+00
  61.20000  0.180537473704E+00
  61.30000  0.201809791220E+00
  61.40000  0.209494651990E+00
  61.50000  0.216253190107E+00
  61.60000  0.219852647358E+00
  61.70000  0.202325174296E+00
  61.80000  0.170709881684E+00
  61.90000  0.144256890234E+00
  62.00000  0.116527046431E+00
  62.10000  0.764584275181E-01
  62.20000  0.397871895442E-01
  62.30000  0.182739051089E-01
  62.40000  0.561581266974E-02
  62.50000  0.325935287156E-02
  62.60000  0.184868750397E-01
  62.70000  0.439767778553E-01
  62.80000  0.798065204752E-01
  62.90000  0.134080890124E+00
  63.00000  0.191735181228E+00
  63.10000  0.232484637746E+00
  63.20000  0.270671822196E+00
  63.30000  0.314669135950E+00
  63.40000  0.334446473990E+00
  63.50000  0.317993690438E+00
  63.60000  0.295328217570E+00
  63.70000  0.272331502342E+00
  63.80000  0.224385526570E+00
  63.90000  0.159197605231E+00
  64.00000  0.106281715391E+00
  64.10000  0.654830315743E-01
  64.20000  0.296102167975E-01
  64.30000  0.125553497759E-01
  64.40000  0.183625987428E-01
  64.50000  0.404062121551E-01
  64.60000  0.876833637467E-01
  64.70000  0.158520438881E+00
  64.80000  0.224790760420E+00
  64.90000  0.284991175099E+00
  65.00000  0.359991381643E+00
  65.10000  0.428269079554E+00
  65.20000  0.451927708410E+00
  65.30000  0.450285173483E+00
  65.40000  0.450973813304E+00
  65.50000  0.426952681562E+00
  65.60000  0.358576917195E+00
  65.70000  0.282717108900E+00
  65.80000  0.221044682560E+00
  65.90000  0.154981551498E+00
  66.00000  0.875789794104E-01
  66.10000  0.453799945373E-01
  66.20000  0.293642762258E-01
  66.30000  0.342010084343E-01
  66.40000  0.682827113407E-01
  66.50000  0.122768977549E+00
  66.60000  0.180841358774E+00
  66.70000  0.253736718946E+00
  66.80000  0.341518150086E+00
  66.90000  0.406273504118E+00
  67.00000  0.437383278877E+00
  67.10000  0.465333119759E+00
  67.20000  0.483467515994E+00
  67.30000  0.454143338254E+00
  67.40000  0.391011923627E+00
  67.50000  0.332830907754E+00
  67.60000  0.271240854409E+00
  67.70000  0.188429735703E+00
  67.80000  0.110296566591E+00
  67.90000  0.590665901163E-01
  68.00000  0.253737197495E-01
  68.10000  0.795498439475E-02
  68.20000  0.170975987938E-01
  68.30000  0.449624418856E-01
  68.40000  0.863484788539E-01
  68.50000  0.146644565051E+00
  68.60000  0.210728577947E+00
  68.70000  0.256285241872E+00
  68.80000  0.293621934466E+00
  68.90000  0.331237627703E+00
  69.00000  0.344204394281E+00
  69.10000  0.321734972219E+00
  69.20000  0.289988507324E+00
  69.30000  0.257197871300E+00
  69.40000  0.206407265077E+00
  69.50000  0.143940605125E+00
  69.60000  0.927430986368E-01
  69.70000  0.539178327424E-01
  69.80000  0.222248304303E-01
  69.90000  0.554140895600E-02
  70.00000  0.532248053181E-02
  70.10000  0.158075615392E-01
  70.20000  0.399941112821E-01
  70.30000  0.754833119859E-01
  70.40000  0.106774043133E+00
  70.50000  0.132099066634E+00
  70.60000  0.159969203242E+00
  70.70000  0.181767132769E+00
  70.80000  0.184353168785E+00
  70.90000  0.176094765340E+00
  71.00000  0.165785704223E+00
  71.10000  0.147623573889E+00
  71.20000  0.120717477370E+00
  71.30000  0.945180046853E-01
  71.40000  0.707028723343E-01
  71.50000  0.497393114731E-01
  71.60000  0.370293003547E-01
  71.70000  0.312570234505E-01
  71.80000  0.268140949234E-01
  71.90000  0.295526470136E-01
  72.00000  0.424761493245E-01
  72.10000  0.550565363382E-01
  72.20000  0.628749770649E-01
  72.30000  0.738601646086E-01
  72.40000  0.866304655632E-01
  72.50000  0.932057680756E-01
  72.60000  0.955169243097E-01
  72.70000  0.970042856856E-01
  72.80000  0.948262449655E-01
  72.90000  0.910983167813E-01
  73.00000  0.891413886572E-01
  73.10000  0.830120113303E-01
  73.20000  0.727003876095E-01
  73.30000  0.681278971273E-01
  73.40000  0.672089427863E-01
  73.50000  0.586111442280E-01
  73.60000  0.479957324960E-01
  73.70000  0.454928952499E-01
  73.80000  0.443334296597E-01
  73.90000  0.374492468761E-01
  74.00000  0.330441260266E-01
  74.10000  0.342020275935E-01
  74.20000  0.361208599058E-01
  74.30000  0.404546880113E-01
  74.40000  0.490641958874E-01
  74.50000  0.559548351621E-01
  74.60000  0.642606544105E-01
  74.70000  0.802605299466E-01
  74.80000  0.940591022549E-01
  74.90000  0.966445442354E-01
  75.00000  0.100424878642E+00
  75.10000  0.110122667925E+00
  75.20000  0.109366341760E+00
  75.30000  0.951879201770E-01
  75.40000  0.841465315328E-01
  75.50000  0.766470197193E-01
  75.60000  0.605378759322E-01
  75.70000  0.406549269296E-01
  75.80000  0.276322244195E-01
  75.90000  0.185951074570E-01
  76.00000  0.114398115299E-01
  76.10000  0.111324628600E-01
  76.20000  0.152652956226E-01
  76.30000  0.216999613811E-01
  76.40000  0.365796506786E-01
  76.50000  0.574434010957E-01
  76.60000  0.722565399671E-01
  76.70000  0.843792867171E-01
  76.80000  0.102883600032E+00
  76.90000  0.118693604401E+00
  77.00000  0.120717914676E+00
  77.10000  0.118278340303E+00
  77.20000  0.118326767678E+00
  77.30000  0.111878988575E+00
  77.40000  0.955018881334E-01
  77.50000  0.787045190010E-01
  77.60000  0.638155754616E-01
  77.70000  0.471268793552E-01
  77.80000  0.307005405224E-01
  77.90000  0.180517805554E-01
  78.00000  0.833816838086E-02
  78.10000  0.297939459969E-02
  78.20000  0.356382351242E-02
  78.30000  0.777935472117E-02
  78.40000  0.149595442805E-01
  78.50000  0.271180272448E-01
  78.60000  0.425727380860E-01
  78.70000  0.588109879695E-01
  78.80000  0.761855785952E-01
  78.90000  0.924698075090E-01
  79.00000  0.105255568781E+00
  79.10000  0.116692531614E+00
  79.20000  0.125961133199E+00
  79.30000  0.126517811561E+00
  79.40000  0.120143986784E+00
  79.50000  0.113496130080E+00
  79.60000  0.103381288000E+00
  79.70000  0.842646867067E-01
  79.80000  0.633136971675E-01
  79.90000  0.465764906332E-01
  80.00000  0.305698910000E-01
  80.10000  0.154186257195E-01
  80.20000  0.717580890299E-02
  80.30000  0.512025550623E-02
  80.40000  0.929772615885E-02
  80.50000  0.241484854453E-01
  80.60000  0.451980620064E-01
  80.70000  0.643465883752E-01
  80.80000  0.889041339346E-01
  80.90000  0.122888413829E+00
  81.00000  0.149460207104E+00
  81.10000  0.160926733455E+00
  81.20000  0.173472587462E+00
  81.30000  0.188092438827E+00
  81.40000  0.184352468847E+00
  81.50000  0.163723322352E+00
  81.60000  0.146791817917E+00
  81.70000  0.131512476927E+00
  81.80000  0.104211024370E+00
  81.90000  0.743458627652E-01
  82.00000  0.559966395121E-01
  82.10000  0.447502014750E-01
  82.20000  0.367801035867E-01
  82.30000  0.388703888992E-01
  82.40000  0.501001630803E-01
  82.50000  0.667251792008E-01
  82.60000  0.921817038094E-01
  82.70000  0.122686324386E+00
  82.80000  0.145858446561E+00
  82.90000  0.164890319250E+00
  83.00000  0.187708074580E+00
  83.10000  0.202438802906E+00
  83.20000  0.197400850189E+00
  83.30000  0.186037140388E+00
  83.40000  0.177682977033E+00
  83.50000  0.159416035622E+00
  83.60000  0.127689000702E+00
  83.70000  0.100263727426E+00
  83.80000  0.827165781711E-01
  83.90000  0.644609262487E-01
  84.00000  0.470478857044E-01
  84.10000  0.420708710879E-01
  84.20000  0.481316066342E-01
  84.30000  0.574073819664E-01
  84.40000  0.707621099793E-01
  84.50000  0.896892378971E-01
  84.60000  0.109425533784E+00
  84.70000  0.126743159249E+00
  84.80000  0.141098836834E+00
  84.90000  0.148916941699E+00
  85.00000  0.148945223269E+00
  85.10000  0.144261815719E+00
  85.20000  0.134733570012E+00
  85.30000  0.117107508997E+00
  85.40000  0.956626165213E-01
  85.50000  0.771823794400E-01
  85.60000  0.606249586741E-01
  85.70000  0.427529200233E-01
  85.80000  0.296419644014E-01
  85.90000  0.266640233636E-01
  86.00000  0.288823945537E-01
  86.10000  0.312044147141E-01
  86.20000  0.387421840901E-01
  86.30000  0.535269792538E-01
  86.40000  0.673733000404E-01
  86.50000  0.754397336785E-01
  86.60000  0.831885611125E-01
  86.70000  0.912321967227E-01
  86.80000  0.923430032720E-01
  86.90000  0.856552638110E-01
  87.00000  0.776553228543E-01
  87.10000  0.688062926262E-01
  87.20000  0.558247473005E-01
  87.30000  0.414512104983E-01
  87.40000  0.296326669523E-01
  87.50000  0.198864540766E-01
  87.60000  0.128259834128E-01
  87.70000  0.104671186465E-01
  87.80000  0.104077615323E-01
  87.90000  0.118750955380E-01
  88.00000  0.185490007647E-01
  88.10000  0.285092845954E-01
  88.20000  0.343045152968E-01
  88.30000  0.381252727640E-01
  88.40000  0.459107053218E-01
  88.50000  0.522294349189E-01
  88.60000  0.497289122766E-01
  88.70000  0.451105894976E-01
  88.80000  0.442447894034E-01
  88.90000  0.405556164571E-01
  89.00000  0.303945178450E-01
  89.10000  0.217262802020E-01
  89.20000  0.172641384115E-01
  89.30000  0.118603007688E-01
  89.40000  0.538968916886E-02
  89.50000  0.218162102375E-02
  89.60000  0.131204910129E-02
  89.70000  0.123161529084E-02
  89.80000  0.318299187538E-02
  89.90000  0.615493445358E-02
  90.00000  0.835134551896E-02
  90.10000  0.122194219328E-01
  90.20000  0.182690595320E-01
  90.30000  0.221916798213E-01
  90.40000  0.239227527948E-01
  90.50000  0.276853999469E-01
  90.60000  0.323096698830E-01
  90.70000  0.332568109951E-01
  90.80000  0.322581074911E-01
  90.90000  0.326686621231E-01
  91.00000  0.325192790567E-01
  91.10000  0.289382635801E-01
  91.20000  0.242932248961E-01
  91.30000  0.207691472248E-01
  91.40000  0.171056860976E-01
  91.50000  0.118753906685E-01
  91.60000  0.758360551182E-02
  91.70000  0.648620029881E-02
  91.80000  0.737651542461E-02
  91.90000  0.827407926978E-02
  92.00000  0.121805255431E-01
  92.10000  0.215352257741E-01
  92.20000  0.323908014823E-01
  92.30000  0.411091095336E-01
  92.40000  0.521243505156E-01
  92.50000  0.669596914844E-01
  92.60000  0.781443188465E-01
  92.70000  0.827257923784E-01
  92.80000  0.872927919580E-01
  92.90000  0.919643903102E-01
  93.00000  0.893703490007E-01
  93.10000  0.806615606527E-01
  93.20000  0.727544844003E-01
  93.30000  0.647740354928E-01
  93.40000  0.540863953678E-01
  93.50000  0.448585003574E-01
  93.60000  0.391568214590E-01
  93.70000  0.359931589274E-01
  93.80000  0.387866134583E-01
  93.90000  0.485801922278E-01
  94.00000  0.585739563045E-01
  94.10000  0.700689606635E-01
  94.20000  0.907823754819E-01
  94.30000  0.113954086968E+00
  94.40000  0.126757526516E+00
  94.50000  0.136501840530E+00
  94.60000  0.152698313054E+00
  94.70000  0.162631266968E+00
  94.80000  0.155636007649E+00
  94.90000  0.145786526260E+00
  95.00000  0.141279843712E+00
  95.10000  0.129232580200E+00
  95.20000  0.106512525899E+00
  95.30000  0.881928679551E-01
  95.40000  0.776043348606E-01
  95.50000  0.661027582703E-01
  95.60000  0.559239121387E-01
  95.70000  0.545498842070E-01
  95.80000  0.596510578506E-01
  95.90000  0.685958256254E-01
  96.00000  0.832749539393E-01
  96.10000  0.100143087543E+00
  96.20000  0.115522286625E+00
  96.30000  0.133312391415E+00
  96.40000  0.152078505684E+00
  96.50000  0.161671824428E+00
  96.60000  0.163036225081E+00
  96.70000  0.165428264684E+00
  96.80000  0.164792900141E+00
  96.90000  0.151279047667E+00
  97.00000  0.132076321829E+00
  97.10000  0.117877441549E+00
  97.20000  0.103236758610E+00
  97.30000  0.816871134446E-01
  97.40000  0.628215196643E-01
  97.50000  0.540786831463E-01
  97.60000  0.488078163206E-01
  97.70000  0.428220717788E-01
  97.80000  0.435904363447E-01
  97.90000  0.535251877090E-01
  98.00000  0.652244856506E-01
  98.10000  0.754673993412E-01
  98.20000  0.887727490013E-01
  98.30000  0.104527938651E+00
  98.40000  0.116322106681E+00
  98.50000  0.122631271452E+00
  98.60000  0.126970503995E+00
  98.70000  0.128587361781E+00
  98.80000  0.124029345968E+00
  98.90000  0.114451880525E+00
  99.00000  0.102991249324E+00
  99.10000  0.896764860210E-01
  99.20000  0.746490064983E-01
  99.30000  0.603854965587E-01
  99.40000  0.474088560501E-01
  99.50000  0.360375779165E-01
  99.60000  0.292693426917E-01
  99.70000  0.275412469576E-01
  99.80000  0.265835131035E-01
  99.90000  0.276997025550E-01
 100.00000  0.357641109797E-01
 100.10000  0.467292213584E-01
 100.20000  0.527734767522E-01
 100.30000  0.584435207171E-01
 100.40000  0.695837064330E-01
 100.50000  0.782155462647E-01
 100.60000  0.770996380020E-01
 100.70000  0.748972459937E-01
 100.80000  0.767818581010E-01
 100.90000  0.736312978225E-01
 101.00000  0.621298155548E-01
 101.10000  0.523225462965E-01
 101.20000  0.466478839120E-01
 101.30000  0.377756754380E-01
 101.40000  0.262547466786E-01
 101.50000  0.190207292715E-01
 101.60000  0.153614718550E-01
 101.70000  0.116146695793E-01
 101.80000  0.957404435751E-02
 101.90000  0.105823102570E-01
 102.00000  0.128711880222E-01
 102.10000  0.168180796885E-01
 102.20000  0.229354414996E-01
 102.30000  0.280836449247E-01
 102.40000  0.320293739795E-01
 102.50000  0.378469174640E-01
 102.60000  0.439939843631E-01
 102.70000  0.459547524098E-01
 102.80000  0.458714405425E-01
 102.90000  0.473707426273E-01
 103.00000  0.476881256056E-01
 103.10000  0.433958588135E-01
 103.20000  0.381330499002E-01
 103.30000  0.348146394807E-01
 103.40000  0.306112756460E-01
 103.50000  0.236185711189E-01
 103.60000  0.178192820948E-01
 103.70000  0.153594066937E-01
 103.80000  0.133632942576E-01
 103.90000  0.104112016965E-01
 104.00000  0.104148060341E-01
 104.10000  0.147804984215E-01
 104.20000  0.194300596101E-01
 104.30000  0.227638540688E-01
 104.40000  0.289964056806E-01
 104.50000  0.383843263756E-01
 104.60000  0.451936864828E-01
 104.70000  0.486772696051E-01
 104.80000  0.537867846442E-01
 104.90000  0.594384334191E-01
 105.00000  0.598587653739E-01
 105.10000  0.566540509117E-01
 105.20000  0.547348473071E-01
 105.30000  0.522654663098E-01
 105.40000  0.459730768580E-01
 105.50000  0.391193129476E-01
 105.60000  0.341664330996E-01
 105.70000  0.297088313453E-01
 105.80000  0.261741909180E-01
 105.90000  0.252516217637E-01
 106.00000  0.250095407270E-01
 106.10000  0.260960262944E-01
 106.20000  0.316971067027E-01
 106.30000  0.389401528601E-01
 106.40000  0.426257285354E-01
 106.50000  0.471953026024E-01
 106.60000  0.566470949715E-01
 106.70000  0.634834712690E-01
 106.80000  0.628366438178E-01
 106.90000  0.631717962574E-01
 107.00000  0.675253567445E-01
 107.10000  0.665287957936E-01
 107.20000  0.585281982795E-01
 107.30000  0.535053398875E-01
 107.40000  0.522940747576E-01
 107.50000  0.467561715104E-01
 107.60000  0.384488723150E-01
 107.70000  0.352002431415E-01
 107.80000  0.355398685996E-01
 107.90000  0.340999576184E-01
 108.00000  0.334049412855E-01
 108.10000  0.370227605892E-01
 108.20000  0.425595504057E-01
 108.30000  0.475655070641E-01
 108.40000  0.534532988470E-01
 108.50000  0.600076827627E-01
 108.60000  0.658130068246E-01
 108.70000  0.709482137603E-01
 108.80000  0.752377180298E-01
 108.90000  0.766361806908E-01
 109.00000  0.759988629345E-01
 109.10000  0.753952847547E-01
 109.20000  0.733273349544E-01
 109.30000  0.674286787691E-01
 109.40000  0.612244659822E-01
 109.50000  0.579793371481E-01
 109.60000  0.543685345290E-01
 109.70000  0.479355146724E-01
 109.80000  0.445976269381E-01
 109.90000  0.474275381526E-01
 110.00000  0.500408771009E-01
 110.10000  0.499876639500E-01
 110.20000  0.550971805007E-01
 110.30000  0.665205833643E-01
 110.40000  0.745105552899E-01
 110.50000  0.779919687568E-01
 110.60000  0.863405132866E-01
 110.70000  0.979238986106E-01
 110.80000  0.101620106217E+00
 110.90000  0.995417439709E-01
 111.00000  0.101522817212E+00
 111.10000  0.103829746603E+00
 111.20000  0.975061411212E-01
 111.30000  0.878530916794E-01
 111.40000  0.825767899719E-01
 111.50000  0.772946765707E-01
 111.60000  0.675901169602E-01
 111.70000  0.591973634284E-01
 111.80000  0.551706094372E-01
 111.90000  0.522874923172E-01
 112.00000  0.503261103166E-01
 112.10000  0.515894109030E-01
 112.20000  0.543295937011E-01
 112.30000  0.585111101804E-01
 112.40000  0.662103368249E-01
 112.50000  0.744745981902E-01
 112.60000  0.794043923328E-01
 112.70000  0.852083760555E-01
 112.80000  0.941934119820E-01
 112.90000  0.994044907884E-01
 113.00000  0.982307625589E-01
 113.10000  0.983686125712E-01
 113.20000  0.100911769766E+00
 113.30000  0.974434952119E-01
 113.40000  0.882307584505E-01
 113.50000  0.823522967816E-01
 113.60000  0.792519725177E-01
 113.70000  0.709652617160E-01
 113.80000  0.601352926387E-01
 113.90000  0.552489490159E-01
 114.00000  0.540827520443E-01
 114.10000  0.494363588333E-01
 114.20000  0.452948312153E-01
 114.30000  0.488496682910E-01
 114.40000  0.559802092866E-01
 114.50000  0.595359338072E-01
 114.60000  0.643716345380E-01
 114.70000  0.764417024210E-01
 114.80000  0.894803898926E-01
 114.90000  0.965548202140E-01
 115.00000  0.103799973287E+00
 115.10000  0.115814477841E+00
 115.20000  0.124654697693E+00
 115.30000  0.125313323625E+00
 115.40000  0.125608692191E+00
 115.50000  0.128489621519E+00
 115.60000  0.126153081257E+00
 115.70000  0.117087260082E+00
 115.80000  0.109211376890E+00
 115.90000  0.103442440871E+00
 116.00000  0.946683941830E-01
 116.10000  0.845272948571E-01
 116.20000  0.775844000583E-01
 116.30000  0.727889979357E-01
 116.40000  0.693256428529E-01
 116.50000  0.693522273534E-01
 116.60000  0.714258719740E-01
 116.70000  0.742392084494E-01
 116.80000  0.815149370827E-01
 116.90000  0.928476466598E-01
 117.00000  0.101121358380E+00
 117.10000  0.107519585055E+00
 117.20000  0.119233553348E+00
 117.30000  0.131912965490E+00
 117.40000  0.135973146585E+00
 117.50000  0.137020283554E+00
 117.60000  0.143595626462E+00
 117.70000  0.147896343014E+00
 117.80000  0.141348925747E+00
 117.90000  0.133631199645E+00
 118.00000  0.132436943632E+00
 118.10000  0.128097687147E+00
 118.20000  0.114935525682E+00
 118.30000  0.104546294341E+00
 118.40000  0.102129323270E+00
 118.50000  0.973717386558E-01
 118.60000  0.875241100951E-01
 118.70000  0.840569919406E-01
 118.80000  0.890920918094E-01
 118.90000  0.920690953091E-01
 119.00000  0.921678371924E-01
 119.10000  0.994452539934E-01
 119.20000  0.113090705907E+00
 119.30000  0.122803077754E+00
 119.40000  0.129424136864E+00
 119.50000  0.141206468611E+00
 119.60000  0.155012601163E+00
 119.70000  0.161973265824E+00
 119.80000  0.164947365822E+00
 119.90000  0.170392522173E+00
 120.00000  0.174390867219E+00
 120.10000  0.171401693667E+00
 120.20000  0.165715787685E+00
 120.30000  0.161155118476E+00
 120.40000  0.154782342951E+00
 120.50000  0.145502425761E+00
 120.60000  0.136813669912E+00
 120.70000  0.128879448258E+00
 120.80000  0.121305371563E+00
 120.90000  0.116446907812E+00
 121.00000  0.113786706886E+00
 121.10000  0.110057012598E+00
 121.20000  0.108793453848E+00
 121.30000  0.113650859953E+00
 121.40000  0.118381980299E+00
 121.50000  0.118543389172E+00
 121.60000  0.122227296240E+00
 121.70000  0.132164033115E+00
 121.80000  0.137310964343E+00
 121.90000  0.135133431943E+00
 122.00000  0.137506862516E+00
 122.10000  0.144771490256E+00
 122.20000  0.143775236135E+00
 122.30000  0.135783429555E+00
 122.40000  0.134118064048E+00
 122.50000  0.136053846969E+00
 122.60000  0.128891498311E+00
 122.70000  0.117619461213E+00
 122.80000  0.114520873038E+00
 122.90000  0.114194665679E+00
 123.00000  0.105983710736E+00
 123.10000  0.970399610879E-01
 123.20000  0.967839083762E-01
 123.30000  0.981098750907E-01
 123.40000  0.931627597443E-01
 123.50000  0.897745747085E-01
 123.60000  0.939316771952E-01
 123.70000  0.979612448111E-01
 123.80000  0.968178369069E-01
 123.90000  0.977290724842E-01
 124.00000  0.103559200571E+00
 124.10000  0.107521756581E+00
 124.20000  0.107413153176E+00
 124.30000  0.108885120019E+00
 124.40000  0.112371098181E+00
 124.50000  0.113262127687E+00
 124.60000  0.111690880253E+00
 124.70000  0.110844464379E+00
 124.80000  0.109896276857E+00
 124.90000  0.107464024772E+00
 125.00000  0.104769329506E+00
 125.10000  0.101691318674E+00
 125.20000  0.973891321068E-01
 125.30000  0.937911665058E-01
 125.40000  0.915430391938E-01
 125.50000  0.873173536799E-01
 125.60000  0.816226563998E-01
 125.70000  0.788816498043E-01
 125.80000  0.777937677818E-01
 125.90000  0.729695713083E-01
 126.00000  0.671642479066E-01
 126.10000  0.659219242360E-01
 126.20000  0.656067994471E-01
 126.30000  0.604107623936E-01
 126.40000  0.553991567809E-01
 126.50000  0.558621474776E-01
 126.60000  0.561929944503E-01
 126.70000  0.514000606710E-01
 126.80000  0.481884580918E-01
 126.90000  0.506665724347E-01
 127.00000  0.518160622579E-01
 127.10000  0.480417306589E-01
 127.20000  0.470708297970E-01
 127.30000  0.514814203095E-01
 127.40000  0.532514637502E-01
 127.50000  0.503572753420E-01
 127.60000  0.511018833847E-01
 127.70000  0.563217745924E-01
 127.80000  0.573552065390E-01
 127.90000  0.540987991940E-01
 128.00000  0.550536889153E-01
 128.10000  0.591381755242E-01
 128.20000  0.577786363109E-01
 128.30000  0.529983049327E-01
 128.40000  0.526415247015E-01
 128.50000  0.539089515398E-01
 128.60000  0.497083018267E-01
 128.70000  0.439357577261E-01
 128.80000  0.425673352852E-01
 128.90000  0.418934449158E-01
 129.00000  0.373943428228E-01
 129.10000  0.334043280721E-01
 129.20000  0.330427663117E-01
 129.30000  0.330170823507E-01
 129.40000  0.315359931333E-01
 129.50000  0.315272032828E-01
 129.60000  0.333390255624E-01
 129.70000  0.352267210093E-01
 129.80000  0.371150539411E-01
 129.90000  0.395859971914E-01
 130.00000  0.416631154698E-01
 130.10000  0.435793170086E-01
 130.20000  0.457819746359E-01
 130.30000  0.471455033406E-01
 130.40000  0.469912754548E-01
 130.50000  0.467798105246E-01
 130.60000  0.466800017925E-01
 130.70000  0.451896073742E-01
 130.80000  0.424673616185E-01
 130.90000  0.400331605205E-01
 131.00000  0.377751070652E-01
 131.10000  0.345274959534E-01
 131.20000  0.307925893944E-01
 131.30000  0.277566991072E-01
 131.40000  0.253546874509E-01
 131.50000  0.223586889156E-01
 131.60000  0.193976827806E-01
 131.70000  0.182394902167E-01
 131.80000  0.185808417180E-01
 131.90000  0.179923420659E-01
 132.00000  0.179448329185E-01
 132.10000  0.216390519059E-01
 132.20000  0.270001905379E-01
 132.30000  0.296915590199E-01
 132.40000  0.333302844771E-01
 132.50000  0.421590626324E-01
 132.60000  0.506692276821E-01
 132.70000  0.535539713052E-01
 132.80000  0.575534096178E-01
 132.90000  0.665326994695E-01
 133.00000  0.717143042118E-01
 133.10000  0.692209811178E-01
 133.20000  0.685170677341E-01
 133.30000  0.717290544127E-01
 133.40000  0.690490397303E-01
 133.50000  0.598957213489E-01
 133.60000  0.543126941091E-01
 133.70000  0.521357739236E-01
 133.80000  0.450267325803E-01
 133.90000  0.351731243489E-01
 134.00000  0.304255070520E-01
 134.10000  0.288352679436E-01
 134.20000  0.246326979102E-01
 134.30000  0.207585690741E-01
 134.40000  0.217534932883E-01
 134.50000  0.251067109522E-01
 134.60000  0.270969371746E-01
 134.70000  0.300591643566E-01
 134.80000  0.363837286346E-01
 134.90000  0.437145418162E-01
 135.00000  0.490813174376E-01
 135.10000  0.545619799032E-01
 135.20000  0.621490299716E-01
 135.30000  0.691242742524E-01
 135.40000  0.725106665364E-01
 135.50000  0.753099876817E-01
 135.60000  0.795847341561E-01
 135.70000  0.814692066126E-01
 135.80000  0.786391580628E-01
 135.90000  0.755534517625E-01
 136.00000  0.736635402263E-01
 136.10000  0.687999295764E-01
 136.20000  0.607273951225E-01
 136.30000  0.539939463130E-01
 136.40000  0.486608344753E-01
 136.50000  0.424220098068E-01
 136.60000  0.370248680814E-01
 136.70000  0.340391245249E-01
 136.80000  0.324061275389E-01
 136.90000  0.335074488969E-01
 137.00000  0.386280652259E-01
 137.10000  0.439367083592E-01
 137.20000  0.490498228729E-01
 137.30000  0.591702134386E-01
 137.40000  0.723357616855E-01
 137.50000  0.802144441511E-01
 137.60000  0.856422178949E-01
 137.70000  0.961799063840E-01
 137.80000  0.105974098935E+00
 137.90000  0.106027695718E+00
 138.00000  0.103489354085E+00
 138.10000  0.105856188513E+00
 138.20000  0.104994266112E+00
 138.30000  0.946540685869E-01
 138.40000  0.844411932834E-01
 138.50000  0.795628219758E-01
 138.60000  0.717649062657E-01
 138.70000  0.582137327563E-01
 138.80000  0.480082294795E-01
 138.90000  0.435535783817E-01
 139.00000  0.377090270741E-01
 139.10000  0.296832823335E-01
 139.20000  0.267374005420E-01
 139.30000  0.294431752878E-01
 139.40000  0.312994657515E-01
 139.50000  0.321973636117E-01
 139.60000  0.385395118427E-01
 139.70000  0.496839957473E-01
 139.80000  0.581766155388E-01
 139.90000  0.646555868927E-01
 140.00000  0.761673185179E-01
 140.10000  0.902040704183E-01
 140.20000  0.977080245022E-01
 140.30000  0.101479599301E+00
 140.40000  0.109487070371E+00
 140.50000  0.116730301671E+00
 140.60000  0.114353586573E+00
 140.70000  0.108534831781E+00
 140.80000  0.106822089001E+00
 140.90000  0.102699879621E+00
 141.00000  0.904576156395E-01
 141.10000  0.782711113935E-01
 141.20000  0.708708021707E-01
 141.30000  0.623481190236E-01
 141.40000  0.511468624733E-01
 141.50000  0.434731543240E-01
 141.60000  0.399132131336E-01
 141.70000  0.374377786428E-01
 141.80000  0.370774546304E-01
 141.90000  0.397489891986E-01
 142.00000  0.433310206511E-01
 142.10000  0.489452643147E-01
 142.20000  0.576933636184E-01
 142.30000  0.653703976593E-01
 142.40000  0.703891663987E-01
 142.50000  0.773940017299E-01
 142.60000  0.859937885752E-01
 142.70000  0.898636243870E-01
 142.80000  0.899661925380E-01
 142.90000  0.920983431961E-01
 143.00000  0.942882997690E-01
 143.10000  0.909726290600E-01
 143.20000  0.851126511875E-01
 143.30000  0.814924106383E-01
 143.40000  0.775100412334E-01
 143.50000  0.693138682472E-01
 143.60000  0.605029805766E-01
 143.70000  0.547619677092E-01
 143.80000  0.495500385649E-01
 143.90000  0.418282987532E-01
 144.00000  0.356114028351E-01
 144.10000  0.345176476862E-01
 144.20000  0.348787064892E-01
 144.30000  0.329833817787E-01
 144.40000  0.343012190758E-01
 144.50000  0.424843841652E-01
 144.60000  0.504711853865E-01
 144.70000  0.539099487000E-01
 144.80000  0.610836399682E-01
 144.90000  0.745013803021E-01
 145.00000  0.830714261989E-01
 145.10000  0.840507125052E-01
 145.20000  0.888152248700E-01
 145.30000  0.975114627270E-01
 145.40000  0.973401127125E-01
 145.50000  0.895691255813E-01
 145.60000  0.867497601811E-01
 145.70000  0.863017608611E-01
 145.80000  0.770695977680E-01
 145.90000  0.640335645179E-01
 146.00000  0.574974896765E-01
 146.10000  0.529224256777E-01
 146.20000  0.427214136429E-01
 146.30000  0.328588909410E-01
 146.40000  0.292763009042E-01
 146.50000  0.272158494103E-01
 146.60000  0.225289999818E-01
 146.70000  0.198302912792E-01
 146.80000  0.215499125272E-01
 146.90000  0.241102060773E-01
 147.00000  0.253337441309E-01
 147.10000  0.282716659397E-01
 147.20000  0.340368389558E-01
 147.30000  0.398127106092E-01
 147.40000  0.438424944072E-01
 147.50000  0.488788754306E-01
 147.60000  0.558354758025E-01
 147.70000  0.611812666619E-01
 147.80000  0.633843356142E-01
 147.90000  0.661174808142E-01
 148.00000  0.698184006651E-01
 148.10000  0.700320462643E-01
 148.20000  0.666407566086E-01
 148.30000  0.640642800710E-01
 148.40000  0.618293563269E-01
 148.50000  0.562938482983E-01
 148.60000  0.492794407345E-01
 148.70000  0.439488371715E-01
 148.80000  0.391965263559E-01
 148.90000  0.339985337578E-01
 149.00000  0.303119430300E-01
 149.10000  0.277357288616E-01
 149.20000  0.258023230378E-01
 149.30000  0.263901715828E-01
 149.40000  0.289673358939E-01
 149.50000  0.296365240995E-01
 149.60000  0.303994910645E-01
 149.70000  0.348777963197E-01
 149.80000  0.392120867063E-01
 149.90000  0.386972775015E-01
 150.00000  0.384507279404E-01
 150.10000  0.419350785244E-01
 150.20000  0.433197728906E-01
 150.30000  0.396808380304E-01
 150.40000  0.375485662294E-01
 150.50000  0.386679327479E-01
 150.60000  0.372617464837E-01
 150.70000  0.325880929479E-01
 150.80000  0.301523669315E-01
 150.90000  0.299938604730E-01
 151.00000  0.276271996455E-01
 151.10000  0.234765409086E-01
 151.20000  0.214744206985E-01
 151.30000  0.211830056588E-01
 151.40000  0.190524359949E-01
 151.50000  0.159374565144E-01
 151.60000  0.156071510138E-01
 151.70000  0.174696005605E-01
 151.80000  0.171989257236E-01
 151.90000  0.163807513777E-01
 152.00000  0.199085834703E-01
 152.10000  0.255800505726E-01
 152.20000  0.271314797602E-01
 152.30000  0.280788221425E-01
 152.40000  0.342790649317E-01
 152.50000  0.405506793960E-01
 152.60000  0.399457015520E-01
 152.70000  0.389363017993E-01
 152.80000  0.430067588492E-01
 152.90000  0.446546647562E-01
 153.00000  0.389139183867E-01
 153.10000  0.343343441575E-01
 153.20000  0.343890770819E-01
 153.30000  0.313954557901E-01
 153.40000  0.235760948107E-01
 153.50000  0.187306029366E-01
 153.60000  0.176419091618E-01
 153.70000  0.143641111749E-01
 153.80000  0.923848547511E-02
 153.90000  0.716042340922E-02
 154.00000  0.734026177823E-02
 154.10000  0.613072783439E-02
 154.20000  0.437247562649E-02
 154.30000  0.465805690813E-02
 154.40000  0.629971134209E-02
 154.50000  0.676483199271E-02
 154.60000  0.684346968441E-02
 154.70000  0.902491268227E-02
 154.80000  0.126847364508E-01
 154.90000  0.143589497023E-01
 155.00000  0.155271912586E-01
 155.10000  0.198270753727E-01
 155.20000  0.250099142780E-01
 155.30000  0.260622143953E-01
 155.40000  0.264716460419E-01
 155.50000  0.304741550041E-01
 155.60000  0.334209340538E-01
 155.70000  0.306469034915E-01
 155.80000  0.279621995551E-01
 155.90000  0.286266720105E-01
 156.00000  0.270696686264E-01
 156.10000  0.212197171253E-01
 156.20000  0.171256087577E-01
 156.30000  0.157342460401E-01
 156.40000  0.129798287396E-01
 156.50000  0.931232877413E-02
 156.60000  0.780250882507E-02
 156.70000  0.741246249785E-02
 156.80000  0.712366322958E-02
 156.90000  0.790851737710E-02
 157.00000  0.882773627138E-02
 157.10000  0.901249489731E-02
 157.20000  0.101528835151E-01
 157.30000  0.121733190931E-01
 157.40000  0.123932461695E-01
 157.50000  0.117603940068E-01
 157.60000  0.123786186137E-01
 157.70000  0.132240975167E-01
 157.80000  0.128708274267E-01
 157.90000  0.129885536440E-01
 158.00000  0.134877610488E-01
 158.10000  0.138390616964E-01
 158.20000  0.148734873708E-01
 158.30000  0.164982166968E-01
 158.40000  0.162445185773E-01
 158.50000  0.156993960130E-01
 158.60000  0.168211151681E-01
 158.70000  0.171604999605E-01
 158.80000  0.144097798469E-01
 158.90000  0.121309008964E-01
 159.00000  0.114940890297E-01
 159.10000  0.974580186485E-02
 159.20000  0.681484489904E-02
 159.30000  0.537841658609E-02
 159.40000  0.471747391032E-02
 159.50000  0.441105366880E-02
 159.60000  0.581379173784E-02
 159.70000  0.754392618702E-02
 159.80000  0.808037178897E-02
 159.90000  0.105266348682E-01
 160.00000  0.153449868931E-01
 160.10000  0.172062597023E-01
 160.20000  0.163884102603E-01
 160.30000  0.183602776164E-01
 160.40000  0.215304200313E-01
 160.50000  0.200188310407E-01
 160.60000  0.168911500071E-01
 160.70000  0.168518314611E-01
 160.80000  0.170900122086E-01
 160.90000  0.143009541972E-01
 161.00000  0.120558226040E-01
 161.10000  0.116582695346E-01
 161.20000  0.111479827484E-01
 161.30000  0.101987383607E-01
 161.40000  0.999540040939E-02
 161.50000  0.909855414210E-02
 161.60000  0.806917189110E-02
 161.70000  0.781352865210E-02
 161.80000  0.711622606986E-02
 161.90000  0.492834823905E-02
 162.00000  0.342908679263E-02
 162.10000  0.263575876220E-02
 162.20000  0.167805115621E-02
 162.30000  0.154489500875E-02
 162.40000  0.236190474065E-02
 162.50000  0.260898272715E-02
 162.60000  0.455870864982E-02
 162.70000  0.963051207656E-02
 162.80000  0.130150750507E-01
 162.90000  0.135876953989E-01
 163.00000  0.174992699790E-01
 163.10000  0.241180400532E-01
 163.20000  0.250811629855E-01
 163.30000  0.224546775269E-01
 163.40000  0.241937893671E-01
 163.50000  0.269819383841E-01
 163.60000  0.231730355311E-01
 163.70000  0.180114004938E-01
 163.80000  0.174053423109E-01
 163.90000  0.169356947882E-01
 164.00000  0.126052794778E-01
 164.10000  0.940829884124E-02
 164.20000  0.887682111615E-02
 164.30000  0.811549629428E-02
 164.40000  0.649165509724E-02
 164.50000  0.581020213781E-02
 164.60000  0.490861481455E-02
 164.70000  0.392841684255E-02
 164.80000  0.333092088165E-02
 164.90000  0.252659956965E-02
 165.00000  0.117441744568E-02
 165.10000  0.599642112097E-03
 165.20000  0.200259650221E-03
 165.30000  0.352795115529E-03
 165.40000  0.249058064885E-02
 165.50000  0.480644754728E-02
 165.60000  0.562078461756E-02
 165.70000  0.904874050551E-02
 165.80000  0.159987441593E-01
 165.90000  0.193306098235E-01
 166.00000  0.189783001729E-01
 166.10000  0.229278423898E-01
 166.20000  0.292188849696E-01
 166.30000  0.280216363184E-01
 166.40000  0.234077329763E-01
 166.50000  0.242608200958E-01
 166.60000  0.257906862757E-01
 166.70000  0.201214791653E-01
 166.80000  0.141349674316E-01
 166.90000  0.134303669776E-01
 167.00000  0.126576245041E-01
 167.10000  0.816138872948E-02
 167.20000  0.540682802279E-02
 167.30000  0.527503486957E-02
 167.40000  0.474796913517E-02
 167.50000  0.331845186488E-02
 167.60000  0.276342473439E-02
 167.70000  0.208659720344E-02
 167.80000  0.141767351312E-02
 167.90000  0.799695327784E-03
 168.00000  0.292950079285E-03
 168.10000  0.375251614755E-03
 168.20000  0.115408003857E-02
 168.30000  0.142037703809E-02
 168.40000  0.331658427933E-02
 168.50000  0.847531103864E-02
 168.60000  0.123543955690E-01
 168.70000  0.135262827723E-01
 168.80000  0.185122909704E-01
 168.90000  0.271050250977E-01
 169.00000  0.293892697289E-01
 169.10000  0.271616942116E-01
 169.20000  0.303519091574E-01
 169.30000  0.351446886049E-01
 169.40000  0.306008508205E-01
 169.50000  0.233716380194E-01
 169.60000  0.226365454455E-01
 169.70000  0.221256102206E-01
 169.80000  0.146217575849E-01
 169.90000  0.834241433598E-02
 170.00000  0.748561410634E-02
 170.10000  0.647711900978E-02
 170.20000  0.286653862991E-02
 170.30000  0.149772558947E-02
 170.40000  0.174913658317E-02
 170.50000  0.166542244690E-02
 170.60000  0.135313836974E-02
 170.70000  0.138075522929E-02
 170.80000  0.666040952602E-03
 170.90000  0.320392519841E-03
 171.00000  0.902395157915E-04
 171.10000  0.223571083556E-04
 171.20000  0.141330865165E-02
 171.30000  0.339676014198E-02
 171.40000  0.428043829963E-02
 171.50000  0.791756100255E-02
 171.60000  0.158767129326E-01
 171.70000  0.205970814349E-01
 171.80000  0.214730215272E-01
 171.90000  0.275732877200E-01
 172.00000  0.370222338129E-01
 172.10000  0.371196771600E-01
 172.20000  0.324018750361E-01
 172.30000  0.343962900700E-01
 172.40000  0.370653441521E-01
 172.50000  0.290678522040E-01
 172.60000  0.199210903173E-01
 172.70000  0.179114774519E-01
 172.80000  0.157081419568E-01
 172.90000  0.784554502383E-02
 173.00000  0.286805304255E-02
 173.10000  0.213575083894E-02
 173.20000  0.133533361649E-02
 173.30000  0.240236567115E-04
 173.40000  0.595966391016E-03
 173.50000  0.376416106417E-03
 173.60000  0.387421456772E-03
 173.70000  0.137330375509E-02
 173.80000  0.143831521522E-02
 173.90000  0.736886594072E-04
 174.00000  0.730944364459E-04
 174.10000  0.228522497274E-03
 174.20000  0.110539395585E-02
 174.30000  0.560271335304E-02
 174.40000  0.997211899850E-02
 174.50000  0.117074668690E-01
 174.60000  0.189406462284E-01
 174.70000  0.326658356048E-01
 174.80000  0.383280348419E-01
 174.90000  0.375653580574E-01
 175.00000  0.455870232900E-01
 175.10000  0.567731030346E-01
 175.20000  0.519945846368E-01
 175.30000  0.418049650930E-01
 175.40000  0.418159122213E-01
 175.50000  0.413764463590E-01
 175.60000  0.275868828884E-01
 175.70000  0.155848772292E-01
 175.80000  0.121820873504E-01
 175.90000  0.846626521016E-02
 176.00000  0.218130851193E-02
 176.10000  0.120262956345E-02
 176.20000  0.808631163570E-03
 176.30000  0.126027391292E-02
 176.40000  0.645757153953E-02
 176.50000  0.109027208725E-01
 176.60000  0.720757745840E-02
 176.70000  0.619759100759E-02
 176.80000  0.102513933469E-01
 176.90000  0.844485591241E-02
 177.00000  0.171563647547E-02
 177.10000  0.413704960240E-03
 177.20000  0.101809987650E-02
 177.30000  0.228819027550E-02
 177.40000  0.118156891908E-01
 177.50000  0.209765015853E-01
 177.60000  0.248846116904E-01
 177.70000  0.417861826183E-01
 177.80000  0.720165938888E-01
 177.90000  0.809965666131E-01
 178.00000  0.766421607505E-01
 178.10000  0.936793838544E-01
 178.20000  0.115088133505E+00
 178.30000  0.972320901254E-01
 178.40000  0.710410861772E-01
 178.50000  0.695186547215E-01
 178.60000  0.646277688352E-01
 178.70000  0.319862933222E-01
 178.80000  0.109550851562E-01
 178.90000  0.586455431602E-02
 179.00000  0.144254035437E-02
 179.10000  0.886115784173E-02
 179.20000  0.344235407095E-01
 179.30000  0.381591474708E-01
 179.40000  0.551243180824E-01
 179.50000  0.128750857279E+00
 179.60000  0.184987219386E+00
 179.70000  0.148344787068E+00
 179.80000  0.156061342648E+00
 179.90000  0.304508523621E+00
 180.00000  0.435080831686E+00

