 # E =   0.30993780045733005       eV =    2500.0000000000000       1/cm
 #  1801
# DFFCSO.  ACCUM LEV(I),J(I) =  1  0 LEV(F),J(F) =  1  0       , M =  0, WEIGHTED BY  1.00000
   0.10000  0.397116064207E+07
   0.20000  0.242144981213E+07
   0.30000  0.108811665348E+07
   0.40000  0.407815883444E+06
   0.50000  0.180436678050E+06
   0.60000  0.118318204118E+06
   0.70000  0.883919126432E+05
   0.80000  0.577794391861E+05
   0.90000  0.291832279213E+05
   1.00000  0.135900548160E+05
   1.10000  0.118850176449E+05
   1.20000  0.142564201454E+05
   1.30000  0.134477191711E+05
   1.40000  0.947155226646E+04
   1.50000  0.475954691733E+04
   1.60000  0.121720491790E+04
   1.70000  0.225852746470E+02
   1.80000  0.109872144534E+04
   1.90000  0.294293051570E+04
   2.00000  0.400792071805E+04
   2.10000  0.388546219269E+04
   2.20000  0.292347806249E+04
   2.30000  0.158163720552E+04
   2.40000  0.429562783858E+03
   2.50000  0.104035545244E+03
   2.60000  0.753917614719E+03
   2.70000  0.185033999695E+04
   2.80000  0.273252834195E+04
   2.90000  0.300066283343E+04
   3.00000  0.252013618253E+04
   3.10000  0.149013741608E+04
   3.20000  0.476366341915E+03
   3.30000  0.168437211642E+02
   3.40000  0.188046077417E+03
   3.50000  0.691209170180E+03
   3.60000  0.115836648692E+04
   3.70000  0.130574769995E+04
   3.80000  0.104051197012E+04
   3.90000  0.549097803651E+03
   4.00000  0.155677335520E+03
   4.10000  0.358548504816E+02
   4.20000  0.143073799683E+03
   4.30000  0.331762250858E+03
   4.40000  0.451992797201E+03
   4.50000  0.408153371381E+03
   4.60000  0.230357968830E+03
   4.70000  0.619300978531E+02
   4.80000  0.193819680786E+02
   4.90000  0.101646545578E+03
   5.00000  0.234811176326E+03
   5.10000  0.339777911820E+03
   5.20000  0.360465722196E+03
   5.30000  0.292247462654E+03
   5.40000  0.205357135855E+03
   5.50000  0.191588897245E+03
   5.60000  0.276871454112E+03
   5.70000  0.410202503916E+03
   5.80000  0.519961606524E+03
   5.90000  0.555465248031E+03
   6.00000  0.496526799883E+03
   6.10000  0.372011509282E+03
   6.20000  0.260677868605E+03
   6.30000  0.234898762591E+03
   6.40000  0.305674471607E+03
   6.50000  0.432148254456E+03
   6.60000  0.563548372477E+03
   6.70000  0.652419172723E+03
   6.80000  0.660870233598E+03
   6.90000  0.588987046860E+03
   7.00000  0.479347495977E+03
   7.10000  0.377353952757E+03
   7.20000  0.302399135239E+03
   7.30000  0.262435473392E+03
   7.40000  0.263732177213E+03
   7.50000  0.293490863838E+03
   7.60000  0.322593180970E+03
   7.70000  0.334174266328E+03
   7.80000  0.330409370307E+03
   7.90000  0.311969446274E+03
   8.00000  0.275545771190E+03
   8.10000  0.229879681797E+03
   8.20000  0.189250424098E+03
   8.30000  0.155266127747E+03
   8.40000  0.122479276178E+03
   8.50000  0.949575507665E+02
   8.60000  0.804326792766E+02
   8.70000  0.759693551993E+02
   8.80000  0.743972497755E+02
   8.90000  0.744221453183E+02
   9.00000  0.748478614239E+02
   9.10000  0.695893140635E+02
   9.20000  0.568359245427E+02
   9.30000  0.436841793054E+02
   9.40000  0.356424483525E+02
   9.50000  0.319248824789E+02
   9.60000  0.321132319213E+02
   9.70000  0.371974079162E+02
   9.80000  0.437009404782E+02
   9.90000  0.457960895046E+02
  10.00000  0.434263716197E+02
  10.10000  0.402416702899E+02
  10.20000  0.368732679991E+02
  10.30000  0.328561533215E+02
  10.40000  0.307690129458E+02
  10.50000  0.326576410010E+02
  10.60000  0.360133060849E+02
  10.70000  0.384341722192E+02
  10.80000  0.409650062428E+02
  10.90000  0.435714198070E+02
  11.00000  0.431041903344E+02
  11.10000  0.381986768930E+02
  11.20000  0.316128558270E+02
  11.30000  0.256515859153E+02
  11.40000  0.204986265543E+02
  11.50000  0.175104939171E+02
  11.60000  0.188159833870E+02
  11.70000  0.236842013458E+02
  11.80000  0.291018992382E+02
  11.90000  0.337994248320E+02
  12.00000  0.378425662076E+02
  12.10000  0.397876126951E+02
  12.20000  0.381739472628E+02
  12.30000  0.340273324892E+02
  12.40000  0.292992322700E+02
  12.50000  0.244158933253E+02
  12.60000  0.199053852056E+02
  12.70000  0.179567621573E+02
  12.80000  0.197483267027E+02
  12.90000  0.236697965625E+02
  13.00000  0.275935197791E+02
  13.10000  0.309302518278E+02
  13.20000  0.331592796020E+02
  13.30000  0.329289111003E+02
  13.40000  0.300707224038E+02
  13.50000  0.260399506254E+02
  13.60000  0.217850405185E+02
  13.70000  0.169990886219E+02
  13.80000  0.120225155420E+02
  13.90000  0.837428444776E+01
  14.00000  0.668961949534E+01
  14.10000  0.610430941479E+01
  14.20000  0.575033497121E+01
  14.30000  0.556755466135E+01
  14.40000  0.546312235699E+01
  14.50000  0.497934734009E+01
  14.60000  0.409542869694E+01
  14.70000  0.318264943013E+01
  14.80000  0.239668793037E+01
  14.90000  0.165041824028E+01
  15.00000  0.103454985613E+01
  15.10000  0.745850834753E+00
  15.20000  0.681762926936E+00
  15.30000  0.676231010723E+00
  15.40000  0.684328141713E+00
  15.50000  0.667919658577E+00
  15.60000  0.593291764095E+00
  15.70000  0.558219237593E+00
  15.80000  0.719108541774E+00
  15.90000  0.973086818277E+00
  16.00000  0.121850373791E+01
  16.10000  0.163662589391E+01
  16.20000  0.232873189364E+01
  16.30000  0.296778291543E+01
  16.40000  0.312420659735E+01
  16.50000  0.287457438228E+01
  16.60000  0.254223075814E+01
  16.70000  0.216446987923E+01
  16.80000  0.161032452804E+01
  16.90000  0.948775745710E+00
  17.00000  0.438706030857E+00
  17.10000  0.155908631333E+00
  17.20000  0.286398424122E-01
  17.30000  0.294262935812E-01
  17.40000  0.122936111795E+00
  17.50000  0.217803861605E+00
  17.60000  0.213240825361E+00
  17.70000  0.132553546522E+00
  17.80000  0.463001157325E-01
  17.90000  0.153434400070E-01
  18.00000  0.116725325897E+00
  18.10000  0.373426660521E+00
  18.20000  0.797400985630E+00
  18.30000  0.141919283879E+01
  18.40000  0.223245224396E+01
  18.50000  0.303272491293E+01
  18.60000  0.352251768109E+01
  18.70000  0.370203589714E+01
  18.80000  0.379114935695E+01
  18.90000  0.380919076350E+01
  19.00000  0.350739898242E+01
  19.10000  0.287629022010E+01
  19.20000  0.234826219606E+01
  19.30000  0.224174071753E+01
  19.40000  0.245407159508E+01
  19.50000  0.280233710127E+01
  19.60000  0.335163724337E+01
  19.70000  0.413689022621E+01
  19.80000  0.490288597665E+01
  19.90000  0.545354346726E+01
  20.00000  0.585338361647E+01
  20.10000  0.611603644872E+01
  20.20000  0.597563175229E+01
  20.30000  0.528699782420E+01
  20.40000  0.437586101454E+01
  20.50000  0.361542132725E+01
  20.60000  0.298666597890E+01
  20.70000  0.228958038860E+01
  20.80000  0.160682626555E+01
  20.90000  0.120676808709E+01
  21.00000  0.111566541689E+01
  21.10000  0.115200223179E+01
  21.20000  0.120969364406E+01
  21.30000  0.131143463584E+01
  21.40000  0.141573514970E+01
  21.50000  0.141771110251E+01
  21.60000  0.133302582342E+01
  21.70000  0.124218909672E+01
  21.80000  0.115173105184E+01
  21.90000  0.996704032328E+00
  22.00000  0.785842211900E+00
  22.10000  0.613509653659E+00
  22.20000  0.513623331786E+00
  22.30000  0.449545010798E+00
  22.40000  0.375312540189E+00
  22.50000  0.295457679054E+00
  22.60000  0.240746739473E+00
  22.70000  0.220816816228E+00
  22.80000  0.224573953543E+00
  22.90000  0.212256252858E+00
  23.00000  0.186188668896E+00
  23.10000  0.201249461971E+00
  23.20000  0.286758347228E+00
  23.30000  0.390713767545E+00
  23.40000  0.434348559217E+00
  23.50000  0.443791490669E+00
  23.60000  0.493679106592E+00
  23.70000  0.580815970902E+00
  23.80000  0.624605741834E+00
  23.90000  0.586816373048E+00
  24.00000  0.533764417348E+00
  24.10000  0.515413792679E+00
  24.20000  0.511245298064E+00
  24.30000  0.488082886797E+00
  24.40000  0.460646281982E+00
  24.50000  0.463320979733E+00
  24.60000  0.481488092119E+00
  24.70000  0.501755129515E+00
  24.80000  0.546949833304E+00
  24.90000  0.641417475303E+00
  25.00000  0.753052223081E+00
  25.10000  0.820428492252E+00
  25.20000  0.863642401041E+00
  25.30000  0.954545657477E+00
  25.40000  0.109850266343E+01
  25.50000  0.119389537777E+01
  25.60000  0.117206989538E+01
  25.70000  0.112068258958E+01
  25.80000  0.115115334241E+01
  25.90000  0.123700430612E+01
  26.00000  0.126000668727E+01
  26.10000  0.121651896739E+01
  26.20000  0.123944914788E+01
  26.30000  0.139098488987E+01
  26.40000  0.159620589896E+01
  26.50000  0.177925868674E+01
  26.60000  0.197009484590E+01
  26.70000  0.219593727539E+01
  26.80000  0.239230051406E+01
  26.90000  0.251529838498E+01
  27.00000  0.260300176983E+01
  27.10000  0.267383867557E+01
  27.20000  0.263988036471E+01
  27.30000  0.244879905953E+01
  27.40000  0.221795207058E+01
  27.50000  0.208279464598E+01
  27.60000  0.201294712614E+01
  27.70000  0.188601225976E+01
  27.80000  0.172299379299E+01
  27.90000  0.167786768168E+01
  28.00000  0.180150505414E+01
  28.10000  0.198258905808E+01
  28.20000  0.211681547333E+01
  28.30000  0.223236663227E+01
  28.40000  0.237514308660E+01
  28.50000  0.249796540319E+01
  28.60000  0.253583612119E+01
  28.70000  0.248849780141E+01
  28.80000  0.238448950915E+01
  28.90000  0.220214790914E+01
  29.00000  0.192655136905E+01
  29.10000  0.162317236489E+01
  29.20000  0.136880835000E+01
  29.30000  0.115993858545E+01
  29.40000  0.943571648059E+00
  29.50000  0.746085120565E+00
  29.60000  0.662907790162E+00
  29.70000  0.723931197162E+00
  29.80000  0.856213115518E+00
  29.90000  0.985860005791E+00
  30.00000  0.113141604214E+01
  30.10000  0.133012781942E+01
  30.20000  0.154751726492E+01
  30.30000  0.170939394708E+01
  30.40000  0.178261666594E+01
  30.50000  0.178894440402E+01
  30.60000  0.173536363107E+01
  30.70000  0.160831769153E+01
  30.80000  0.141456771703E+01
  30.90000  0.118488572430E+01
  31.00000  0.942665784255E+00
  31.10000  0.689346046057E+00
  31.20000  0.448132297756E+00
  31.30000  0.261600201587E+00
  31.40000  0.148849319189E+00
  31.50000  0.934958980398E-01
  31.60000  0.762465944666E-01
  31.70000  0.107801816734E+00
  31.80000  0.192616310203E+00
  31.90000  0.307234299351E+00
  32.00000  0.420763047566E+00
  32.10000  0.518211300226E+00
  32.20000  0.597513798250E+00
  32.30000  0.644767343342E+00
  32.40000  0.651796777485E+00
  32.50000  0.625329436357E+00
  32.60000  0.574307691657E+00
  32.70000  0.501521818648E+00
  32.80000  0.409499354455E+00
  32.90000  0.317054739078E+00
  33.00000  0.237124672962E+00
  33.10000  0.170241959562E+00
  33.20000  0.121132027269E+00
  33.30000  0.100477260168E+00
  33.40000  0.108017635049E+00
  33.50000  0.118954343126E+00
  33.60000  0.123528102177E+00
  33.70000  0.140967804867E+00
  33.80000  0.179796245489E+00
  33.90000  0.211582280222E+00
  34.00000  0.202561832201E+00
  34.10000  0.167932467526E+00
  34.20000  0.142529936266E+00
  34.30000  0.127512174714E+00
  34.40000  0.980159869435E-01
  34.50000  0.504645813853E-01
  34.60000  0.141025612017E-01
  34.70000  0.188276304802E-02
  34.80000  0.506182360092E-02
  34.90000  0.247160055756E-01
  35.00000  0.749325939319E-01
  35.10000  0.153006045377E+00
  35.20000  0.231516257166E+00
  35.30000  0.305955791914E+00
  35.40000  0.398344818675E+00
  35.50000  0.510496841658E+00
  35.60000  0.605279424771E+00
  35.70000  0.650547196278E+00
  35.80000  0.663545766671E+00
  35.90000  0.670702409969E+00
  36.00000  0.663794064540E+00
  36.10000  0.616436054454E+00
  36.20000  0.528834820830E+00
  36.30000  0.430188659435E+00
  36.40000  0.334744007242E+00
  36.50000  0.240549652084E+00
  36.60000  0.152845046866E+00
  36.70000  0.883416726397E-01
  36.80000  0.541085213872E-01
  36.90000  0.411071149709E-01
  37.00000  0.533272687271E-01
  37.10000  0.104635123235E+00
  37.20000  0.193523750073E+00
  37.30000  0.295841007947E+00
  37.40000  0.392112803279E+00
  37.50000  0.488592544839E+00
  37.60000  0.588357656777E+00
  37.70000  0.675088234449E+00
  37.80000  0.728671267205E+00
  37.90000  0.747493328960E+00
  38.00000  0.739980281678E+00
  38.10000  0.701939312298E+00
  38.20000  0.632535294745E+00
  38.30000  0.546491946095E+00
  38.40000  0.460547308453E+00
  38.50000  0.372685384168E+00
  38.60000  0.275826372524E+00
  38.70000  0.190142072203E+00
  38.80000  0.143440253385E+00
  38.90000  0.136530396147E+00
  39.00000  0.145506812373E+00
  39.10000  0.161750487441E+00
  39.20000  0.202509053288E+00
  39.30000  0.270835183056E+00
  39.40000  0.346265651511E+00
  39.50000  0.411463287265E+00
  39.60000  0.469173517794E+00
  39.70000  0.518819927194E+00
  39.80000  0.542967470106E+00
  39.90000  0.540282115425E+00
  40.00000  0.532313514569E+00
  40.10000  0.529294748449E+00
  40.20000  0.508520485695E+00
  40.30000  0.454509290450E+00
  40.40000  0.397996740165E+00
  40.50000  0.374394083158E+00
  40.60000  0.373892681846E+00
  40.70000  0.358904771724E+00
  40.80000  0.326042540406E+00
  40.90000  0.308820467905E+00
  41.00000  0.318670947667E+00
  41.10000  0.331454575072E+00
  41.20000  0.327096458959E+00
  41.30000  0.316423476944E+00
  41.40000  0.311222642283E+00
  41.50000  0.301869458311E+00
  41.60000  0.284717863595E+00
  41.70000  0.274441076304E+00
  41.80000  0.279901283449E+00
  41.90000  0.283534126327E+00
  42.00000  0.273451567789E+00
  42.10000  0.273266353022E+00
  42.20000  0.307441379362E+00
  42.30000  0.361829716835E+00
  42.40000  0.400309828637E+00
  42.50000  0.419960298357E+00
  42.60000  0.450720394386E+00
  42.70000  0.501243357439E+00
  42.80000  0.543772611184E+00
  42.90000  0.552613101119E+00
  43.00000  0.537998508330E+00
  43.10000  0.519363113151E+00
  43.20000  0.493459345722E+00
  43.30000  0.448499509997E+00
  43.40000  0.387099217638E+00
  43.50000  0.323203260096E+00
  43.60000  0.259120065835E+00
  43.70000  0.193039999406E+00
  43.80000  0.136918103363E+00
  43.90000  0.105300271662E+00
  44.00000  0.965957397473E-01
  44.10000  0.965269797185E-01
  44.20000  0.106570914512E+00
  44.30000  0.142332674550E+00
  44.40000  0.205397930797E+00
  44.50000  0.277317113349E+00
  44.60000  0.340869229878E+00
  44.70000  0.399099822523E+00
  44.80000  0.457572036903E+00
  44.90000  0.508305235113E+00
  45.00000  0.538990267069E+00
  45.10000  0.546094845940E+00
  45.20000  0.535034034671E+00
  45.30000  0.506637271125E+00
  45.40000  0.460641231915E+00
  45.50000  0.401882943134E+00
  45.60000  0.336730453655E+00
  45.70000  0.269156330523E+00
  45.80000  0.200363150775E+00
  45.90000  0.136605789038E+00
  46.00000  0.840784602207E-01
  46.10000  0.440999066211E-01
  46.20000  0.167555925142E-01
  46.30000  0.289394423786E-02
  46.40000  0.393848617770E-02
  46.50000  0.157101971485E-01
  46.60000  0.346544078823E-01
  46.70000  0.622799689993E-01
  46.80000  0.989644649830E-01
  46.90000  0.140006488010E+00
  47.00000  0.177677936571E+00
  47.10000  0.212152547741E+00
  47.20000  0.247454913682E+00
  47.30000  0.282416187577E+00
  47.40000  0.311926895664E+00
  47.50000  0.332741805899E+00
  47.60000  0.347788477491E+00
  47.70000  0.357442432247E+00
  47.80000  0.359033115324E+00
  47.90000  0.352277050058E+00
  48.00000  0.338978788453E+00
  48.10000  0.319729878794E+00
  48.20000  0.290587067029E+00
  48.30000  0.252325564992E+00
  48.40000  0.211533576386E+00
  48.50000  0.172351285640E+00
  48.60000  0.133029417503E+00
  48.70000  0.908498391580E-01
  48.80000  0.521184605129E-01
  48.90000  0.252295954192E-01
  49.00000  0.123237023868E-01
  49.10000  0.108244739769E-01
  49.20000  0.200789897750E-01
  49.30000  0.447600603505E-01
  49.40000  0.859392964662E-01
  49.50000  0.140376671840E+00
  49.60000  0.203956718203E+00
  49.70000  0.273408787799E+00
  49.80000  0.345387507983E+00
  49.90000  0.413342931931E+00
  50.00000  0.472443534778E+00
  50.10000  0.518711245290E+00
  50.20000  0.547855698812E+00
  50.30000  0.556596152666E+00
  50.40000  0.543561645411E+00
  50.50000  0.510680579904E+00
  50.60000  0.458519764123E+00
  50.70000  0.389815290066E+00
  50.80000  0.312465392448E+00
  50.90000  0.235352539126E+00
  51.00000  0.163592912919E+00
  51.10000  0.983706279904E-01
  51.20000  0.467876131521E-01
  51.30000  0.193171229951E-01
  51.40000  0.197020009496E-01
  51.50000  0.431236731503E-01
  51.60000  0.840014725755E-01
  51.70000  0.143246994728E+00
  51.80000  0.218794014777E+00
  51.90000  0.301515495196E+00
  52.00000  0.382075301464E+00
  52.10000  0.455784927826E+00
  52.20000  0.518305318748E+00
  52.30000  0.559341184338E+00
  52.40000  0.573869578224E+00
  52.50000  0.568199310287E+00
  52.60000  0.548789601950E+00
  52.70000  0.511034032598E+00
  52.80000  0.447849753457E+00
  52.90000  0.370017747635E+00
  53.00000  0.298275230236E+00
  53.10000  0.240057313209E+00
  53.20000  0.186001127183E+00
  53.30000  0.132047745763E+00
  53.40000  0.930543421386E-01
  53.50000  0.820070266154E-01
  53.60000  0.935059786241E-01
  53.70000  0.113913884385E+00
  53.80000  0.140315711680E+00
  53.90000  0.177947937594E+00
  54.00000  0.222740464023E+00
  54.10000  0.264861347288E+00
  54.20000  0.300701113532E+00
  54.30000  0.332062165666E+00
  54.40000  0.353884681286E+00
  54.50000  0.356275260340E+00
  54.60000  0.342743352688E+00
  54.70000  0.326895476636E+00
  54.80000  0.312378141911E+00
  54.90000  0.287101768363E+00
  55.00000  0.245774573501E+00
  55.10000  0.205236341816E+00
  55.20000  0.182430562400E+00
  55.30000  0.172872460730E+00
  55.40000  0.160487611066E+00
  55.50000  0.144806964795E+00
  55.60000  0.140934967275E+00
  55.70000  0.153622041471E+00
  55.80000  0.171321179093E+00
  55.90000  0.183158800573E+00
  56.00000  0.191811697213E+00
  56.10000  0.201770906666E+00
  56.20000  0.208324375586E+00
  56.30000  0.207110684560E+00
  56.40000  0.200803950077E+00
  56.50000  0.192812287077E+00
  56.60000  0.178484101040E+00
  56.70000  0.154523962904E+00
  56.80000  0.129813445909E+00
  56.90000  0.114418475132E+00
  57.00000  0.106246934478E+00
  57.10000  0.952766751795E-01
  57.20000  0.825514678021E-01
  57.30000  0.804152544294E-01
  57.40000  0.933440463770E-01
  57.50000  0.112189312372E+00
  57.60000  0.127184107637E+00
  57.70000  0.141088102536E+00
  57.80000  0.159843247009E+00
  57.90000  0.180381260046E+00
  58.00000  0.195253112066E+00
  58.10000  0.201718591058E+00
  58.20000  0.202593673936E+00
  58.30000  0.197342360582E+00
  58.40000  0.183524003227E+00
  58.50000  0.163371049032E+00
  58.60000  0.141346229197E+00
  58.70000  0.118328021471E+00
  58.80000  0.911775911016E-01
  58.90000  0.624168807946E-01
  59.00000  0.400609628183E-01
  59.10000  0.278253843340E-01
  59.20000  0.224125364651E-01
  59.30000  0.202906067407E-01
  59.40000  0.250177686042E-01
  59.50000  0.401261976338E-01
  59.60000  0.629656476521E-01
  59.70000  0.887661652452E-01
  59.80000  0.115714501372E+00
  59.90000  0.143881550027E+00
  60.00000  0.168990119749E+00
  60.10000  0.186900115117E+00
  60.20000  0.198747815331E+00
  60.30000  0.206594144723E+00
  60.40000  0.207233642139E+00
  60.50000  0.194548390006E+00
  60.60000  0.171046287532E+00
  60.70000  0.145693847699E+00
  60.80000  0.122105653579E+00
  60.90000  0.958755242106E-01
  61.00000  0.647096603714E-01
  61.10000  0.364408502352E-01
  61.20000  0.187605485865E-01
  61.30000  0.111200427272E-01
  61.40000  0.990375283297E-02
  61.50000  0.162384454831E-01
  61.60000  0.333526364581E-01
  61.70000  0.579261866998E-01
  61.80000  0.855613640170E-01
  61.90000  0.117638899074E+00
  62.00000  0.155987640811E+00
  62.10000  0.193325271565E+00
  62.20000  0.218045674512E+00
  62.30000  0.231103966637E+00
  62.40000  0.242813273034E+00
  62.50000  0.254089308120E+00
  62.60000  0.251624267253E+00
  62.70000  0.227579663255E+00
  62.80000  0.194143605027E+00
  62.90000  0.165959230756E+00
  63.00000  0.141255084959E+00
  63.10000  0.109512719937E+00
  63.20000  0.727307077816E-01
  63.30000  0.450875913444E-01
  63.40000  0.325271190777E-01
  63.50000  0.301549172533E-01
  63.60000  0.359543953828E-01
  63.70000  0.552386976372E-01
  63.80000  0.876933542088E-01
  63.90000  0.124072736106E+00
  64.00000  0.162708019944E+00
  64.10000  0.211633802522E+00
  64.20000  0.270047411412E+00
  64.30000  0.319541489665E+00
  64.40000  0.346859960088E+00
  64.50000  0.363368260591E+00
  64.60000  0.384123193747E+00
  64.70000  0.400756265736E+00
  64.80000  0.391428810946E+00
  64.90000  0.355330495621E+00
  65.00000  0.315020400673E+00
  65.10000  0.282982745054E+00
  65.20000  0.249258215358E+00
  65.30000  0.204852319496E+00
  65.40000  0.160971962619E+00
  65.50000  0.132347933584E+00
  65.60000  0.118529665371E+00
  65.70000  0.115422931457E+00
  65.80000  0.128761761569E+00
  65.90000  0.163925620849E+00
  66.00000  0.210830985104E+00
  66.10000  0.258337569251E+00
  66.20000  0.314061593918E+00
  66.30000  0.388987072621E+00
  66.40000  0.470927703881E+00
  66.50000  0.532764613584E+00
  66.60000  0.569184486307E+00
  66.70000  0.600048187915E+00
  66.80000  0.633268955626E+00
  66.90000  0.649077359138E+00
  67.00000  0.629371141140E+00
  67.10000  0.585482590382E+00
  67.20000  0.538729510328E+00
  67.30000  0.491285804931E+00
  67.40000  0.434464248959E+00
  67.50000  0.372416435273E+00
  67.60000  0.320019535269E+00
  67.70000  0.281516977204E+00
  67.80000  0.253829170709E+00
  67.90000  0.244785116259E+00
  68.00000  0.266766906720E+00
  68.10000  0.314805346178E+00
  68.20000  0.369665622451E+00
  68.30000  0.428025945235E+00
  68.40000  0.505405839543E+00
  68.50000  0.603821141539E+00
  68.60000  0.698233124151E+00
  68.70000  0.765492796605E+00
  68.80000  0.811222086064E+00
  68.90000  0.849703230200E+00
  69.00000  0.874748938392E+00
  69.10000  0.868608351854E+00
  69.20000  0.829307793923E+00
  69.30000  0.771136585559E+00
  69.40000  0.701364264417E+00
  69.50000  0.619114250287E+00
  69.60000  0.532233228745E+00
  69.70000  0.456086272487E+00
  69.80000  0.395434810333E+00
  69.90000  0.344302287863E+00
  70.00000  0.308849753157E+00
  70.10000  0.308025692368E+00
  70.20000  0.347058289012E+00
  70.30000  0.407785156505E+00
  70.40000  0.473984227768E+00
  70.50000  0.551572753053E+00
  70.60000  0.648407749938E+00
  70.70000  0.751341148076E+00
  70.80000  0.837530478655E+00
  70.90000  0.898837878988E+00
  71.00000  0.939709048384E+00
  71.10000  0.956974985757E+00
  71.20000  0.942342431945E+00
  71.30000  0.897987605435E+00
  71.40000  0.833994055421E+00
  71.50000  0.752314971628E+00
  71.60000  0.649690373203E+00
  71.70000  0.538094864329E+00
  71.80000  0.441000172135E+00
  71.90000  0.368447607030E+00
  72.00000  0.311683337844E+00
  72.10000  0.267772390576E+00
  72.20000  0.252736680898E+00
  72.30000  0.278712367790E+00
  72.40000  0.336238250293E+00
  72.50000  0.408499749921E+00
  72.60000  0.491085535086E+00
  72.70000  0.584424367546E+00
  72.80000  0.677243761067E+00
  72.90000  0.755484703660E+00
  73.00000  0.816455738319E+00
  73.10000  0.860631699962E+00
  73.20000  0.876270862023E+00
  73.30000  0.850571649914E+00
  73.40000  0.792749837333E+00
  73.50000  0.724042521920E+00
  73.60000  0.649008835066E+00
  73.70000  0.555394972935E+00
  73.80000  0.445254159719E+00
  73.90000  0.344670516597E+00
  74.00000  0.273657127986E+00
  74.10000  0.227942098484E+00
  74.20000  0.198236536334E+00
  74.30000  0.191340195288E+00
  74.40000  0.217228954549E+00
  74.50000  0.269673869568E+00
  74.60000  0.337165161813E+00
  74.70000  0.418387154928E+00
  74.80000  0.512084201166E+00
  74.90000  0.600655972996E+00
  75.00000  0.664872280643E+00
  75.10000  0.708526002363E+00
  75.20000  0.745228429073E+00
  75.30000  0.767501795129E+00
  75.40000  0.751249784922E+00
  75.50000  0.693762472252E+00
  75.60000  0.621924785243E+00
  75.70000  0.555034497988E+00
  75.80000  0.484323433334E+00
  75.90000  0.398762028865E+00
  76.00000  0.312538999712E+00
  76.10000  0.248538449758E+00
  76.20000  0.210649937223E+00
  76.30000  0.191592154491E+00
  76.40000  0.193705225255E+00
  76.50000  0.223956199107E+00
  76.60000  0.274905720414E+00
  76.70000  0.333119099556E+00
  76.80000  0.400770871953E+00
  76.90000  0.486146652331E+00
  77.00000  0.577269446182E+00
  77.10000  0.646454378521E+00
  77.20000  0.685749688295E+00
  77.30000  0.713451503000E+00
  77.40000  0.738616662905E+00
  77.50000  0.742919846498E+00
  77.60000  0.708532181245E+00
  77.70000  0.647004190876E+00
  77.80000  0.581672997013E+00
  77.90000  0.517080792105E+00
  78.00000  0.444790518650E+00
  78.10000  0.368014666813E+00
  78.20000  0.302067395980E+00
  78.30000  0.253402644441E+00
  78.40000  0.219230999900E+00
  78.50000  0.204214855197E+00
  78.60000  0.218022341389E+00
  78.70000  0.257084670528E+00
  78.80000  0.305350429270E+00
  78.90000  0.358461058571E+00
  79.00000  0.427431187280E+00
  79.10000  0.513223613933E+00
  79.20000  0.595503404337E+00
  79.30000  0.655242479975E+00
  79.40000  0.695891450790E+00
  79.50000  0.727919855709E+00
  79.60000  0.746379390591E+00
  79.70000  0.737864151556E+00
  79.80000  0.700978343271E+00
  79.90000  0.646351034540E+00
  80.00000  0.579535533659E+00
  80.10000  0.500610481098E+00
  80.20000  0.416264604479E+00
  80.30000  0.338308525263E+00
  80.40000  0.271103270291E+00
  80.50000  0.212008687294E+00
  80.60000  0.166707277600E+00
  80.70000  0.148536094467E+00
  80.80000  0.161207637832E+00
  80.90000  0.194187475176E+00
  81.00000  0.238605175589E+00
  81.10000  0.297498747400E+00
  81.20000  0.372548111495E+00
  81.30000  0.453643216785E+00
  81.40000  0.527984228556E+00
  81.50000  0.590821014061E+00
  81.60000  0.640234387289E+00
  81.70000  0.668415966289E+00
  81.80000  0.669740024275E+00
  81.90000  0.648754721986E+00
  82.00000  0.611480970644E+00
  82.10000  0.554860628949E+00
  82.20000  0.475029711052E+00
  82.30000  0.382790848598E+00
  82.40000  0.296212405583E+00
  82.50000  0.221988474525E+00
  82.60000  0.155545989427E+00
  82.70000  0.984964363190E-01
  82.80000  0.633284006291E-01
  82.90000  0.570201680238E-01
  83.00000  0.744606165429E-01
  83.10000  0.109795214552E+00
  83.20000  0.163005294101E+00
  83.30000  0.230361331099E+00
  83.40000  0.299324301013E+00
  83.50000  0.362007933870E+00
  83.60000  0.420988257761E+00
  83.70000  0.474966840541E+00
  83.80000  0.508901201949E+00
  83.90000  0.510037345011E+00
  84.00000  0.486407940075E+00
  84.10000  0.453859951584E+00
  84.20000  0.412791677524E+00
  84.30000  0.351931811351E+00
  84.40000  0.273069430794E+00
  84.50000  0.195535049878E+00
  84.60000  0.133108105999E+00
  84.70000  0.835288239559E-01
  84.80000  0.431289183403E-01
  84.90000  0.186457694422E-01
  85.00000  0.166051556179E-01
  85.10000  0.326769115494E-01
  85.20000  0.615961913943E-01
  85.30000  0.105204912318E+00
  85.40000  0.162472118015E+00
  85.50000  0.219796631905E+00
  85.60000  0.263951538496E+00
  85.70000  0.298244528280E+00
  85.80000  0.331225462789E+00
  85.90000  0.356516464150E+00
  86.00000  0.357514474885E+00
  86.10000  0.331926596009E+00
  86.20000  0.295759554328E+00
  86.30000  0.260005568604E+00
  86.40000  0.219422738079E+00
  86.50000  0.168021790888E+00
  86.60000  0.114268749566E+00
  86.70000  0.711899672694E-01
  86.80000  0.412899740423E-01
  86.90000  0.213447176957E-01
  87.00000  0.129283419005E-01
  87.10000  0.197459053267E-01
  87.20000  0.381520865551E-01
  87.30000  0.615498413848E-01
  87.40000  0.906619706214E-01
  87.50000  0.128539109706E+00
  87.60000  0.169269745326E+00
  87.70000  0.200557490741E+00
  87.80000  0.219017516766E+00
  87.90000  0.231916423124E+00
  88.00000  0.242296369270E+00
  88.10000  0.243291148436E+00
  88.20000  0.229168783783E+00
  88.30000  0.205042452522E+00
  88.40000  0.178984153521E+00
  88.50000  0.152279082599E+00
  88.60000  0.123426388674E+00
  88.70000  0.950118536704E-01
  88.80000  0.717028783780E-01
  88.90000  0.536626351986E-01
  89.00000  0.395452771875E-01
  89.10000  0.321441177373E-01
  89.20000  0.345123854750E-01
  89.30000  0.439202686049E-01
  89.40000  0.543440981128E-01
  89.50000  0.652118596501E-01
  89.60000  0.801858702436E-01
  89.70000  0.987125484013E-01
  89.80000  0.115528114213E+00
  89.90000  0.127516256158E+00
  90.00000  0.136668107699E+00
  90.10000  0.143836539255E+00
  90.20000  0.146756540236E+00
  90.30000  0.145252292643E+00
  90.40000  0.142118405041E+00
  90.50000  0.137923897754E+00
  90.60000  0.128926397257E+00
  90.70000  0.114667849896E+00
  90.80000  0.100937670260E+00
  90.90000  0.915371181009E-01
  91.00000  0.826917547998E-01
  91.10000  0.693588332105E-01
  91.20000  0.545328742210E-01
  91.30000  0.447371379626E-01
  91.40000  0.403388392159E-01
  91.50000  0.366162168120E-01
  91.60000  0.320654737771E-01
  91.70000  0.303293360954E-01
  91.80000  0.326903729978E-01
  91.90000  0.366961140436E-01
  92.00000  0.417830788606E-01
  92.10000  0.500278166101E-01
  92.20000  0.606574851381E-01
  92.30000  0.686627015668E-01
  92.40000  0.729434545574E-01
  92.50000  0.783478335526E-01
  92.60000  0.869435182828E-01
  92.70000  0.929235990882E-01
  92.80000  0.903283271958E-01
  92.90000  0.826251134296E-01
  93.00000  0.768732511585E-01
  93.10000  0.730116488242E-01
  93.20000  0.650590919675E-01
  93.30000  0.513914338715E-01
  93.40000  0.377158847376E-01
  93.50000  0.280338573901E-01
  93.60000  0.206808995576E-01
  93.70000  0.135865306946E-01
  93.80000  0.843776958547E-02
  93.90000  0.720321518425E-02
  94.00000  0.823133603946E-02
  94.10000  0.103797330397E-01
  94.20000  0.154521065809E-01
  94.30000  0.243104105404E-01
  94.40000  0.333803504666E-01
  94.50000  0.387253551827E-01
  94.60000  0.420642344605E-01
  94.70000  0.469214343481E-01
  94.80000  0.522339412369E-01
  94.90000  0.533331283082E-01
  95.00000  0.489915749383E-01
  95.10000  0.431930880850E-01
  95.20000  0.384942044922E-01
  95.30000  0.334931750294E-01
  95.40000  0.264980836109E-01
  95.50000  0.189890826324E-01
  95.60000  0.132205272156E-01
  95.70000  0.892383193280E-02
  95.80000  0.562905465646E-02
  95.90000  0.421852987813E-02
  96.00000  0.540356267909E-02
  96.10000  0.763179054040E-02
  96.20000  0.910412319716E-02
  96.30000  0.108557263621E-01
  96.40000  0.142437472672E-01
  96.50000  0.182336010382E-01
  96.60000  0.202927018074E-01
  96.70000  0.200717745240E-01
  96.80000  0.195012425887E-01
  96.90000  0.190793233893E-01
  97.00000  0.179003328256E-01
  97.10000  0.156935627420E-01
  97.20000  0.136787821756E-01
  97.30000  0.122995991936E-01
  97.40000  0.106068724863E-01
  97.50000  0.913382524494E-02
  97.60000  0.957178796456E-02
  97.70000  0.121573152250E-01
  97.80000  0.144529400438E-01
  97.90000  0.149432476334E-01
  98.00000  0.156643204218E-01
  98.10000  0.184425760867E-01
  98.20000  0.217312897612E-01
  98.30000  0.222498230712E-01
  98.40000  0.198993998117E-01
  98.50000  0.175540679363E-01
  98.60000  0.162493148791E-01
  98.70000  0.143505866442E-01
  98.80000  0.104833114628E-01
  98.90000  0.613680472840E-02
  99.00000  0.313510974031E-02
  99.10000  0.130737322650E-02
  99.20000  0.261864428904E-03
  99.30000  0.638102054271E-03
  99.40000  0.327187471375E-02
  99.50000  0.709611605995E-02
  99.60000  0.109754408730E-01
  99.70000  0.160234900907E-01
  99.80000  0.234977210696E-01
  99.90000  0.320704351345E-01
 100.00000  0.384009308095E-01
 100.10000  0.419607440894E-01
 100.20000  0.454953299099E-01
 100.30000  0.501677057381E-01
 100.40000  0.532745543809E-01
 100.50000  0.516328918338E-01
 100.60000  0.466966908254E-01
 100.70000  0.422364018930E-01
 100.80000  0.389618375678E-01
 100.90000  0.341762946819E-01
 101.00000  0.263518866810E-01
 101.10000  0.182326617476E-01
 101.20000  0.127766118550E-01
 101.30000  0.973325471933E-02
 101.40000  0.716608676553E-02
 101.50000  0.493936612793E-02
 101.60000  0.502821985574E-02
 101.70000  0.799649918302E-02
 101.80000  0.128610759189E-01
 101.90000  0.189306073895E-01
 102.00000  0.265067832800E-01
 102.10000  0.353912064387E-01
 102.20000  0.440163796757E-01
 102.30000  0.519464895035E-01
 102.40000  0.599972843349E-01
 102.50000  0.681810849095E-01
 102.60000  0.744701134398E-01
 102.70000  0.770567091085E-01
 102.80000  0.771985472412E-01
 102.90000  0.767515845212E-01
 103.00000  0.752983914413E-01
 103.10000  0.706406600383E-01
 103.20000  0.624466450347E-01
 103.30000  0.532462756613E-01
 103.40000  0.447148234416E-01
 103.50000  0.363125264791E-01
 103.60000  0.269771690868E-01
 103.70000  0.176143741993E-01
 103.80000  0.101167129391E-01
 103.90000  0.492908066222E-02
 104.00000  0.170307065387E-02
 104.10000  0.246041936981E-03
 104.20000  0.105520508667E-02
 104.30000  0.426269788383E-02
 104.40000  0.947546320212E-02
 104.50000  0.165529834702E-01
 104.60000  0.249677827568E-01
 104.70000  0.342592188676E-01
 104.80000  0.442336544299E-01
 104.90000  0.549737886964E-01
 105.00000  0.657572218724E-01
 105.10000  0.748811190213E-01
 105.20000  0.823881289295E-01
 105.30000  0.899698962382E-01
 105.40000  0.980455592992E-01
 105.50000  0.103757080598E+00
 105.60000  0.104606396546E+00
 105.70000  0.102962766396E+00
 105.80000  0.102480873219E+00
 105.90000  0.102196991356E+00
 106.00000  0.971025580282E-01
 106.10000  0.859786441901E-01
 106.20000  0.738754917607E-01
 106.30000  0.644059857712E-01
 106.40000  0.550171562719E-01
 106.50000  0.418117200750E-01
 106.60000  0.267752259537E-01
 106.70000  0.150670383662E-01
 106.80000  0.784554559217E-02
 106.90000  0.326431423984E-02
 107.00000  0.176876329471E-02
 107.10000  0.634198074691E-02
 107.20000  0.168718383783E-01
 107.30000  0.307756537453E-01
 107.40000  0.493540145123E-01
 107.50000  0.764560066855E-01
 107.60000  0.110408104176E+00
 107.70000  0.142698706111E+00
 107.80000  0.169397284531E+00
 107.90000  0.196501320759E+00
 108.00000  0.228192343454E+00
 108.10000  0.256423695481E+00
 108.20000  0.269276051782E+00
 108.30000  0.267540717940E+00
 108.40000  0.262093193902E+00
 108.50000  0.256102595421E+00
 108.60000  0.240442431540E+00
 108.70000  0.208776286102E+00
 108.80000  0.168957791645E+00
 108.90000  0.132336895361E+00
 109.00000  0.100197436313E+00
 109.10000  0.677275951411E-01
 109.20000  0.361273207808E-01
 109.30000  0.130638783687E-01
 109.40000  0.216807674848E-02
 109.50000  0.157358020660E-02
 109.60000  0.110570989475E-01
 109.70000  0.330455059377E-01
 109.80000  0.659687856960E-01
 109.90000  0.103232412560E+00
 110.00000  0.142288518864E+00
 110.10000  0.186356095409E+00
 110.20000  0.234743876923E+00
 110.30000  0.277944888622E+00
 110.40000  0.307358586863E+00
 110.50000  0.325542481438E+00
 110.60000  0.338961938327E+00
 110.70000  0.345774480488E+00
 110.80000  0.337725403117E+00
 110.90000  0.312990320255E+00
 111.00000  0.279684007318E+00
 111.10000  0.244657321093E+00
 111.20000  0.207115593557E+00
 111.30000  0.164660954260E+00
 111.40000  0.120714087025E+00
 111.50000  0.817361902994E-01
 111.60000  0.502924393459E-01
 111.70000  0.259105154267E-01
 111.80000  0.894899685546E-02
 111.90000  0.101596689387E-02
 112.00000  0.213399491274E-02
 112.10000  0.107176623749E-01
 112.20000  0.261066938898E-01
 112.30000  0.475735571665E-01
 112.40000  0.731521271975E-01
 112.50000  0.100468525414E+00
 112.60000  0.128393065616E+00
 112.70000  0.155918588994E+00
 112.80000  0.180340849004E+00
 112.90000  0.200162509271E+00
 113.00000  0.216678542770E+00
 113.10000  0.230761055978E+00
 113.20000  0.239257259892E+00
 113.30000  0.238569303180E+00
 113.40000  0.231252612516E+00
 113.50000  0.222757016082E+00
 113.60000  0.213126577550E+00
 113.70000  0.196601763230E+00
 113.80000  0.171374677017E+00
 113.90000  0.144003867666E+00
 114.00000  0.120235092616E+00
 114.10000  0.979785976567E-01
 114.20000  0.726537498459E-01
 114.30000  0.463284479965E-01
 114.40000  0.254011977789E-01
 114.50000  0.117620366720E-01
 114.60000  0.327041735311E-02
 114.70000  0.103255070803E-03
 114.80000  0.536127991033E-02
 114.90000  0.187361447337E-01
 115.00000  0.366590110375E-01
 115.10000  0.597430484385E-01
 115.20000  0.920284915670E-01
 115.30000  0.131923886269E+00
 115.40000  0.169944277341E+00
 115.50000  0.200658092789E+00
 115.60000  0.229778591696E+00
 115.70000  0.262557198098E+00
 115.80000  0.291793621287E+00
 115.90000  0.304981585914E+00
 116.00000  0.301735715437E+00
 116.10000  0.293234709529E+00
 116.20000  0.284390589194E+00
 116.30000  0.267240673344E+00
 116.40000  0.234661174610E+00
 116.50000  0.193209137735E+00
 116.60000  0.154638080474E+00
 116.70000  0.121487089339E+00
 116.80000  0.886887066327E-01
 116.90000  0.555243746325E-01
 117.00000  0.288297862492E-01
 117.10000  0.134903133454E-01
 117.20000  0.810370000358E-02
 117.30000  0.104688436365E-01
 117.40000  0.213274499600E-01
 117.50000  0.410088576545E-01
 117.60000  0.661347144164E-01
 117.70000  0.938852388640E-01
 117.80000  0.124581714326E+00
 117.90000  0.157675659569E+00
 118.00000  0.188547115724E+00
 118.10000  0.212210527121E+00
 118.20000  0.229002697543E+00
 118.30000  0.241582855169E+00
 118.40000  0.249204458104E+00
 118.50000  0.248407797543E+00
 118.60000  0.238411321138E+00
 118.70000  0.222624719570E+00
 118.80000  0.203598645510E+00
 118.90000  0.181352064668E+00
 119.00000  0.156157680201E+00
 119.10000  0.130160157508E+00
 119.20000  0.105291741167E+00
 119.30000  0.814767804023E-01
 119.40000  0.593627215659E-01
 119.50000  0.409908070948E-01
 119.60000  0.273227287188E-01
 119.70000  0.169728422038E-01
 119.80000  0.867782088234E-02
 119.90000  0.378025881426E-02
 120.00000  0.334787600238E-02
 120.10000  0.629266486685E-02
 120.20000  0.113477401637E-01
 120.30000  0.191042118250E-01
 120.40000  0.301614234800E-01
 120.50000  0.425678943043E-01
 120.60000  0.553441951635E-01
 120.70000  0.710093910054E-01
 120.80000  0.914991997210E-01
 120.90000  0.113145141340E+00
 121.00000  0.130453220191E+00
 121.10000  0.145070314459E+00
 121.20000  0.163373302197E+00
 121.30000  0.185370374240E+00
 121.40000  0.202049557989E+00
 121.50000  0.207442300742E+00
 121.60000  0.207522807970E+00
 121.70000  0.210123740122E+00
 121.80000  0.212111119846E+00
 121.90000  0.203413207225E+00
 122.00000  0.182502168057E+00
 122.10000  0.158963538674E+00
 122.20000  0.139196624003E+00
 122.30000  0.119040116588E+00
 122.40000  0.928111400243E-01
 122.50000  0.638868809811E-01
 122.60000  0.400824202761E-01
 122.70000  0.233094823303E-01
 122.80000  0.107637475390E-01
 122.90000  0.221925114253E-02
 123.00000  0.823110939523E-03
 123.10000  0.676887358413E-02
 123.20000  0.171622109069E-01
 123.30000  0.321293982390E-01
 123.40000  0.541268379009E-01
 123.50000  0.814362519801E-01
 123.60000  0.107165380361E+00
 123.70000  0.128123854750E+00
 123.80000  0.148493096261E+00
 123.90000  0.170979259740E+00
 124.00000  0.190275258486E+00
 124.10000  0.199230505142E+00
 124.20000  0.199118713606E+00
 124.30000  0.196682337292E+00
 124.40000  0.193546560378E+00
 124.50000  0.185268644122E+00
 124.60000  0.169657876438E+00
 124.70000  0.151019958362E+00
 124.80000  0.133543754573E+00
 124.90000  0.116843242765E+00
 125.00000  0.998830048534E-01
 125.10000  0.843409815858E-01
 125.20000  0.719978429105E-01
 125.30000  0.612681744217E-01
 125.40000  0.509580294259E-01
 125.50000  0.433641442132E-01
 125.60000  0.402781157909E-01
 125.70000  0.390198975920E-01
 125.80000  0.355979151094E-01
 125.90000  0.311402957610E-01
 126.00000  0.295272902075E-01
 126.10000  0.308630312421E-01
 126.20000  0.318072709348E-01
 126.30000  0.313725687895E-01
 126.40000  0.325851225495E-01
 126.50000  0.368342073509E-01
 126.60000  0.427041090336E-01
 126.70000  0.504416554527E-01
 126.80000  0.625333609270E-01
 126.90000  0.786279410463E-01
 127.00000  0.940755517737E-01
 127.10000  0.107691603356E+00
 127.20000  0.124383996915E+00
 127.30000  0.146409677664E+00
 127.40000  0.166928436200E+00
 127.50000  0.177890280049E+00
 127.60000  0.181922995718E+00
 127.70000  0.187295495869E+00
 127.80000  0.193839271103E+00
 127.90000  0.192020775064E+00
 128.00000  0.177202821424E+00
 128.10000  0.157035161297E+00
 128.20000  0.139664831865E+00
 128.30000  0.123174990548E+00
 128.40000  0.101398806913E+00
 128.50000  0.754922039669E-01
 128.60000  0.527908853111E-01
 128.70000  0.363237231344E-01
 128.80000  0.237465283610E-01
 128.90000  0.141074922876E-01
 129.00000  0.992242670629E-02
 129.10000  0.117296057276E-01
 129.20000  0.165643893957E-01
 129.30000  0.239336079091E-01
 129.40000  0.363791832039E-01
 129.50000  0.534951657050E-01
 129.60000  0.697322808541E-01
 129.70000  0.815371251791E-01
 129.80000  0.922349306542E-01
 129.90000  0.105232561863E+00
 130.00000  0.117840939971E+00
 130.10000  0.125073076057E+00
 130.20000  0.127386926212E+00
 130.30000  0.129227451851E+00
 130.40000  0.131611342868E+00
 130.50000  0.132394476903E+00
 130.60000  0.131325287249E+00
 130.70000  0.130703723227E+00
 130.80000  0.130395530144E+00
 130.90000  0.127835102847E+00
 131.00000  0.123823909493E+00
 131.10000  0.121769678593E+00
 131.20000  0.121265957716E+00
 131.30000  0.116766808937E+00
 131.40000  0.105951300901E+00
 131.50000  0.938985104162E-01
 131.60000  0.848400930623E-01
 131.70000  0.757104716951E-01
 131.80000  0.613689601718E-01
 131.90000  0.437195177154E-01
 132.00000  0.291304917265E-01
 132.10000  0.193924289679E-01
 132.20000  0.119772239297E-01
 132.30000  0.670809043422E-02
 132.40000  0.706729268813E-02
 132.50000  0.137859151746E-01
 132.60000  0.242798643754E-01
 132.70000  0.391613034627E-01
 132.80000  0.618775552027E-01
 132.90000  0.910831865461E-01
 133.00000  0.118856620140E+00
 133.10000  0.141392448136E+00
 133.20000  0.164291719226E+00
 133.30000  0.191631897272E+00
 133.40000  0.216309712988E+00
 133.50000  0.227741918567E+00
 133.60000  0.226979730782E+00
 133.70000  0.224039495713E+00
 133.80000  0.221839689535E+00
 133.90000  0.212443297423E+00
 134.00000  0.190336205978E+00
 134.10000  0.162047029226E+00
 134.20000  0.136631650231E+00
 134.30000  0.114432031459E+00
 134.40000  0.907386419685E-01
 134.50000  0.656418415733E-01
 134.60000  0.444385341491E-01
 134.70000  0.293455266361E-01
 134.80000  0.185204687513E-01
 134.90000  0.113030924342E-01
 135.00000  0.911102999393E-02
 135.10000  0.114406176478E-01
 135.20000  0.151113595494E-01
 135.30000  0.195826971569E-01
 135.40000  0.271503798689E-01
 135.50000  0.378990882309E-01
 135.60000  0.484716964490E-01
 135.70000  0.568456336873E-01
 135.80000  0.653355360871E-01
 135.90000  0.757155194490E-01
 136.00000  0.866722950431E-01
 136.10000  0.972535937473E-01
 136.20000  0.109051488780E+00
 136.30000  0.122742059433E+00
 136.40000  0.135290745235E+00
 136.50000  0.145481981172E+00
 136.60000  0.156916749117E+00
 136.70000  0.171717528134E+00
 136.80000  0.184625451032E+00
 136.90000  0.188845769689E+00
 137.00000  0.186623201817E+00
 137.10000  0.185323862731E+00
 137.20000  0.184975662316E+00
 137.30000  0.177009088993E+00
 137.40000  0.157249276836E+00
 137.50000  0.133068041456E+00
 137.60000  0.112304249861E+00
 137.70000  0.932142940680E-01
 137.80000  0.700506353543E-01
 137.90000  0.443452664082E-01
 138.00000  0.235415527785E-01
 138.10000  0.104818476856E-01
 138.20000  0.281474986288E-02
 138.30000  0.360318717134E-04
 138.40000  0.497768388918E-02
 138.50000  0.174243842134E-01
 138.60000  0.331986729210E-01
 138.70000  0.518611242584E-01
 138.80000  0.770433693212E-01
 138.90000  0.107931279797E+00
 139.00000  0.136075702080E+00
 139.10000  0.155752484597E+00
 139.20000  0.171774935599E+00
 139.30000  0.190015380529E+00
 139.40000  0.206333181973E+00
 139.50000  0.211214611122E+00
 139.60000  0.204070086405E+00
 139.70000  0.193970342159E+00
 139.80000  0.185811509926E+00
 139.90000  0.174951033502E+00
 140.00000  0.156489942545E+00
 140.10000  0.134185023734E+00
 140.20000  0.114751574986E+00
 140.30000  0.989579855443E-01
 140.40000  0.838285587766E-01
 140.50000  0.689665563590E-01
 140.60000  0.568581267653E-01
 140.70000  0.475516763574E-01
 140.80000  0.390753776118E-01
 140.90000  0.317604432992E-01
 141.00000  0.271201272503E-01
 141.10000  0.241931853866E-01
 141.20000  0.198394885123E-01
 141.30000  0.140578178098E-01
 141.40000  0.998569636737E-02
 141.50000  0.863413391294E-02
 141.60000  0.828763617651E-02
 141.70000  0.839100057769E-02
 141.80000  0.113576252128E-01
 141.90000  0.181232035893E-01
 142.00000  0.271173587663E-01
 142.10000  0.389366120380E-01
 142.20000  0.565132208406E-01
 142.30000  0.794889368709E-01
 142.40000  0.101892645127E+00
 142.50000  0.120651270760E+00
 142.60000  0.140688882224E+00
 142.70000  0.165937663770E+00
 142.80000  0.190170664084E+00
 142.90000  0.203095262809E+00
 143.00000  0.205157173504E+00
 143.10000  0.206089591199E+00
 143.20000  0.208889597133E+00
 143.30000  0.204603715012E+00
 143.40000  0.185967199140E+00
 143.50000  0.159515311019E+00
 143.60000  0.136049808007E+00
 143.70000  0.116243770700E+00
 143.80000  0.931161906370E-01
 143.90000  0.653612722172E-01
 144.00000  0.404861201416E-01
 144.10000  0.235776438720E-01
 144.20000  0.124410338931E-01
 144.30000  0.414435985870E-02
 144.40000  0.814128499613E-04
 144.50000  0.192539917748E-02
 144.60000  0.711913768933E-02
 144.70000  0.135986793344E-01
 144.80000  0.228851586338E-01
 144.90000  0.356824778675E-01
 145.00000  0.478069348953E-01
 145.10000  0.547738916696E-01
 145.20000  0.586871903111E-01
 145.30000  0.639818548280E-01
 145.40000  0.699979900554E-01
 145.50000  0.720762601386E-01
 145.60000  0.694216102333E-01
 145.70000  0.667822213199E-01
 145.80000  0.668728567523E-01
 145.90000  0.680490142821E-01
 146.00000  0.689304554347E-01
 146.10000  0.713076010325E-01
 146.20000  0.762503230971E-01
 146.30000  0.813720464742E-01
 146.40000  0.858214508246E-01
 146.50000  0.919549165314E-01
 146.60000  0.100346083384E+00
 146.70000  0.106223076230E+00
 146.80000  0.105351870024E+00
 146.90000  0.100828327311E+00
 147.00000  0.975186120611E-01
 147.10000  0.939650391385E-01
 147.20000  0.842939149749E-01
 147.30000  0.680355967942E-01
 147.40000  0.516392662876E-01
 147.50000  0.389643737208E-01
 147.60000  0.278660542437E-01
 147.70000  0.161742606520E-01
 147.80000  0.677362766538E-02
 147.90000  0.293270758554E-02
 148.00000  0.352680841952E-02
 148.10000  0.744093743918E-02
 148.20000  0.166201144269E-01
 148.30000  0.319759348171E-01
 148.40000  0.487434638255E-01
 148.50000  0.622025103675E-01
 148.60000  0.751145139816E-01
 148.70000  0.919878671422E-01
 148.80000  0.109526954163E+00
 148.90000  0.118625883172E+00
 149.00000  0.117422066224E+00
 149.10000  0.113882886438E+00
 149.20000  0.112898631244E+00
 149.30000  0.109346834994E+00
 149.40000  0.967619484221E-01
 149.50000  0.786026814700E-01
 149.60000  0.633328495580E-01
 149.70000  0.528269635379E-01
 149.80000  0.428091921414E-01
 149.90000  0.315100186409E-01
 150.00000  0.227531617579E-01
 150.10000  0.188147216316E-01
 150.20000  0.176759450312E-01
 150.30000  0.178837144591E-01
 150.40000  0.202847393508E-01
 150.50000  0.246144524467E-01
 150.60000  0.273509225957E-01
 150.70000  0.270150113031E-01
 150.80000  0.262448309145E-01
 150.90000  0.264882647056E-01
 151.00000  0.251329408981E-01
 151.10000  0.194920867438E-01
 151.20000  0.120568165939E-01
 151.30000  0.658804578356E-02
 151.40000  0.320570160232E-02
 151.50000  0.849456077099E-03
 151.60000  0.997176112812E-03
 151.70000  0.601618085524E-02
 151.80000  0.142739800797E-01
 151.90000  0.236329823915E-01
 152.00000  0.366735444166E-01
 152.10000  0.565333959661E-01
 152.20000  0.795001704940E-01
 152.30000  0.972282075532E-01
 152.40000  0.108873462104E+00
 152.50000  0.121647501704E+00
 152.60000  0.137717972011E+00
 152.70000  0.148333186901E+00
 152.80000  0.145324964079E+00
 152.90000  0.133746412622E+00
 153.00000  0.123669606528E+00
 153.10000  0.115454365254E+00
 153.20000  0.101046242507E+00
 153.30000  0.781507273933E-01
 153.40000  0.550764259700E-01
 153.50000  0.384634606589E-01
 153.60000  0.263047841541E-01
 153.70000  0.145655194890E-01
 153.80000  0.470945779016E-02
 153.90000  0.377415359402E-03
 154.00000  0.491979905529E-03
 154.10000  0.255515261317E-02
 154.20000  0.695248283134E-02
 154.30000  0.145123360337E-01
 154.40000  0.220337503150E-01
 154.50000  0.252280492729E-01
 154.60000  0.255000014897E-01
 154.70000  0.265546732155E-01
 154.80000  0.277582177026E-01
 154.90000  0.248955009890E-01
 155.00000  0.175514553139E-01
 155.10000  0.105864945292E-01
 155.20000  0.654095011517E-02
 155.30000  0.420701152480E-02
 155.40000  0.348294319687E-02
 155.50000  0.726322004217E-02
 155.60000  0.162000806885E-01
 155.70000  0.267648601466E-01
 155.80000  0.387835294383E-01
 155.90000  0.566490937301E-01
 156.00000  0.809704581452E-01
 156.10000  0.103615732317E+00
 156.20000  0.117547680880E+00
 156.30000  0.127395431900E+00
 156.40000  0.140640993928E+00
 156.50000  0.153941277994E+00
 156.60000  0.155826584227E+00
 156.70000  0.143785946857E+00
 156.80000  0.128361844464E+00
 156.90000  0.116910542340E+00
 157.00000  0.104572039353E+00
 157.10000  0.842262068934E-01
 157.20000  0.596519484798E-01
 157.30000  0.402803333662E-01
 157.40000  0.282026593481E-01
 157.50000  0.193633089365E-01
 157.60000  0.124668613521E-01
 157.70000  0.108829068882E-01
 157.80000  0.148810240419E-01
 157.90000  0.208116064610E-01
 158.00000  0.282180243633E-01
 158.10000  0.393373821198E-01
 158.20000  0.525586676870E-01
 158.30000  0.610833153165E-01
 158.40000  0.624879160409E-01
 158.50000  0.620904292355E-01
 158.60000  0.632615993968E-01
 158.70000  0.619068183861E-01
 158.80000  0.530023315040E-01
 158.90000  0.398449651105E-01
 159.00000  0.291772615068E-01
 159.10000  0.220073816231E-01
 159.20000  0.157886695725E-01
 159.30000  0.110896963723E-01
 159.40000  0.115941472903E-01
 159.50000  0.168046551591E-01
 159.60000  0.236676945759E-01
 159.70000  0.337002505003E-01
 159.80000  0.503853332960E-01
 159.90000  0.709471460477E-01
 160.00000  0.864682411782E-01
 160.10000  0.947918332324E-01
 160.20000  0.103282330661E+00
 160.30000  0.115436907985E+00
 160.40000  0.123414896103E+00
 160.50000  0.118499666521E+00
 160.60000  0.105180286949E+00
 160.70000  0.940091518609E-01
 160.80000  0.864390800459E-01
 160.90000  0.755762266353E-01
 161.00000  0.593000210706E-01
 161.10000  0.449993829270E-01
 161.20000  0.378294145869E-01
 161.30000  0.356174517446E-01
 161.40000  0.360845141252E-01
 161.50000  0.413413362563E-01
 161.60000  0.524511491025E-01
 161.70000  0.645271021568E-01
 161.80000  0.749493426795E-01
 161.90000  0.875389694873E-01
 162.00000  0.104199889310E+00
 162.10000  0.117947293686E+00
 162.20000  0.120557733600E+00
 162.30000  0.115400438142E+00
 162.40000  0.111228920457E+00
 162.50000  0.108209742358E+00
 162.60000  0.980988297919E-01
 162.70000  0.782035611736E-01
 162.80000  0.571087179339E-01
 162.90000  0.416807098780E-01
 163.00000  0.299011985770E-01
 163.10000  0.179666495465E-01
 163.20000  0.825461140439E-02
 163.30000  0.497727752167E-02
 163.40000  0.636847754524E-02
 163.50000  0.100165110029E-01
 163.60000  0.178240754592E-01
 163.70000  0.313898718556E-01
 163.80000  0.454042396023E-01
 163.90000  0.530104012753E-01
 164.00000  0.568049200432E-01
 164.10000  0.633170002690E-01
 164.20000  0.712898340441E-01
 164.30000  0.721240303617E-01
 164.40000  0.634936457299E-01
 164.50000  0.539364537897E-01
 164.60000  0.494466856724E-01
 164.70000  0.472417759654E-01
 164.80000  0.435703899536E-01
 164.90000  0.420402024747E-01
 165.00000  0.476188836230E-01
 165.10000  0.584614036990E-01
 165.20000  0.725810860564E-01
 165.30000  0.930430815507E-01
 165.40000  0.121792613238E+00
 165.50000  0.151334238403E+00
 165.60000  0.173006968506E+00
 165.70000  0.190782049450E+00
 165.80000  0.213023626207E+00
 165.90000  0.235744299944E+00
 166.00000  0.243699492464E+00
 166.10000  0.232326947089E+00
 166.20000  0.215019698844E+00
 166.30000  0.201793817313E+00
 166.40000  0.185544669053E+00
 166.50000  0.154969738890E+00
 166.60000  0.115080028870E+00
 166.70000  0.808852813967E-01
 166.80000  0.567870205859E-01
 166.90000  0.362713819398E-01
 167.00000  0.162919536217E-01
 167.10000  0.312985866070E-02
 167.20000  0.485611655369E-04
 167.30000  0.269723397926E-02
 167.40000  0.901122458480E-02
 167.50000  0.213599954144E-01
 167.60000  0.385192327629E-01
 167.70000  0.514155028277E-01
 167.80000  0.557554324722E-01
 167.90000  0.581693060726E-01
 168.00000  0.632311631719E-01
 168.10000  0.647717516728E-01
 168.20000  0.547083134850E-01
 168.30000  0.378989126027E-01
 168.40000  0.251574648175E-01
 168.50000  0.185076538480E-01
 168.60000  0.141059232263E-01
 168.70000  0.133127080781E-01
 168.80000  0.231622373292E-01
 168.90000  0.435008624072E-01
 169.00000  0.693799338755E-01
 169.10000  0.103782535849E+00
 169.20000  0.153430707464E+00
 169.30000  0.213026254919E+00
 169.40000  0.264610376289E+00
 169.50000  0.302735823145E+00
 169.60000  0.341277320750E+00
 169.70000  0.386773630562E+00
 169.80000  0.420913997851E+00
 169.90000  0.422054320789E+00
 170.00000  0.397983594680E+00
 170.10000  0.372910095577E+00
 170.20000  0.350876327101E+00
 170.30000  0.312908871022E+00
 170.40000  0.250352409171E+00
 170.50000  0.182927576613E+00
 170.60000  0.130733500855E+00
 170.70000  0.915215887014E-01
 170.80000  0.542363011802E-01
 170.90000  0.214104867698E-01
 171.00000  0.471881705208E-02
 171.10000  0.403902511297E-02
 171.20000  0.120459291047E-01
 171.30000  0.279718544272E-01
 171.40000  0.544358947951E-01
 171.50000  0.839360188646E-01
 171.60000  0.102620132263E+00
 171.70000  0.111059649673E+00
 171.80000  0.119616083718E+00
 171.90000  0.127853447850E+00
 172.00000  0.121839758326E+00
 172.10000  0.962053162160E-01
 172.20000  0.655810754110E-01
 172.30000  0.423159690351E-01
 172.40000  0.242001881398E-01
 172.50000  0.746753326214E-02
 172.60000  0.431043372090E-03
 172.70000  0.122555240499E-01
 172.80000  0.380404284361E-01
 172.90000  0.748000423860E-01
 173.00000  0.132427423443E+00
 173.10000  0.216362150695E+00
 173.20000  0.307268836692E+00
 173.30000  0.380553772254E+00
 173.40000  0.443161562289E+00
 173.50000  0.517123278688E+00
 173.60000  0.594993928111E+00
 173.70000  0.637167779976E+00
 173.80000  0.625608233822E+00
 173.90000  0.590762050976E+00
 174.00000  0.561940267007E+00
 174.10000  0.525025310299E+00
 174.20000  0.448881591098E+00
 174.30000  0.341319565148E+00
 174.40000  0.242766230253E+00
 174.50000  0.171023973299E+00
 174.60000  0.111632508929E+00
 174.70000  0.545234492685E-01
 174.80000  0.159135435832E-01
 174.90000  0.898488401063E-02
 175.00000  0.241423876019E-01
 175.10000  0.533690884122E-01
 175.20000  0.101681151041E+00
 175.30000  0.167641826888E+00
 175.40000  0.226383017631E+00
 175.50000  0.259829374222E+00
 175.60000  0.281973631704E+00
 175.70000  0.307239788397E+00
 175.80000  0.319492348071E+00
 175.90000  0.290464655684E+00
 176.00000  0.227756828084E+00
 176.10000  0.165509050177E+00
 176.20000  0.115812345493E+00
 176.30000  0.675119023137E-01
 176.40000  0.213158563696E-01
 176.50000  0.232549439234E-02
 176.60000  0.206837575351E-01
 176.70000  0.645286678238E-01
 176.80000  0.140124667585E+00
 176.90000  0.271313915350E+00
 177.00000  0.452219493028E+00
 177.10000  0.628550189093E+00
 177.20000  0.771688222781E+00
 177.30000  0.920931059871E+00
 177.40000  0.110538333169E+01
 177.50000  0.126885490674E+01
 177.60000  0.132291656721E+01
 177.70000  0.127503237847E+01
 177.80000  0.121084499308E+01
 177.90000  0.115640965744E+01
 178.00000  0.104237231104E+01
 178.10000  0.821411781334E+00
 178.20000  0.563796894518E+00
 178.30000  0.359812253384E+00
 178.40000  0.213229402776E+00
 178.50000  0.896415097675E-01
 178.60000  0.129628648833E-01
 178.70000  0.458106520477E-01
 178.80000  0.180285249515E+00
 178.90000  0.381483936120E+00
 179.00000  0.689252451185E+00
 179.10000  0.116671796211E+01
 179.20000  0.175039621197E+01
 179.30000  0.226390315928E+01
 179.40000  0.268900866216E+01
 179.50000  0.321147067890E+01
 179.60000  0.391245270896E+01
 179.70000  0.452646506225E+01
 179.80000  0.468385739896E+01
 179.90000  0.446439559078E+01
 180.00000  0.431429934181E+01

