 # E =    3.4998176427641710       eV =    28230.000000000000       1/cm
 #  1801
# DFFCSO.  ACCUM LEV(I),J(I) =  1  0 LEV(F),J(F) =  1  0       , M =  0, WEIGHTED BY  1.00000
   0.10000  0.417369357218E+07
   0.20000  0.563849374397E+06
   0.30000  0.442324551545E+05
   0.40000  0.791866874086E+05
   0.50000  0.441025753700E+04
   0.60000  0.185369760129E+05
   0.70000  0.589110504562E+04
   0.80000  0.272017274382E+04
   0.90000  0.493951539951E+04
   1.00000  0.357256751249E+04
   1.10000  0.343565327779E+04
   1.20000  0.223039735406E+04
   1.30000  0.165008306653E+04
   1.40000  0.151423298750E+04
   1.50000  0.968569890414E+03
   1.60000  0.842907194689E+03
   1.70000  0.101777898751E+04
   1.80000  0.967893141759E+03
   1.90000  0.879618299992E+03
   2.00000  0.698700136511E+03
   2.10000  0.746662307802E+03
   2.20000  0.893936906179E+03
   2.30000  0.773385228709E+03
   2.40000  0.432632026323E+03
   2.50000  0.314440897263E+03
   2.60000  0.446665916792E+03
   2.70000  0.369451278460E+03
   2.80000  0.222563009039E+03
   2.90000  0.159444054604E+03
   3.00000  0.144463204240E+03
   3.10000  0.188933753924E+03
   3.20000  0.124315709614E+03
   3.30000  0.862635159597E+02
   3.40000  0.117684101925E+03
   3.50000  0.127189369656E+03
   3.60000  0.150948925724E+03
   3.70000  0.831977911968E+02
   3.80000  0.652867749183E+02
   3.90000  0.110017074648E+03
   4.00000  0.144720183221E+03
   4.10000  0.160859010047E+03
   4.20000  0.940400672374E+02
   4.30000  0.612151955776E+02
   4.40000  0.775081523194E+02
   4.50000  0.117820457538E+03
   4.60000  0.136251125495E+03
   4.70000  0.104863113011E+03
   4.80000  0.675041250090E+02
   4.90000  0.601205078132E+02
   5.00000  0.793174669632E+02
   5.10000  0.914215062334E+02
   5.20000  0.907236492015E+02
   5.30000  0.669903269478E+02
   5.40000  0.625414528358E+02
   5.50000  0.580107184120E+02
   5.60000  0.581704783093E+02
   5.70000  0.596774360643E+02
   5.80000  0.490753080038E+02
   5.90000  0.544725132272E+02
   6.00000  0.432926922185E+02
   6.10000  0.407074975449E+02
   6.20000  0.352111002458E+02
   6.30000  0.324780103560E+02
   6.40000  0.401752526294E+02
   6.50000  0.323152471441E+02
   6.60000  0.287457047174E+02
   6.70000  0.191708058768E+02
   6.80000  0.197815126432E+02
   6.90000  0.266764308125E+02
   7.00000  0.257214786412E+02
   7.10000  0.208800597004E+02
   7.20000  0.104889505379E+02
   7.30000  0.837155466403E+01
   7.40000  0.135125193396E+02
   7.50000  0.189230394554E+02
   7.60000  0.171755436038E+02
   7.70000  0.101868816550E+02
   7.80000  0.351065806923E+01
   7.90000  0.420290047456E+01
   8.00000  0.913294463780E+01
   8.10000  0.111953237451E+02
   8.20000  0.102496483590E+02
   8.30000  0.426544731759E+01
   8.40000  0.230103355431E+01
   8.50000  0.225088443789E+01
   8.60000  0.407535974656E+01
   8.70000  0.580282126721E+01
   8.80000  0.404259826402E+01
   8.90000  0.368393456681E+01
   9.00000  0.146766658202E+01
   9.10000  0.144116555307E+01
   9.20000  0.133079485443E+01
   9.30000  0.155435580537E+01
   9.40000  0.292072802371E+01
   9.50000  0.247153336407E+01
   9.60000  0.244284570007E+01
   9.70000  0.817976073325E+00
   9.80000  0.227754291460E+00
   9.90000  0.666593560595E+00
  10.00000  0.157740585594E+01
  10.10000  0.235836370393E+01
  10.20000  0.189231394271E+01
  10.30000  0.832435558691E+00
  10.40000  0.135787665647E+00
  10.50000  0.217369010985E+00
  10.60000  0.636017362282E+00
  10.70000  0.123272579849E+01
  10.80000  0.846644447407E+00
  10.90000  0.749842505392E+00
  11.00000  0.238125134014E+00
  11.10000  0.167129868810E+00
  11.20000  0.157050100173E+00
  11.30000  0.657748974359E-01
  11.40000  0.397117699307E+00
  11.50000  0.451433890884E+00
  11.60000  0.808448267255E+00
  11.70000  0.501894738132E+00
  11.80000  0.353508320397E+00
  11.90000  0.203998991930E-01
  12.00000  0.214809401161E+00
  12.10000  0.647882750440E+00
  12.20000  0.878245218517E+00
  12.30000  0.994739635105E+00
  12.40000  0.512391698613E+00
  12.50000  0.315422491251E+00
  12.60000  0.199547459275E+00
  12.70000  0.422472387522E+00
  12.80000  0.636605082691E+00
  12.90000  0.618329360962E+00
  13.00000  0.406203068563E+00
  13.10000  0.184375536622E+00
  13.20000  0.456701932320E-01
  13.30000  0.776366661629E-01
  13.40000  0.138338312087E+00
  13.50000  0.116376836720E+00
  13.60000  0.102010104768E+00
  13.70000  0.525036509909E-01
  13.80000  0.359500883320E-01
  13.90000  0.702532395605E-01
  14.00000  0.245028707536E-01
  14.10000  0.129256205988E-01
  14.20000  0.845037640995E-01
  14.30000  0.917581483653E-01
  14.40000  0.339834605196E+00
  14.50000  0.279567694158E+00
  14.60000  0.354275868110E+00
  14.70000  0.225389028378E+00
  14.80000  0.151653012774E+00
  14.90000  0.274840686746E+00
  15.00000  0.294907715079E+00
  15.10000  0.554541147800E+00
  15.20000  0.511451347491E+00
  15.30000  0.522548761597E+00
  15.40000  0.371875418145E+00
  15.50000  0.282025724299E+00
  15.60000  0.304079524155E+00
  15.70000  0.426607032261E+00
  15.80000  0.576761889197E+00
  15.90000  0.730811079305E+00
  16.00000  0.663775282100E+00
  16.10000  0.601611815854E+00
  16.20000  0.448652123886E+00
  16.30000  0.384352217317E+00
  16.40000  0.572428625423E+00
  16.50000  0.597530999282E+00
  16.60000  0.913227580929E+00
  16.70000  0.724049581607E+00
  16.80000  0.728283016936E+00
  16.90000  0.472376104262E+00
  17.00000  0.352362353375E+00
  17.10000  0.451544771119E+00
  17.20000  0.392945526013E+00
  17.30000  0.618869670550E+00
  17.40000  0.437081041426E+00
  17.50000  0.434246368423E+00
  17.60000  0.218969483251E+00
  17.70000  0.137220569195E+00
  17.80000  0.105309203899E+00
  17.90000  0.884854143443E-01
  18.00000  0.154605637558E+00
  18.10000  0.148452650890E+00
  18.20000  0.188652191871E+00
  18.30000  0.169146917062E+00
  18.40000  0.153566715992E+00
  18.50000  0.128543411125E+00
  18.60000  0.108447567680E+00
  18.70000  0.142957665545E+00
  18.80000  0.230295525974E+00
  18.90000  0.290636661446E+00
  19.00000  0.413693953321E+00
  19.10000  0.331726605082E+00
  19.20000  0.372875995688E+00
  19.30000  0.234344303437E+00
  19.40000  0.264273222571E+00
  19.50000  0.277174175025E+00
  19.60000  0.275323706019E+00
  19.70000  0.357445586934E+00
  19.80000  0.226798731723E+00
  19.90000  0.251582863730E+00
  20.00000  0.106706201856E+00
  20.10000  0.111168009946E+00
  20.20000  0.643981574977E-01
  20.30000  0.616180142156E-01
  20.40000  0.611377724384E-01
  20.50000  0.512984203197E-01
  20.60000  0.637690696589E-01
  20.70000  0.678366056943E-01
  20.80000  0.942568718359E-01
  20.90000  0.104930679664E+00
  21.00000  0.151481252646E+00
  21.10000  0.203080825740E+00
  21.20000  0.280613047379E+00
  21.30000  0.377279916650E+00
  21.40000  0.438090072546E+00
  21.50000  0.495433076535E+00
  21.60000  0.556179574752E+00
  21.70000  0.565338219422E+00
  21.80000  0.726853469797E+00
  21.90000  0.713584651794E+00
  22.00000  0.898852161629E+00
  22.10000  0.836214504153E+00
  22.20000  0.881510296058E+00
  22.30000  0.866226208560E+00
  22.40000  0.804389791374E+00
  22.50000  0.955533313189E+00
  22.60000  0.855034563411E+00
  22.70000  0.102659733876E+01
  22.80000  0.865494105533E+00
  22.90000  0.877814754496E+00
  23.00000  0.750861644248E+00
  23.10000  0.683136787464E+00
  23.20000  0.713290118791E+00
  23.30000  0.665057533211E+00
  23.40000  0.744871017985E+00
  23.50000  0.663989743284E+00
  23.60000  0.638775032333E+00
  23.70000  0.529466650384E+00
  23.80000  0.460963268851E+00
  23.90000  0.422789535458E+00
  24.00000  0.435149841587E+00
  24.10000  0.459158703104E+00
  24.20000  0.525387191813E+00
  24.30000  0.494063848079E+00
  24.40000  0.526534215495E+00
  24.50000  0.420483011698E+00
  24.60000  0.434803327900E+00
  24.70000  0.387746096783E+00
  24.80000  0.445312375069E+00
  24.90000  0.542460108922E+00
  25.00000  0.579571313491E+00
  25.10000  0.715502369950E+00
  25.20000  0.616538907543E+00
  25.30000  0.686747038454E+00
  25.40000  0.542350475755E+00
  25.50000  0.617116669586E+00
  25.60000  0.626521184767E+00
  25.70000  0.727464428076E+00
  25.80000  0.839160793564E+00
  25.90000  0.814768717595E+00
  26.00000  0.837084419050E+00
  26.10000  0.687645586544E+00
  26.20000  0.660843394663E+00
  26.30000  0.600298112423E+00
  26.40000  0.643874592084E+00
  26.50000  0.689239074299E+00
  26.60000  0.711048479452E+00
  26.70000  0.669147139009E+00
  26.80000  0.592651195179E+00
  26.90000  0.459513232104E+00
  27.00000  0.409163847696E+00
  27.10000  0.338261627245E+00
  27.20000  0.372123537396E+00
  27.30000  0.369327429440E+00
  27.40000  0.373925311476E+00
  27.50000  0.355521887079E+00
  27.60000  0.277006062448E+00
  27.70000  0.256109013313E+00
  27.80000  0.168897983510E+00
  27.90000  0.205582299342E+00
  28.00000  0.173608365091E+00
  28.10000  0.260353389633E+00
  28.20000  0.263296015898E+00
  28.30000  0.319660878426E+00
  28.40000  0.305588648075E+00
  28.50000  0.283776812438E+00
  28.60000  0.273383299362E+00
  28.70000  0.240689068007E+00
  28.80000  0.296917780038E+00
  28.90000  0.314194651760E+00
  29.00000  0.388907426051E+00
  29.10000  0.394788692711E+00
  29.20000  0.387697755432E+00
  29.30000  0.341485589054E+00
  29.40000  0.294352917180E+00
  29.50000  0.262550480724E+00
  29.60000  0.275432886871E+00
  29.70000  0.274768196800E+00
  29.80000  0.320634522736E+00
  29.90000  0.285217474727E+00
  30.00000  0.291578392488E+00
  30.10000  0.222764058776E+00
  30.20000  0.202235104624E+00
  30.30000  0.174948745130E+00
  30.40000  0.168575804871E+00
  30.50000  0.216610015089E+00
  30.60000  0.216712187460E+00
  30.70000  0.300417603377E+00
  30.80000  0.269898033816E+00
  30.90000  0.331881670544E+00
  31.00000  0.278039634451E+00
  31.10000  0.320034425700E+00
  31.20000  0.321839634113E+00
  31.30000  0.383344247613E+00
  31.40000  0.469533661198E+00
  31.50000  0.515750223849E+00
  31.60000  0.588665661570E+00
  31.70000  0.562943017037E+00
  31.80000  0.568607083628E+00
  31.90000  0.538315655724E+00
  32.00000  0.554665022012E+00
  32.10000  0.593224967664E+00
  32.20000  0.642003000275E+00
  32.30000  0.661255177274E+00
  32.40000  0.666247168931E+00
  32.50000  0.584918637014E+00
  32.60000  0.557878414398E+00
  32.70000  0.462277007762E+00
  32.80000  0.473755044708E+00
  32.90000  0.444090090344E+00
  33.00000  0.453250054862E+00
  33.10000  0.444191184809E+00
  33.20000  0.377642276950E+00
  33.30000  0.355742911205E+00
  33.40000  0.252867446879E+00
  33.50000  0.253937443403E+00
  33.60000  0.190958309615E+00
  33.70000  0.225144707385E+00
  33.80000  0.208380479411E+00
  33.90000  0.239402510849E+00
  34.00000  0.236009414837E+00
  34.10000  0.236597052527E+00
  34.20000  0.234064162565E+00
  34.30000  0.218554601209E+00
  34.40000  0.239122045022E+00
  34.50000  0.252619416011E+00
  34.60000  0.311438438825E+00
  34.70000  0.362159830068E+00
  34.80000  0.414085086583E+00
  34.90000  0.447352917581E+00
  35.00000  0.449521182766E+00
  35.10000  0.444043131417E+00
  35.20000  0.450746502978E+00
  35.30000  0.451254875225E+00
  35.40000  0.523996369118E+00
  35.50000  0.528426122040E+00
  35.60000  0.609345660816E+00
  35.70000  0.564921672419E+00
  35.80000  0.574362770682E+00
  35.90000  0.511532301766E+00
  36.00000  0.475877164766E+00
  36.10000  0.481546484445E+00
  36.20000  0.447646517299E+00
  36.30000  0.508785435601E+00
  36.40000  0.453641837774E+00
  36.50000  0.481088716723E+00
  36.60000  0.395414137189E+00
  36.70000  0.370966099810E+00
  36.80000  0.311222199137E+00
  36.90000  0.285567931505E+00
  37.00000  0.283747414364E+00
  37.10000  0.274004447883E+00
  37.20000  0.289574346955E+00
  37.30000  0.272857887483E+00
  37.40000  0.262920277065E+00
  37.50000  0.236803108914E+00
  37.60000  0.211584025011E+00
  37.70000  0.201473632246E+00
  37.80000  0.196879921987E+00
  37.90000  0.213146188087E+00
  38.00000  0.239639147962E+00
  38.10000  0.253962280557E+00
  38.20000  0.288185583212E+00
  38.30000  0.266970523755E+00
  38.40000  0.292914678819E+00
  38.50000  0.249727877104E+00
  38.60000  0.282557433978E+00
  38.70000  0.264959432848E+00
  38.80000  0.309279309079E+00
  38.90000  0.329844884134E+00
  39.00000  0.348336011623E+00
  39.10000  0.374531533163E+00
  39.20000  0.340847798643E+00
  39.30000  0.357325777061E+00
  39.40000  0.306583363540E+00
  39.50000  0.331434203206E+00
  39.60000  0.311931962993E+00
  39.70000  0.344373245083E+00
  39.80000  0.350588301660E+00
  39.90000  0.359885625423E+00
  40.00000  0.355928765871E+00
  40.10000  0.335145122359E+00
  40.20000  0.315862128415E+00
  40.30000  0.300003874444E+00
  40.40000  0.288127730940E+00
  40.50000  0.303223545473E+00
  40.60000  0.304626552448E+00
  40.70000  0.331058925083E+00
  40.80000  0.329908575270E+00
  40.90000  0.332560229326E+00
  41.00000  0.327370090799E+00
  41.10000  0.302032580772E+00
  41.20000  0.317096057873E+00
  41.30000  0.288407866259E+00
  41.40000  0.337612044974E+00
  41.50000  0.320244598550E+00
  41.60000  0.376851411303E+00
  41.70000  0.362379336849E+00
  41.80000  0.385675507747E+00
  41.90000  0.371941840070E+00
  42.00000  0.357421156520E+00
  42.10000  0.364257369985E+00
  42.20000  0.343185165262E+00
  42.30000  0.379509301765E+00
  42.40000  0.370307444778E+00
  42.50000  0.406986689027E+00
  42.60000  0.396693814767E+00
  42.70000  0.400380092835E+00
  42.80000  0.379492625209E+00
  42.90000  0.359940407393E+00
  43.00000  0.342559125111E+00
  43.10000  0.336726358133E+00
  43.20000  0.331173683789E+00
  43.30000  0.349300918865E+00
  43.40000  0.337602436911E+00
  43.50000  0.355131597136E+00
  43.60000  0.322840740721E+00
  43.70000  0.321744998418E+00
  43.80000  0.288315323943E+00
  43.90000  0.277208702125E+00
  44.00000  0.275115348439E+00
  44.10000  0.264818430029E+00
  44.20000  0.298301997442E+00
  44.30000  0.281430963272E+00
  44.40000  0.323154849343E+00
  44.50000  0.290637540766E+00
  44.60000  0.316680147555E+00
  44.70000  0.283170069437E+00
  44.80000  0.297359386527E+00
  44.90000  0.292703309445E+00
  45.00000  0.309830686499E+00
  45.10000  0.340667101070E+00
  45.20000  0.356681246625E+00
  45.30000  0.392101528491E+00
  45.40000  0.391272018752E+00
  45.50000  0.402244996109E+00
  45.60000  0.392065661226E+00
  45.70000  0.390614689789E+00
  45.80000  0.398477648418E+00
  45.90000  0.413210369169E+00
  46.00000  0.437984408229E+00
  46.10000  0.466132154235E+00
  46.20000  0.468432651209E+00
  46.30000  0.487022318395E+00
  46.40000  0.447672319717E+00
  46.50000  0.458879296866E+00
  46.60000  0.411990766538E+00
  46.70000  0.433953494732E+00
  46.80000  0.417111585794E+00
  46.90000  0.437083160237E+00
  47.00000  0.442607036717E+00
  47.10000  0.425705258118E+00
  47.20000  0.428609409385E+00
  47.30000  0.374016114975E+00
  47.40000  0.375860239311E+00
  47.50000  0.323413392663E+00
  47.60000  0.336871780802E+00
  47.70000  0.313242540419E+00
  47.80000  0.327546073837E+00
  47.90000  0.319504666710E+00
  48.00000  0.313212148609E+00
  48.10000  0.300052040294E+00
  48.20000  0.276420677923E+00
  48.30000  0.260474788317E+00
  48.40000  0.245503235684E+00
  48.50000  0.239364867223E+00
  48.60000  0.247496550766E+00
  48.70000  0.249376401977E+00
  48.80000  0.267077490908E+00
  48.90000  0.264385962619E+00
  49.00000  0.270141837724E+00
  49.10000  0.263056126616E+00
  49.20000  0.253331014609E+00
  49.30000  0.260490039879E+00
  49.40000  0.247466607821E+00
  49.50000  0.280988209247E+00
  49.60000  0.269779949562E+00
  49.70000  0.313776013190E+00
  49.80000  0.297450901630E+00
  49.90000  0.324392098386E+00
  50.00000  0.304840696757E+00
  50.10000  0.307871992540E+00
  50.20000  0.303224138628E+00
  50.30000  0.296732635105E+00
  50.40000  0.316060957028E+00
  50.50000  0.308736885111E+00
  50.60000  0.334081182866E+00
  50.70000  0.321191527082E+00
  50.80000  0.329491383542E+00
  50.90000  0.311524310053E+00
  51.00000  0.303619765808E+00
  51.10000  0.291703241970E+00
  51.20000  0.285489612030E+00
  51.30000  0.282582356061E+00
  51.40000  0.286487230870E+00
  51.50000  0.279376486095E+00
  51.60000  0.287257409100E+00
  51.70000  0.265255323721E+00
  51.80000  0.271845932888E+00
  51.90000  0.242972085008E+00
  52.00000  0.249716557942E+00
  52.10000  0.231219718951E+00
  52.20000  0.236845267347E+00
  52.30000  0.236431420142E+00
  52.40000  0.232906907621E+00
  52.50000  0.245403940290E+00
  52.60000  0.227699474654E+00
  52.70000  0.245574158569E+00
  52.80000  0.220488306454E+00
  52.90000  0.240410024420E+00
  53.00000  0.221396185186E+00
  53.10000  0.240686691057E+00
  53.20000  0.235156300428E+00
  53.30000  0.248351632053E+00
  53.40000  0.252838527473E+00
  53.50000  0.256455391320E+00
  53.60000  0.263300198946E+00
  53.70000  0.261936145255E+00
  53.80000  0.266733813575E+00
  53.90000  0.269558528382E+00
  54.00000  0.271301190292E+00
  54.10000  0.281738668036E+00
  54.20000  0.280482308126E+00
  54.30000  0.292243237054E+00
  54.40000  0.290524814996E+00
  54.50000  0.294155785276E+00
  54.60000  0.298173717324E+00
  54.70000  0.288939132872E+00
  54.80000  0.303806551306E+00
  54.90000  0.283498654800E+00
  55.00000  0.307003931984E+00
  55.10000  0.281925691433E+00
  55.20000  0.304966736489E+00
  55.30000  0.283549690904E+00
  55.40000  0.296679895036E+00
  55.50000  0.285991068104E+00
  55.60000  0.285037089189E+00
  55.70000  0.286727077256E+00
  55.80000  0.274077012807E+00
  55.90000  0.283693899118E+00
  56.00000  0.266489067458E+00
  56.10000  0.277199108931E+00
  56.20000  0.263414373693E+00
  56.30000  0.270228008333E+00
  56.40000  0.263777129397E+00
  56.50000  0.265328777714E+00
  56.60000  0.263811872221E+00
  56.70000  0.262572888828E+00
  56.80000  0.260218436536E+00
  56.90000  0.261747772426E+00
  57.00000  0.254565382221E+00
  57.10000  0.264221800627E+00
  57.20000  0.252169347335E+00
  57.30000  0.270012973720E+00
  57.40000  0.255685491137E+00
  57.50000  0.274732610416E+00
  57.60000  0.262333935054E+00
  57.70000  0.273469460880E+00
  57.80000  0.268921367645E+00
  57.90000  0.267881963794E+00
  58.00000  0.276420036512E+00
  58.10000  0.265410673400E+00
  58.20000  0.286160830335E+00
  58.30000  0.269939189185E+00
  58.40000  0.294046538792E+00
  58.50000  0.277091034844E+00
  58.60000  0.294156028538E+00
  58.70000  0.281352446536E+00
  58.80000  0.288031187588E+00
  58.90000  0.283745159910E+00
  59.00000  0.284481776416E+00
  59.10000  0.287830515778E+00
  59.20000  0.288083410703E+00
  59.30000  0.291352892751E+00
  59.40000  0.293100276300E+00
  59.50000  0.288684219569E+00
  59.60000  0.292261366907E+00
  59.70000  0.281085296555E+00
  59.80000  0.286789390956E+00
  59.90000  0.277348873496E+00
  60.00000  0.282497797944E+00
  60.10000  0.281895732239E+00
  60.20000  0.279481081422E+00
  60.30000  0.288125464132E+00
  60.40000  0.272837552460E+00
  60.50000  0.287566798145E+00
  60.60000  0.263005959732E+00
  60.70000  0.281071723141E+00
  60.80000  0.257895999337E+00
  60.90000  0.275580702196E+00
  61.00000  0.261989267186E+00
  61.10000  0.272785100470E+00
  61.20000  0.269000045105E+00
  61.30000  0.267940614852E+00
  61.40000  0.269983037394E+00
  61.50000  0.259913166663E+00
  61.60000  0.265121538343E+00
  61.70000  0.255256151000E+00
  61.80000  0.261867314026E+00
  61.90000  0.258769915333E+00
  62.00000  0.263155269436E+00
  62.10000  0.265079231937E+00
  62.20000  0.264164538825E+00
  62.30000  0.265118047131E+00
  62.40000  0.261879790735E+00
  62.50000  0.258541865348E+00
  62.60000  0.261218363985E+00
  62.70000  0.253572833672E+00
  62.80000  0.267129136608E+00
  62.90000  0.254818589546E+00
  63.00000  0.275027357826E+00
  63.10000  0.257802416061E+00
  63.20000  0.275613725557E+00
  63.30000  0.257914222302E+00
  63.40000  0.267900155242E+00
  63.50000  0.258630901958E+00
  63.60000  0.260786818912E+00
  63.70000  0.265336031062E+00
  63.80000  0.260565127275E+00
  63.90000  0.274652365877E+00
  64.00000  0.263183808592E+00
  64.10000  0.277254278952E+00
  64.20000  0.262447192932E+00
  64.30000  0.271169214888E+00
  64.40000  0.260453213876E+00
  64.50000  0.265336605644E+00
  64.60000  0.263532981380E+00
  64.70000  0.267348098961E+00
  64.80000  0.270437859863E+00
  64.90000  0.273442697315E+00
  65.00000  0.272375791527E+00
  65.10000  0.275443555334E+00
  65.20000  0.266084278775E+00
  65.30000  0.273413509860E+00
  65.40000  0.260010922373E+00
  65.50000  0.274405289154E+00
  65.60000  0.263248578266E+00
  65.70000  0.279740508915E+00
  65.80000  0.273085038524E+00
  65.90000  0.281465919923E+00
  66.00000  0.279573361714E+00
  66.10000  0.274492724780E+00
  66.20000  0.280028612574E+00
  66.30000  0.266010335538E+00
  66.40000  0.281556125375E+00
  66.50000  0.266831412589E+00
  66.60000  0.288292501978E+00
  66.70000  0.276521764134E+00
  66.80000  0.293672093244E+00
  66.90000  0.284235561995E+00
  67.00000  0.290373651409E+00
  67.10000  0.284171232616E+00
  67.20000  0.282988473279E+00
  67.30000  0.282807573677E+00
  67.40000  0.283234753162E+00
  67.50000  0.287582248426E+00
  67.60000  0.293546953406E+00
  67.70000  0.294771686992E+00
  67.80000  0.303110611397E+00
  67.90000  0.295434158094E+00
  68.00000  0.302706910541E+00
  68.10000  0.290436242272E+00
  68.20000  0.296946033958E+00
  68.30000  0.291018145216E+00
  68.40000  0.296284041299E+00
  68.50000  0.302753323955E+00
  68.60000  0.301250583767E+00
  68.70000  0.316337783346E+00
  68.80000  0.302658643259E+00
  68.90000  0.319505711014E+00
  69.00000  0.297156073851E+00
  69.10000  0.313381041635E+00
  69.20000  0.294006578468E+00
  69.30000  0.309794140801E+00
  69.40000  0.301969052588E+00
  69.50000  0.313914230130E+00
  69.60000  0.315382939048E+00
  69.70000  0.317834139880E+00
  69.80000  0.320643036761E+00
  69.90000  0.314019246602E+00
  70.00000  0.314513285470E+00
  70.10000  0.307840955274E+00
  70.20000  0.308083614157E+00
  70.30000  0.309960163256E+00
  70.40000  0.310868640532E+00
  70.50000  0.319688435924E+00
  70.60000  0.318184225858E+00
  70.70000  0.324377157375E+00
  70.80000  0.319562964501E+00
  70.90000  0.316586115007E+00
  71.00000  0.314927282989E+00
  71.10000  0.304579757023E+00
  71.20000  0.314329753206E+00
  71.30000  0.301101554937E+00
  71.40000  0.321885873446E+00
  71.50000  0.306533475484E+00
  71.60000  0.328089242168E+00
  71.70000  0.310085888423E+00
  71.80000  0.322429772869E+00
  71.90000  0.306216673381E+00
  72.00000  0.308427109074E+00
  72.10000  0.301978116473E+00
  72.20000  0.299444422996E+00
  72.30000  0.305169399564E+00
  72.40000  0.301118696583E+00
  72.50000  0.311452215214E+00
  72.60000  0.304986206480E+00
  72.70000  0.309724830642E+00
  72.80000  0.301401983030E+00
  72.90000  0.298117554442E+00
  73.00000  0.292641046705E+00
  73.10000  0.287467194677E+00
  73.20000  0.287985896794E+00
  73.30000  0.287094664583E+00
  73.40000  0.289095157199E+00
  73.50000  0.292758215052E+00
  73.60000  0.287351178616E+00
  73.70000  0.293127312111E+00
  73.80000  0.276782655266E+00
  73.90000  0.284965785403E+00
  74.00000  0.263578592709E+00
  74.10000  0.275907316773E+00
  74.20000  0.258375385691E+00
  74.30000  0.272208375546E+00
  74.40000  0.262116194894E+00
  74.50000  0.269795075329E+00
  74.60000  0.265031458570E+00
  74.70000  0.261036633712E+00
  74.80000  0.259599802469E+00
  74.90000  0.246764084337E+00
  75.00000  0.249382366587E+00
  75.10000  0.236054861722E+00
  75.20000  0.242461196000E+00
  75.30000  0.234138149973E+00
  75.40000  0.239852618350E+00
  75.50000  0.235367371004E+00
  75.60000  0.235126296852E+00
  75.70000  0.230677612259E+00
  75.80000  0.224710296029E+00
  75.90000  0.218955478070E+00
  76.00000  0.213611532068E+00
  76.10000  0.207248893414E+00
  76.20000  0.208595566536E+00
  76.30000  0.200707652723E+00
  76.40000  0.208685902944E+00
  76.50000  0.196537289375E+00
  76.60000  0.206120422584E+00
  76.70000  0.189398619631E+00
  76.80000  0.196170372718E+00
  76.90000  0.179614896304E+00
  77.00000  0.182575444839E+00
  77.10000  0.172616596705E+00
  77.20000  0.172058868257E+00
  77.30000  0.170961428521E+00
  77.40000  0.166033228357E+00
  77.50000  0.170304322218E+00
  77.60000  0.160270636118E+00
  77.70000  0.164698753336E+00
  77.80000  0.151767725614E+00
  77.90000  0.153902268013E+00
  78.00000  0.142847190479E+00
  78.10000  0.143240134916E+00
  78.20000  0.137373303573E+00
  78.30000  0.136844963046E+00
  78.40000  0.134942542937E+00
  78.50000  0.133299826596E+00
  78.60000  0.131073640371E+00
  78.70000  0.128626061357E+00
  78.80000  0.122890149720E+00
  78.90000  0.121782755805E+00
  79.00000  0.112682749413E+00
  79.10000  0.115404377446E+00
  79.20000  0.105013554345E+00
  79.30000  0.111530032847E+00
  79.40000  0.101443093971E+00
  79.50000  0.108511429895E+00
  79.60000  0.994159620857E-01
  79.70000  0.103100338780E+00
  79.80000  0.960054963494E-01
  79.90000  0.947015204053E-01
  80.00000  0.913026503653E-01
  80.10000  0.862726568586E-01
  80.20000  0.874601431198E-01
  80.30000  0.809519843289E-01
  80.40000  0.852878959338E-01
  80.50000  0.787430192578E-01
  80.60000  0.830433989479E-01
  80.70000  0.770580325201E-01
  80.80000  0.787652912363E-01
  80.90000  0.739701323159E-01
  81.00000  0.729449767665E-01
  81.10000  0.700746229960E-01
  81.20000  0.681699973882E-01
  81.30000  0.670859313539E-01
  81.40000  0.662809364306E-01
  81.50000  0.653724081563E-01
  81.60000  0.664764410700E-01
  81.70000  0.635637743313E-01
  81.80000  0.664195194209E-01
  81.90000  0.605024175298E-01
  82.00000  0.648150924284E-01
  82.10000  0.569536360209E-01
  82.20000  0.624627939967E-01
  82.30000  0.549486274134E-01
  82.40000  0.608460537818E-01
  82.50000  0.555508826449E-01
  82.60000  0.601994476864E-01
  82.70000  0.576568702203E-01
  82.80000  0.593816942775E-01
  82.90000  0.591698567413E-01
  83.00000  0.575657483751E-01
  83.10000  0.591524734909E-01
  83.20000  0.555780650855E-01
  83.30000  0.585330918583E-01
  83.40000  0.551776666104E-01
  83.50000  0.587041367430E-01
  83.60000  0.570503594368E-01
  83.70000  0.597975646468E-01
  83.80000  0.598737416473E-01
  83.90000  0.607115708020E-01
  84.00000  0.616154294632E-01
  84.10000  0.607813110596E-01
  84.20000  0.616239797994E-01
  84.30000  0.609363897169E-01
  84.40000  0.611233921575E-01
  84.50000  0.627670308703E-01
  84.60000  0.616032973855E-01
  84.70000  0.665094442863E-01
  84.80000  0.631036279054E-01
  84.90000  0.704279806241E-01
  85.00000  0.644782025101E-01
  85.10000  0.725109166053E-01
  85.20000  0.652212970222E-01
  85.30000  0.725865709763E-01
  85.40000  0.664228598198E-01
  85.50000  0.723627887934E-01
  85.60000  0.694747403247E-01
  85.70000  0.733629664725E-01
  85.80000  0.740666231107E-01
  85.90000  0.752987589509E-01
  86.00000  0.780985034522E-01
  86.10000  0.768438181203E-01
  86.20000  0.798580132833E-01
  86.30000  0.776975050618E-01
  86.40000  0.799159833566E-01
  86.50000  0.791450082284E-01
  86.60000  0.804039247066E-01
  86.70000  0.822715143986E-01
  86.80000  0.825416355713E-01
  86.90000  0.861432277844E-01
  87.00000  0.854671838508E-01
  87.10000  0.884909107241E-01
  87.20000  0.877313791807E-01
  87.30000  0.882696628791E-01
  87.40000  0.893676676918E-01
  87.50000  0.869459590322E-01
  87.60000  0.917300584029E-01
  87.70000  0.868476049875E-01
  87.80000  0.953068357036E-01
  87.90000  0.886032065574E-01
  88.00000  0.985174310544E-01
  88.10000  0.908213466041E-01
  88.20000  0.993092608129E-01
  88.30000  0.922217853123E-01
  88.40000  0.976634590357E-01
  88.50000  0.932786914182E-01
  88.60000  0.957908489883E-01
  88.70000  0.952196824734E-01
  88.80000  0.956876854204E-01
  88.90000  0.978639316835E-01
  89.00000  0.970791297808E-01
  89.10000  0.993856999452E-01
  89.20000  0.982098612674E-01
  89.30000  0.984987007262E-01
  89.40000  0.982342982594E-01
  89.50000  0.962451743874E-01
  89.60000  0.980181809019E-01
  89.70000  0.949865210118E-01
  89.80000  0.984674246710E-01
  89.90000  0.957980792229E-01
  90.00000  0.988640907190E-01
  90.10000  0.974982033703E-01
  90.20000  0.976081184094E-01
  90.30000  0.983620549373E-01
  90.40000  0.944301818426E-01
  90.50000  0.981390936416E-01
  90.60000  0.910877151753E-01
  90.70000  0.978192007907E-01
  90.80000  0.895212953894E-01
  90.90000  0.977474800650E-01
  91.00000  0.897680484401E-01
  91.10000  0.968551937613E-01
  91.20000  0.901954646955E-01
  91.30000  0.941147550297E-01
  91.40000  0.895708045541E-01
  91.50000  0.902060096463E-01
  91.60000  0.882267707756E-01
  91.70000  0.870479504893E-01
  91.80000  0.870177388657E-01
  91.90000  0.856979255787E-01
  92.00000  0.857800252847E-01
  92.10000  0.852729089005E-01
  92.20000  0.835210982200E-01
  92.30000  0.841665175554E-01
  92.40000  0.800248198561E-01
  92.50000  0.818708015286E-01
  92.60000  0.765519169596E-01
  92.70000  0.791201737723E-01
  92.80000  0.745508222868E-01
  92.90000  0.764749503985E-01
  93.00000  0.740027168812E-01
  93.10000  0.734842445854E-01
  93.20000  0.735121915088E-01
  93.30000  0.695589833083E-01
  93.40000  0.719442685192E-01
  93.50000  0.652075809677E-01
  93.60000  0.694746054757E-01
  93.70000  0.617846116410E-01
  93.80000  0.668761893513E-01
  93.90000  0.599774396944E-01
  94.00000  0.642608592474E-01
  94.10000  0.589984562927E-01
  94.20000  0.610649363817E-01
  94.30000  0.575174847816E-01
  94.40000  0.571875397753E-01
  94.50000  0.550977087433E-01
  94.60000  0.535496170434E-01
  94.70000  0.523505997868E-01
  94.80000  0.511664372234E-01
  94.90000  0.498260243351E-01
  95.00000  0.499082378607E-01
  95.10000  0.472832106226E-01
  95.20000  0.485935592239E-01
  95.30000  0.442970381315E-01
  95.40000  0.463106487490E-01
  95.50000  0.412143123667E-01
  95.60000  0.432869157160E-01
  95.70000  0.389895724774E-01
  95.80000  0.403072897273E-01
  95.90000  0.380195521635E-01
  96.00000  0.376184276174E-01
  96.10000  0.375297150994E-01
  96.20000  0.348206576816E-01
  96.30000  0.363753424569E-01
  96.40000  0.317721633993E-01
  96.50000  0.342593886882E-01
  96.60000  0.291110976513E-01
  96.70000  0.318554963094E-01
  96.80000  0.275707205766E-01
  96.90000  0.298026982050E-01
  97.00000  0.269791945189E-01
  97.10000  0.279769222461E-01
  97.20000  0.263214764275E-01
  97.30000  0.259470446395E-01
  97.40000  0.248460376215E-01
  97.50000  0.238544414918E-01
  97.60000  0.228274709809E-01
  97.70000  0.224066719326E-01
  97.80000  0.210728319135E-01
  97.90000  0.219427506341E-01
  98.00000  0.199005545443E-01
  98.10000  0.218420518979E-01
  98.20000  0.189299872082E-01
  98.30000  0.211295963999E-01
  98.40000  0.178492435663E-01
  98.50000  0.195558645031E-01
  98.60000  0.170072501864E-01
  98.70000  0.178041777261E-01
  98.80000  0.169656245913E-01
  98.90000  0.166122738819E-01
  99.00000  0.176107636808E-01
  99.10000  0.159698116720E-01
  99.20000  0.180723806015E-01
  99.30000  0.153769552832E-01
  99.40000  0.176500614440E-01
  99.50000  0.147064475576E-01
  99.60000  0.166046970412E-01
  99.70000  0.144380907822E-01
  99.80000  0.158141379111E-01
  99.90000  0.149336873783E-01
 100.00000  0.157408900562E-01
 100.10000  0.157601036220E-01
 100.20000  0.160159078116E-01
 100.30000  0.160447074882E-01
 100.40000  0.161002650123E-01
 100.50000  0.154837501716E-01
 100.60000  0.160749296091E-01
 100.70000  0.147286279559E-01
 100.80000  0.164836844769E-01
 100.90000  0.146404214805E-01
 101.00000  0.174545583626E-01
 101.10000  0.153377695060E-01
 101.20000  0.183165199146E-01
 101.30000  0.162049252484E-01
 101.40000  0.183004279294E-01
 101.50000  0.167786828880E-01
 101.60000  0.174867047637E-01
 101.70000  0.173238227364E-01
 101.80000  0.167957285906E-01
 101.90000  0.183561000095E-01
 102.00000  0.169927811924E-01
 102.10000  0.197714631496E-01
 102.20000  0.179021587080E-01
 102.30000  0.207740754176E-01
 102.40000  0.187529678910E-01
 102.50000  0.207776903593E-01
 102.60000  0.191707525616E-01
 102.70000  0.201837317836E-01
 102.80000  0.195577432460E-01
 102.90000  0.200342429664E-01
 103.00000  0.204171485726E-01
 103.10000  0.208997638875E-01
 103.20000  0.215309751773E-01
 103.30000  0.223057195587E-01
 103.40000  0.220924590381E-01
 103.50000  0.233555118954E-01
 103.60000  0.216848705072E-01
 103.70000  0.237662572542E-01
 103.80000  0.209015755262E-01
 103.90000  0.240637991219E-01
 104.00000  0.207953994910E-01
 104.10000  0.247501519684E-01
 104.20000  0.217594518077E-01
 104.30000  0.255309474675E-01
 104.40000  0.231417937650E-01
 104.50000  0.256032928923E-01
 104.60000  0.240241911675E-01
 104.70000  0.246758272989E-01
 104.80000  0.242176782919E-01
 104.90000  0.234653717757E-01
 105.00000  0.243116476255E-01
 105.10000  0.230227025150E-01
 105.20000  0.247893710324E-01
 105.30000  0.236371991731E-01
 105.40000  0.253410320633E-01
 105.50000  0.245709493528E-01
 105.60000  0.252281566598E-01
 105.70000  0.248989138513E-01
 105.80000  0.242537434770E-01
 105.90000  0.244642495948E-01
 106.00000  0.231491870986E-01
 106.10000  0.238804869477E-01
 106.20000  0.228740454205E-01
 106.30000  0.236641872012E-01
 106.40000  0.236034971670E-01
 106.50000  0.235777100434E-01
 106.60000  0.245460376480E-01
 106.70000  0.229583908485E-01
 106.80000  0.247828156719E-01
 106.90000  0.216127275146E-01
 107.00000  0.241723313718E-01
 107.10000  0.201848667864E-01
 107.20000  0.233344467879E-01
 107.30000  0.195326924015E-01
 107.40000  0.228118080724E-01
 107.50000  0.198087573456E-01
 107.60000  0.224286013463E-01
 107.70000  0.202871223492E-01
 107.80000  0.215792629389E-01
 107.90000  0.201202898299E-01
 108.00000  0.200613585587E-01
 108.10000  0.191663604249E-01
 108.20000  0.184389686529E-01
 108.30000  0.179929324399E-01
 108.40000  0.174934684746E-01
 108.50000  0.171352870109E-01
 108.60000  0.173861680270E-01
 108.70000  0.165078444766E-01
 108.80000  0.174775793049E-01
 108.90000  0.156183824881E-01
 109.00000  0.169877930695E-01
 109.10000  0.142677835018E-01
 109.20000  0.157518177465E-01
 109.30000  0.128791471722E-01
 109.40000  0.142702990261E-01
 109.50000  0.120709036586E-01
 109.60000  0.130790550327E-01
 109.70000  0.119720552053E-01
 109.80000  0.121902575856E-01
 109.90000  0.120556804681E-01
 110.00000  0.112028818175E-01
 110.10000  0.116650487313E-01
 110.20000  0.988303545721E-02
 110.30000  0.106425068286E-01
 110.40000  0.850441500770E-02
 110.50000  0.939542105391E-02
 110.60000  0.756019172692E-02
 110.70000  0.838742176202E-02
 110.80000  0.719801585391E-02
 110.90000  0.766242807902E-02
 111.00000  0.703372556762E-02
 111.10000  0.691183839291E-02
 111.20000  0.654586161356E-02
 111.30000  0.593910963418E-02
 111.40000  0.559336336506E-02
 111.50000  0.493892618480E-02
 111.60000  0.449203984800E-02
 111.70000  0.427225864492E-02
 111.80000  0.361905781838E-02
 111.90000  0.403064525890E-02
 112.00000  0.303554361005E-02
 112.10000  0.391189834926E-02
 112.20000  0.253259801654E-02
 112.30000  0.353934248334E-02
 112.40000  0.197206849566E-02
 112.50000  0.284413846169E-02
 112.60000  0.147390810601E-02
 112.70000  0.209043298467E-02
 112.80000  0.124257466439E-02
 112.90000  0.155836930984E-02
 113.00000  0.128072933482E-02
 113.10000  0.127387500111E-02
 113.20000  0.135380825315E-02
 113.30000  0.107162454634E-02
 113.40000  0.124497447030E-02
 113.50000  0.862410240816E-03
 113.60000  0.992659012037E-03
 113.70000  0.752973525297E-03
 113.80000  0.835261432554E-03
 113.90000  0.879096325243E-03
 114.00000  0.939601196638E-03
 114.10000  0.118208498966E-02
 114.20000  0.123966449990E-02
 114.30000  0.143189056824E-02
 114.40000  0.156865784335E-02
 114.50000  0.148956704847E-02
 114.60000  0.190358722133E-02
 114.70000  0.149071805542E-02
 114.80000  0.239879959436E-02
 114.90000  0.171315255783E-02
 115.00000  0.315003123989E-02
 115.10000  0.227630980298E-02
 115.20000  0.398967348760E-02
 115.30000  0.303043683057E-02
 115.40000  0.460835899030E-02
 115.50000  0.376443904353E-02
 115.60000  0.490028855132E-02
 115.70000  0.447356570317E-02
 115.80000  0.512516078024E-02
 115.90000  0.535255154353E-02
 116.00000  0.567156205646E-02
 116.10000  0.650968604595E-02
 116.20000  0.667467236871E-02
 116.30000  0.774934361519E-02
 116.40000  0.791145328382E-02
 116.50000  0.872070460747E-02
 116.60000  0.907718063529E-02
 116.70000  0.930551797625E-02
 116.80000  0.101258973581E-01
 116.90000  0.980702490932E-02
 117.00000  0.112941664165E-01
 117.10000  0.106973181373E-01
 117.20000  0.127742023686E-01
 117.30000  0.121741919595E-01
 117.40000  0.144011770206E-01
 117.50000  0.139964603084E-01
 117.60000  0.157422277996E-01
 117.70000  0.157629979084E-01
 117.80000  0.165434364951E-01
 117.90000  0.173271326925E-01
 118.00000  0.170503538071E-01
 118.10000  0.189011470682E-01
 118.20000  0.178164992643E-01
 118.30000  0.207336346806E-01
 118.40000  0.191886830508E-01
 118.50000  0.227151274182E-01
 118.60000  0.210156692852E-01
 118.70000  0.243926906036E-01
 118.80000  0.228567722924E-01
 118.90000  0.254338971626E-01
 119.00000  0.244423443480E-01
 119.10000  0.260280145337E-01
 119.20000  0.259096359924E-01
 119.30000  0.267628704582E-01
 119.40000  0.275690691445E-01
 119.50000  0.281164987173E-01
 119.60000  0.294562343177E-01
 119.70000  0.300812078803E-01
 119.80000  0.312012017958E-01
 119.90000  0.322466699003E-01
 120.00000  0.323949805686E-01
 120.10000  0.342333036777E-01
 120.20000  0.330385971714E-01
 120.30000  0.360414464654E-01
 120.40000  0.335921669010E-01
 120.50000  0.379349020002E-01
 120.60000  0.345983667966E-01
 120.70000  0.399990288749E-01
 120.80000  0.362332958126E-01
 120.90000  0.419276553402E-01
 121.00000  0.381913382922E-01
 121.10000  0.432850835052E-01
 121.20000  0.400373744295E-01
 121.30000  0.439281094536E-01
 121.40000  0.416417437908E-01
 121.50000  0.441882559699E-01
 121.60000  0.431876882751E-01
 121.70000  0.446481091204E-01
 121.80000  0.448187440430E-01
 121.90000  0.456668344299E-01
 122.00000  0.463935673571E-01
 122.10000  0.471354791176E-01
 122.20000  0.475689192438E-01
 122.30000  0.487180704434E-01
 122.40000  0.481262991651E-01
 122.50000  0.502169507094E-01
 122.60000  0.482532018203E-01
 122.70000  0.516735608190E-01
 122.80000  0.484284534025E-01
 122.90000  0.532073033463E-01
 123.00000  0.490210828352E-01
 123.10000  0.547469698627E-01
 123.20000  0.500733318710E-01
 123.30000  0.559526271416E-01
 123.40000  0.513781659341E-01
 123.50000  0.565217021269E-01
 123.60000  0.526892075971E-01
 123.70000  0.564952303128E-01
 123.80000  0.539321844264E-01
 123.90000  0.561988416338E-01
 124.00000  0.551625916004E-01
 124.10000  0.560072489692E-01
 124.20000  0.563088907274E-01
 124.30000  0.561204494145E-01
 124.40000  0.571313379293E-01
 124.50000  0.564847152007E-01
 124.60000  0.574127424671E-01
 124.70000  0.569878833611E-01
 124.80000  0.571352170426E-01
 124.90000  0.576164670076E-01
 125.00000  0.565546387673E-01
 125.10000  0.583756364822E-01
 125.20000  0.560163910357E-01
 125.30000  0.591984335441E-01
 125.40000  0.556955573631E-01
 125.50000  0.598738456460E-01
 125.60000  0.556205624301E-01
 125.70000  0.601082503432E-01
 125.80000  0.557702083843E-01
 125.90000  0.598029896269E-01
 126.00000  0.561152942274E-01
 126.10000  0.591061326712E-01
 126.20000  0.566676213151E-01
 126.30000  0.582229487521E-01
 126.40000  0.573366927855E-01
 126.50000  0.573164210027E-01
 126.60000  0.578372838973E-01
 126.70000  0.564366585718E-01
 126.80000  0.578795497739E-01
 126.90000  0.555998386139E-01
 127.00000  0.573389065088E-01
 127.10000  0.549326950340E-01
 127.20000  0.563447104886E-01
 127.30000  0.545760971005E-01
 127.40000  0.551684289526E-01
 127.50000  0.545603666461E-01
 127.60000  0.539645980060E-01
 127.70000  0.546973143983E-01
 127.80000  0.527751882288E-01
 127.90000  0.546167307729E-01
 128.00000  0.516080681557E-01
 128.10000  0.540960857311E-01
 128.20000  0.505326059539E-01
 128.30000  0.531583574150E-01
 128.40000  0.497798494165E-01
 128.50000  0.519691714366E-01
 128.60000  0.494868250006E-01
 128.70000  0.507176394039E-01
 128.80000  0.495049259693E-01
 128.90000  0.493931758876E-01
 129.00000  0.494798185153E-01
 129.10000  0.478826440254E-01
 129.20000  0.490261142152E-01
 129.30000  0.462062292832E-01
 129.40000  0.480284069333E-01
 129.50000  0.445850668233E-01
 129.60000  0.466598422421E-01
 129.70000  0.433496298023E-01
 129.80000  0.451838225841E-01
 129.90000  0.426199321257E-01
 130.00000  0.437264392258E-01
 130.10000  0.422136883197E-01
 130.20000  0.421699519980E-01
 130.30000  0.417528415607E-01
 130.40000  0.404305214774E-01
 130.50000  0.409158360484E-01
 130.60000  0.386023664649E-01
 130.70000  0.397297270213E-01
 130.80000  0.369741056873E-01
 130.90000  0.383972292911E-01
 131.00000  0.358685870080E-01
 131.10000  0.370942012332E-01
 131.20000  0.352782034849E-01
 131.30000  0.357984027080E-01
 131.40000  0.348944718570E-01
 131.50000  0.342832751424E-01
 131.60000  0.343008977971E-01
 131.70000  0.324448763934E-01
 131.80000  0.332738629502E-01
 131.90000  0.304393786835E-01
 132.00000  0.319268785354E-01
 132.10000  0.286429581444E-01
 132.20000  0.305173562049E-01
 132.30000  0.273489510234E-01
 132.40000  0.292005536685E-01
 132.50000  0.265481822924E-01
 132.60000  0.278595163634E-01
 132.70000  0.259415289713E-01
 132.80000  0.263100360477E-01
 132.90000  0.251729415812E-01
 133.00000  0.244878848845E-01
 133.10000  0.241452770652E-01
 133.20000  0.226085552556E-01
 133.30000  0.229746530651E-01
 133.40000  0.210375096908E-01
 133.50000  0.218863355938E-01
 133.60000  0.199659445356E-01
 133.70000  0.209215631118E-01
 133.80000  0.193182950396E-01
 133.90000  0.198954564339E-01
 134.00000  0.187528334863E-01
 134.10000  0.185938423307E-01
 134.20000  0.179849410362E-01
 134.30000  0.169624401156E-01
 134.40000  0.169641933656E-01
 134.50000  0.152408244750E-01
 134.60000  0.158681455271E-01
 134.70000  0.137598951476E-01
 134.80000  0.148881457822E-01
 134.90000  0.127203361431E-01
 135.00000  0.140354934907E-01
 135.10000  0.120373152001E-01
 135.20000  0.131353797659E-01
 135.30000  0.114680746811E-01
 135.40000  0.120069905400E-01
 135.50000  0.107938416579E-01
 135.60000  0.106575515019E-01
 135.70000  0.100101277962E-01
 135.80000  0.928151558435E-02
 135.90000  0.924840228596E-02
 136.00000  0.815175949177E-02
 136.10000  0.863770413499E-02
 136.20000  0.737023834450E-02
 136.30000  0.815162393469E-02
 136.40000  0.685250891956E-02
 136.50000  0.761203015136E-02
 136.60000  0.637528308330E-02
 136.70000  0.686400692505E-02
 136.80000  0.580043957471E-02
 136.90000  0.588911951086E-02
 137.00000  0.514528625723E-02
 137.10000  0.486254899126E-02
 137.20000  0.454226244226E-02
 137.30000  0.398697321116E-02
 137.40000  0.408589825682E-02
 137.50000  0.337357077676E-02
 137.60000  0.374510656009E-02
 137.70000  0.296818806324E-02
 137.80000  0.339467652613E-02
 137.90000  0.264242225282E-02
 138.00000  0.293369507595E-02
 138.10000  0.229717464563E-02
 138.20000  0.236069663075E-02
 138.30000  0.193473062908E-02
 138.40000  0.177639680216E-02
 138.50000  0.161863020756E-02
 138.60000  0.129167500271E-02
 138.70000  0.140910476516E-02
 138.80000  0.957415766268E-03
 138.90000  0.128945884600E-02
 139.00000  0.736651542428E-03
 139.10000  0.119486624157E-02
 139.20000  0.561246407327E-03
 139.30000  0.105327125914E-02
 139.40000  0.391554577745E-03
 139.50000  0.859623250760E-03
 139.60000  0.238625679910E-03
 139.70000  0.651280504415E-03
 139.80000  0.130880896919E-03
 139.90000  0.485118249493E-03
 140.00000  0.768134890600E-04
 140.10000  0.384794866017E-03
 140.20000  0.666848638740E-04
 140.30000  0.355419210114E-03
 140.40000  0.948793816832E-04
 140.50000  0.382904843792E-03
 140.60000  0.171117732965E-03
 140.70000  0.450038712865E-03
 140.80000  0.299367342922E-03
 140.90000  0.523588773514E-03
 141.00000  0.464822214723E-03
 141.10000  0.576658169393E-03
 141.20000  0.635926891593E-03
 141.30000  0.597352021449E-03
 141.40000  0.801174512189E-03
 141.50000  0.618079602788E-03
 141.60000  0.981535739194E-03
 141.70000  0.695844979477E-03
 141.80000  0.123164599262E-02
 141.90000  0.895763537620E-03
 142.00000  0.158201757337E-02
 142.10000  0.122842699590E-02
 142.20000  0.200085347804E-02
 142.30000  0.164400272935E-02
 142.40000  0.238155875411E-02
 142.50000  0.204270576636E-02
 142.60000  0.262540368258E-02
 142.70000  0.237381414156E-02
 142.80000  0.272642612193E-02
 142.90000  0.266303734566E-02
 143.00000  0.280001885106E-02
 143.10000  0.300791872836E-02
 143.20000  0.300298388581E-02
 143.30000  0.346433302273E-02
 143.40000  0.341303792516E-02
 143.50000  0.399650281502E-02
 143.60000  0.398116423737E-02
 143.70000  0.447926700971E-02
 143.80000  0.457698692170E-02
 143.90000  0.479724776437E-02
 144.00000  0.510873284799E-02
 144.10000  0.493759714512E-02
 144.20000  0.560394595540E-02
 144.30000  0.501670941701E-02
 144.40000  0.618492890759E-02
 144.50000  0.520882755308E-02
 144.60000  0.696163688975E-02
 144.70000  0.561487259689E-02
 144.80000  0.788276353616E-02
 144.90000  0.617702254776E-02
 145.00000  0.875607875115E-02
 145.10000  0.674033890708E-02
 145.20000  0.934583937406E-02
 145.30000  0.717117091471E-02
 145.40000  0.958437755552E-02
 145.50000  0.751579943590E-02
 145.60000  0.961291695789E-02
 145.70000  0.792796446370E-02
 145.80000  0.968933268058E-02
 145.90000  0.859507528247E-02
 146.00000  0.100193986748E-01
 146.10000  0.953004456007E-02
 146.20000  0.105903110022E-01
 146.30000  0.105781584787E-01
 146.40000  0.112532646268E-01
 146.50000  0.114790739587E-01
 146.60000  0.118004655617E-01
 146.70000  0.120434713302E-01
 146.80000  0.122055126056E-01
 146.90000  0.123012665844E-01
 147.00000  0.126038644170E-01
 147.10000  0.124307975139E-01
 147.20000  0.132099293754E-01
 147.30000  0.126577349638E-01
 147.40000  0.141116623318E-01
 147.50000  0.130373581477E-01
 147.60000  0.151717743272E-01
 147.70000  0.134736390337E-01
 147.80000  0.161357666418E-01
 147.90000  0.138155798944E-01
 148.00000  0.167996471711E-01
 148.10000  0.140264259553E-01
 148.20000  0.171623037698E-01
 148.30000  0.142429273197E-01
 148.40000  0.174003933570E-01
 148.50000  0.146988181251E-01
 148.60000  0.177272011370E-01
 148.70000  0.155417145201E-01
 148.80000  0.182015787305E-01
 148.90000  0.167112171255E-01
 149.00000  0.187039344373E-01
 149.10000  0.179474971004E-01
 149.20000  0.189942397016E-01
 149.30000  0.189379836921E-01
 149.40000  0.189587494979E-01
 149.50000  0.195697677971E-01
 149.60000  0.187116320583E-01
 149.70000  0.199297337111E-01
 149.80000  0.185244962502E-01
 149.90000  0.202681896653E-01
 150.00000  0.187006186467E-01
 150.10000  0.207723121213E-01
 150.20000  0.193135313475E-01
 150.30000  0.214155731125E-01
 150.40000  0.202365556398E-01
 150.50000  0.220440986122E-01
 150.60000  0.212128495485E-01
 150.70000  0.224294810756E-01
 150.80000  0.220013477477E-01
 150.90000  0.225045056926E-01
 151.00000  0.225649715281E-01
 151.10000  0.224097939564E-01
 151.20000  0.229883988402E-01
 151.30000  0.223768006406E-01
 151.40000  0.234017846825E-01
 151.50000  0.226157778009E-01
 151.60000  0.238398073715E-01
 151.70000  0.231395546649E-01
 151.80000  0.241908150352E-01
 151.90000  0.238152921036E-01
 152.00000  0.243216237134E-01
 152.10000  0.244912908071E-01
 152.20000  0.241800290249E-01
 152.30000  0.251152589267E-01
 152.40000  0.238710939897E-01
 152.50000  0.257636113480E-01
 152.60000  0.235877929343E-01
 152.70000  0.265374140354E-01
 152.80000  0.235103736122E-01
 152.90000  0.274709708349E-01
 153.00000  0.236976974412E-01
 153.10000  0.284177130833E-01
 153.20000  0.240328801642E-01
 153.30000  0.291286014009E-01
 153.40000  0.243656536602E-01
 153.50000  0.294200632005E-01
 153.60000  0.245950539011E-01
 153.70000  0.292401865903E-01
 153.80000  0.247482890743E-01
 153.90000  0.287667823068E-01
 154.00000  0.250070550818E-01
 154.10000  0.282826800280E-01
 154.20000  0.255166150503E-01
 154.30000  0.279766254612E-01
 154.40000  0.263078693186E-01
 154.50000  0.279246585487E-01
 154.60000  0.272855585301E-01
 154.70000  0.280456497676E-01
 154.80000  0.282138723638E-01
 154.90000  0.281760574570E-01
 155.00000  0.288733104184E-01
 155.10000  0.282305733777E-01
 155.20000  0.291660155737E-01
 155.30000  0.282178894786E-01
 155.40000  0.291221434322E-01
 155.50000  0.282327014510E-01
 155.60000  0.288894201248E-01
 155.70000  0.283864779309E-01
 155.80000  0.286231051807E-01
 155.90000  0.287136265341E-01
 156.00000  0.284209537918E-01
 156.10000  0.291792645422E-01
 156.20000  0.283179935350E-01
 156.30000  0.296827228763E-01
 156.40000  0.282891151530E-01
 156.50000  0.301120727943E-01
 156.60000  0.283272208714E-01
 156.70000  0.304093506409E-01
 156.80000  0.284525573647E-01
 156.90000  0.305254453014E-01
 157.00000  0.286710171240E-01
 157.10000  0.304340903151E-01
 157.20000  0.290077702013E-01
 157.30000  0.301625660351E-01
 157.40000  0.294675063285E-01
 157.50000  0.297241695877E-01
 157.60000  0.299885985902E-01
 157.70000  0.291404343726E-01
 157.80000  0.305241524042E-01
 157.90000  0.284957333587E-01
 158.00000  0.310593195965E-01
 158.10000  0.278825910823E-01
 158.20000  0.315718282125E-01
 158.30000  0.273824856161E-01
 158.40000  0.320523837309E-01
 158.50000  0.270741221032E-01
 158.60000  0.324830295987E-01
 158.70000  0.269887926352E-01
 158.80000  0.328039165213E-01
 158.90000  0.271083618960E-01
 159.00000  0.329458672393E-01
 159.10000  0.273851062161E-01
 159.20000  0.328420120926E-01
 159.30000  0.277351457126E-01
 159.40000  0.324470265352E-01
 159.50000  0.280858052157E-01
 159.60000  0.317964868599E-01
 159.70000  0.284194294661E-01
 159.80000  0.309926215590E-01
 159.90000  0.287461575146E-01
 160.00000  0.301604494935E-01
 160.10000  0.291025140625E-01
 160.20000  0.294526070691E-01
 160.30000  0.295505070705E-01
 160.40000  0.290007851030E-01
 160.50000  0.300970284630E-01
 160.60000  0.288283833968E-01
 160.70000  0.306474006565E-01
 160.80000  0.288580428175E-01
 160.90000  0.310611274822E-01
 161.00000  0.289701003247E-01
 161.10000  0.312058211762E-01
 161.20000  0.290333618209E-01
 161.30000  0.309955104070E-01
 161.40000  0.289659749164E-01
 161.50000  0.304640034928E-01
 161.60000  0.288075018086E-01
 161.70000  0.297884802171E-01
 161.80000  0.286920560074E-01
 161.90000  0.292002160782E-01
 162.00000  0.287461359426E-01
 162.10000  0.288722705669E-01
 162.20000  0.290077653413E-01
 162.30000  0.288551905627E-01
 162.40000  0.293881119086E-01
 162.50000  0.290584537079E-01
 162.60000  0.296879034886E-01
 162.70000  0.293003706273E-01
 162.80000  0.296957568445E-01
 162.90000  0.294268816129E-01
 163.00000  0.293146935384E-01
 163.10000  0.294104724871E-01
 163.20000  0.286165773028E-01
 163.30000  0.293544173678E-01
 163.40000  0.277991957819E-01
 163.50000  0.294195015363E-01
 163.60000  0.270877749418E-01
 163.70000  0.297211812308E-01
 163.80000  0.266267281850E-01
 163.90000  0.302427874166E-01
 164.00000  0.264146017433E-01
 164.10000  0.308205292626E-01
 164.20000  0.263284289627E-01
 164.30000  0.312231035825E-01
 164.40000  0.262250664767E-01
 164.50000  0.312771956453E-01
 164.60000  0.260495803529E-01
 164.70000  0.309562694287E-01
 164.80000  0.258786154305E-01
 164.90000  0.303779357819E-01
 165.00000  0.258713087253E-01
 165.10000  0.297144967423E-01
 165.20000  0.261597545177E-01
 165.30000  0.290785938996E-01
 165.40000  0.267539657606E-01
 165.50000  0.284652609443E-01
 165.60000  0.275286280797E-01
 165.70000  0.277879355397E-01
 165.80000  0.282973263621E-01
 165.90000  0.269724076571E-01
 166.00000  0.289181628930E-01
 166.10000  0.260378426821E-01
 166.20000  0.293632267940E-01
 166.30000  0.251148931810E-01
 166.40000  0.297128399251E-01
 166.50000  0.243896965080E-01
 166.60000  0.300748324269E-01
 166.70000  0.240000456362E-01
 166.80000  0.304747143468E-01
 166.90000  0.239468265247E-01
 167.00000  0.307972805417E-01
 167.10000  0.240901322405E-01
 167.20000  0.308376640567E-01
 167.30000  0.242440138050E-01
 167.40000  0.304358501546E-01
 167.50000  0.243043349935E-01
 167.60000  0.295978712571E-01
 167.70000  0.243195031611E-01
 167.80000  0.285179228913E-01
 167.90000  0.244610757098E-01
 168.00000  0.274874167456E-01
 168.10000  0.249144704631E-01
 168.20000  0.267427054967E-01
 168.30000  0.257466655807E-01
 168.40000  0.263341742533E-01
 168.50000  0.268231329727E-01
 168.60000  0.260977980572E-01
 168.70000  0.278381817508E-01
 168.80000  0.257637315963E-01
 168.90000  0.284654908555E-01
 169.00000  0.251455355292E-01
 169.10000  0.285451859470E-01
 169.20000  0.242824791783E-01
 169.30000  0.281809844854E-01
 169.40000  0.234334678311E-01
 169.50000  0.276792305228E-01
 169.60000  0.229300739432E-01
 169.70000  0.273698901483E-01
 169.80000  0.229869269540E-01
 169.90000  0.274155387096E-01
 170.00000  0.235754638430E-01
 170.10000  0.277110063998E-01
 170.20000  0.244216690734E-01
 170.30000  0.279336211213E-01
 170.40000  0.251350009836E-01
 170.50000  0.277345010231E-01
 170.60000  0.254144120992E-01
 170.70000  0.269699431067E-01
 170.80000  0.252173173684E-01
 170.90000  0.258194305730E-01
 171.00000  0.247794529691E-01
 171.10000  0.246989333630E-01
 171.20000  0.244689814604E-01
 171.30000  0.240258593323E-01
 171.40000  0.245713158953E-01
 171.50000  0.239918060665E-01
 171.60000  0.251299158038E-01
 171.70000  0.244714768034E-01
 171.80000  0.259141597286E-01
 171.90000  0.250991918643E-01
 172.00000  0.265252179661E-01
 172.10000  0.254670743444E-01
 172.20000  0.266054130953E-01
 172.30000  0.253497859547E-01
 172.40000  0.260539987054E-01
 172.50000  0.248290696923E-01
 172.60000  0.251079366020E-01
 172.70000  0.242289949998E-01
 172.80000  0.242123596835E-01
 172.90000  0.239026657133E-01
 173.00000  0.237631320482E-01
 173.10000  0.240243139822E-01
 173.20000  0.238968050642E-01
 173.30000  0.245125421316E-01
 173.40000  0.244426166032E-01
 173.50000  0.250885496722E-01
 173.60000  0.250332399663E-01
 173.70000  0.254090163912E-01
 173.80000  0.253110285258E-01
 173.90000  0.252299415347E-01
 174.00000  0.251403048955E-01
 174.10000  0.245483627080E-01
 174.20000  0.246997202019E-01
 174.30000  0.236257905181E-01
 174.40000  0.243627942825E-01
 174.50000  0.228438823240E-01
 174.60000  0.244367944408E-01
 174.70000  0.224864924086E-01
 174.80000  0.249670461266E-01
 174.90000  0.226047669351E-01
 175.00000  0.257406116473E-01
 175.10000  0.230209792597E-01
 175.20000  0.264286091756E-01
 175.30000  0.234218408502E-01
 175.40000  0.267384919453E-01
 175.50000  0.235071441797E-01
 175.60000  0.265302094944E-01
 175.70000  0.231738668712E-01
 175.80000  0.258849361292E-01
 175.90000  0.226249994868E-01
 176.00000  0.250646140418E-01
 176.10000  0.222627403695E-01
 176.20000  0.243453474805E-01
 176.30000  0.224126703373E-01
 176.40000  0.238577100569E-01
 176.50000  0.231213867281E-01
 176.60000  0.235744756683E-01
 176.70000  0.241821022680E-01
 176.80000  0.233932849318E-01
 176.90000  0.252918981755E-01
 177.00000  0.231703513860E-01
 177.10000  0.261886556963E-01
 177.20000  0.227247152851E-01
 177.30000  0.267540731116E-01
 177.40000  0.219439326990E-01
 177.50000  0.270848986132E-01
 177.60000  0.209403973973E-01
 177.70000  0.274193870933E-01
 177.80000  0.200360265191E-01
 177.90000  0.278929929511E-01
 178.00000  0.195417392369E-01
 178.10000  0.283706720899E-01
 178.20000  0.195798941534E-01
 178.30000  0.285860758238E-01
 178.40000  0.201012100824E-01
 178.50000  0.284108002640E-01
 178.60000  0.209452563701E-01
 178.70000  0.278833755720E-01
 178.80000  0.218350605543E-01
 178.90000  0.270025920974E-01
 179.00000  0.224955227924E-01
 179.10000  0.256534224754E-01
 179.20000  0.230056294750E-01
 179.30000  0.237728240693E-01
 179.40000  0.240449204423E-01
 179.50000  0.214003551348E-01
 179.60000  0.267570670782E-01
 179.70000  0.183677251742E-01
 179.80000  0.334214574456E-01
 179.90000  0.137352680421E-01
 180.00000  0.143392186565E+00

