 # E =    3.9996853273417527       eV =    32262.000000000000       1/cm
 #  1801
# DFFCSO.  ACCUM LEV(I),J(I) =  1  0 LEV(F),J(F) =  1  0       , M =  0, WEIGHTED BY  1.00000
   0.10000  0.401919108989E+07
   0.20000  0.472903119323E+06
   0.30000  0.630275123530E+05
   0.40000  0.626433393858E+05
   0.50000  0.137921892027E+04
   0.60000  0.194699244372E+05
   0.70000  0.245291734624E+04
   0.80000  0.398219703776E+04
   0.90000  0.425120226339E+04
   1.00000  0.322986345643E+04
   1.10000  0.186536669399E+04
   1.20000  0.153999989654E+04
   1.30000  0.147567909703E+04
   1.40000  0.118903043853E+04
   1.50000  0.953155322710E+03
   1.60000  0.975223404005E+03
   1.70000  0.120037128514E+04
   1.80000  0.109707511908E+04
   1.90000  0.853498265354E+03
   2.00000  0.830959615931E+03
   2.10000  0.826302751589E+03
   2.20000  0.601487415303E+03
   2.30000  0.376242141503E+03
   2.40000  0.390392200051E+03
   2.50000  0.393013868939E+03
   2.60000  0.226269776417E+03
   2.70000  0.116887238500E+03
   2.80000  0.153996991386E+03
   2.90000  0.206412854023E+03
   3.00000  0.165476380947E+03
   3.10000  0.883853194989E+02
   3.20000  0.787368136396E+02
   3.30000  0.135412379161E+03
   3.40000  0.174257372714E+03
   3.50000  0.131521176618E+03
   3.60000  0.949681507502E+02
   3.70000  0.113667811877E+03
   3.80000  0.146291410179E+03
   3.90000  0.146470037546E+03
   4.00000  0.988160552719E+02
   4.10000  0.949384607841E+02
   4.20000  0.129441782252E+03
   4.30000  0.149524251556E+03
   4.40000  0.129642762685E+03
   4.50000  0.746939804445E+02
   4.60000  0.730631104835E+02
   4.70000  0.106817870497E+03
   4.80000  0.136117413116E+03
   4.90000  0.126790991185E+03
   5.00000  0.771565154770E+02
   5.10000  0.570918079384E+02
   5.20000  0.570350625152E+02
   5.30000  0.796317588551E+02
   5.40000  0.939569794209E+02
   5.50000  0.815512176056E+02
   5.60000  0.666006025141E+02
   5.70000  0.359932570845E+02
   5.80000  0.301916755237E+02
   5.90000  0.407875754426E+02
   6.00000  0.590016158318E+02
   6.10000  0.717775294214E+02
   6.20000  0.468071249225E+02
   6.30000  0.233397018629E+02
   6.40000  0.818388812491E+01
   6.50000  0.205709851134E+02
   6.60000  0.434319455773E+02
   6.70000  0.423020172878E+02
   6.80000  0.308124907130E+02
   6.90000  0.792817346242E+01
   7.00000  0.364428485767E+01
   7.10000  0.113656602750E+02
   7.20000  0.176037122197E+02
   7.30000  0.205399693938E+02
   7.40000  0.108113492714E+02
   7.50000  0.637188266412E+01
   7.60000  0.212393328533E+01
   7.70000  0.261761118023E+01
   7.80000  0.465054869127E+01
   7.90000  0.440477479044E+01
   8.00000  0.657948610066E+01
   8.10000  0.389854918781E+01
   8.20000  0.295499540629E+01
   8.30000  0.314098730347E+00
   8.40000  0.114574796528E+00
   8.50000  0.213700320739E+01
   8.60000  0.245451925321E+01
   8.70000  0.338966157505E+01
   8.80000  0.117275597149E+01
   8.90000  0.553922429643E+00
   9.00000  0.939713124118E-01
   9.10000  0.305941251927E+00
   9.20000  0.987769692391E+00
   9.30000  0.571602906266E+00
   9.40000  0.674259016393E+00
   9.50000  0.142456889332E+00
   9.60000  0.206137003299E+00
   9.70000  0.821132309688E-01
   9.80000  0.350117543727E+00
   9.90000  0.421329816156E+00
  10.00000  0.442434441835E+00
  10.10000  0.446422144173E+00
  10.20000  0.230522940272E+00
  10.30000  0.597323362460E+00
  10.40000  0.502478787558E+00
  10.50000  0.670900999518E+00
  10.60000  0.396345852621E+00
  10.70000  0.169790330862E+00
  10.80000  0.260809460416E+00
  10.90000  0.218390670121E+00
  11.00000  0.364919184375E+00
  11.10000  0.173647243450E+00
  11.20000  0.423878919376E-01
  11.30000  0.244408992367E-01
  11.40000  0.975375912386E-01
  11.50000  0.143418085614E+00
  11.60000  0.126285814974E+00
  11.70000  0.238720802514E-01
  11.80000  0.109305696934E+00
  11.90000  0.289221033268E+00
  12.00000  0.403610933645E+00
  12.10000  0.469746070154E+00
  12.20000  0.280473654512E+00
  12.30000  0.256197644493E+00
  12.40000  0.274804285635E+00
  12.50000  0.412918969702E+00
  12.60000  0.523867984544E+00
  12.70000  0.449379094279E+00
  12.80000  0.352260144842E+00
  12.90000  0.208328529570E+00
  13.00000  0.179323630775E+00
  13.10000  0.198708420770E+00
  13.20000  0.230852075452E+00
  13.30000  0.228385304761E+00
  13.40000  0.189112874359E+00
  13.50000  0.126667149829E+00
  13.60000  0.924860066627E-01
  13.70000  0.673143769072E-01
  13.80000  0.858562224358E-01
  13.90000  0.998872998292E-01
  14.00000  0.112820889523E+00
  14.10000  0.115514338921E+00
  14.20000  0.838957670602E-01
  14.30000  0.838396035271E-01
  14.40000  0.463717750474E-01
  14.50000  0.665036005020E-01
  14.60000  0.450615572804E-01
  14.70000  0.634053066550E-01
  14.80000  0.525998696152E-01
  14.90000  0.581574577597E-01
  15.00000  0.672183202030E-01
  15.10000  0.612300983889E-01
  15.20000  0.106124393119E+00
  15.30000  0.819265794438E-01
  15.40000  0.159937879070E+00
  15.50000  0.123682369063E+00
  15.60000  0.198471646589E+00
  15.70000  0.204513927210E+00
  15.80000  0.226272775489E+00
  15.90000  0.303503216460E+00
  16.00000  0.226945947912E+00
  16.10000  0.315282750647E+00
  16.20000  0.205973249742E+00
  16.30000  0.257399988809E+00
  16.40000  0.240827755941E+00
  16.50000  0.207239224807E+00
  16.60000  0.251558202456E+00
  16.70000  0.124166675513E+00
  16.80000  0.152127970987E+00
  16.90000  0.542724714000E-01
  17.00000  0.615575928380E-01
  17.10000  0.463499329893E-01
  17.20000  0.266603505212E-01
  17.30000  0.347153925600E-01
  17.40000  0.211607014512E-01
  17.50000  0.383183134948E-01
  17.60000  0.336432378189E-01
  17.70000  0.672279136626E-01
  17.80000  0.353966771829E-01
  17.90000  0.123363821293E+00
  18.00000  0.112143792008E+00
  18.10000  0.217729550406E+00
  18.20000  0.234713015270E+00
  18.30000  0.213495214985E+00
  18.40000  0.259167886324E+00
  18.50000  0.162700191587E+00
  18.60000  0.283327331217E+00
  18.70000  0.244592850464E+00
  18.80000  0.304507007498E+00
  18.90000  0.289196054331E+00
  19.00000  0.187365239220E+00
  19.10000  0.208567959950E+00
  19.20000  0.107988374098E+00
  19.30000  0.168552619205E+00
  19.40000  0.139629504397E+00
  19.50000  0.114573132502E+00
  19.60000  0.999663911656E-01
  19.70000  0.248197305872E-01
  19.80000  0.384140554732E-01
  19.90000  0.288419776452E-01
  20.00000  0.286103560516E-01
  20.10000  0.466802570955E-01
  20.20000  0.109788965181E-01
  20.30000  0.278323733074E-01
  20.40000  0.487247841104E-01
  20.50000  0.577601662000E-01
  20.60000  0.123221118150E+00
  20.70000  0.835879239299E-01
  20.80000  0.121896817936E+00
  20.90000  0.101685501151E+00
  21.00000  0.125077284062E+00
  21.10000  0.187948422180E+00
  21.20000  0.174269224750E+00
  21.30000  0.237757199931E+00
  21.40000  0.173911288190E+00
  21.50000  0.194034444190E+00
  21.60000  0.170532012676E+00
  21.70000  0.176514072640E+00
  21.80000  0.215029663621E+00
  21.90000  0.184466186160E+00
  22.00000  0.209293668473E+00
  22.10000  0.147597608665E+00
  22.20000  0.146612603530E+00
  22.30000  0.116659391134E+00
  22.40000  0.112780000802E+00
  22.50000  0.117265388386E+00
  22.60000  0.980982674784E-01
  22.70000  0.100296950904E+00
  22.80000  0.704406440214E-01
  22.90000  0.698108462232E-01
  23.00000  0.537008892258E-01
  23.10000  0.616190771336E-01
  23.20000  0.651713524697E-01
  23.30000  0.788655292819E-01
  23.40000  0.916202587965E-01
  23.50000  0.101042122839E+00
  23.60000  0.113662820002E+00
  23.70000  0.124116089240E+00
  23.80000  0.145755730359E+00
  23.90000  0.173779761501E+00
  24.00000  0.202665805819E+00
  24.10000  0.228989518905E+00
  24.20000  0.241865642280E+00
  24.30000  0.245690143273E+00
  24.40000  0.260242559984E+00
  24.50000  0.264178765869E+00
  24.60000  0.301133838283E+00
  24.70000  0.300377806648E+00
  24.80000  0.314824997373E+00
  24.90000  0.289216825798E+00
  25.00000  0.263579827372E+00
  25.10000  0.254815897537E+00
  25.20000  0.227885350463E+00
  25.30000  0.254468608894E+00
  25.40000  0.222599307970E+00
  25.50000  0.232674191885E+00
  25.60000  0.183868766340E+00
  25.70000  0.163628406804E+00
  25.80000  0.138718963906E+00
  25.90000  0.120887218255E+00
  26.00000  0.144777235351E+00
  26.10000  0.132078180082E+00
  26.20000  0.176738521950E+00
  26.30000  0.148235708274E+00
  26.40000  0.178512789550E+00
  26.50000  0.143660743373E+00
  26.60000  0.162369157688E+00
  26.70000  0.175243045557E+00
  26.80000  0.198023454537E+00
  26.90000  0.269819700913E+00
  27.00000  0.255973485575E+00
  27.10000  0.314359527400E+00
  27.20000  0.244449479458E+00
  27.30000  0.266600174975E+00
  27.40000  0.233276587700E+00
  27.50000  0.252408337580E+00
  27.60000  0.296458810607E+00
  27.70000  0.268337498702E+00
  27.80000  0.302949145287E+00
  27.90000  0.204952297674E+00
  28.00000  0.203467698536E+00
  28.10000  0.132025265518E+00
  28.20000  0.133358689924E+00
  28.30000  0.131193379578E+00
  28.40000  0.113661784776E+00
  28.50000  0.124438644012E+00
  28.60000  0.755469159222E-01
  28.70000  0.800917866174E-01
  28.80000  0.369261918648E-01
  28.90000  0.523049649723E-01
  29.00000  0.331511093165E-01
  29.10000  0.725760524496E-01
  29.20000  0.857133691657E-01
  29.30000  0.144821796828E+00
  29.40000  0.178977553843E+00
  29.50000  0.201256889875E+00
  29.60000  0.233652480223E+00
  29.70000  0.205873244635E+00
  29.80000  0.280421734348E+00
  29.90000  0.279874947607E+00
  30.00000  0.404232176382E+00
  30.10000  0.432745817499E+00
  30.20000  0.484838350976E+00
  30.30000  0.488442401143E+00
  30.40000  0.432645533517E+00
  30.50000  0.469416792103E+00
  30.60000  0.422313439424E+00
  30.70000  0.522274692417E+00
  30.80000  0.506805495620E+00
  30.90000  0.546778831922E+00
  31.00000  0.502414337940E+00
  31.10000  0.433664372898E+00
  31.20000  0.406532796704E+00
  31.30000  0.332242922611E+00
  31.40000  0.371879350327E+00
  31.50000  0.333056039675E+00
  31.60000  0.367297343475E+00
  31.70000  0.319449548386E+00
  31.80000  0.292813096593E+00
  31.90000  0.247060684915E+00
  32.00000  0.203469364180E+00
  32.10000  0.206784988752E+00
  32.20000  0.189951115657E+00
  32.30000  0.236354975523E+00
  32.40000  0.232503486131E+00
  32.50000  0.273161683769E+00
  32.60000  0.256872615149E+00
  32.70000  0.266795102976E+00
  32.80000  0.257875579553E+00
  32.90000  0.267264891170E+00
  33.00000  0.308216376463E+00
  33.10000  0.339614402106E+00
  33.20000  0.408334514012E+00
  33.30000  0.423099169580E+00
  33.40000  0.454227567679E+00
  33.50000  0.435971349518E+00
  33.60000  0.437446950070E+00
  33.70000  0.442227339206E+00
  33.80000  0.464753158841E+00
  33.90000  0.507047608482E+00
  34.00000  0.528718193071E+00
  34.10000  0.544365409104E+00
  34.20000  0.523863440049E+00
  34.30000  0.498074714274E+00
  34.40000  0.470999918177E+00
  34.50000  0.459931591255E+00
  34.60000  0.464439830413E+00
  34.70000  0.477983573409E+00
  34.80000  0.478251691372E+00
  34.90000  0.474287806461E+00
  35.00000  0.439428536527E+00
  35.10000  0.417623893485E+00
  35.20000  0.383251805672E+00
  35.30000  0.378452347800E+00
  35.40000  0.379180940677E+00
  35.50000  0.386566232648E+00
  35.60000  0.403185161603E+00
  35.70000  0.387758481614E+00
  35.80000  0.394834042650E+00
  35.90000  0.358297649875E+00
  36.00000  0.367636374439E+00
  36.10000  0.348461610562E+00
  36.20000  0.372255199974E+00
  36.30000  0.384175975767E+00
  36.40000  0.395948567922E+00
  36.50000  0.415368619948E+00
  36.60000  0.388968372426E+00
  36.70000  0.405690381812E+00
  36.80000  0.363395635083E+00
  36.90000  0.390525793623E+00
  37.00000  0.368964860102E+00
  37.10000  0.395249416794E+00
  37.20000  0.393740917119E+00
  37.30000  0.384050022428E+00
  37.40000  0.387269761348E+00
  37.50000  0.339429711441E+00
  37.60000  0.353355851529E+00
  37.70000  0.302848649538E+00
  37.80000  0.329507925068E+00
  37.90000  0.297722606386E+00
  38.00000  0.311527309619E+00
  38.10000  0.293938494406E+00
  38.20000  0.274532618150E+00
  38.30000  0.271553269826E+00
  38.40000  0.231444624296E+00
  38.50000  0.251315316887E+00
  38.60000  0.213898928334E+00
  38.70000  0.249443385031E+00
  38.80000  0.223241884833E+00
  38.90000  0.251542811938E+00
  39.00000  0.237243927220E+00
  39.10000  0.243115675754E+00
  39.20000  0.249300927971E+00
  39.30000  0.237214394840E+00
  39.40000  0.273475532022E+00
  39.50000  0.254552246406E+00
  39.60000  0.310713296301E+00
  39.70000  0.289402480400E+00
  39.80000  0.336989337641E+00
  39.90000  0.320580713135E+00
  40.00000  0.340552318700E+00
  40.10000  0.347788582304E+00
  40.20000  0.342086389663E+00
  40.30000  0.381579029695E+00
  40.40000  0.356526078069E+00
  40.50000  0.407411907353E+00
  40.60000  0.369395026066E+00
  40.70000  0.402463231946E+00
  40.80000  0.370530902482E+00
  40.90000  0.375669519305E+00
  41.00000  0.371013817774E+00
  41.10000  0.351449969832E+00
  41.20000  0.371818089526E+00
  41.30000  0.331986023547E+00
  41.40000  0.355944296116E+00
  41.50000  0.308201231588E+00
  41.60000  0.320513014748E+00
  41.70000  0.285419656303E+00
  41.80000  0.283329364842E+00
  41.90000  0.272263866979E+00
  42.00000  0.256034932089E+00
  42.10000  0.263506491462E+00
  42.20000  0.235862827677E+00
  42.30000  0.250999569408E+00
  42.40000  0.221605154639E+00
  42.50000  0.237938978181E+00
  42.60000  0.218889850366E+00
  42.70000  0.232400246643E+00
  42.80000  0.229463044269E+00
  42.90000  0.235471839400E+00
  43.00000  0.246457704178E+00
  43.10000  0.243032379423E+00
  43.20000  0.262879866116E+00
  43.30000  0.254672702068E+00
  43.40000  0.278339846117E+00
  43.50000  0.272987153155E+00
  43.60000  0.293913620902E+00
  43.70000  0.295226996821E+00
  43.80000  0.306753366406E+00
  43.90000  0.313869874394E+00
  44.00000  0.314770124813E+00
  44.10000  0.325107894765E+00
  44.20000  0.320028866111E+00
  44.30000  0.329555891968E+00
  44.40000  0.323159852950E+00
  44.50000  0.327156959262E+00
  44.60000  0.321097136966E+00
  44.70000  0.318224338264E+00
  44.80000  0.312483770477E+00
  44.90000  0.305766612828E+00
  45.00000  0.299085966827E+00
  45.10000  0.291875854060E+00
  45.20000  0.282412417789E+00
  45.30000  0.276015082635E+00
  45.40000  0.264297652962E+00
  45.50000  0.258859188227E+00
  45.60000  0.248543372108E+00
  45.70000  0.243118379381E+00
  45.80000  0.237717350725E+00
  45.90000  0.230157989303E+00
  46.00000  0.230788761997E+00
  46.10000  0.220140727784E+00
  46.20000  0.226393598820E+00
  46.30000  0.215143007882E+00
  46.40000  0.225463396860E+00
  46.50000  0.218088459250E+00
  46.60000  0.228510785296E+00
  46.70000  0.228394899616E+00
  46.80000  0.233297814734E+00
  46.90000  0.241995991950E+00
  47.00000  0.238256860271E+00
  47.10000  0.256118511060E+00
  47.20000  0.245969803083E+00
  47.30000  0.270346649307E+00
  47.40000  0.259275330758E+00
  47.50000  0.282291300620E+00
  47.60000  0.275818494151E+00
  47.70000  0.287724810893E+00
  47.80000  0.290961307010E+00
  47.90000  0.287193642683E+00
  48.00000  0.303384898739E+00
  48.10000  0.286699574712E+00
  48.20000  0.312560702793E+00
  48.30000  0.289581684991E+00
  48.40000  0.314497961846E+00
  48.50000  0.293586953935E+00
  48.60000  0.306595196756E+00
  48.70000  0.297080474231E+00
  48.80000  0.293540691917E+00
  48.90000  0.301129508623E+00
  49.00000  0.282570705140E+00
  49.10000  0.304167490405E+00
  49.20000  0.276029572309E+00
  49.30000  0.301617823731E+00
  49.40000  0.273208678827E+00
  49.50000  0.292783555133E+00
  49.60000  0.275393978137E+00
  49.70000  0.282747431911E+00
  49.80000  0.283669235859E+00
  49.90000  0.276150332321E+00
  50.00000  0.294488740680E+00
  50.10000  0.273808153088E+00
  50.20000  0.302539861395E+00
  50.30000  0.276485143234E+00
  50.40000  0.306768797835E+00
  50.50000  0.286828571843E+00
  50.60000  0.309772233824E+00
  50.70000  0.304863953441E+00
  50.80000  0.312825875395E+00
  50.90000  0.325407707926E+00
  51.00000  0.315976498049E+00
  51.10000  0.342968641072E+00
  51.20000  0.321916166849E+00
  51.30000  0.356222282525E+00
  51.40000  0.334380634915E+00
  51.50000  0.365391897300E+00
  51.60000  0.352459288745E+00
  51.70000  0.369476999815E+00
  51.80000  0.371032542522E+00
  51.90000  0.369524494311E+00
  52.00000  0.386670599965E+00
  52.10000  0.370599761094E+00
  52.20000  0.398619482968E+00
  52.30000  0.376499074048E+00
  52.40000  0.405067891552E+00
  52.50000  0.385660387245E+00
  52.60000  0.404271797645E+00
  52.70000  0.395133419067E+00
  52.80000  0.399194254528E+00
  52.90000  0.404460857330E+00
  53.00000  0.395600611764E+00
  53.10000  0.412656658487E+00
  53.20000  0.395528160815E+00
  53.30000  0.416107114646E+00
  53.40000  0.397241585490E+00
  53.50000  0.413470524336E+00
  53.60000  0.400604754653E+00
  53.70000  0.408842982235E+00
  53.80000  0.406895341704E+00
  53.90000  0.406389287347E+00
  54.00000  0.413807919922E+00
  54.10000  0.405510193768E+00
  54.20000  0.416717175458E+00
  54.30000  0.404773184281E+00
  54.40000  0.415472600082E+00
  54.50000  0.406282182614E+00
  54.60000  0.414442716343E+00
  54.70000  0.411512315755E+00
  54.80000  0.415196299697E+00
  54.90000  0.416604708775E+00
  55.00000  0.414915681245E+00
  55.10000  0.417250811612E+00
  55.20000  0.413076350176E+00
  55.30000  0.415356504721E+00
  55.40000  0.413236556454E+00
  55.50000  0.415291218387E+00
  55.60000  0.415913907431E+00
  55.70000  0.416199129387E+00
  55.80000  0.416043451258E+00
  55.90000  0.414285798083E+00
  56.00000  0.410931941492E+00
  56.10000  0.410537240988E+00
  56.20000  0.404897362334E+00
  56.30000  0.408970503251E+00
  56.40000  0.401961890007E+00
  56.50000  0.408236713873E+00
  56.60000  0.399550500888E+00
  56.70000  0.402552367717E+00
  56.80000  0.394322040366E+00
  56.90000  0.391332578090E+00
  57.00000  0.388920916176E+00
  57.10000  0.380574072108E+00
  57.20000  0.386749339470E+00
  57.30000  0.373392572522E+00
  57.40000  0.384217291757E+00
  57.50000  0.366398024708E+00
  57.60000  0.375246260981E+00
  57.70000  0.357746756401E+00
  57.80000  0.360904890927E+00
  57.90000  0.351508629103E+00
  58.00000  0.347537685754E+00
  58.10000  0.349942126205E+00
  58.20000  0.336917438995E+00
  58.30000  0.347608105222E+00
  58.40000  0.325597315023E+00
  58.50000  0.338524018369E+00
  58.60000  0.313679810743E+00
  58.70000  0.324609546721E+00
  58.80000  0.306389223225E+00
  58.90000  0.311384245863E+00
  59.00000  0.305037396980E+00
  59.10000  0.299057077104E+00
  59.20000  0.303290090015E+00
  59.30000  0.284468813548E+00
  59.40000  0.295729896150E+00
  59.50000  0.269529451469E+00
  59.60000  0.284535512263E+00
  59.70000  0.260314119379E+00
  59.80000  0.273729306271E+00
  59.90000  0.257710204729E+00
  60.00000  0.261907466983E+00
  60.10000  0.255565197603E+00
  60.20000  0.246116115389E+00
  60.30000  0.249518067809E+00
  60.40000  0.229419543790E+00
  60.50000  0.241782142322E+00
  60.60000  0.218247369078E+00
  60.70000  0.234792902093E+00
  60.80000  0.213462430266E+00
  60.90000  0.225720158327E+00
  61.00000  0.209864166732E+00
  61.10000  0.211519118534E+00
  61.20000  0.204464865232E+00
  61.30000  0.195505878510E+00
  61.40000  0.199595659709E+00
  61.50000  0.183825849055E+00
  61.60000  0.196544877030E+00
  61.70000  0.177390014050E+00
  61.80000  0.191539049751E+00
  61.90000  0.172176225341E+00
  62.00000  0.181238828736E+00
  62.10000  0.166558791807E+00
  62.20000  0.168459662141E+00
  62.30000  0.163189226783E+00
  62.40000  0.158520666288E+00
  62.50000  0.162933522374E+00
  62.60000  0.152195018962E+00
  62.70000  0.161754914480E+00
  62.80000  0.146357766138E+00
  62.90000  0.156075812814E+00
  63.00000  0.140380734254E+00
  63.10000  0.147893655308E+00
  63.20000  0.137326179869E+00
  63.30000  0.141487169123E+00
  63.40000  0.138270323320E+00
  63.50000  0.137273436351E+00
  63.60000  0.139523995596E+00
  63.70000  0.132506826789E+00
  63.80000  0.137516319803E+00
  63.90000  0.126984684413E+00
  64.00000  0.133549419536E+00
  64.10000  0.124035201748E+00
  64.20000  0.131039293557E+00
  64.30000  0.125208960315E+00
  64.40000  0.130019163556E+00
  64.50000  0.127452837488E+00
  64.60000  0.127711663894E+00
  64.70000  0.127414706293E+00
  64.80000  0.123827961889E+00
  64.90000  0.126028913867E+00
  65.00000  0.121677084426E+00
  65.10000  0.126264133935E+00
  65.20000  0.123178981170E+00
  65.30000  0.127979453033E+00
  65.40000  0.125828279354E+00
  65.50000  0.128264869635E+00
  65.60000  0.126497566889E+00
  65.70000  0.126526688050E+00
  65.80000  0.125989072001E+00
  65.90000  0.125854513838E+00
  66.00000  0.127184287209E+00
  66.10000  0.128302815444E+00
  66.20000  0.130044899562E+00
  66.30000  0.131641459053E+00
  66.40000  0.131682607587E+00
  66.50000  0.132792493217E+00
  66.60000  0.131299690389E+00
  66.70000  0.132415843907E+00
  66.80000  0.131795835157E+00
  66.90000  0.133379770769E+00
  67.00000  0.135267160546E+00
  67.10000  0.135850917357E+00
  67.20000  0.139597878935E+00
  67.30000  0.137128058281E+00
  67.40000  0.141608088202E+00
  67.50000  0.136426337253E+00
  67.60000  0.141653180082E+00
  67.70000  0.136640497753E+00
  67.80000  0.142387477113E+00
  67.90000  0.140038285357E+00
  68.00000  0.144020932866E+00
  68.10000  0.144738115801E+00
  68.20000  0.144004614579E+00
  68.30000  0.147538376734E+00
  68.40000  0.141629587581E+00
  68.50000  0.148420264799E+00
  68.60000  0.139886378134E+00
  68.70000  0.149591535440E+00
  68.80000  0.141393153980E+00
  68.90000  0.151036804747E+00
  69.00000  0.144806645823E+00
  69.10000  0.150141917537E+00
  69.20000  0.147230140864E+00
  69.30000  0.146075912808E+00
  69.40000  0.148451282492E+00
  69.50000  0.141748488073E+00
  69.60000  0.150230465204E+00
  69.70000  0.140096490745E+00
  69.80000  0.152229914060E+00
  69.90000  0.140518979417E+00
  70.00000  0.151600331588E+00
  70.10000  0.140775567838E+00
  70.20000  0.147085892600E+00
  70.30000  0.140800806833E+00
  70.40000  0.141109912801E+00
  70.50000  0.142183331808E+00
  70.60000  0.136593446681E+00
  70.70000  0.144486334521E+00
  70.80000  0.133562275486E+00
  70.90000  0.144734171464E+00
  71.00000  0.130529419645E+00
  71.10000  0.141125094990E+00
  71.20000  0.127806163517E+00
  71.30000  0.135236458252E+00
  71.40000  0.127139248429E+00
  71.50000  0.129518624305E+00
  71.60000  0.128403325407E+00
  71.70000  0.124237079876E+00
  71.80000  0.128886456513E+00
  71.90000  0.118414439461E+00
  72.00000  0.126456991674E+00
  72.10000  0.112655354690E+00
  72.20000  0.121802147575E+00
  72.30000  0.108960682953E+00
  72.40000  0.116634285176E+00
  72.50000  0.107801700625E+00
  72.60000  0.111078951837E+00
  72.70000  0.107151841163E+00
  72.80000  0.104278790582E+00
  72.90000  0.104978472961E+00
  73.00000  0.967963131076E-01
  73.10000  0.101370732830E+00
  73.20000  0.906587719434E-01
  73.30000  0.973823452180E-01
  73.40000  0.868792812394E-01
  73.50000  0.928858130366E-01
  73.60000  0.842807117193E-01
  73.70000  0.869068956240E-01
  73.80000  0.812753819463E-01
  73.90000  0.796523233094E-01
  74.00000  0.777472008366E-01
  74.10000  0.728136204978E-01
  74.20000  0.743907424424E-01
  74.30000  0.676153265452E-01
  74.40000  0.709881494895E-01
  74.50000  0.635643077510E-01
  74.60000  0.665018345422E-01
  74.70000  0.595864500420E-01
  74.80000  0.607219233391E-01
  74.90000  0.555865593801E-01
  75.00000  0.547863544822E-01
  75.10000  0.521483959132E-01
  75.20000  0.497903476857E-01
  75.30000  0.491827768656E-01
  75.40000  0.456131302918E-01
  75.50000  0.458031637012E-01
  75.60000  0.415461175135E-01
  75.70000  0.415631680758E-01
  75.80000  0.375140037912E-01
  75.90000  0.370851164546E-01
  76.00000  0.340334998496E-01
  76.10000  0.331877664787E-01
  76.20000  0.312075376669E-01
  76.30000  0.299008600344E-01
  76.40000  0.284447390217E-01
  76.50000  0.267270741840E-01
  76.60000  0.252837300833E-01
  76.70000  0.235346686012E-01
  76.80000  0.220053524257E-01
  76.90000  0.206898376129E-01
  77.00000  0.191784639593E-01
  77.10000  0.183871133690E-01
  77.20000  0.169168334721E-01
  77.30000  0.163086585932E-01
  77.40000  0.148954816812E-01
  77.50000  0.140823613149E-01
  77.60000  0.129300518877E-01
  77.70000  0.117830693424E-01
  77.80000  0.111950473692E-01
  77.90000  0.977931200776E-02
  78.00000  0.986155555606E-02
  78.10000  0.824732074288E-02
  78.20000  0.879088558302E-02
  78.30000  0.704776425268E-02
  78.40000  0.770970061025E-02
  78.50000  0.602087272307E-02
  78.60000  0.654695227006E-02
  78.70000  0.520415620978E-02
  78.80000  0.546851789161E-02
  78.90000  0.471715322706E-02
  79.00000  0.463821336877E-02
  79.10000  0.455253142571E-02
  79.20000  0.405425937296E-02
  79.30000  0.455902508534E-02
  79.40000  0.361828421121E-02
  79.50000  0.459198388618E-02
  79.60000  0.329157191846E-02
  79.70000  0.462844800814E-02
  79.80000  0.315134212245E-02
  79.90000  0.473517195370E-02
  80.00000  0.330933399971E-02
  80.10000  0.494409136040E-02
  80.20000  0.379064830683E-02
  80.30000  0.517501622845E-02
  80.40000  0.450427326683E-02
  80.50000  0.530487737700E-02
  80.60000  0.534248302102E-02
  80.70000  0.532453361891E-02
  80.80000  0.628367736069E-02
  80.90000  0.539364984271E-02
  81.00000  0.734426907325E-02
  81.10000  0.570367946667E-02
  81.20000  0.842871756327E-02
  81.30000  0.631296092857E-02
  81.40000  0.930794451079E-02
  81.50000  0.716856412651E-02
  81.60000  0.981084819989E-02
  81.70000  0.825994941523E-02
  81.80000  0.100024782446E-01
  81.90000  0.964297138476E-02
  82.00000  0.101108607302E-01
  82.10000  0.112672251605E-01
  82.20000  0.103067305337E-01
  82.30000  0.128653112233E-01
  82.40000  0.106388603046E-01
  82.50000  0.141114986651E-01
  82.60000  0.111756691509E-01
  82.70000  0.148773486244E-01
  82.80000  0.120803254222E-01
  82.90000  0.152669013413E-01
  83.00000  0.134503557711E-01
  83.10000  0.154265486588E-01
  83.20000  0.151294141232E-01
  83.30000  0.154273386864E-01
  83.40000  0.167730542701E-01
  83.50000  0.153667630147E-01
  83.60000  0.181063534153E-01
  83.70000  0.154796386190E-01
  83.80000  0.190585410847E-01
  83.90000  0.160266878262E-01
  84.00000  0.196567531608E-01
  84.10000  0.170656033619E-01
  84.20000  0.198970659604E-01
  84.30000  0.183964681936E-01
  84.40000  0.197992857735E-01
  84.50000  0.197458902860E-01
  84.60000  0.195418411810E-01
  84.70000  0.209518657445E-01
  84.80000  0.194347033915E-01
  84.90000  0.219517514831E-01
  85.00000  0.197109929261E-01
  85.10000  0.226679625562E-01
  85.20000  0.203715530397E-01
  85.30000  0.230077123451E-01
  85.40000  0.212521368054E-01
  85.50000  0.229972968846E-01
  85.60000  0.222042117439E-01
  85.70000  0.228531628462E-01
  85.80000  0.231641910716E-01
  85.90000  0.228543605098E-01
  86.00000  0.240672873434E-01
  86.10000  0.231372323233E-01
  86.20000  0.247820177362E-01
  86.30000  0.236413573831E-01
  86.40000  0.252036788696E-01
  86.50000  0.242499569732E-01
  86.60000  0.254030921429E-01
  86.70000  0.249275151294E-01
  86.80000  0.256132266961E-01
  86.90000  0.256807496118E-01
  87.00000  0.260268074731E-01
  87.10000  0.264316447456E-01
  87.20000  0.266358792278E-01
  87.30000  0.270317072178E-01
  87.40000  0.273075971719E-01
  87.50000  0.274462705021E-01
  87.60000  0.279790293770E-01
  87.70000  0.278600788426E-01
  87.80000  0.286929227801E-01
  87.90000  0.285180323396E-01
  88.00000  0.294364350541E-01
  88.10000  0.294746389645E-01
  88.20000  0.300579938804E-01
  88.30000  0.305760001881E-01
  88.40000  0.304453397008E-01
  88.50000  0.316851490476E-01
  88.60000  0.307447613174E-01
  88.70000  0.328127245164E-01
  88.80000  0.312842455422E-01
  88.90000  0.339603098111E-01
  89.00000  0.322567341498E-01
  89.10000  0.349397191061E-01
  89.20000  0.335758224784E-01
  89.30000  0.355084910738E-01
  89.40000  0.350822471919E-01
  89.50000  0.356951452019E-01
  89.60000  0.367655487845E-01
  89.70000  0.358558343857E-01
  89.80000  0.386450783693E-01
  89.90000  0.363451122453E-01
  90.00000  0.404943881866E-01
  90.10000  0.372349364157E-01
  90.20000  0.418858701991E-01
  90.30000  0.384475622325E-01
  90.40000  0.425906870859E-01
  90.50000  0.400467231767E-01
  90.60000  0.428163369749E-01
  90.70000  0.421850010216E-01
  90.80000  0.429508170037E-01
  90.90000  0.447391465515E-01
  91.00000  0.431780000603E-01
  91.10000  0.471954291538E-01
  91.20000  0.435033197231E-01
  91.30000  0.490406125187E-01
  91.40000  0.440944696136E-01
  91.50000  0.501802306705E-01
  91.60000  0.453387370447E-01
  91.70000  0.508400406148E-01
  91.80000  0.474302988535E-01
  91.90000  0.511439360149E-01
  92.00000  0.500414107585E-01
  92.10000  0.510213536953E-01
  92.20000  0.525772570919E-01
  92.30000  0.505773716848E-01
  92.40000  0.547000450961E-01
  92.50000  0.503204197736E-01
  92.60000  0.564253214935E-01
  92.70000  0.508065499297E-01
  92.80000  0.577277982755E-01
  92.90000  0.521167824535E-01
  93.00000  0.583199502764E-01
  93.10000  0.538676772330E-01
  93.20000  0.579982735830E-01
  93.30000  0.557175908939E-01
  93.40000  0.570715441039E-01
  93.50000  0.576392715958E-01
  93.60000  0.562039201160E-01
  93.70000  0.596043633807E-01
  93.80000  0.558202594145E-01
  93.90000  0.612192931625E-01
  94.00000  0.558503799897E-01
  94.10000  0.619413487513E-01
  94.20000  0.561046749081E-01
  94.30000  0.616442064681E-01
  94.40000  0.566752739693E-01
  94.50000  0.607535932560E-01
  94.60000  0.577541483563E-01
  94.70000  0.597530054804E-01
  94.80000  0.591503476704E-01
  94.90000  0.587352043545E-01
  95.00000  0.602624329249E-01
  95.10000  0.575811009697E-01
  95.20000  0.606210094816E-01
  95.30000  0.564292374088E-01
  95.40000  0.602915346887E-01
  95.50000  0.556920791533E-01
  95.60000  0.596150554672E-01
  95.70000  0.555584266100E-01
  95.80000  0.586899119264E-01
  95.90000  0.556909101306E-01
  96.00000  0.573297118851E-01
  96.10000  0.555698055299E-01
  96.20000  0.555139807892E-01
  96.30000  0.550288459665E-01
  96.40000  0.536306941352E-01
  96.50000  0.542754286000E-01
  96.60000  0.521181878815E-01
  96.70000  0.534295361576E-01
  96.80000  0.509832215980E-01
  96.90000  0.522768705733E-01
  97.00000  0.498529301708E-01
  97.10000  0.505860127293E-01
  97.20000  0.484723916352E-01
  97.30000  0.485137610740E-01
  97.40000  0.469610521468E-01
  97.50000  0.464995632749E-01
  97.60000  0.455175189278E-01
  97.70000  0.447775221927E-01
  97.80000  0.440437928223E-01
  97.90000  0.431626603019E-01
  98.00000  0.422410887500E-01
  98.10000  0.413706280486E-01
  98.20000  0.400351896881E-01
  98.30000  0.393997653832E-01
  98.40000  0.377254514373E-01
  98.50000  0.374620543922E-01
  98.60000  0.356497392515E-01
  98.70000  0.356089016991E-01
  98.80000  0.338232736419E-01
  98.90000  0.336086065986E-01
  99.00000  0.320155216640E-01
  99.10000  0.312488518512E-01
  99.20000  0.301108457895E-01
  99.30000  0.286389881985E-01
  99.40000  0.282389871460E-01
  99.50000  0.261054845234E-01
  99.60000  0.265253763827E-01
  99.70000  0.238402488687E-01
  99.80000  0.248454154296E-01
  99.90000  0.217696946452E-01
 100.00000  0.229344019216E-01
 100.10000  0.197726448096E-01
 100.20000  0.206981411745E-01
 100.30000  0.179029475697E-01
 100.40000  0.183112344119E-01
 100.50000  0.163107858532E-01
 100.60000  0.160020998447E-01
 100.70000  0.149995973013E-01
 100.80000  0.138344480319E-01
 100.90000  0.137680423853E-01
 101.00000  0.117527240822E-01
 101.10000  0.124103429764E-01
 101.20000  0.977583645558E-02
 101.30000  0.109045408878E-01
 101.40000  0.804722221752E-02
 101.50000  0.936694013021E-02
 101.60000  0.668308260812E-02
 101.70000  0.787675849801E-02
 101.80000  0.563903945745E-02
 101.90000  0.641531842424E-02
 102.00000  0.476596136873E-02
 102.10000  0.496748741521E-02
 102.20000  0.396202948320E-02
 102.30000  0.361207049886E-02
 102.40000  0.322727753139E-02
 102.50000  0.247429992777E-02
 102.60000  0.258977147253E-02
 102.70000  0.161703006477E-02
 102.80000  0.203743035773E-02
 102.90000  0.101141389781E-02
 103.00000  0.154289378524E-02
 103.10000  0.598199402469E-03
 103.20000  0.112055562699E-02
 103.30000  0.340688676110E-03
 103.40000  0.826349365906E-03
 103.50000  0.219101316516E-03
 103.60000  0.711060765641E-03
 103.70000  0.213660270556E-03
 103.80000  0.795386792586E-03
 103.90000  0.318512337915E-03
 104.00000  0.107909882795E-02
 104.10000  0.556036777256E-03
 104.20000  0.154165676237E-02
 104.30000  0.955620996149E-03
 104.40000  0.212847582111E-02
 104.50000  0.152764196881E-02
 104.60000  0.276863652123E-02
 104.70000  0.227902645799E-02
 104.80000  0.343139498743E-02
 104.90000  0.324366684665E-02
 105.00000  0.415313998563E-02
 105.10000  0.445931791163E-02
 105.20000  0.498734330181E-02
 105.30000  0.589818079959E-02
 105.40000  0.593919517548E-02
 105.50000  0.744802634077E-02
 105.60000  0.698201227434E-02
 105.70000  0.899429243156E-02
 105.80000  0.814060469982E-02
 105.90000  0.105137657429E-01
 106.00000  0.951648996341E-02
 106.10000  0.120571035032E-01
 106.20000  0.111928784299E-01
 106.30000  0.136399697159E-01
 106.40000  0.131267635309E-01
 106.50000  0.151951173813E-01
 106.60000  0.151746631045E-01
 106.70000  0.166646973406E-01
 106.80000  0.172325280477E-01
 106.90000  0.181154909466E-01
 107.00000  0.193133963834E-01
 107.10000  0.197090264594E-01
 107.20000  0.214612538431E-01
 107.30000  0.215408925335E-01
 107.40000  0.236204414513E-01
 107.50000  0.235445699829E-01
 107.60000  0.256495857258E-01
 107.70000  0.255836865211E-01
 107.80000  0.274802724377E-01
 107.90000  0.276137522642E-01
 108.00000  0.292173960989E-01
 108.10000  0.297008849729E-01
 108.20000  0.310383346431E-01
 108.30000  0.318738007035E-01
 108.40000  0.330050012034E-01
 108.50000  0.340125660804E-01
 108.60000  0.350204055639E-01
 108.70000  0.359383428789E-01
 108.80000  0.369776812436E-01
 108.90000  0.376055206546E-01
 109.00000  0.388999569041E-01
 109.10000  0.391547016963E-01
 109.20000  0.408825252315E-01
 109.30000  0.407552031536E-01
 109.40000  0.429115111537E-01
 109.50000  0.424324163646E-01
 109.60000  0.448028156032E-01
 109.70000  0.440917175204E-01
 109.80000  0.463567292880E-01
 109.90000  0.456940989973E-01
 110.00000  0.475467483227E-01
 110.10000  0.473420502549E-01
 110.20000  0.485144029759E-01
 110.30000  0.491525689831E-01
 110.40000  0.493863433247E-01
 110.50000  0.510736762307E-01
 110.60000  0.501507059539E-01
 110.70000  0.528798619832E-01
 110.80000  0.507450307136E-01
 110.90000  0.543594343748E-01
 111.00000  0.512304031320E-01
 111.10000  0.554690077626E-01
 111.20000  0.518135215551E-01
 111.30000  0.562789242481E-01
 111.40000  0.526718369005E-01
 111.50000  0.568009317721E-01
 111.60000  0.537868838068E-01
 111.70000  0.569329016922E-01
 111.80000  0.549810454336E-01
 111.90000  0.565971519088E-01
 112.00000  0.561015314655E-01
 112.10000  0.558963169418E-01
 112.20000  0.571222705912E-01
 112.30000  0.550844215243E-01
 112.40000  0.580516318725E-01
 112.50000  0.543789053622E-01
 112.60000  0.587843377527E-01
 112.70000  0.538310963862E-01
 112.80000  0.591030044815E-01
 112.90000  0.533918422733E-01
 113.00000  0.588422838466E-01
 113.10000  0.530655775576E-01
 113.20000  0.580248384103E-01
 113.30000  0.529463304227E-01
 113.40000  0.568149283761E-01
 113.50000  0.530893618655E-01
 113.60000  0.553569967525E-01
 113.70000  0.533835638381E-01
 113.80000  0.536945377234E-01
 113.90000  0.535899703740E-01
 114.00000  0.518493741342E-01
 114.10000  0.535088973602E-01
 114.20000  0.499381396620E-01
 114.30000  0.530875547806E-01
 114.40000  0.481635869324E-01
 114.50000  0.523610492980E-01
 114.60000  0.466804032002E-01
 114.70000  0.513226143128E-01
 114.80000  0.454898245440E-01
 114.90000  0.498934103194E-01
 115.00000  0.444786087514E-01
 115.10000  0.480270648662E-01
 115.20000  0.435450565701E-01
 115.30000  0.458144168573E-01
 115.40000  0.426626465746E-01
 115.50000  0.434553557364E-01
 115.60000  0.418223916754E-01
 115.70000  0.411258443267E-01
 115.80000  0.409455214538E-01
 115.90000  0.388881064973E-01
 116.00000  0.398864370511E-01
 116.10000  0.367311821980E-01
 116.20000  0.385295940873E-01
 116.30000  0.346716972802E-01
 116.40000  0.368715582585E-01
 116.50000  0.327833263141E-01
 116.60000  0.350008247967E-01
 116.70000  0.311229793418E-01
 116.80000  0.330067909166E-01
 116.90000  0.296514368530E-01
 117.00000  0.309221801725E-01
 117.10000  0.282490280774E-01
 117.20000  0.287530568498E-01
 117.30000  0.268092265561E-01
 117.40000  0.265454286040E-01
 117.50000  0.253044224087E-01
 117.60000  0.243997758215E-01
 117.70000  0.237609349021E-01
 117.80000  0.224112044862E-01
 117.90000  0.221905486536E-01
 118.00000  0.206017981190E-01
 118.10000  0.205663578240E-01
 118.20000  0.189209894866E-01
 118.30000  0.188640661844E-01
 118.40000  0.173109473629E-01
 118.50000  0.171101575253E-01
 118.60000  0.157605439701E-01
 118.70000  0.153786551156E-01
 118.80000  0.142906100424E-01
 118.90000  0.137424437200E-01
 119.00000  0.129000063448E-01
 119.10000  0.122310029754E-01
 119.20000  0.115472438975E-01
 119.30000  0.108319019901E-01
 119.40000  0.101909442851E-01
 119.50000  0.952632499071E-02
 119.60000  0.883587386310E-02
 119.70000  0.831760080229E-02
 119.80000  0.752967412967E-02
 119.90000  0.722235077665E-02
 120.00000  0.632138785229E-02
 120.10000  0.623733159524E-02
 120.20000  0.523269487654E-02
 120.30000  0.532657625913E-02
 120.40000  0.426447699776E-02
 120.50000  0.445024973121E-02
 120.60000  0.341822645230E-02
 120.70000  0.360164246515E-02
 120.80000  0.270541184774E-02
 120.90000  0.280747422809E-02
 121.00000  0.213697563404E-02
 121.10000  0.209749000903E-02
 121.20000  0.170433497193E-02
 121.30000  0.148629946836E-02
 121.40000  0.137460128718E-02
 121.50000  0.983167211069E-03
 121.60000  0.111128076835E-02
 121.70000  0.605975790904E-03
 121.80000  0.898308189478E-03
 121.90000  0.379224957818E-03
 122.00000  0.737883231084E-03
 122.10000  0.319415835411E-03
 122.20000  0.631565212059E-03
 122.30000  0.421166832587E-03
 122.40000  0.577236228530E-03
 122.50000  0.658590331571E-03
 122.60000  0.583815805392E-03
 122.70000  0.100390996520E-02
 122.80000  0.678762798689E-03
 122.90000  0.143933455050E-02
 123.00000  0.899312634509E-03
 123.10000  0.194473737820E-02
 123.20000  0.127579208067E-02
 123.30000  0.248579294077E-02
 123.40000  0.181780547525E-02
 123.50000  0.302830374136E-02
 123.60000  0.251916869380E-02
 123.70000  0.355992829688E-02
 123.80000  0.337856004216E-02
 123.90000  0.409523401671E-02
 124.00000  0.440002863937E-02
 124.10000  0.466661517106E-02
 124.20000  0.556618455993E-02
 124.30000  0.530418913751E-02
 124.40000  0.682762787639E-02
 124.50000  0.601938216949E-02
 124.60000  0.812311845407E-02
 124.70000  0.682293281568E-02
 124.80000  0.940311668008E-02
 124.90000  0.775358762133E-02
 125.00000  0.106477492447E-01
 125.10000  0.886099781883E-02
 125.20000  0.118650508521E-01
 125.30000  0.101661091341E-01
 125.40000  0.130515799892E-01
 125.50000  0.116527668414E-01
 125.60000  0.141730074231E-01
 125.70000  0.132775274482E-01
 125.80000  0.152121236344E-01
 125.90000  0.149907627072E-01
 126.00000  0.162064651228E-01
 126.10000  0.167727000540E-01
 126.20000  0.172233242965E-01
 126.30000  0.186223931098E-01
 126.40000  0.183253543459E-01
 126.50000  0.205022191250E-01
 126.60000  0.195400308776E-01
 126.70000  0.223381123171E-01
 126.80000  0.208467384018E-01
 126.90000  0.240638079076E-01
 127.00000  0.222322892813E-01
 127.10000  0.256478750540E-01
 127.20000  0.237316000405E-01
 127.30000  0.271207846856E-01
 127.40000  0.253770248103E-01
 127.50000  0.285477173914E-01
 127.60000  0.271610787080E-01
 127.70000  0.299388154833E-01
 127.80000  0.290359376575E-01
 127.90000  0.312579336237E-01
 128.00000  0.309090412569E-01
 128.10000  0.325056238886E-01
 128.20000  0.327105346046E-01
 128.30000  0.337268020180E-01
 128.40000  0.344534526555E-01
 128.50000  0.349959700000E-01
 128.60000  0.361653439405E-01
 128.70000  0.363806588120E-01
 128.80000  0.378320561534E-01
 128.90000  0.378638320678E-01
 129.00000  0.394021986687E-01
 129.10000  0.393764485786E-01
 129.20000  0.408094174540E-01
 129.30000  0.408752552493E-01
 129.40000  0.420647060282E-01
 129.50000  0.423506462406E-01
 129.60000  0.432624987277E-01
 129.70000  0.438420510470E-01
 129.80000  0.444706983036E-01
 129.90000  0.453654914781E-01
 130.00000  0.457173758622E-01
 130.10000  0.468266387187E-01
 130.20000  0.469818954514E-01
 130.30000  0.481277642692E-01
 130.40000  0.482050823924E-01
 130.50000  0.492382520308E-01
 130.60000  0.494138543478E-01
 130.70000  0.501795331113E-01
 130.80000  0.506919238730E-01
 130.90000  0.510357984424E-01
 131.00000  0.520705978139E-01
 131.10000  0.518487594459E-01
 131.20000  0.535150451292E-01
 131.30000  0.525802365785E-01
 131.40000  0.549103523964E-01
 131.50000  0.531960242752E-01
 131.60000  0.561647479161E-01
 131.70000  0.537028379680E-01
 131.80000  0.572744450195E-01
 131.90000  0.542091229855E-01
 132.00000  0.582616984194E-01
 132.10000  0.548313642623E-01
 132.20000  0.591648193363E-01
 132.30000  0.555833910833E-01
 132.40000  0.599283027230E-01
 132.50000  0.564403290455E-01
 132.60000  0.604342185289E-01
 132.70000  0.573242708664E-01
 132.80000  0.606655887074E-01
 132.90000  0.582084609606E-01
 133.00000  0.606603945429E-01
 133.10000  0.591712099146E-01
 133.20000  0.605266758529E-01
 133.30000  0.602381110433E-01
 133.40000  0.603639873653E-01
 133.50000  0.613753616589E-01
 133.60000  0.601555167610E-01
 133.70000  0.624653627807E-01
 133.80000  0.598711477590E-01
 133.90000  0.633804633325E-01
 134.00000  0.595061198859E-01
 134.10000  0.640889963230E-01
 134.20000  0.591541511037E-01
 134.30000  0.646182683976E-01
 134.40000  0.589356128072E-01
 134.50000  0.650352293775E-01
 134.60000  0.589066769967E-01
 134.70000  0.653001588500E-01
 134.80000  0.590565627607E-01
 134.90000  0.653343107176E-01
 135.00000  0.592726535359E-01
 135.10000  0.650872053454E-01
 135.20000  0.595291450718E-01
 135.30000  0.645558649151E-01
 135.40000  0.598512431198E-01
 135.50000  0.638819977109E-01
 135.60000  0.602810006212E-01
 135.70000  0.631539447498E-01
 135.80000  0.608433454761E-01
 135.90000  0.624107129974E-01
 136.00000  0.614217744903E-01
 136.10000  0.616243062952E-01
 136.20000  0.619068904781E-01
 136.30000  0.607478990272E-01
 136.40000  0.622159383424E-01
 136.50000  0.598406074781E-01
 136.60000  0.623726907091E-01
 136.70000  0.589993966052E-01
 136.80000  0.624385465560E-01
 136.90000  0.583332237380E-01
 137.00000  0.624395884802E-01
 137.10000  0.578380521550E-01
 137.20000  0.623258950808E-01
 137.30000  0.574629161461E-01
 137.40000  0.620073668295E-01
 137.50000  0.571150040385E-01
 137.60000  0.614776026116E-01
 137.70000  0.567971917660E-01
 137.80000  0.607723276462E-01
 137.90000  0.565593119659E-01
 138.00000  0.600308498266E-01
 138.10000  0.564367024215E-01
 138.20000  0.592947210196E-01
 138.30000  0.564242435508E-01
 138.40000  0.585726740882E-01
 138.50000  0.563981289398E-01
 138.60000  0.578057740567E-01
 138.70000  0.562921233857E-01
 138.80000  0.569737300232E-01
 138.90000  0.560561638567E-01
 139.00000  0.561463025354E-01
 139.10000  0.557595530042E-01
 139.20000  0.554077412432E-01
 139.30000  0.554527958307E-01
 139.40000  0.548321570620E-01
 139.50000  0.551514930689E-01
 139.60000  0.543858323164E-01
 139.70000  0.547898965570E-01
 139.80000  0.539988715077E-01
 139.90000  0.543111702537E-01
 140.00000  0.536043009035E-01
 140.10000  0.536986597863E-01
 140.20000  0.532190639959E-01
 140.30000  0.530365390625E-01
 140.40000  0.528863993592E-01
 140.50000  0.523995892500E-01
 140.60000  0.526605592974E-01
 140.70000  0.518469265204E-01
 140.80000  0.524863787816E-01
 140.90000  0.513407073423E-01
 141.00000  0.523088464278E-01
 141.10000  0.508400412765E-01
 141.20000  0.520248340287E-01
 141.30000  0.503325820561E-01
 141.40000  0.516628969206E-01
 141.50000  0.498699686878E-01
 141.60000  0.512435249849E-01
 141.70000  0.495391051225E-01
 141.80000  0.508522253157E-01
 141.90000  0.493665082946E-01
 142.00000  0.504617159830E-01
 142.10000  0.493330498730E-01
 142.20000  0.500412521555E-01
 142.30000  0.493503908740E-01
 142.40000  0.495163676548E-01
 142.50000  0.493818760080E-01
 142.60000  0.489019466102E-01
 142.70000  0.494272913326E-01
 142.80000  0.482510974771E-01
 142.90000  0.495448886438E-01
 143.00000  0.476536615427E-01
 143.10000  0.497643572549E-01
 143.20000  0.471450478247E-01
 143.30000  0.500555257719E-01
 143.40000  0.467099877563E-01
 143.50000  0.503507714817E-01
 143.60000  0.463029275767E-01
 143.70000  0.505680127257E-01
 143.80000  0.459115534702E-01
 143.90000  0.507108254445E-01
 144.00000  0.455784947547E-01
 144.10000  0.507937625021E-01
 144.20000  0.453702553823E-01
 144.30000  0.508885021500E-01
 144.40000  0.453338404544E-01
 144.50000  0.509663529222E-01
 144.60000  0.454466806955E-01
 144.70000  0.510143628684E-01
 144.80000  0.456648940573E-01
 144.90000  0.509431832853E-01
 145.00000  0.459314906087E-01
 145.10000  0.507747336236E-01
 145.20000  0.462695349188E-01
 145.30000  0.505212333037E-01
 145.40000  0.467015480313E-01
 145.50000  0.502829561608E-01
 145.60000  0.472882636279E-01
 145.70000  0.500769517514E-01
 145.80000  0.479878080920E-01
 145.90000  0.499111040329E-01
 146.00000  0.487627573866E-01
 146.10000  0.497280779848E-01
 146.20000  0.495132906486E-01
 146.30000  0.495107758818E-01
 146.40000  0.502336690347E-01
 146.50000  0.492869051536E-01
 146.60000  0.509258620685E-01
 146.70000  0.491223153279E-01
 146.80000  0.516469096826E-01
 146.90000  0.490832941367E-01
 147.00000  0.524001216167E-01
 147.10000  0.491781427701E-01
 147.20000  0.531534551773E-01
 147.30000  0.493749207940E-01
 147.40000  0.538447435110E-01
 147.50000  0.496330443480E-01
 147.60000  0.544340742861E-01
 147.70000  0.499341934787E-01
 147.80000  0.549287149859E-01
 147.90000  0.503237039485E-01
 148.00000  0.553860236079E-01
 148.10000  0.508320817064E-01
 148.20000  0.558319512667E-01
 148.30000  0.514860394641E-01
 148.40000  0.562947445448E-01
 148.50000  0.522451193441E-01
 148.60000  0.567079827510E-01
 148.70000  0.530443506730E-01
 148.80000  0.570708697698E-01
 148.90000  0.538613717716E-01
 149.00000  0.573620682700E-01
 149.10000  0.546698949366E-01
 149.20000  0.576492042857E-01
 149.30000  0.555427714119E-01
 149.40000  0.579962906359E-01
 149.50000  0.564655341622E-01
 149.60000  0.584181351056E-01
 149.70000  0.574486769238E-01
 149.80000  0.589276461450E-01
 149.90000  0.584159407934E-01
 150.00000  0.594442967711E-01
 150.10000  0.593056715966E-01
 150.20000  0.599764853598E-01
 150.30000  0.601141637811E-01
 150.40000  0.605233946100E-01
 150.50000  0.608473562313E-01
 150.60000  0.611486256070E-01
 150.70000  0.615778629981E-01
 150.80000  0.619018639311E-01
 150.90000  0.623125620892E-01
 151.00000  0.627750727646E-01
 151.10000  0.630409324467E-01
 151.20000  0.637347804683E-01
 151.30000  0.637148822667E-01
 151.40000  0.647212685436E-01
 151.50000  0.643066065195E-01
 151.60000  0.657101716902E-01
 151.70000  0.648209153589E-01
 151.80000  0.667092015300E-01
 151.90000  0.653163841488E-01
 152.00000  0.677671331786E-01
 152.10000  0.658414803081E-01
 152.20000  0.688756966689E-01
 152.30000  0.664064150022E-01
 152.40000  0.700277487272E-01
 152.50000  0.670160298497E-01
 152.60000  0.711587511361E-01
 152.70000  0.676079643631E-01
 152.80000  0.722092023450E-01
 152.90000  0.682072071642E-01
 153.00000  0.732080644488E-01
 153.10000  0.688446773906E-01
 153.20000  0.741428663321E-01
 153.30000  0.695494478601E-01
 153.40000  0.750655275930E-01
 153.50000  0.703892374742E-01
 153.60000  0.759763263733E-01
 153.70000  0.713181928471E-01
 153.80000  0.768081861974E-01
 153.90000  0.723087443359E-01
 154.00000  0.775486417285E-01
 154.10000  0.733358096003E-01
 154.20000  0.781528440162E-01
 154.30000  0.743736967621E-01
 154.40000  0.786489286836E-01
 154.50000  0.754816321616E-01
 154.60000  0.791060303270E-01
 154.70000  0.766913255753E-01
 154.80000  0.795525774372E-01
 154.90000  0.780103018948E-01
 155.00000  0.800009350779E-01
 155.10000  0.793996855815E-01
 155.20000  0.804094012607E-01
 155.30000  0.807946822599E-01
 155.40000  0.807519353830E-01
 155.50000  0.821585508918E-01
 155.60000  0.810176629114E-01
 155.70000  0.834633962440E-01
 155.80000  0.812391877552E-01
 155.90000  0.847588000974E-01
 156.00000  0.815035679432E-01
 156.10000  0.860765710760E-01
 156.20000  0.818274440513E-01
 156.30000  0.873883205258E-01
 156.40000  0.822201647944E-01
 156.50000  0.886886319291E-01
 156.60000  0.826750643295E-01
 156.70000  0.899089285008E-01
 156.80000  0.831281970475E-01
 156.90000  0.909993638585E-01
 157.00000  0.836004639003E-01
 157.10000  0.920022733364E-01
 157.20000  0.841360547774E-01
 157.30000  0.929253192387E-01
 157.40000  0.847417203363E-01
 157.50000  0.937858525623E-01
 157.60000  0.854548828964E-01
 157.70000  0.946083011161E-01
 157.80000  0.862628038632E-01
 157.90000  0.953475494377E-01
 158.00000  0.871113400124E-01
 158.10000  0.959733786444E-01
 158.20000  0.879835794920E-01
 158.30000  0.964901411170E-01
 158.40000  0.888783513046E-01
 158.50000  0.969257596883E-01
 158.60000  0.898286510522E-01
 158.70000  0.973400395162E-01
 158.80000  0.908596536579E-01
 158.90000  0.977448677777E-01
 159.00000  0.919377764774E-01
 159.10000  0.981238414394E-01
 159.20000  0.930368170677E-01
 159.30000  0.984757631683E-01
 159.40000  0.941174438618E-01
 159.50000  0.987617535219E-01
 159.60000  0.951192422757E-01
 159.70000  0.989771479407E-01
 159.80000  0.960677372752E-01
 159.90000  0.992069444451E-01
 160.00000  0.970253520941E-01
 160.10000  0.995033781642E-01
 160.20000  0.979878459672E-01
 160.30000  0.998633245392E-01
 160.40000  0.989365315677E-01
 160.50000  0.100290085211E+00
 160.60000  0.998495829102E-01
 160.70000  0.100753072322E+00
 160.80000  0.100662880190E+00
 160.90000  0.101199319866E+00
 161.00000  0.101338689339E+00
 161.10000  0.101636459689E+00
 161.20000  0.101908052810E+00
 161.30000  0.102115273328E+00
 161.40000  0.102416599623E+00
 161.50000  0.102677551509E+00
 161.60000  0.102898408116E+00
 161.70000  0.103348042969E+00
 161.80000  0.103364265004E+00
 161.90000  0.104110224032E+00
 162.00000  0.103778551742E+00
 162.10000  0.104907964272E+00
 162.20000  0.104095970622E+00
 162.30000  0.105703724723E+00
 162.40000  0.104310055091E+00
 162.50000  0.106496403658E+00
 162.60000  0.104440018405E+00
 162.70000  0.107297028721E+00
 162.80000  0.104516656688E+00
 162.90000  0.108129917912E+00
 163.00000  0.104585107332E+00
 163.10000  0.109020227425E+00
 163.20000  0.104670470482E+00
 163.30000  0.109951498726E+00
 163.40000  0.104750495062E+00
 163.50000  0.110871330000E+00
 163.60000  0.104792736795E+00
 163.70000  0.111743803910E+00
 163.80000  0.104797184992E+00
 163.90000  0.112569031096E+00
 164.00000  0.104790958283E+00
 164.10000  0.113363679696E+00
 164.20000  0.104806566601E+00
 164.30000  0.114142869097E+00
 164.40000  0.104867317176E+00
 164.50000  0.114905879683E+00
 164.60000  0.104973557897E+00
 164.70000  0.115627446250E+00
 164.80000  0.105104612565E+00
 164.90000  0.116274322434E+00
 165.00000  0.105244794999E+00
 165.10000  0.116833643716E+00
 165.20000  0.105402756464E+00
 165.30000  0.117318236962E+00
 165.40000  0.105603253055E+00
 165.50000  0.117749826776E+00
 165.60000  0.105869571112E+00
 165.70000  0.118144512700E+00
 165.80000  0.106212767753E+00
 165.90000  0.118503737869E+00
 166.00000  0.106622982467E+00
 166.10000  0.118806599598E+00
 166.20000  0.107068014863E+00
 166.30000  0.119018215859E+00
 166.40000  0.107514077388E+00
 166.50000  0.119120029369E+00
 166.60000  0.107956561549E+00
 166.70000  0.119133344544E+00
 166.80000  0.108426626503E+00
 166.90000  0.119107471957E+00
 167.00000  0.108964108230E+00
 167.10000  0.119083429140E+00
 167.20000  0.109583444026E+00
 167.30000  0.119066836748E+00
 167.40000  0.110260514512E+00
 167.50000  0.119028234118E+00
 167.60000  0.110945656479E+00
 167.70000  0.118926289625E+00
 167.80000  0.111592591711E+00
 167.90000  0.118739223088E+00
 168.00000  0.112186712981E+00
 168.10000  0.118485667887E+00
 168.20000  0.112753722715E+00
 168.30000  0.118218493503E+00
 168.40000  0.113339213979E+00
 168.50000  0.117992687618E+00
 168.60000  0.113972056236E+00
 168.70000  0.117830334139E+00
 168.80000  0.114639460675E+00
 168.90000  0.117709433888E+00
 169.00000  0.115292547537E+00
 169.10000  0.117584145463E+00
 169.20000  0.115877040158E+00
 169.30000  0.117420295439E+00
 169.40000  0.116366321145E+00
 169.50000  0.117221054145E+00
 169.60000  0.116774956841E+00
 169.70000  0.117026880719E+00
 169.80000  0.117145298915E+00
 169.90000  0.116891117885E+00
 170.00000  0.117516776475E+00
 170.10000  0.116847463558E+00
 170.20000  0.117897889569E+00
 170.30000  0.116890421118E+00
 170.40000  0.118259293802E+00
 170.50000  0.116981767813E+00
 170.60000  0.118552715425E+00
 170.70000  0.117078664046E+00
 170.80000  0.118742675918E+00
 170.90000  0.117163832372E+00
 171.00000  0.118828809083E+00
 171.10000  0.117256773351E+00
 171.20000  0.118843693849E+00
 171.30000  0.117399236091E+00
 171.40000  0.118829178773E+00
 171.50000  0.117626665586E+00
 171.60000  0.118808809043E+00
 171.70000  0.117945876212E+00
 171.80000  0.118774756613E+00
 171.90000  0.118332846164E+00
 172.00000  0.118696096552E+00
 172.10000  0.118749981783E+00
 172.20000  0.118541112017E+00
 172.30000  0.119170216505E+00
 172.40000  0.118298512678E+00
 172.50000  0.119592330228E+00
 172.60000  0.117984350642E+00
 172.70000  0.120038424773E+00
 172.80000  0.117631085693E+00
 172.90000  0.120536301833E+00
 173.00000  0.117266958432E+00
 173.10000  0.121099355623E+00
 173.20000  0.116899905414E+00
 173.30000  0.121717632841E+00
 173.40000  0.116516395796E+00
 173.50000  0.122365255006E+00
 173.60000  0.116094723343E+00
 173.70000  0.123017754687E+00
 173.80000  0.115622440563E+00
 173.90000  0.123666428699E+00
 174.00000  0.115105526371E+00
 174.10000  0.124320038316E+00
 174.20000  0.114563816702E+00
 174.30000  0.124994153944E+00
 174.40000  0.114017562284E+00
 174.50000  0.125697276363E+00
 174.60000  0.113475657717E+00
 174.70000  0.126424136725E+00
 174.80000  0.112933410810E+00
 174.90000  0.127159888177E+00
 175.00000  0.112379881225E+00
 175.10000  0.127890500612E+00
 175.20000  0.111808205346E+00
 175.30000  0.128611111718E+00
 175.40000  0.111221360669E+00
 175.50000  0.129326703999E+00
 175.60000  0.110630026532E+00
 175.70000  0.130045413178E+00
 175.80000  0.110044894926E+00
 175.90000  0.130770163572E+00
 176.00000  0.109469624546E+00
 176.10000  0.131495429118E+00
 176.20000  0.108899818431E+00
 176.30000  0.132211658893E+00
 176.40000  0.108328425856E+00
 176.50000  0.132913635859E+00
 176.60000  0.107752671552E+00
 176.70000  0.133605818496E+00
 176.80000  0.107176607557E+00
 176.90000  0.134299934155E+00
 177.00000  0.106607058757E+00
 177.10000  0.135006428177E+00
 177.20000  0.106045962730E+00
 177.30000  0.135726582118E+00
 177.40000  0.105485364163E+00
 177.50000  0.136452591885E+00
 177.60000  0.104909591567E+00
 177.70000  0.137177096767E+00
 177.80000  0.104303214496E+00
 177.90000  0.137906049303E+00
 178.00000  0.103657761927E+00
 178.10000  0.138665506718E+00
 178.20000  0.102970458642E+00
 178.30000  0.139497695730E+00
 178.40000  0.102233747642E+00
 178.50000  0.140451055827E+00
 178.60000  0.101420463921E+00
 178.70000  0.141575574018E+00
 178.80000  0.100470275586E+00
 178.90000  0.142936083595E+00
 179.00000  0.992770781322E-01
 179.10000  0.144655943086E+00
 179.20000  0.976627932384E-01
 179.30000  0.147016653670E+00
 179.40000  0.952889062824E-01
 179.50000  0.150723994077E+00
 179.60000  0.913200177503E-01
 179.70000  0.158000780170E+00
 179.80000  0.826130012220E-01
 179.90000  0.182885597175E+00
 180.00000  0.122105666193E-01

