 # E =    1.7498703890948288       eV =    14114.690000000001       1/cm
 #  1801
# DFFCSO.  ACCUM LEV(I),J(I) =  1  0 LEV(F),J(F) =  1  0       , M =  0, WEIGHTED BY  1.00000
   0.10000  0.428831934222E+07
   0.20000  0.981371712423E+06
   0.30000  0.216580477624E+06
   0.40000  0.189332467725E+05
   0.50000  0.599711221671E+05
   0.60000  0.320071505115E+05
   0.70000  0.154438766980E+03
   0.80000  0.110125722634E+05
   0.90000  0.755286544301E+04
   1.00000  0.319476315609E+04
   1.10000  0.354043710748E+04
   1.20000  0.319884157666E+04
   1.30000  0.319056630728E+04
   1.40000  0.509764795144E+04
   1.50000  0.380544014763E+04
   1.60000  0.281717099120E+04
   1.70000  0.306430298285E+04
   1.80000  0.337445143551E+04
   1.90000  0.253209740133E+04
   2.00000  0.231422251457E+04
   2.10000  0.203084007997E+04
   2.20000  0.160830462812E+04
   2.30000  0.120518317375E+04
   2.40000  0.103841860544E+04
   2.50000  0.822653421551E+03
   2.60000  0.522417089690E+03
   2.70000  0.438166573697E+03
   2.80000  0.417910610189E+03
   2.90000  0.472864999507E+03
   3.00000  0.403177858559E+03
   3.10000  0.318026555078E+03
   3.20000  0.187073666308E+03
   3.30000  0.204311750001E+03
   3.40000  0.327846295793E+03
   3.50000  0.426420642391E+03
   3.60000  0.433917624673E+03
   3.70000  0.348956634574E+03
   3.80000  0.299345315519E+03
   3.90000  0.240075189040E+03
   4.00000  0.291978680279E+03
   4.10000  0.333861824118E+03
   4.20000  0.335531189345E+03
   4.30000  0.247800928851E+03
   4.40000  0.182025647979E+03
   4.50000  0.169113506063E+03
   4.60000  0.161439460027E+03
   4.70000  0.169404048272E+03
   4.80000  0.140978198721E+03
   4.90000  0.102209815279E+03
   5.00000  0.526869237550E+02
   5.10000  0.482305798853E+02
   5.20000  0.648397266540E+02
   5.30000  0.765045448124E+02
   5.40000  0.786173485274E+02
   5.50000  0.575460523365E+02
   5.60000  0.313569947381E+02
   5.70000  0.976371255027E+01
   5.80000  0.139605748566E+02
   5.90000  0.287291169266E+02
   6.00000  0.418904741166E+02
   6.10000  0.454895717539E+02
   6.20000  0.339397134435E+02
   6.30000  0.180018004264E+02
   6.40000  0.544817217519E+01
   6.50000  0.887060438822E+01
   6.60000  0.166321016973E+02
   6.70000  0.247466492141E+02
   6.80000  0.263703292537E+02
   6.90000  0.225870497262E+02
   7.00000  0.158082082043E+02
   7.10000  0.102134345632E+02
   7.20000  0.139297221712E+02
   7.30000  0.145699680593E+02
   7.40000  0.166960826731E+02
   7.50000  0.170307459370E+02
   7.60000  0.181522217714E+02
   7.70000  0.180577601941E+02
   7.80000  0.190381326760E+02
   7.90000  0.242234534654E+02
   8.00000  0.204835348225E+02
   8.10000  0.187652766201E+02
   8.20000  0.161191581429E+02
   8.30000  0.151857161138E+02
   8.40000  0.166595535795E+02
   8.50000  0.215354170301E+02
   8.60000  0.287237798777E+02
   8.70000  0.266065497252E+02
   8.80000  0.266424962753E+02
   8.90000  0.225078318925E+02
   9.00000  0.177283455760E+02
   9.10000  0.164539417716E+02
   9.20000  0.181621734604E+02
   9.30000  0.221264352048E+02
   9.40000  0.219363881377E+02
   9.50000  0.258006912895E+02
   9.60000  0.249446117513E+02
   9.70000  0.226968296455E+02
   9.80000  0.219911682589E+02
   9.90000  0.196641780403E+02
  10.00000  0.178701771317E+02
  10.10000  0.152406969800E+02
  10.20000  0.175581877207E+02
  10.30000  0.183055612336E+02
  10.40000  0.207947277422E+02
  10.50000  0.244991704127E+02
  10.60000  0.235401625487E+02
  10.70000  0.209814965618E+02
  10.80000  0.161793633383E+02
  10.90000  0.134687430062E+02
  11.00000  0.110736875649E+02
  11.10000  0.132438134668E+02
  11.20000  0.182361991174E+02
  11.30000  0.202333487421E+02
  11.40000  0.216204230042E+02
  11.50000  0.191695698203E+02
  11.60000  0.153048006653E+02
  11.70000  0.107727919431E+02
  11.80000  0.957438150564E+01
  11.90000  0.109397615447E+02
  12.00000  0.119494117912E+02
  12.10000  0.150682938627E+02
  12.20000  0.154152854018E+02
  12.30000  0.143030860392E+02
  12.40000  0.121549492699E+02
  12.50000  0.106285854116E+02
  12.60000  0.952301103709E+01
  12.70000  0.829130173381E+01
  12.80000  0.955939421610E+01
  12.90000  0.907271984435E+01
  13.00000  0.897556049498E+01
  13.10000  0.911532409937E+01
  13.20000  0.902988624923E+01
  13.30000  0.876576438252E+01
  13.40000  0.802960217479E+01
  13.50000  0.834834466909E+01
  13.60000  0.670835613811E+01
  13.70000  0.610552208426E+01
  13.80000  0.608010594746E+01
  13.90000  0.571570453335E+01
  14.00000  0.601929522203E+01
  14.10000  0.606018862007E+01
  14.20000  0.630986127029E+01
  14.30000  0.512849141631E+01
  14.40000  0.489541909073E+01
  14.50000  0.477588687756E+01
  14.60000  0.425726634947E+01
  14.70000  0.478838272386E+01
  14.80000  0.468340971084E+01
  14.90000  0.433743531626E+01
  15.00000  0.335379725225E+01
  15.10000  0.285926432927E+01
  15.20000  0.251619101741E+01
  15.30000  0.243755889354E+01
  15.40000  0.356244895260E+01
  15.50000  0.396886947905E+01
  15.60000  0.407136891682E+01
  15.70000  0.357357237835E+01
  15.80000  0.251061339042E+01
  15.90000  0.143433969828E+01
  16.00000  0.809145915830E+00
  16.10000  0.128530606025E+01
  16.20000  0.178480099351E+01
  16.30000  0.265125225420E+01
  16.40000  0.319504645930E+01
  16.50000  0.284255756683E+01
  16.60000  0.216276986794E+01
  16.70000  0.125367905029E+01
  16.80000  0.683397867117E+00
  16.90000  0.332855512942E+00
  17.00000  0.646566281958E+00
  17.10000  0.115482907019E+01
  17.20000  0.144683472746E+01
  17.30000  0.171672434327E+01
  17.40000  0.158473643892E+01
  17.50000  0.128468516523E+01
  17.60000  0.800910555357E+00
  17.70000  0.503776799314E+00
  17.80000  0.260863758980E+00
  17.90000  0.136568060988E+00
  18.00000  0.322940123766E+00
  18.10000  0.519518773673E+00
  18.20000  0.781199511389E+00
  18.30000  0.889224993399E+00
  18.40000  0.960667136083E+00
  18.50000  0.726548295428E+00
  18.60000  0.393033512319E+00
  18.70000  0.179432730063E+00
  18.80000  0.194258714589E-02
  18.90000  0.664795578551E-01
  19.00000  0.242337224443E+00
  19.10000  0.568201648406E+00
  19.20000  0.637315018926E+00
  19.30000  0.604381183819E+00
  19.40000  0.494116052554E+00
  19.50000  0.198392130214E+00
  19.60000  0.517541228707E-01
  19.70000  0.105037434082E-01
  19.80000  0.147005956872E+00
  19.90000  0.219210489059E+00
  20.00000  0.332491983486E+00
  20.10000  0.365014671873E+00
  20.20000  0.198006147233E+00
  20.30000  0.115231457412E+00
  20.40000  0.205877119993E-01
  20.50000  0.873559214290E-02
  20.60000  0.392391342047E-01
  20.70000  0.105044394553E+00
  20.80000  0.128844271177E+00
  20.90000  0.754678756005E-01
  21.00000  0.486622575021E-01
  21.10000  0.612571326399E-02
  21.20000  0.224449598749E-01
  21.30000  0.938949217251E-01
  21.40000  0.156853217533E+00
  21.50000  0.193506780746E+00
  21.60000  0.184757334871E+00
  21.70000  0.983744428544E-01
  21.80000  0.521625800856E-01
  21.90000  0.366726025907E-01
  22.00000  0.737437057130E-01
  22.10000  0.203699332801E+00
  22.20000  0.314067446574E+00
  22.30000  0.393753724344E+00
  22.40000  0.370625655038E+00
  22.50000  0.327872483528E+00
  22.60000  0.207223182898E+00
  22.70000  0.100443869823E+00
  22.80000  0.135455636303E+00
  22.90000  0.144680884799E+00
  23.00000  0.249589321938E+00
  23.10000  0.363725331483E+00
  23.20000  0.408016915380E+00
  23.30000  0.393801237935E+00
  23.40000  0.318743163372E+00
  23.50000  0.251651345431E+00
  23.60000  0.123144986697E+00
  23.70000  0.100099741931E+00
  23.80000  0.129419793481E+00
  23.90000  0.142605591411E+00
  24.00000  0.253798766441E+00
  24.10000  0.305750764500E+00
  24.20000  0.323416303163E+00
  24.30000  0.314954426287E+00
  24.40000  0.257418357571E+00
  24.50000  0.187049983747E+00
  24.60000  0.103280915924E+00
  24.70000  0.106611407114E+00
  24.80000  0.892864705363E-01
  24.90000  0.122383248500E+00
  25.00000  0.224151673453E+00
  25.10000  0.236752394988E+00
  25.20000  0.276239129088E+00
  25.30000  0.273577295267E+00
  25.40000  0.222912995758E+00
  25.50000  0.160749635084E+00
  25.60000  0.106393278847E+00
  25.70000  0.954599703675E-01
  25.80000  0.561995396690E-01
  25.90000  0.101977587126E+00
  26.00000  0.134983855911E+00
  26.10000  0.129418619895E+00
  26.20000  0.166125552852E+00
  26.30000  0.136836972350E+00
  26.40000  0.104287037768E+00
  26.50000  0.774590784654E-01
  26.60000  0.450844271667E-01
  26.70000  0.250803451988E-01
  26.80000  0.118566362327E-01
  26.90000  0.316673818990E-01
  27.00000  0.250358487736E-01
  27.10000  0.392954869452E-01
  27.20000  0.790161684523E-01
  27.30000  0.616566164857E-01
  27.40000  0.956083225415E-01
  27.50000  0.109375047496E+00
  27.60000  0.756908172749E-01
  27.70000  0.936682980758E-01
  27.80000  0.682782050944E-01
  27.90000  0.625397116301E-01
  28.00000  0.723134041723E-01
  28.10000  0.125119669455E+00
  28.20000  0.179166523396E+00
  28.30000  0.208274099858E+00
  28.40000  0.320412069797E+00
  28.50000  0.293495846557E+00
  28.60000  0.277422200143E+00
  28.70000  0.282398123945E+00
  28.80000  0.194101251996E+00
  28.90000  0.179457222858E+00
  29.00000  0.177681820486E+00
  29.10000  0.238658260161E+00
  29.20000  0.258715893744E+00
  29.30000  0.329182060117E+00
  29.40000  0.395213761898E+00
  29.50000  0.315254141488E+00
  29.60000  0.317521713982E+00
  29.70000  0.239725432594E+00
  29.80000  0.150371188602E+00
  29.90000  0.123476046465E+00
  30.00000  0.109695184010E+00
  30.10000  0.132243141371E+00
  30.20000  0.128602941356E+00
  30.30000  0.184775344515E+00
  30.40000  0.159880957607E+00
  30.50000  0.115988408441E+00
  30.60000  0.107957643812E+00
  30.70000  0.400852067747E-01
  30.80000  0.152021312283E-01
  30.90000  0.472505872284E-02
  31.00000  0.693027387897E-02
  31.10000  0.684462173392E-02
  31.20000  0.971286288981E-02
  31.30000  0.185529924068E-01
  31.40000  0.544281557710E-02
  31.50000  0.115219305776E-01
  31.60000  0.226327930487E-01
  31.70000  0.382489423460E-01
  31.80000  0.561218911621E-01
  31.90000  0.644584424205E-01
  32.00000  0.584703139524E-01
  32.10000  0.456682117959E-01
  32.20000  0.192545289500E-01
  32.30000  0.916907115238E-02
  32.40000  0.278432663817E-01
  32.50000  0.492750340113E-01
  32.60000  0.103474456183E+00
  32.70000  0.149785631634E+00
  32.80000  0.172860644710E+00
  32.90000  0.170079515510E+00
  33.00000  0.137375754542E+00
  33.10000  0.918204254823E-01
  33.20000  0.368053952256E-01
  33.30000  0.212318658374E-01
  33.40000  0.234423915530E-01
  33.50000  0.498783322929E-01
  33.60000  0.106959401218E+00
  33.70000  0.141667306975E+00
  33.80000  0.164632711731E+00
  33.90000  0.165467527668E+00
  34.00000  0.132100759366E+00
  34.10000  0.922288709475E-01
  34.20000  0.506640263388E-01
  34.30000  0.164482751032E-01
  34.40000  0.206367275647E-02
  34.50000  0.274622523689E-02
  34.60000  0.208974347683E-01
  34.70000  0.393819590015E-01
  34.80000  0.780569909201E-01
  34.90000  0.107456613057E+00
  35.00000  0.119080679143E+00
  35.10000  0.156536715071E+00
  35.20000  0.136289429844E+00
  35.30000  0.112311269447E+00
  35.40000  0.929459729459E-01
  35.50000  0.371840332550E-01
  35.60000  0.135964737633E-01
  35.70000  0.935009721078E-02
  35.80000  0.576167029139E-01
  35.90000  0.102752097399E+00
  36.00000  0.191785807021E+00
  36.10000  0.289923567111E+00
  36.20000  0.287625770053E+00
  36.30000  0.315496702301E+00
  36.40000  0.261686649413E+00
  36.50000  0.161936780880E+00
  36.60000  0.106980941058E+00
  36.70000  0.595262337477E-01
  36.80000  0.791157924707E-01
  36.90000  0.127821019192E+00
  37.00000  0.268635707738E+00
  37.10000  0.362851524014E+00
  37.20000  0.416525762218E+00
  37.30000  0.489131634204E+00
  37.40000  0.397162235845E+00
  37.50000  0.311057951504E+00
  37.60000  0.220852598191E+00
  37.70000  0.111317945630E+00
  37.80000  0.825932491442E-01
  37.90000  0.108433443982E+00
  38.00000  0.215851905944E+00
  38.10000  0.289753780944E+00
  38.20000  0.411202181015E+00
  38.30000  0.483822468331E+00
  38.40000  0.425700393056E+00
  38.50000  0.405980184866E+00
  38.60000  0.286086544445E+00
  38.70000  0.160520390707E+00
  38.80000  0.102210834669E+00
  38.90000  0.629714614022E-01
  39.00000  0.919250347697E-01
  39.10000  0.146583179820E+00
  39.20000  0.260543666421E+00
  39.30000  0.311454558765E+00
  39.40000  0.338969770260E+00
  39.50000  0.365425465069E+00
  39.60000  0.269813125352E+00
  39.70000  0.205339465552E+00
  39.80000  0.133320787651E+00
  39.90000  0.491968448444E-01
  40.00000  0.325953201776E-01
  40.10000  0.399109247316E-01
  40.20000  0.866677791365E-01
  40.30000  0.132084338572E+00
  40.40000  0.201050773897E+00
  40.50000  0.242020894536E+00
  40.60000  0.233417874791E+00
  40.70000  0.238919470228E+00
  40.80000  0.181002819570E+00
  40.90000  0.118181217733E+00
  41.00000  0.813027361105E-01
  41.10000  0.305176635587E-01
  41.20000  0.290661418494E-01
  41.30000  0.612244693814E-01
  41.40000  0.114235141619E+00
  41.50000  0.188415007350E+00
  41.60000  0.256421855443E+00
  41.70000  0.304948307000E+00
  41.80000  0.303936631294E+00
  41.90000  0.275756664968E+00
  42.00000  0.214767360214E+00
  42.10000  0.130259404694E+00
  42.20000  0.944711306912E-01
  42.30000  0.752590422513E-01
  42.40000  0.108095013193E+00
  42.50000  0.210245595954E+00
  42.60000  0.298675089865E+00
  42.70000  0.394734141100E+00
  42.80000  0.451112033508E+00
  42.90000  0.437020057515E+00
  43.00000  0.373523281757E+00
  43.10000  0.273800904026E+00
  43.20000  0.185794960311E+00
  43.30000  0.106477990003E+00
  43.40000  0.111316701973E+00
  43.50000  0.171623086369E+00
  43.60000  0.242994361153E+00
  43.70000  0.366397873770E+00
  43.80000  0.429810330713E+00
  43.90000  0.439490184202E+00
  44.00000  0.409962354123E+00
  44.10000  0.312883713989E+00
  44.20000  0.207559413465E+00
  44.30000  0.112684817847E+00
  44.40000  0.728546778050E-01
  44.50000  0.647999187917E-01
  44.60000  0.106052152112E+00
  44.70000  0.189921284305E+00
  44.80000  0.228118826128E+00
  44.90000  0.270795963904E+00
  45.00000  0.271954870709E+00
  45.10000  0.213272534822E+00
  45.20000  0.163165862339E+00
  45.30000  0.928124235336E-01
  45.40000  0.373440641075E-01
  45.50000  0.101794993254E-01
  45.60000  0.823138117592E-02
  45.70000  0.261553156988E-01
  45.80000  0.450807358616E-01
  45.90000  0.888360884435E-01
  46.00000  0.101796674693E+00
  46.10000  0.109512778001E+00
  46.20000  0.128618401731E+00
  46.30000  0.987150293727E-01
  46.40000  0.861846268704E-01
  46.50000  0.678204926512E-01
  46.60000  0.284491684623E-01
  46.70000  0.148585780788E-01
  46.80000  0.280691388568E-02
  46.90000  0.102551634370E-01
  47.00000  0.262132454146E-01
  47.10000  0.678352801366E-01
  47.20000  0.109181341686E+00
  47.30000  0.125417866922E+00
  47.40000  0.160911405121E+00
  47.50000  0.143800950852E+00
  47.60000  0.111318830258E+00
  47.70000  0.911825029504E-01
  47.80000  0.413650875383E-01
  47.90000  0.225172445972E-01
  48.00000  0.228756891795E-01
  48.10000  0.415420018335E-01
  48.20000  0.716233283773E-01
  48.30000  0.106390596606E+00
  48.40000  0.141337489889E+00
  48.50000  0.135567399550E+00
  48.60000  0.132082421664E+00
  48.70000  0.107404482609E+00
  48.80000  0.619094827732E-01
  48.90000  0.421156200224E-01
  49.00000  0.186300869534E-01
  49.10000  0.121628776842E-01
  49.20000  0.259664266764E-01
  49.30000  0.416504806309E-01
  49.40000  0.622022049991E-01
  49.50000  0.783495697343E-01
  49.60000  0.860793450961E-01
  49.70000  0.833382407237E-01
  49.80000  0.721373860341E-01
  49.90000  0.553170194321E-01
  50.00000  0.354544924224E-01
  50.10000  0.190744937431E-01
  50.20000  0.104694942176E-01
  50.30000  0.674906311508E-02
  50.40000  0.246804848968E-01
  50.50000  0.453204983767E-01
  50.60000  0.682975441812E-01
  50.70000  0.110019246379E+00
  50.80000  0.118751843933E+00
  50.90000  0.125059389219E+00
  51.00000  0.122978535170E+00
  51.10000  0.858494651756E-01
  51.20000  0.601907361025E-01
  51.30000  0.344628376990E-01
  51.40000  0.276583407157E-01
  51.50000  0.349557468119E-01
  51.60000  0.738831357757E-01
  51.70000  0.129280588896E+00
  51.80000  0.156015299524E+00
  51.90000  0.205728985706E+00
  52.00000  0.206001158809E+00
  52.10000  0.170470757860E+00
  52.20000  0.145529226586E+00
  52.30000  0.844937688711E-01
  52.40000  0.453177319605E-01
  52.50000  0.287030371675E-01
  52.60000  0.434035052739E-01
  52.70000  0.730765491603E-01
  52.80000  0.113739583163E+00
  52.90000  0.173857210091E+00
  53.00000  0.177278805833E+00
  53.10000  0.182288328343E+00
  53.20000  0.165583798255E+00
  53.30000  0.104021455897E+00
  53.40000  0.698356084240E-01
  53.50000  0.311892636377E-01
  53.60000  0.111171080579E-01
  53.70000  0.129839872248E-01
  53.80000  0.343756876747E-01
  53.90000  0.625922347395E-01
  54.00000  0.750150101930E-01
  54.10000  0.102180045869E+00
  54.20000  0.951845886050E-01
  54.30000  0.776132618808E-01
  54.40000  0.696395644579E-01
  54.50000  0.374270644430E-01
  54.60000  0.201049204391E-01
  54.70000  0.905588727615E-02
  54.80000  0.234058194437E-03
  54.90000  0.841108822679E-03
  55.00000  0.678457198400E-02
  55.10000  0.205358072704E-01
  55.20000  0.306625384888E-01
  55.30000  0.481818953129E-01
  55.40000  0.629525210870E-01
  55.50000  0.684431396035E-01
  55.60000  0.732902748844E-01
  55.70000  0.647263831390E-01
  55.80000  0.485736759333E-01
  55.90000  0.342710079010E-01
  56.00000  0.156531754287E-01
  56.10000  0.972139626408E-02
  56.20000  0.203280425614E-01
  56.30000  0.348415906075E-01
  56.40000  0.685671210730E-01
  56.50000  0.100973252749E+00
  56.60000  0.121401338013E+00
  56.70000  0.136490855298E+00
  56.80000  0.128678279503E+00
  56.90000  0.108914738577E+00
  57.00000  0.802553421167E-01
  57.10000  0.604331105656E-01
  57.20000  0.477631530292E-01
  57.30000  0.476213273853E-01
  57.40000  0.812347289369E-01
  57.50000  0.103019409237E+00
  57.60000  0.134794366086E+00
  57.70000  0.166239753390E+00
  57.80000  0.159806488667E+00
  57.90000  0.153163417915E+00
  58.00000  0.128263596822E+00
  58.10000  0.960603036551E-01
  58.20000  0.701970371666E-01
  58.30000  0.587685435486E-01
  58.40000  0.667459584858E-01
  58.50000  0.722360163883E-01
  58.60000  0.107064691562E+00
  58.70000  0.126717505182E+00
  58.80000  0.128809997100E+00
  58.90000  0.142278827364E+00
  59.00000  0.117277611065E+00
  59.10000  0.923930860497E-01
  59.20000  0.718380768510E-01
  59.30000  0.449040426913E-01
  59.40000  0.336087723435E-01
  59.50000  0.311138777059E-01
  59.60000  0.454203214026E-01
  59.70000  0.518459828769E-01
  59.80000  0.682656324599E-01
  59.90000  0.843326364796E-01
  60.00000  0.736399748157E-01
  60.10000  0.771060007285E-01
  60.20000  0.638986942398E-01
  60.30000  0.409550797759E-01
  60.40000  0.339519364588E-01
  60.50000  0.170714242126E-01
  60.60000  0.963850292354E-02
  60.70000  0.106573580176E-01
  60.80000  0.154871909884E-01
  60.90000  0.252603552664E-01
  61.00000  0.367473239566E-01
  61.10000  0.546340568873E-01
  61.20000  0.612214672925E-01
  61.30000  0.688363447744E-01
  61.40000  0.739707475761E-01
  61.50000  0.612780421373E-01
  61.60000  0.559768291866E-01
  61.70000  0.441272178562E-01
  61.80000  0.277739413625E-01
  61.90000  0.296351737986E-01
  62.00000  0.287211340112E-01
  62.10000  0.384335505777E-01
  62.20000  0.618191123394E-01
  62.30000  0.788376832956E-01
  62.40000  0.997777379623E-01
  62.50000  0.113999777048E+00
  62.60000  0.118421444465E+00
  62.70000  0.112179129506E+00
  62.80000  0.999460620030E-01
  62.90000  0.898238882036E-01
  63.00000  0.698016623422E-01
  63.10000  0.697784622572E-01
  63.20000  0.751291358568E-01
  63.30000  0.766820697742E-01
  63.40000  0.104634353014E+00
  63.50000  0.116583617616E+00
  63.60000  0.125643799065E+00
  63.70000  0.139608462539E+00
  63.80000  0.130418486912E+00
  63.90000  0.121997377119E+00
  64.00000  0.109001617092E+00
  64.10000  0.984010085746E-01
  64.20000  0.871096385547E-01
  64.30000  0.845093282214E-01
  64.40000  0.972683029092E-01
  64.50000  0.939168532661E-01
  64.60000  0.110028214558E+00
  64.70000  0.120291376602E+00
  64.80000  0.109532938108E+00
  64.90000  0.116403423506E+00
  65.00000  0.102781703033E+00
  65.10000  0.870166833691E-01
  65.20000  0.811701031525E-01
  65.30000  0.696085808679E-01
  65.40000  0.662647203884E-01
  65.50000  0.647138347512E-01
  65.60000  0.736170752098E-01
  65.70000  0.739990793754E-01
  65.80000  0.760614915294E-01
  65.90000  0.853679029395E-01
  66.00000  0.719167435898E-01
  66.10000  0.702966798368E-01
  66.20000  0.655678197323E-01
  66.30000  0.480205494564E-01
  66.40000  0.480163541230E-01
  66.50000  0.414457888151E-01
  66.60000  0.372780453768E-01
  66.70000  0.423636048315E-01
  66.80000  0.437851524763E-01
  66.90000  0.480636157452E-01
  67.00000  0.507224742391E-01
  67.10000  0.541270566652E-01
  67.20000  0.519162441791E-01
  67.30000  0.480458829364E-01
  67.40000  0.481877891273E-01
  67.50000  0.383938947210E-01
  67.60000  0.365007174521E-01
  67.70000  0.378301162951E-01
  67.80000  0.315866000899E-01
  67.90000  0.412186344991E-01
  68.00000  0.462551847950E-01
  68.10000  0.485933287617E-01
  68.20000  0.635366562412E-01
  68.30000  0.645354207854E-01
  68.40000  0.673869789239E-01
  68.50000  0.719570263836E-01
  68.60000  0.655864168288E-01
  68.70000  0.629290513746E-01
  68.80000  0.587463017263E-01
  68.90000  0.584299006934E-01
  69.00000  0.563690813944E-01
  69.10000  0.624488436623E-01
  69.20000  0.758336871341E-01
  69.30000  0.769929662509E-01
  69.40000  0.958739251736E-01
  69.50000  0.104548586003E+00
  69.60000  0.100589671276E+00
  69.70000  0.113118903833E+00
  69.80000  0.102657708770E+00
  69.90000  0.947629335716E-01
  70.00000  0.954291602911E-01
  70.10000  0.851002531706E-01
  70.20000  0.863207635722E-01
  70.30000  0.901182993446E-01
  70.40000  0.100109582117E+00
  70.50000  0.106881203789E+00
  70.60000  0.117904899038E+00
  70.70000  0.132502913044E+00
  70.80000  0.126021236096E+00
  70.90000  0.133934459745E+00
  71.00000  0.130922188587E+00
  71.10000  0.113895170629E+00
  71.20000  0.119354970152E+00
  71.30000  0.108221322102E+00
  71.40000  0.103776280783E+00
  71.50000  0.114357969383E+00
  71.60000  0.113924522716E+00
  71.70000  0.123544212032E+00
  71.80000  0.132054374180E+00
  71.90000  0.137587002608E+00
  72.00000  0.137824233440E+00
  72.10000  0.135389499849E+00
  72.20000  0.135103389469E+00
  72.30000  0.119844189822E+00
  72.40000  0.119174486330E+00
  72.50000  0.117725704520E+00
  72.60000  0.107578648676E+00
  72.70000  0.123620995554E+00
  72.80000  0.126287413801E+00
  72.90000  0.130926290577E+00
  73.00000  0.150567586390E+00
  73.10000  0.147969560816E+00
  73.20000  0.151834635394E+00
  73.30000  0.152912219735E+00
  73.40000  0.141807397411E+00
  73.50000  0.134585648186E+00
  73.60000  0.125097729849E+00
  73.70000  0.121547731801E+00
  73.80000  0.114092420735E+00
  73.90000  0.120933880769E+00
  74.00000  0.132326062558E+00
  74.10000  0.132692693533E+00
  74.20000  0.156745308310E+00
  74.30000  0.162938163621E+00
  74.40000  0.162210639828E+00
  74.50000  0.177279536555E+00
  74.60000  0.162514029455E+00
  74.70000  0.155535842965E+00
  74.80000  0.151898151842E+00
  74.90000  0.134281872178E+00
  75.00000  0.130752128504E+00
  75.10000  0.127731063689E+00
  75.20000  0.130701406474E+00
  75.30000  0.133996265704E+00
  75.40000  0.145053378407E+00
  75.50000  0.158377086151E+00
  75.60000  0.156226400212E+00
  75.70000  0.170906527741E+00
  75.80000  0.168542742001E+00
  75.90000  0.156435249827E+00
  76.00000  0.163225882944E+00
  76.10000  0.144868341219E+00
  76.20000  0.136624666731E+00
  76.30000  0.138734337221E+00
  76.40000  0.125690474230E+00
  76.50000  0.129422727093E+00
  76.60000  0.132032822471E+00
  76.70000  0.132490526633E+00
  76.80000  0.136426853057E+00
  76.90000  0.138482447718E+00
  77.00000  0.141098000717E+00
  77.10000  0.134056973713E+00
  77.20000  0.136658652327E+00
  77.30000  0.131939600972E+00
  77.40000  0.120709136435E+00
  77.50000  0.127784148363E+00
  77.60000  0.117404831366E+00
  77.70000  0.114039521968E+00
  77.80000  0.122727872239E+00
  77.90000  0.111747968965E+00
  78.00000  0.116433024311E+00
  78.10000  0.119264508549E+00
  78.20000  0.111527267547E+00
  78.30000  0.116159083960E+00
  78.40000  0.113632696329E+00
  78.50000  0.111690085555E+00
  78.60000  0.111924366666E+00
  78.70000  0.112840434094E+00
  78.80000  0.114257180280E+00
  78.90000  0.111778506448E+00
  79.00000  0.120017139687E+00
  79.10000  0.116988272911E+00
  79.20000  0.115436682591E+00
  79.30000  0.124959849352E+00
  79.40000  0.114303028162E+00
  79.50000  0.117778421087E+00
  79.60000  0.122807986069E+00
  79.70000  0.112920288713E+00
  79.80000  0.123602551254E+00
  79.90000  0.125740020356E+00
  80.00000  0.125715489197E+00
  80.10000  0.138031014967E+00
  80.20000  0.140111212325E+00
  80.30000  0.144951301898E+00
  80.40000  0.148412567471E+00
  80.50000  0.150105014148E+00
  80.60000  0.147524196180E+00
  80.70000  0.142549317418E+00
  80.80000  0.146132330102E+00
  80.90000  0.136157378269E+00
  81.00000  0.138441342610E+00
  81.10000  0.147807699087E+00
  81.20000  0.141617374862E+00
  81.30000  0.159465559763E+00
  81.40000  0.168420220704E+00
  81.50000  0.168269735260E+00
  81.60000  0.186001143148E+00
  81.70000  0.182222873381E+00
  81.80000  0.179149310296E+00
  81.90000  0.179241059495E+00
  82.00000  0.166363327630E+00
  82.10000  0.158396178035E+00
  82.20000  0.149631457532E+00
  82.30000  0.147162531214E+00
  82.40000  0.141693432778E+00
  82.50000  0.145207895618E+00
  82.60000  0.157749407922E+00
  82.70000  0.154786166860E+00
  82.80000  0.170971963932E+00
  82.90000  0.177958409243E+00
  83.00000  0.169619620711E+00
  83.10000  0.180562750612E+00
  83.20000  0.167979647814E+00
  83.30000  0.155651504700E+00
  83.40000  0.154270312871E+00
  83.50000  0.136267292592E+00
  83.60000  0.130065613326E+00
  83.70000  0.126249485295E+00
  83.80000  0.121758216080E+00
  83.90000  0.121914880989E+00
  84.00000  0.123320564863E+00
  84.10000  0.128888270703E+00
  84.20000  0.124622907990E+00
  84.30000  0.128956912397E+00
  84.40000  0.128979256589E+00
  84.50000  0.117319813900E+00
  84.60000  0.122033357580E+00
  84.70000  0.112530217828E+00
  84.80000  0.103461634354E+00
  84.90000  0.109167839855E+00
  85.00000  0.981248463957E-01
  85.10000  0.985590594264E-01
  85.20000  0.102981919864E+00
  85.30000  0.958002382457E-01
  85.40000  0.100019279523E+00
  85.50000  0.991459314806E-01
  85.60000  0.950177513034E-01
  85.70000  0.947784944636E-01
  85.80000  0.914408293243E-01
  85.90000  0.896365466579E-01
  86.00000  0.860194124514E-01
  86.10000  0.893154516981E-01
  86.20000  0.897841116032E-01
  86.30000  0.899357836040E-01
  86.40000  0.102359611051E+00
  86.50000  0.101044718412E+00
  86.60000  0.106829623037E+00
  86.70000  0.117788957132E+00
  86.80000  0.109455670043E+00
  86.90000  0.115683067765E+00
  87.00000  0.114729015835E+00
  87.10000  0.102979278494E+00
  87.20000  0.107129658526E+00
  87.30000  0.100218096813E+00
  87.40000  0.969949810211E-01
  87.50000  0.103155040835E+00
  87.60000  0.105430256897E+00
  87.70000  0.114133021279E+00
  87.80000  0.123487246387E+00
  87.90000  0.136400825142E+00
  88.00000  0.142826155018E+00
  88.10000  0.148965844562E+00
  88.20000  0.157713205593E+00
  88.30000  0.148447224815E+00
  88.40000  0.149246155498E+00
  88.50000  0.145699643592E+00
  88.60000  0.129407255860E+00
  88.70000  0.133995817724E+00
  88.80000  0.127509759568E+00
  88.90000  0.123517630192E+00
  89.00000  0.137191168724E+00
  89.10000  0.136898623273E+00
  89.20000  0.146327251784E+00
  89.30000  0.158224232311E+00
  89.40000  0.159505232627E+00
  89.50000  0.164530897979E+00
  89.60000  0.163499952343E+00
  89.70000  0.160098097161E+00
  89.80000  0.151468540278E+00
  89.90000  0.145591403898E+00
  90.00000  0.141187818825E+00
  90.10000  0.129438161627E+00
  90.20000  0.134419623397E+00
  90.30000  0.132605430277E+00
  90.40000  0.129107753563E+00
  90.50000  0.143377190785E+00
  90.60000  0.138352212798E+00
  90.70000  0.140420407459E+00
  90.80000  0.147856495437E+00
  90.90000  0.135341363107E+00
  91.00000  0.135330679142E+00
  91.10000  0.129952334601E+00
  91.20000  0.117484049890E+00
  91.30000  0.114725705082E+00
  91.40000  0.107732395200E+00
  91.50000  0.103982850631E+00
  91.60000  0.101572544498E+00
  91.70000  0.103385851980E+00
  91.80000  0.104391582244E+00
  91.90000  0.102431737088E+00
  92.00000  0.109930430012E+00
  92.10000  0.105138423854E+00
  92.20000  0.102922003081E+00
  92.30000  0.107232193700E+00
  92.40000  0.947149190758E-01
  92.50000  0.945007504958E-01
  92.60000  0.927251981657E-01
  92.70000  0.806596950520E-01
  92.80000  0.845176752241E-01
  92.90000  0.799658427705E-01
  93.00000  0.752038571061E-01
  93.10000  0.807633388905E-01
  93.20000  0.770382331219E-01
  93.30000  0.781800176212E-01
  93.40000  0.812012282372E-01
  93.50000  0.800319771545E-01
  93.60000  0.814574683021E-01
  93.70000  0.818115337577E-01
  93.80000  0.838015147380E-01
  93.90000  0.822815295395E-01
  94.00000  0.845015297484E-01
  94.10000  0.880949485878E-01
  94.20000  0.843500900764E-01
  94.30000  0.915436439872E-01
  94.40000  0.922411382349E-01
  94.50000  0.887666554546E-01
  94.60000  0.982545199900E-01
  94.70000  0.927667957619E-01
  94.80000  0.923783024276E-01
  94.90000  0.993782873830E-01
  95.00000  0.912001787797E-01
  95.10000  0.961856190688E-01
  95.20000  0.100015698199E+00
  95.30000  0.969938275741E-01
  95.40000  0.106320540300E+00
  95.50000  0.109828027476E+00
  95.60000  0.114115305540E+00
  95.70000  0.121795583011E+00
  95.80000  0.126146969237E+00
  95.90000  0.130328741198E+00
  96.00000  0.131004701241E+00
  96.10000  0.135310046394E+00
  96.20000  0.131891386255E+00
  96.30000  0.129203380624E+00
  96.40000  0.134156904114E+00
  96.50000  0.125481271632E+00
  96.60000  0.129709169490E+00
  96.70000  0.136107740327E+00
  96.80000  0.130313070500E+00
  96.90000  0.144759263645E+00
  97.00000  0.148846261953E+00
  97.10000  0.148769578608E+00
  97.20000  0.163733335471E+00
  97.30000  0.160684230616E+00
  97.40000  0.162294539409E+00
  97.50000  0.167384216612E+00
  97.60000  0.160328527368E+00
  97.70000  0.160319836189E+00
  97.80000  0.158274470253E+00
  97.90000  0.156516877399E+00
  98.00000  0.155224388691E+00
  98.10000  0.157157543435E+00
  98.20000  0.162677233408E+00
  98.30000  0.160035114409E+00
  98.40000  0.169992846951E+00
  98.50000  0.172885113533E+00
  98.60000  0.168105844705E+00
  98.70000  0.179685834399E+00
  98.80000  0.171759442911E+00
  98.90000  0.168059649608E+00
  99.00000  0.175166023304E+00
  99.10000  0.161996633997E+00
  99.20000  0.165135348649E+00
  99.30000  0.168385072364E+00
  99.40000  0.161429675715E+00
  99.50000  0.170639716116E+00
  99.60000  0.172255501706E+00
  99.70000  0.173128700270E+00
  99.80000  0.179112412821E+00
  99.90000  0.178881895107E+00
 100.00000  0.178842650741E+00
 100.10000  0.175421338061E+00
 100.20000  0.174600722566E+00
 100.30000  0.167877517885E+00
 100.40000  0.161672442832E+00
 100.50000  0.164451316446E+00
 100.60000  0.154644700963E+00
 100.70000  0.157371297702E+00
 100.80000  0.163835378481E+00
 100.90000  0.156519237739E+00
 101.00000  0.169496174962E+00
 101.10000  0.172029714747E+00
 101.20000  0.167682040659E+00
 101.30000  0.180212735535E+00
 101.40000  0.172805073294E+00
 101.50000  0.169737179992E+00
 101.60000  0.173306426119E+00
 101.70000  0.161575363820E+00
 101.80000  0.160603462093E+00
 101.90000  0.158793657056E+00
 102.00000  0.154212027332E+00
 102.10000  0.156035475734E+00
 102.20000  0.157681705269E+00
 102.30000  0.162339119234E+00
 102.40000  0.163386260597E+00
 102.50000  0.170661625541E+00
 102.60000  0.174086800824E+00
 102.70000  0.170326625820E+00
 102.80000  0.178318446005E+00
 102.90000  0.171317783813E+00
 103.00000  0.165832811269E+00
 103.10000  0.171230861371E+00
 103.20000  0.157730995915E+00
 103.30000  0.159364175781E+00
 103.40000  0.163575000507E+00
 103.50000  0.154877383385E+00
 103.60000  0.166995337639E+00
 103.70000  0.170549225647E+00
 103.80000  0.170962698740E+00
 103.90000  0.185132554884E+00
 104.00000  0.185028923663E+00
 104.10000  0.188149994903E+00
 104.20000  0.193174809181E+00
 104.30000  0.188777918630E+00
 104.40000  0.187329460977E+00
 104.50000  0.183348306235E+00
 104.60000  0.180370261280E+00
 104.70000  0.174755821744E+00
 104.80000  0.173666135208E+00
 104.90000  0.177255525335E+00
 105.00000  0.172680910837E+00
 105.10000  0.183487519386E+00
 105.20000  0.189437996487E+00
 105.30000  0.188465349383E+00
 105.40000  0.206303953223E+00
 105.50000  0.204726657134E+00
 105.60000  0.206104210320E+00
 105.70000  0.218546790130E+00
 105.80000  0.206703377335E+00
 105.90000  0.209495409064E+00
 106.00000  0.210896126972E+00
 106.10000  0.197615865237E+00
 106.20000  0.202340528283E+00
 106.30000  0.198323497448E+00
 106.40000  0.193584022580E+00
 106.50000  0.199267301158E+00
 106.60000  0.198504409674E+00
 106.70000  0.201942736124E+00
 106.80000  0.205780525929E+00
 106.90000  0.211248454533E+00
 107.00000  0.213753972847E+00
 107.10000  0.215271017392E+00
 107.20000  0.223487007724E+00
 107.30000  0.218163488042E+00
 107.40000  0.221103272977E+00
 107.50000  0.226275486975E+00
 107.60000  0.214949285306E+00
 107.70000  0.222742336630E+00
 107.80000  0.220633764132E+00
 107.90000  0.210537505773E+00
 108.00000  0.221343666510E+00
 108.10000  0.212122194415E+00
 108.20000  0.208999944304E+00
 108.30000  0.217588920487E+00
 108.40000  0.206776830133E+00
 108.50000  0.211112345678E+00
 108.60000  0.214943823949E+00
 108.70000  0.209473026663E+00
 108.80000  0.216739632828E+00
 108.90000  0.217948694321E+00
 109.00000  0.219098287681E+00
 109.10000  0.222871413474E+00
 109.20000  0.224605024412E+00
 109.30000  0.225988081456E+00
 109.40000  0.223125374013E+00
 109.50000  0.226344734347E+00
 109.60000  0.220811420147E+00
 109.70000  0.215318684524E+00
 109.80000  0.219394764964E+00
 109.90000  0.207200715151E+00
 110.00000  0.207597459859E+00
 110.10000  0.211385783656E+00
 110.20000  0.199734122462E+00
 110.30000  0.210415859552E+00
 110.40000  0.211588058529E+00
 110.50000  0.206602659751E+00
 110.60000  0.222125309729E+00
 110.70000  0.217930109989E+00
 110.80000  0.219121718604E+00
 110.90000  0.229108443470E+00
 111.00000  0.220179130321E+00
 111.10000  0.222922733231E+00
 111.20000  0.223133586532E+00
 111.30000  0.215130250250E+00
 111.40000  0.216292040406E+00
 111.50000  0.213065565864E+00
 111.60000  0.211470550816E+00
 111.70000  0.211192471915E+00
 111.80000  0.213831292907E+00
 111.90000  0.216899854343E+00
 112.00000  0.216484360110E+00
 112.10000  0.226762666637E+00
 112.20000  0.226322332583E+00
 112.30000  0.226942162223E+00
 112.40000  0.237955089607E+00
 112.50000  0.228656881454E+00
 112.60000  0.232169106096E+00
 112.70000  0.236561846959E+00
 112.80000  0.222700165016E+00
 112.90000  0.231074128714E+00
 113.00000  0.227919480289E+00
 113.10000  0.219208419802E+00
 113.20000  0.231377559098E+00
 113.30000  0.224982047854E+00
 113.40000  0.226261415887E+00
 113.50000  0.237037049443E+00
 113.60000  0.231814842852E+00
 113.70000  0.238697238156E+00
 113.80000  0.243350980203E+00
 113.90000  0.241203964064E+00
 114.00000  0.245686557378E+00
 114.10000  0.245614241685E+00
 114.20000  0.245997995469E+00
 114.30000  0.244509507397E+00
 114.40000  0.246162827789E+00
 114.50000  0.246207076323E+00
 114.60000  0.241723835734E+00
 114.70000  0.249146132139E+00
 114.80000  0.244771712441E+00
 114.90000  0.243014784897E+00
 115.00000  0.253128698990E+00
 115.10000  0.242918376200E+00
 115.20000  0.247962631177E+00
 115.30000  0.254292910198E+00
 115.40000  0.242624978836E+00
 115.50000  0.254684833593E+00
 115.60000  0.254136703461E+00
 115.70000  0.248112469943E+00
 115.80000  0.262885459372E+00
 115.90000  0.257319190421E+00
 116.00000  0.259253932819E+00
 116.10000  0.269492526965E+00
 116.20000  0.262227173046E+00
 116.30000  0.266688595316E+00
 116.40000  0.267608079845E+00
 116.50000  0.261063766953E+00
 116.60000  0.261045173398E+00
 116.70000  0.256205544069E+00
 116.80000  0.252360972454E+00
 116.90000  0.247557213820E+00
 117.00000  0.247328862181E+00
 117.10000  0.246941258603E+00
 117.20000  0.243884558884E+00
 117.30000  0.254852913320E+00
 117.40000  0.254788027511E+00
 117.50000  0.258778976643E+00
 117.60000  0.274903326490E+00
 117.70000  0.269084345390E+00
 117.80000  0.278205624577E+00
 117.90000  0.285628207715E+00
 118.00000  0.271793108887E+00
 118.10000  0.280175729934E+00
 118.20000  0.272051804914E+00
 118.30000  0.256849889927E+00
 118.40000  0.262115487759E+00
 118.50000  0.246416303269E+00
 118.60000  0.240535794124E+00
 118.70000  0.245364691501E+00
 118.80000  0.236053702235E+00
 118.90000  0.242876891324E+00
 119.00000  0.249379433337E+00
 119.10000  0.251341682525E+00
 119.20000  0.262182275365E+00
 119.30000  0.267907841639E+00
 119.40000  0.273070108963E+00
 119.50000  0.275762046282E+00
 119.60000  0.277441105077E+00
 119.70000  0.275217717628E+00
 119.80000  0.267265382516E+00
 119.90000  0.266580719195E+00
 120.00000  0.255190438917E+00
 120.10000  0.246718775849E+00
 120.20000  0.248771843712E+00
 120.30000  0.235226763070E+00
 120.40000  0.238191272201E+00
 120.50000  0.243798545221E+00
 120.60000  0.235210143511E+00
 120.70000  0.250734434569E+00
 120.80000  0.253453805063E+00
 120.90000  0.250951473961E+00
 121.00000  0.268395148623E+00
 121.10000  0.261608971694E+00
 121.20000  0.262185043077E+00
 121.30000  0.270195445567E+00
 121.40000  0.255818940958E+00
 121.50000  0.257261426195E+00
 121.60000  0.254468044224E+00
 121.70000  0.242040250473E+00
 121.80000  0.244387147103E+00
 121.90000  0.239083155150E+00
 122.00000  0.235930999676E+00
 122.10000  0.239264602033E+00
 122.20000  0.239918600082E+00
 122.30000  0.243699454283E+00
 122.40000  0.246831400378E+00
 122.50000  0.254125572123E+00
 122.60000  0.255668717269E+00
 122.70000  0.257833940677E+00
 122.80000  0.265460723150E+00
 122.90000  0.258289086623E+00
 123.00000  0.261050655136E+00
 123.10000  0.262461950029E+00
 123.20000  0.249146983253E+00
 123.30000  0.255274267869E+00
 123.40000  0.248853409429E+00
 123.50000  0.238482766879E+00
 123.60000  0.248569366684E+00
 123.70000  0.237635626397E+00
 123.80000  0.237533782536E+00
 123.90000  0.248123412167E+00
 124.00000  0.237662957823E+00
 124.10000  0.247319094422E+00
 124.20000  0.253008401009E+00
 124.30000  0.246275843616E+00
 124.40000  0.258342031321E+00
 124.50000  0.256316098807E+00
 124.60000  0.253222955300E+00
 124.70000  0.259762408921E+00
 124.80000  0.252456435835E+00
 124.90000  0.250474056659E+00
 125.00000  0.249124251913E+00
 125.10000  0.242279306732E+00
 125.20000  0.238934764915E+00
 125.30000  0.234527811918E+00
 125.40000  0.232429962511E+00
 125.50000  0.227323119610E+00
 125.60000  0.227646565559E+00
 125.70000  0.229645855877E+00
 125.80000  0.224693355536E+00
 125.90000  0.233582012445E+00
 126.00000  0.234476840458E+00
 126.10000  0.232391907290E+00
 126.20000  0.246090095809E+00
 126.30000  0.240362434564E+00
 126.40000  0.242565550209E+00
 126.50000  0.252568566498E+00
 126.60000  0.239557828219E+00
 126.70000  0.245480878703E+00
 126.80000  0.245493815150E+00
 126.90000  0.230827886114E+00
 127.00000  0.238865591095E+00
 127.10000  0.230024505794E+00
 127.20000  0.221562785838E+00
 127.30000  0.229909503245E+00
 127.40000  0.219385515220E+00
 127.50000  0.221016091208E+00
 127.60000  0.227861498213E+00
 127.70000  0.222182233782E+00
 127.80000  0.230551484236E+00
 127.90000  0.234526607347E+00
 128.00000  0.234504819819E+00
 128.10000  0.241787299791E+00
 128.20000  0.242836286959E+00
 128.30000  0.244278079422E+00
 128.40000  0.245061402049E+00
 128.50000  0.245004421905E+00
 128.60000  0.243037897361E+00
 128.70000  0.238804195938E+00
 128.80000  0.240138828713E+00
 128.90000  0.233018954783E+00
 129.00000  0.230246676630E+00
 129.10000  0.233227163094E+00
 129.20000  0.223047149459E+00
 129.30000  0.227341960562E+00
 129.40000  0.228825362349E+00
 129.50000  0.219719767661E+00
 129.60000  0.231072115308E+00
 129.70000  0.227198505581E+00
 129.80000  0.223254369508E+00
 129.90000  0.236325325007E+00
 130.00000  0.226435651172E+00
 130.10000  0.229723859821E+00
 130.20000  0.238264987043E+00
 130.30000  0.226309044754E+00
 130.40000  0.235539874310E+00
 130.50000  0.236443951267E+00
 130.60000  0.228012494352E+00
 130.70000  0.239023409575E+00
 130.80000  0.233717727918E+00
 130.90000  0.231472683736E+00
 131.00000  0.239364573346E+00
 131.10000  0.232289070261E+00
 131.20000  0.234503717971E+00
 131.30000  0.236948977428E+00
 131.40000  0.232283421058E+00
 131.50000  0.234803262496E+00
 131.60000  0.233989179800E+00
 131.70000  0.233154791177E+00
 131.80000  0.232803926220E+00
 131.90000  0.233316043514E+00
 132.00000  0.234023210245E+00
 132.10000  0.230981519416E+00
 132.20000  0.235696413513E+00
 132.30000  0.233477957423E+00
 132.40000  0.230738924321E+00
 132.50000  0.238175029229E+00
 132.60000  0.230279532542E+00
 132.70000  0.231602435544E+00
 132.80000  0.237095997930E+00
 132.90000  0.225310605886E+00
 133.00000  0.232765948573E+00
 133.10000  0.232353582400E+00
 133.20000  0.222358444432E+00
 133.30000  0.234537189871E+00
 133.40000  0.227469158687E+00
 133.50000  0.224521559026E+00
 133.60000  0.236590323728E+00
 133.70000  0.225288769259E+00
 133.80000  0.230037648164E+00
 133.90000  0.235953897885E+00
 134.00000  0.224086066760E+00
 134.10000  0.232375847525E+00
 134.20000  0.229264736879E+00
 134.30000  0.220148608517E+00
 134.40000  0.226493926759E+00
 134.50000  0.217291106565E+00
 134.60000  0.213094879101E+00
 134.70000  0.215371843498E+00
 134.80000  0.207090966836E+00
 134.90000  0.207705964486E+00
 135.00000  0.208176097427E+00
 135.10000  0.206498618048E+00
 135.20000  0.209572882397E+00
 135.30000  0.211961253512E+00
 135.40000  0.216100401532E+00
 135.50000  0.218103293389E+00
 135.60000  0.223843086130E+00
 135.70000  0.227291345329E+00
 135.80000  0.225947378169E+00
 135.90000  0.232748035713E+00
 136.00000  0.228837399431E+00
 136.10000  0.225361792746E+00
 136.20000  0.229703916556E+00
 136.30000  0.217539474459E+00
 136.40000  0.216333456570E+00
 136.50000  0.216349988892E+00
 136.60000  0.201876222145E+00
 136.70000  0.207473478206E+00
 136.80000  0.203683911961E+00
 136.90000  0.195165697110E+00
 137.00000  0.207816192423E+00
 137.10000  0.201475688899E+00
 137.20000  0.203403672896E+00
 137.30000  0.217550736592E+00
 137.40000  0.209562077936E+00
 137.50000  0.219712760407E+00
 137.60000  0.227206717015E+00
 137.70000  0.218518931322E+00
 137.80000  0.230218751084E+00
 137.90000  0.226726525199E+00
 138.00000  0.219188375351E+00
 138.10000  0.226185429163E+00
 138.20000  0.214533329945E+00
 138.30000  0.210229968313E+00
 138.40000  0.210923825056E+00
 138.50000  0.198911091911E+00
 138.60000  0.198406079431E+00
 138.70000  0.195767738641E+00
 138.80000  0.189817021462E+00
 138.90000  0.191681694578E+00
 139.00000  0.190438664782E+00
 139.10000  0.191024975154E+00
 139.20000  0.192775683856E+00
 139.30000  0.195475717321E+00
 139.40000  0.197756930652E+00
 139.50000  0.198208329109E+00
 139.60000  0.203839468428E+00
 139.70000  0.202127262228E+00
 139.80000  0.202271459429E+00
 139.90000  0.207327149876E+00
 140.00000  0.199803937572E+00
 140.10000  0.202252324372E+00
 140.20000  0.203167100451E+00
 140.30000  0.192876971222E+00
 140.40000  0.199294580617E+00
 140.50000  0.194278948055E+00
 140.60000  0.186822609811E+00
 140.70000  0.195917456637E+00
 140.80000  0.185598493219E+00
 140.90000  0.185096298527E+00
 141.00000  0.192569164936E+00
 141.10000  0.179789985315E+00
 141.20000  0.186495764078E+00
 141.30000  0.187854038656E+00
 141.40000  0.176731345384E+00
 141.50000  0.187224849549E+00
 141.60000  0.181098913602E+00
 141.70000  0.175365482255E+00
 141.80000  0.184984922515E+00
 141.90000  0.174353457608E+00
 142.00000  0.175569369090E+00
 142.10000  0.180995801579E+00
 142.20000  0.170981253502E+00
 142.30000  0.177500612570E+00
 142.40000  0.177941517155E+00
 142.50000  0.172318465444E+00
 142.60000  0.180165791854E+00
 142.70000  0.176978519686E+00
 142.80000  0.175925056293E+00
 142.90000  0.180913793377E+00
 143.00000  0.176414365680E+00
 143.10000  0.177272825045E+00
 143.20000  0.177776119078E+00
 143.30000  0.174207464976E+00
 143.40000  0.173888981248E+00
 143.50000  0.171822492023E+00
 143.60000  0.170251017685E+00
 143.70000  0.167687120858E+00
 143.80000  0.167303217119E+00
 143.90000  0.166984405503E+00
 144.00000  0.163629458371E+00
 144.10000  0.167772558678E+00
 144.20000  0.166217635270E+00
 144.30000  0.164861446802E+00
 144.40000  0.172346595430E+00
 144.50000  0.167224516420E+00
 144.60000  0.169878539213E+00
 144.70000  0.175712046471E+00
 144.80000  0.166895075541E+00
 144.90000  0.173518522469E+00
 145.00000  0.172844085426E+00
 145.10000  0.163507949765E+00
 145.20000  0.172154994797E+00
 145.30000  0.163752115874E+00
 145.40000  0.158523051806E+00
 145.50000  0.166278155996E+00
 145.60000  0.153400600747E+00
 145.70000  0.155525339054E+00
 145.80000  0.159548778138E+00
 145.90000  0.147291969191E+00
 146.00000  0.156015942907E+00
 146.10000  0.154232829286E+00
 146.20000  0.146557321564E+00
 146.30000  0.157479815911E+00
 146.40000  0.149779844285E+00
 146.50000  0.147971019009E+00
 146.60000  0.155604337415E+00
 146.70000  0.144471951402E+00
 146.80000  0.147488397961E+00
 146.90000  0.148889928937E+00
 147.00000  0.138807705938E+00
 147.10000  0.144482742099E+00
 147.20000  0.140837607803E+00
 147.30000  0.135747732341E+00
 147.40000  0.141864591740E+00
 147.50000  0.137093456834E+00
 147.60000  0.137993353488E+00
 147.70000  0.142909099505E+00
 147.80000  0.140334890701E+00
 147.90000  0.144664582609E+00
 148.00000  0.147441225933E+00
 148.10000  0.147448042218E+00
 148.20000  0.150904012233E+00
 148.30000  0.151389839532E+00
 148.40000  0.151664623302E+00
 148.50000  0.151200653560E+00
 148.60000  0.150376835480E+00
 148.70000  0.148336792007E+00
 148.80000  0.144466149219E+00
 148.90000  0.144063645724E+00
 149.00000  0.138787437403E+00
 149.10000  0.135262326990E+00
 149.20000  0.136304619280E+00
 149.30000  0.129117435529E+00
 149.40000  0.130244659252E+00
 149.50000  0.131593468073E+00
 149.60000  0.124996400879E+00
 149.70000  0.132023995032E+00
 149.80000  0.130734022556E+00
 149.90000  0.127278083854E+00
 150.00000  0.137376737769E+00
 150.10000  0.131349846921E+00
 150.20000  0.132640277158E+00
 150.30000  0.140540220660E+00
 150.40000  0.130456011378E+00
 150.50000  0.136391866560E+00
 150.60000  0.137755618371E+00
 150.70000  0.127269971475E+00
 150.80000  0.136152705502E+00
 150.90000  0.130009040305E+00
 151.00000  0.123587613327E+00
 151.10000  0.132464317820E+00
 151.20000  0.121331079400E+00
 151.30000  0.121845752497E+00
 151.40000  0.127635538493E+00
 151.50000  0.116004697311E+00
 151.60000  0.123141774028E+00
 151.70000  0.123633141093E+00
 151.80000  0.115504287831E+00
 151.90000  0.125794785064E+00
 152.00000  0.120710712703E+00
 152.10000  0.118066359911E+00
 152.20000  0.126837120421E+00
 152.30000  0.118175354447E+00
 152.40000  0.120568636495E+00
 152.50000  0.124404915463E+00
 152.60000  0.115544119732E+00
 152.70000  0.120874048342E+00
 152.80000  0.119204442395E+00
 152.90000  0.113199013172E+00
 153.00000  0.118827450464E+00
 153.10000  0.113657462170E+00
 153.20000  0.111840010514E+00
 153.30000  0.115753515412E+00
 153.40000  0.110287575598E+00
 153.50000  0.111992114640E+00
 153.60000  0.113503740076E+00
 153.70000  0.110257732872E+00
 153.80000  0.113367848051E+00
 153.90000  0.113239869664E+00
 154.00000  0.112807458760E+00
 154.10000  0.115129956845E+00
 154.20000  0.115039305864E+00
 154.30000  0.115887415738E+00
 154.40000  0.116346647489E+00
 154.50000  0.117444971760E+00
 154.60000  0.116944252643E+00
 154.70000  0.116223937025E+00
 154.80000  0.118163760099E+00
 154.90000  0.114666692208E+00
 155.00000  0.114749859504E+00
 155.10000  0.115740322298E+00
 155.20000  0.109860980246E+00
 155.30000  0.112387662493E+00
 155.40000  0.110387930173E+00
 155.50000  0.104772712634E+00
 155.60000  0.109684034389E+00
 155.70000  0.103938852284E+00
 155.80000  0.101675327537E+00
 155.90000  0.106915846327E+00
 156.00000  0.985557818474E-01
 156.10000  0.101366490504E+00
 156.20000  0.103984224487E+00
 156.30000  0.956243571968E-01
 156.40000  0.102987169172E+00
 156.50000  0.100795028949E+00
 156.60000  0.954221169534E-01
 156.70000  0.104707428881E+00
 156.80000  0.975026411404E-01
 156.90000  0.973470581774E-01
 157.00000  0.104880221157E+00
 157.10000  0.947601258893E-01
 157.20000  0.100410198381E+00
 157.30000  0.102923224923E+00
 157.40000  0.934955468018E-01
 157.50000  0.103381398158E+00
 157.60000  0.994578028870E-01
 157.70000  0.944144532700E-01
 157.80000  0.105112795149E+00
 157.90000  0.960097775272E-01
 158.00000  0.974517428159E-01
 158.10000  0.104876810266E+00
 158.20000  0.939815700025E-01
 158.30000  0.101312890403E+00
 158.40000  0.102559800799E+00
 158.50000  0.938634022962E-01
 158.60000  0.104101697699E+00
 158.70000  0.989029115860E-01
 158.80000  0.952427709258E-01
 158.90000  0.104395665062E+00
 159.00000  0.950281403531E-01
 159.10000  0.970176597267E-01
 159.20000  0.101732661813E+00
 159.30000  0.917227730410E-01
 159.40000  0.978274224490E-01
 159.50000  0.966244162320E-01
 159.60000  0.892212038870E-01
 159.70000  0.965574657211E-01
 159.80000  0.903340578863E-01
 159.90000  0.874466661715E-01
 160.00000  0.930474460562E-01
 160.10000  0.847991194959E-01
 160.20000  0.865836645046E-01
 160.30000  0.888400981085E-01
 160.40000  0.823127445020E-01
 160.50000  0.873382621555E-01
 160.60000  0.867448474921E-01
 160.70000  0.843757183349E-01
 160.80000  0.903481267805E-01
 160.90000  0.887120293371E-01
 161.00000  0.902163941010E-01
 161.10000  0.948622965198E-01
 161.20000  0.934395579830E-01
 161.30000  0.962505978402E-01
 161.40000  0.979791907536E-01
 161.50000  0.965357334437E-01
 161.60000  0.978743827220E-01
 161.70000  0.963705505497E-01
 161.80000  0.941715767049E-01
 161.90000  0.929315931526E-01
 162.00000  0.895127877469E-01
 162.10000  0.865790176951E-01
 162.20000  0.836655716864E-01
 162.30000  0.807415001208E-01
 162.40000  0.777989939459E-01
 162.50000  0.754387798979E-01
 162.60000  0.750221404965E-01
 162.70000  0.728065001986E-01
 162.80000  0.735783928869E-01
 162.90000  0.757391498004E-01
 163.00000  0.748012842932E-01
 163.10000  0.801137016099E-01
 163.20000  0.825934526122E-01
 163.30000  0.833607242340E-01
 163.40000  0.917163335706E-01
 163.50000  0.912992219692E-01
 163.60000  0.937696063170E-01
 163.70000  0.100802180930E+00
 163.80000  0.957191449381E-01
 163.90000  0.993075529918E-01
 164.00000  0.100582820506E+00
 164.10000  0.922018848033E-01
 164.20000  0.962375633389E-01
 164.30000  0.904884219059E-01
 164.40000  0.828058088827E-01
 164.50000  0.867988438514E-01
 164.60000  0.764429740282E-01
 164.70000  0.735750482625E-01
 164.80000  0.765979605433E-01
 164.90000  0.656258797822E-01
 165.00000  0.692970708422E-01
 165.10000  0.696915456226E-01
 165.20000  0.616540067789E-01
 165.30000  0.705063030484E-01
 165.40000  0.669919990536E-01
 165.50000  0.643383970554E-01
 165.60000  0.748774907866E-01
 165.70000  0.678411291955E-01
 165.80000  0.715710047827E-01
 165.90000  0.795316831825E-01
 166.00000  0.709966815934E-01
 166.10000  0.802029666198E-01
 166.20000  0.820197409757E-01
 166.30000  0.749072892139E-01
 166.40000  0.869904742904E-01
 166.50000  0.814493006240E-01
 166.60000  0.790157231956E-01
 166.70000  0.904366525896E-01
 166.80000  0.795368275313E-01
 166.90000  0.841535137784E-01
 167.00000  0.909910235559E-01
 167.10000  0.789630632752E-01
 167.20000  0.899885200227E-01
 167.30000  0.889172365373E-01
 167.40000  0.800638720915E-01
 167.50000  0.931156754308E-01
 167.60000  0.834648335665E-01
 167.70000  0.804932280656E-01
 167.80000  0.898651826893E-01
 167.90000  0.749815971312E-01
 168.00000  0.784749652706E-01
 168.10000  0.806350517045E-01
 168.20000  0.663513730509E-01
 168.30000  0.749158075608E-01
 168.40000  0.698027454420E-01
 168.50000  0.612011383804E-01
 168.60000  0.719130154282E-01
 168.70000  0.618423300092E-01
 168.80000  0.613831188909E-01
 168.90000  0.704930510712E-01
 169.00000  0.588253177457E-01
 169.10000  0.663346531748E-01
 169.20000  0.702798214123E-01
 169.30000  0.607303415980E-01
 169.40000  0.735861398265E-01
 169.50000  0.703935516002E-01
 169.60000  0.661529330782E-01
 169.70000  0.795865016303E-01
 169.80000  0.701521895824E-01
 169.90000  0.726147020574E-01
 170.00000  0.814185663277E-01
 170.10000  0.694194451433E-01
 170.20000  0.775819649160E-01
 170.30000  0.786872278923E-01
 170.40000  0.687783792165E-01
 170.50000  0.798895377003E-01
 170.60000  0.736045735183E-01
 170.70000  0.693592868850E-01
 170.80000  0.799778371056E-01
 170.90000  0.691604100736E-01
 171.00000  0.720634748701E-01
 171.10000  0.786854965626E-01
 171.20000  0.672095581402E-01
 171.30000  0.762866944078E-01
 171.40000  0.761016995055E-01
 171.50000  0.676741307846E-01
 171.60000  0.793532326529E-01
 171.70000  0.718405677210E-01
 171.80000  0.689345329846E-01
 171.90000  0.782094354633E-01
 172.00000  0.662992488086E-01
 172.10000  0.691783369729E-01
 172.20000  0.723861557755E-01
 172.30000  0.610958549088E-01
 172.40000  0.678264393754E-01
 172.50000  0.647480962916E-01
 172.60000  0.580070729939E-01
 172.70000  0.658049647171E-01
 172.80000  0.589561325967E-01
 172.90000  0.580189025849E-01
 173.00000  0.646530811435E-01
 173.10000  0.570097830324E-01
 173.20000  0.616800399602E-01
 173.30000  0.655531286466E-01
 173.40000  0.594779421307E-01
 173.50000  0.691805268706E-01
 173.60000  0.687273398520E-01
 173.70000  0.663265071676E-01
 173.80000  0.787580087979E-01
 173.90000  0.730157085065E-01
 174.00000  0.758379481586E-01
 174.10000  0.858402406186E-01
 174.20000  0.761516564351E-01
 174.30000  0.836818751813E-01
 174.40000  0.859543985674E-01
 174.50000  0.762599003572E-01
 174.60000  0.853508704493E-01
 174.70000  0.791186040280E-01
 174.80000  0.733941038887E-01
 174.90000  0.801556973412E-01
 175.00000  0.700438557419E-01
 175.10000  0.693192901766E-01
 175.20000  0.717980358410E-01
 175.30000  0.634098828585E-01
 175.40000  0.658327669512E-01
 175.50000  0.646564208614E-01
 175.60000  0.601215312588E-01
 175.70000  0.636433677416E-01
 175.80000  0.603188601205E-01
 175.90000  0.587749939732E-01
 176.00000  0.626026900407E-01
 176.10000  0.579445176400E-01
 176.20000  0.590880750907E-01
 176.30000  0.622447237119E-01
 176.40000  0.568555360983E-01
 176.50000  0.619891491484E-01
 176.60000  0.620236471415E-01
 176.70000  0.577238769205E-01
 176.80000  0.669339024384E-01
 176.90000  0.618366630903E-01
 177.00000  0.615289106865E-01
 177.10000  0.714391510926E-01
 177.20000  0.628115161712E-01
 177.30000  0.683388840194E-01
 177.40000  0.742235277994E-01
 177.50000  0.670140050402E-01
 177.60000  0.772403194188E-01
 177.70000  0.772124932930E-01
 177.80000  0.752341723832E-01
 177.90000  0.862771033364E-01
 178.00000  0.822462112214E-01
 178.10000  0.843723209714E-01
 178.20000  0.915296428759E-01
 178.30000  0.859573503507E-01
 178.40000  0.877867755295E-01
 178.50000  0.876385533612E-01
 178.60000  0.808696003971E-01
 178.70000  0.801892909002E-01
 178.80000  0.720365374136E-01
 178.90000  0.639068078487E-01
 179.00000  0.630267189900E-01
 179.10000  0.492019578767E-01
 179.20000  0.423170058808E-01
 179.30000  0.435499973524E-01
 179.40000  0.283686538180E-01
 179.50000  0.285473448891E-01
 179.60000  0.276759871161E-01
 179.70000  0.161255728640E-01
 179.80000  0.336244577806E-01
 179.90000  0.148218892248E-01
 180.00000  0.512263557953E-01

