 # E =    2.7497681656574322       eV =    22180.000000000000       1/cm
 #  1801
# DFFCSO.  ACCUM LEV(I),J(I) =  1  0 LEV(F),J(F) =  1  0       , M =  0, WEIGHTED BY  1.00000
   0.10000  0.429140453515E+07
   0.20000  0.718665995013E+06
   0.30000  0.476852955338E+05
   0.40000  0.834415701570E+05
   0.50000  0.323274068236E+05
   0.60000  0.294859007936E+04
   0.70000  0.155488889553E+05
   0.80000  0.388328045704E+04
   0.90000  0.405642900520E+04
   1.00000  0.448764173483E+04
   1.10000  0.358309877064E+04
   1.20000  0.413039958479E+04
   1.30000  0.301327043638E+04
   1.40000  0.251678864116E+04
   1.50000  0.236913598099E+04
   1.60000  0.146394173165E+04
   1.70000  0.127449026313E+04
   1.80000  0.107348478638E+04
   1.90000  0.107666708194E+04
   2.00000  0.832371042228E+03
   2.10000  0.681333303992E+03
   2.20000  0.582426039504E+03
   2.30000  0.561295699722E+03
   2.40000  0.796298192805E+03
   2.50000  0.904677698452E+03
   2.60000  0.701683947550E+03
   2.70000  0.427245160275E+03
   2.80000  0.470707198709E+03
   2.90000  0.468417493472E+03
   3.00000  0.444396056315E+03
   3.10000  0.304590634059E+03
   3.20000  0.200496264392E+03
   3.30000  0.186802997244E+03
   3.40000  0.192697219485E+03
   3.50000  0.133732576106E+03
   3.60000  0.733994686855E+02
   3.70000  0.683559233671E+02
   3.80000  0.780056882988E+02
   3.90000  0.117101856406E+03
   4.00000  0.883516183034E+02
   4.10000  0.455963092555E+02
   4.20000  0.204394202742E+02
   4.30000  0.450261505849E+02
   4.40000  0.733346073102E+02
   4.50000  0.100524644408E+03
   4.60000  0.667926525836E+02
   4.70000  0.375273304544E+02
   4.80000  0.275283376477E+02
   4.90000  0.409461315676E+02
   5.00000  0.647953300247E+02
   5.10000  0.722022919218E+02
   5.20000  0.561651978047E+02
   5.30000  0.447059635781E+02
   5.40000  0.455742121596E+02
   5.50000  0.445952547355E+02
   5.60000  0.544150369907E+02
   5.70000  0.440117222515E+02
   5.80000  0.430682537961E+02
   5.90000  0.474450675402E+02
   6.00000  0.580981909103E+02
   6.10000  0.584000344615E+02
   6.20000  0.565049277875E+02
   6.30000  0.361660294086E+02
   6.40000  0.348717805857E+02
   6.50000  0.376139092087E+02
   6.60000  0.492178794601E+02
   6.70000  0.570158544171E+02
   6.80000  0.547627456318E+02
   6.90000  0.426335836280E+02
   7.00000  0.369204633887E+02
   7.10000  0.282084593812E+02
   7.20000  0.302063931451E+02
   7.30000  0.348011654639E+02
   7.40000  0.384691315196E+02
   7.50000  0.456698549388E+02
   7.60000  0.445741681508E+02
   7.70000  0.364381259707E+02
   7.80000  0.264717585804E+02
   7.90000  0.171214292370E+02
   8.00000  0.181604902600E+02
   8.10000  0.318200920736E+02
   8.20000  0.395278040495E+02
   8.30000  0.449111033416E+02
   8.40000  0.331549479165E+02
   8.50000  0.187047932246E+02
   8.60000  0.985830433148E+01
   8.70000  0.127333814057E+02
   8.80000  0.209387087018E+02
   8.90000  0.328282778444E+02
   9.00000  0.298599737518E+02
   9.10000  0.250809061151E+02
   9.20000  0.139088566708E+02
   9.30000  0.853351793634E+01
   9.40000  0.845391828403E+01
   9.50000  0.126000942510E+02
   9.60000  0.146207498340E+02
   9.70000  0.177184966400E+02
   9.80000  0.144052042416E+02
   9.90000  0.131615555350E+02
  10.00000  0.925699204311E+01
  10.10000  0.649765522331E+01
  10.20000  0.486314207198E+01
  10.30000  0.518145549715E+01
  10.40000  0.644064655700E+01
  10.50000  0.952337479964E+01
  10.60000  0.937387774752E+01
  10.70000  0.861182895291E+01
  10.80000  0.528052942015E+01
  10.90000  0.246506038766E+01
  11.00000  0.145596110872E+01
  11.10000  0.206763704699E+01
  11.20000  0.336314787570E+01
  11.30000  0.465553802712E+01
  11.40000  0.419610502520E+01
  11.50000  0.343961887431E+01
  11.60000  0.221092181956E+01
  11.70000  0.109384698097E+01
  11.80000  0.655278173561E+00
  11.90000  0.341055576918E+00
  12.00000  0.512940295045E+00
  12.10000  0.101927029890E+01
  12.20000  0.166089584875E+01
  12.30000  0.189994009870E+01
  12.40000  0.191916604362E+01
  12.50000  0.118812735555E+01
  12.60000  0.552372641395E+00
  12.70000  0.233325005237E+00
  12.80000  0.356163844722E+00
  12.90000  0.821645871954E+00
  13.00000  0.141889949599E+01
  13.10000  0.147701092628E+01
  13.20000  0.148506112483E+01
  13.30000  0.119355534006E+01
  13.40000  0.816228364772E+00
  13.50000  0.754961408139E+00
  13.60000  0.531347652153E+00
  13.70000  0.520187531748E+00
  13.80000  0.557156062441E+00
  13.90000  0.516567700281E+00
  14.00000  0.679043350361E+00
  14.10000  0.757841703343E+00
  14.20000  0.820339175173E+00
  14.30000  0.910988463274E+00
  14.40000  0.752405623115E+00
  14.50000  0.656535643783E+00
  14.60000  0.496525330703E+00
  14.70000  0.410407092248E+00
  14.80000  0.739992081862E+00
  14.90000  0.103820457377E+01
  15.00000  0.162449641873E+01
  15.10000  0.190023246269E+01
  15.20000  0.178310843639E+01
  15.30000  0.148710614622E+01
  15.40000  0.985363564984E+00
  15.50000  0.778469711060E+00
  15.60000  0.109307799350E+01
  15.70000  0.146571099330E+01
  15.80000  0.202364229665E+01
  15.90000  0.210167850158E+01
  16.00000  0.170449002970E+01
  16.10000  0.121082667482E+01
  16.20000  0.608862766043E+00
  16.30000  0.447256942085E+00
  16.40000  0.618826826369E+00
  16.50000  0.862242147549E+00
  16.60000  0.111604611278E+01
  16.70000  0.104565782874E+01
  16.80000  0.764789087973E+00
  16.90000  0.437468373389E+00
  17.00000  0.134049583644E+00
  17.10000  0.403474093426E-01
  17.20000  0.751717439686E-01
  17.30000  0.176870063890E+00
  17.40000  0.321245938410E+00
  17.50000  0.333190226048E+00
  17.60000  0.394835491128E+00
  17.70000  0.261166888754E+00
  17.80000  0.221903226790E+00
  17.90000  0.798354041092E-01
  18.00000  0.193050776072E-01
  18.10000  0.188682614955E-02
  18.20000  0.706227624828E-01
  18.30000  0.131304287304E+00
  18.40000  0.336969008377E+00
  18.50000  0.308230548629E+00
  18.60000  0.445110471241E+00
  18.70000  0.282479503113E+00
  18.80000  0.218883556219E+00
  18.90000  0.803457181115E-01
  19.00000  0.324983582225E-01
  19.10000  0.886008734498E-01
  19.20000  0.344186988411E+00
  19.30000  0.466714077840E+00
  19.40000  0.801362666421E+00
  19.50000  0.666041894389E+00
  19.60000  0.639422998096E+00
  19.70000  0.352335721057E+00
  19.80000  0.205720807484E+00
  19.90000  0.225553292548E+00
  20.00000  0.486365445047E+00
  20.10000  0.688641632307E+00
  20.20000  0.107215110295E+01
  20.30000  0.899989044321E+00
  20.40000  0.848555570202E+00
  20.50000  0.449546395306E+00
  20.60000  0.252458336140E+00
  20.70000  0.199425076397E+00
  20.80000  0.353333184998E+00
  20.90000  0.494580945144E+00
  21.00000  0.747377298273E+00
  21.10000  0.594171873416E+00
  21.20000  0.568786019328E+00
  21.30000  0.260712717923E+00
  21.40000  0.127920086603E+00
  21.50000  0.309572429834E-01
  21.60000  0.474658369323E-01
  21.70000  0.109197049227E+00
  21.80000  0.248069778162E+00
  21.90000  0.272010726021E+00
  22.00000  0.395396359304E+00
  22.10000  0.316680379238E+00
  22.20000  0.304253510827E+00
  22.30000  0.164745329016E+00
  22.40000  0.802838844624E-01
  22.50000  0.708078416537E-01
  22.60000  0.161562551998E+00
  22.70000  0.337824216633E+00
  22.80000  0.564079072488E+00
  22.90000  0.604453727182E+00
  23.00000  0.626616178484E+00
  23.10000  0.406982199754E+00
  23.20000  0.258789482707E+00
  23.30000  0.165417861411E+00
  23.40000  0.207439985558E+00
  23.50000  0.369014637793E+00
  23.60000  0.550741880059E+00
  23.70000  0.567964635072E+00
  23.80000  0.558902640319E+00
  23.90000  0.329849465492E+00
  24.00000  0.193392689460E+00
  24.10000  0.766165803768E-01
  24.20000  0.771935957907E-01
  24.30000  0.146336786755E+00
  24.40000  0.229530128359E+00
  24.50000  0.229334562281E+00
  24.60000  0.225287784385E+00
  24.70000  0.127016284669E+00
  24.80000  0.739493453729E-01
  24.90000  0.212761416195E-01
  25.00000  0.306364897727E-02
  25.10000  0.915184995847E-03
  25.20000  0.120115869774E-01
  25.30000  0.359633129725E-01
  25.40000  0.649979432859E-01
  25.50000  0.125456637925E+00
  25.60000  0.141026986187E+00
  25.70000  0.159069558833E+00
  25.80000  0.118773073457E+00
  25.90000  0.692843044788E-01
  26.00000  0.313012058850E-01
  26.10000  0.556804763009E-01
  26.20000  0.879217400074E-01
  26.30000  0.210802654018E+00
  26.40000  0.234162409082E+00
  26.50000  0.275794039611E+00
  26.60000  0.212530058948E+00
  26.70000  0.140788361945E+00
  26.80000  0.766882088031E-01
  26.90000  0.700961406659E-01
  27.00000  0.797928451944E-01
  27.10000  0.171809520117E+00
  27.20000  0.176531999755E+00
  27.30000  0.211994073907E+00
  27.40000  0.152461550878E+00
  27.50000  0.994810574498E-01
  27.60000  0.451142684159E-01
  27.70000  0.222114789305E-01
  27.80000  0.186610586461E-01
  27.90000  0.532755125412E-01
  28.00000  0.494626250257E-01
  28.10000  0.677739850603E-01
  28.20000  0.376959471036E-01
  28.30000  0.268652283060E-01
  28.40000  0.772542573366E-02
  28.50000  0.365866754596E-02
  28.60000  0.673590324504E-02
  28.70000  0.425173336401E-02
  28.80000  0.670631092045E-02
  28.90000  0.177192153966E-04
  29.00000  0.366274026986E-02
  29.10000  0.202202369782E-01
  29.20000  0.361057086616E-01
  29.30000  0.648280932930E-01
  29.40000  0.813525626924E-01
  29.50000  0.740945518308E-01
  29.60000  0.889770287817E-01
  29.70000  0.601990683613E-01
  29.80000  0.878351934436E-01
  29.90000  0.980252943152E-01
  30.00000  0.128401376198E+00
  30.10000  0.167125905778E+00
  30.20000  0.182396362856E+00
  30.30000  0.184330156673E+00
  30.40000  0.202742015900E+00
  30.50000  0.166268271263E+00
  30.60000  0.202037580459E+00
  30.70000  0.183333866160E+00
  30.80000  0.205053343604E+00
  30.90000  0.215306818455E+00
  31.00000  0.208340836991E+00
  31.10000  0.207532798247E+00
  31.20000  0.211714577789E+00
  31.30000  0.182464635900E+00
  31.40000  0.212957589761E+00
  31.50000  0.175338891815E+00
  31.60000  0.188126399631E+00
  31.70000  0.160984944583E+00
  31.80000  0.139107197044E+00
  31.90000  0.123572511982E+00
  32.00000  0.110885586835E+00
  32.10000  0.966372383689E-01
  32.20000  0.118155530703E+00
  32.30000  0.940748189398E-01
  32.40000  0.119721877510E+00
  32.50000  0.881738053998E-01
  32.60000  0.891782980260E-01
  32.70000  0.652706765062E-01
  32.80000  0.533920335025E-01
  32.90000  0.460434097170E-01
  33.00000  0.546381335793E-01
  33.10000  0.565519242511E-01
  33.20000  0.997201839529E-01
  33.30000  0.940756339046E-01
  33.40000  0.138462390613E+00
  33.50000  0.116096762524E+00
  33.60000  0.118752016760E+00
  33.70000  0.962595580780E-01
  33.80000  0.814191207735E-01
  33.90000  0.834700314911E-01
  34.00000  0.114285905117E+00
  34.10000  0.126447295279E+00
  34.20000  0.188344355560E+00
  34.30000  0.169339177356E+00
  34.40000  0.183839422293E+00
  34.50000  0.138791251048E+00
  34.60000  0.104291003549E+00
  34.70000  0.825966486778E-01
  34.80000  0.776840849532E-01
  34.90000  0.845985775573E-01
  35.00000  0.124603460373E+00
  35.10000  0.113156406759E+00
  35.20000  0.132183644190E+00
  35.30000  0.920588516937E-01
  35.40000  0.675791028893E-01
  35.50000  0.388559070868E-01
  35.60000  0.169169170037E-01
  35.70000  0.148364148261E-01
  35.80000  0.208106457893E-01
  35.90000  0.234387666145E-01
  36.00000  0.392403702110E-01
  36.10000  0.372207859881E-01
  36.20000  0.455748955620E-01
  36.30000  0.434301868480E-01
  36.40000  0.373236568712E-01
  36.50000  0.343231501496E-01
  36.60000  0.174688716860E-01
  36.70000  0.251068783532E-01
  36.80000  0.234302654919E-01
  36.90000  0.548078103772E-01
  37.00000  0.794552825143E-01
  37.10000  0.108611075232E+00
  37.20000  0.121169234284E+00
  37.30000  0.117301279819E+00
  37.40000  0.903365541044E-01
  37.50000  0.819865916622E-01
  37.60000  0.542672572439E-01
  37.70000  0.823065492165E-01
  37.80000  0.901765462236E-01
  37.90000  0.126192251769E+00
  38.00000  0.136940033101E+00
  38.10000  0.132083562476E+00
  38.20000  0.107906512823E+00
  38.30000  0.820560199286E-01
  38.40000  0.465772716528E-01
  38.50000  0.478447727070E-01
  38.60000  0.354260334255E-01
  38.70000  0.567682033432E-01
  38.80000  0.579540072510E-01
  38.90000  0.627584256623E-01
  39.00000  0.580023598937E-01
  39.10000  0.429799915629E-01
  39.20000  0.349210627120E-01
  39.30000  0.202508692680E-01
  39.40000  0.149306133019E-01
  39.50000  0.141433713196E-01
  39.60000  0.161465178924E-01
  39.70000  0.338893836514E-01
  39.80000  0.545099417472E-01
  39.90000  0.748857564350E-01
  40.00000  0.108439958529E+00
  40.10000  0.100431549626E+00
  40.20000  0.120389488237E+00
  40.30000  0.936584334394E-01
  40.40000  0.101172002077E+00
  40.50000  0.108658064041E+00
  40.60000  0.137945154488E+00
  40.70000  0.180852118496E+00
  40.80000  0.233108314927E+00
  40.90000  0.239831970119E+00
  41.00000  0.272904863118E+00
  41.10000  0.222192090195E+00
  41.20000  0.226136574840E+00
  41.30000  0.194482555605E+00
  41.40000  0.208837006747E+00
  41.50000  0.236009793183E+00
  41.60000  0.273747609770E+00
  41.70000  0.287812711253E+00
  41.80000  0.312196526418E+00
  41.90000  0.257463704906E+00
  42.00000  0.251730948692E+00
  42.10000  0.186149658178E+00
  42.20000  0.180363931771E+00
  42.30000  0.170163023856E+00
  42.40000  0.182843896540E+00
  42.50000  0.194068649360E+00
  42.60000  0.204435677448E+00
  42.70000  0.174935624288E+00
  42.80000  0.167056709916E+00
  42.90000  0.110317729469E+00
  43.00000  0.985587894195E-01
  43.10000  0.673837038822E-01
  43.20000  0.668707078249E-01
  43.30000  0.694773391053E-01
  43.40000  0.749212443500E-01
  43.50000  0.807175864027E-01
  43.60000  0.815362847099E-01
  43.70000  0.725382427977E-01
  43.80000  0.678216372349E-01
  43.90000  0.510561746352E-01
  44.00000  0.474465841012E-01
  44.10000  0.415780640483E-01
  44.20000  0.457714451029E-01
  44.30000  0.660604618071E-01
  44.40000  0.756864767453E-01
  44.50000  0.111676825242E+00
  44.60000  0.114139743881E+00
  44.70000  0.132504301077E+00
  44.80000  0.123192131788E+00
  44.90000  0.116195650060E+00
  45.00000  0.109889935207E+00
  45.10000  0.115620066384E+00
  45.20000  0.122739766937E+00
  45.30000  0.165645145294E+00
  45.40000  0.169774360326E+00
  45.50000  0.213962569778E+00
  45.60000  0.196888067168E+00
  45.70000  0.200496656563E+00
  45.80000  0.175903096812E+00
  45.90000  0.160433899773E+00
  46.00000  0.153118496314E+00
  46.10000  0.168134256913E+00
  46.20000  0.171140962820E+00
  46.30000  0.212877056339E+00
  46.40000  0.198576964760E+00
  46.50000  0.218100187404E+00
  46.60000  0.185587906931E+00
  46.70000  0.168144294138E+00
  46.80000  0.145737231374E+00
  46.90000  0.130291437174E+00
  47.00000  0.130302836368E+00
  47.10000  0.145947335680E+00
  47.20000  0.147430246810E+00
  47.30000  0.172618420759E+00
  47.40000  0.156316489508E+00
  47.50000  0.156542102731E+00
  47.60000  0.133610331441E+00
  47.70000  0.111533204236E+00
  47.80000  0.105583591696E+00
  47.90000  0.928766091839E-01
  48.00000  0.106809657421E+00
  48.10000  0.118131687474E+00
  48.20000  0.131513523289E+00
  48.30000  0.146404331752E+00
  48.40000  0.143308878725E+00
  48.50000  0.136427480939E+00
  48.60000  0.126963625029E+00
  48.70000  0.103273747185E+00
  48.80000  0.110767528716E+00
  48.90000  0.979741298279E-01
  49.00000  0.125885616286E+00
  49.10000  0.134665945352E+00
  49.20000  0.158140783567E+00
  49.30000  0.166675986598E+00
  49.40000  0.165915597132E+00
  49.50000  0.152036160116E+00
  49.60000  0.142526932218E+00
  49.70000  0.116501521169E+00
  49.80000  0.127874907133E+00
  49.90000  0.116876377588E+00
  50.00000  0.147669894212E+00
  50.10000  0.155860171180E+00
  50.20000  0.173252269428E+00
  50.30000  0.177377229939E+00
  50.40000  0.165181166590E+00
  50.50000  0.150005044042E+00
  50.60000  0.132950063841E+00
  50.70000  0.112590266644E+00
  50.80000  0.120002860809E+00
  50.90000  0.116583366602E+00
  51.00000  0.139915512592E+00
  51.10000  0.153423418306E+00
  51.20000  0.159318842475E+00
  51.30000  0.169821748516E+00
  51.40000  0.147754131838E+00
  51.50000  0.143341678225E+00
  51.60000  0.119912247473E+00
  51.70000  0.112176180449E+00
  51.80000  0.114201261173E+00
  51.90000  0.122506467381E+00
  52.00000  0.140637951520E+00
  52.10000  0.166066290289E+00
  52.20000  0.167672194468E+00
  52.30000  0.190576768778E+00
  52.40000  0.164576801152E+00
  52.50000  0.170505219903E+00
  52.60000  0.143805832026E+00
  52.70000  0.143740872401E+00
  52.80000  0.145036144119E+00
  52.90000  0.160140283997E+00
  53.00000  0.179144795702E+00
  53.10000  0.209488559052E+00
  53.20000  0.210191047434E+00
  53.30000  0.233042943979E+00
  53.40000  0.205099142562E+00
  53.50000  0.206862352329E+00
  53.60000  0.181358692959E+00
  53.70000  0.176336325985E+00
  53.80000  0.181191387566E+00
  53.90000  0.189422932286E+00
  54.00000  0.209198693668E+00
  54.10000  0.227180867470E+00
  54.20000  0.226501242213E+00
  54.30000  0.233666074619E+00
  54.40000  0.208614350049E+00
  54.50000  0.197260921810E+00
  54.60000  0.179223760671E+00
  54.70000  0.163320559075E+00
  54.80000  0.172967355103E+00
  54.90000  0.166811547361E+00
  55.00000  0.187151818844E+00
  55.10000  0.187600873549E+00
  55.20000  0.191054304877E+00
  55.30000  0.185580120498E+00
  55.40000  0.171671771913E+00
  55.50000  0.156062573059E+00
  55.60000  0.148786464127E+00
  55.70000  0.130742678144E+00
  55.80000  0.145228511864E+00
  55.90000  0.133882890977E+00
  56.00000  0.158445130223E+00
  56.10000  0.155231136879E+00
  56.20000  0.168101632904E+00
  56.30000  0.167378668258E+00
  56.40000  0.164064690361E+00
  56.50000  0.160217265876E+00
  56.60000  0.158286948421E+00
  56.70000  0.151958547905E+00
  56.80000  0.167958393516E+00
  56.90000  0.165631917900E+00
  57.00000  0.192339422075E+00
  57.10000  0.199163972248E+00
  57.20000  0.213443934545E+00
  57.30000  0.226917388920E+00
  57.40000  0.220523721096E+00
  57.50000  0.233073324376E+00
  57.60000  0.224769651968E+00
  57.70000  0.232732850345E+00
  57.80000  0.241990384665E+00
  57.90000  0.249744136118E+00
  58.00000  0.267677215378E+00
  58.10000  0.281506674686E+00
  58.20000  0.282445549049E+00
  58.30000  0.301998307935E+00
  58.40000  0.280614949885E+00
  58.50000  0.298759986086E+00
  58.60000  0.278079656086E+00
  58.70000  0.289153973385E+00
  58.80000  0.287052521540E+00
  58.90000  0.293135821631E+00
  59.00000  0.296989929213E+00
  59.10000  0.304604698056E+00
  59.20000  0.291054621565E+00
  59.30000  0.302548877044E+00
  59.40000  0.271926731437E+00
  59.50000  0.282228199814E+00
  59.60000  0.257489165125E+00
  59.70000  0.260235776682E+00
  59.80000  0.254454837846E+00
  59.90000  0.249837368337E+00
  60.00000  0.250199888950E+00
  60.10000  0.244672526611E+00
  60.20000  0.233037584702E+00
  60.30000  0.231308371998E+00
  60.40000  0.209403972666E+00
  60.50000  0.208845077918E+00
  60.60000  0.194414393945E+00
  60.70000  0.188808142325E+00
  60.80000  0.191723186785E+00
  60.90000  0.179449987465E+00
  61.00000  0.190578467677E+00
  61.10000  0.177046932187E+00
  61.20000  0.181533564393E+00
  61.30000  0.173004906489E+00
  61.40000  0.168693344788E+00
  61.50000  0.165082542678E+00
  61.60000  0.163877898539E+00
  61.70000  0.159229127328E+00
  61.80000  0.171475390810E+00
  61.90000  0.161690999386E+00
  62.00000  0.182871568149E+00
  62.10000  0.171465112642E+00
  62.20000  0.187078346372E+00
  62.30000  0.181545925854E+00
  62.40000  0.184529861522E+00
  62.50000  0.187161178468E+00
  62.60000  0.186420561255E+00
  62.70000  0.191056793687E+00
  62.80000  0.199514562590E+00
  62.90000  0.199219772665E+00
  63.00000  0.216008863950E+00
  63.10000  0.212388477265E+00
  63.20000  0.222906451540E+00
  63.30000  0.224465760560E+00
  63.40000  0.219186450057E+00
  63.50000  0.230020801419E+00
  63.60000  0.217126787035E+00
  63.70000  0.230825541944E+00
  63.80000  0.225246531802E+00
  63.90000  0.232759265600E+00
  64.00000  0.236275815855E+00
  64.10000  0.237632256834E+00
  64.20000  0.237025135951E+00
  64.30000  0.241044685112E+00
  64.40000  0.226467886570E+00
  64.50000  0.238607896017E+00
  64.60000  0.217055665054E+00
  64.70000  0.231660155544E+00
  64.80000  0.217901030930E+00
  64.90000  0.225201740046E+00
  65.00000  0.223136852349E+00
  65.10000  0.221622168635E+00
  65.20000  0.220673151938E+00
  65.30000  0.218585099578E+00
  65.40000  0.208662063684E+00
  65.50000  0.212972954975E+00
  65.60000  0.197759369389E+00
  65.70000  0.205102424159E+00
  65.80000  0.197174197413E+00
  65.90000  0.198185823417E+00
  66.00000  0.203298394687E+00
  66.10000  0.194562827769E+00
  66.20000  0.205093163195E+00
  66.30000  0.193582498107E+00
  66.40000  0.198527210958E+00
  66.50000  0.193086341296E+00
  66.60000  0.191556857646E+00
  66.70000  0.192082495431E+00
  66.80000  0.193727779454E+00
  66.90000  0.191545701080E+00
  67.00000  0.203842165803E+00
  67.10000  0.193012888311E+00
  67.20000  0.211392748595E+00
  67.30000  0.196942930982E+00
  67.40000  0.209999177126E+00
  67.50000  0.202426224057E+00
  67.60000  0.205596426779E+00
  67.70000  0.208033967322E+00
  67.80000  0.208518759266E+00
  67.90000  0.212762920609E+00
  68.00000  0.219538800793E+00
  68.10000  0.216556873177E+00
  68.20000  0.228370101632E+00
  68.30000  0.220319487308E+00
  68.40000  0.227068756014E+00
  68.50000  0.225141353266E+00
  68.60000  0.220674432236E+00
  68.70000  0.230874388321E+00
  68.80000  0.220560808687E+00
  68.90000  0.235498923137E+00
  69.00000  0.229055655834E+00
  69.10000  0.236760560153E+00
  69.20000  0.236022187741E+00
  69.30000  0.234919477885E+00
  69.40000  0.232318986651E+00
  69.50000  0.233113378526E+00
  69.60000  0.222262639350E+00
  69.70000  0.233935181188E+00
  69.80000  0.218259710664E+00
  69.90000  0.235891365532E+00
  70.00000  0.224496244272E+00
  70.10000  0.234633865439E+00
  70.20000  0.231267235695E+00
  70.30000  0.228320581144E+00
  70.40000  0.227620422461E+00
  70.50000  0.220629313747E+00
  70.60000  0.215916307410E+00
  70.70000  0.217035054672E+00
  70.80000  0.209255279158E+00
  70.90000  0.218309501119E+00
  71.00000  0.214827497466E+00
  71.10000  0.219302922880E+00
  71.20000  0.224475134555E+00
  71.30000  0.215063591645E+00
  71.40000  0.224768903519E+00
  71.50000  0.207210945287E+00
  71.60000  0.214122341771E+00
  71.70000  0.202633732893E+00
  71.80000  0.205258512331E+00
  71.90000  0.205564149520E+00
  72.00000  0.209495932256E+00
  72.10000  0.212296076732E+00
  72.20000  0.222293469016E+00
  72.30000  0.215185716037E+00
  72.40000  0.228409755506E+00
  72.50000  0.211691427900E+00
  72.60000  0.220748117085E+00
  72.70000  0.207753331762E+00
  72.80000  0.209520919191E+00
  72.90000  0.210953869676E+00
  73.00000  0.209917653626E+00
  73.10000  0.221145054955E+00
  73.20000  0.223188499059E+00
  73.30000  0.229984142521E+00
  73.40000  0.234694483286E+00
  73.50000  0.230597112018E+00
  73.60000  0.231748834145E+00
  73.70000  0.225963300193E+00
  73.80000  0.219384341774E+00
  73.90000  0.225432205458E+00
  74.00000  0.214383843696E+00
  74.10000  0.233147725686E+00
  74.20000  0.224673119595E+00
  74.30000  0.242618700524E+00
  74.40000  0.239437183283E+00
  74.50000  0.244481135681E+00
  74.60000  0.242267760935E+00
  74.70000  0.237993131620E+00
  74.80000  0.231247318909E+00
  74.90000  0.231889020083E+00
  75.00000  0.221248499205E+00
  75.10000  0.233514120373E+00
  75.20000  0.225628153097E+00
  75.30000  0.239884914843E+00
  75.40000  0.239875811340E+00
  75.50000  0.241722697630E+00
  75.60000  0.247260412817E+00
  75.70000  0.235101709413E+00
  75.80000  0.239319261568E+00
  75.90000  0.226107498975E+00
  76.00000  0.225910767636E+00
  76.10000  0.223108882006E+00
  76.20000  0.222772493388E+00
  76.30000  0.226667725842E+00
  76.40000  0.232304245412E+00
  76.50000  0.229442680845E+00
  76.60000  0.241132719903E+00
  76.70000  0.225605479699E+00
  76.80000  0.236809031635E+00
  76.90000  0.217826668668E+00
  77.00000  0.222688601569E+00
  77.10000  0.213565869560E+00
  77.20000  0.213190355921E+00
  77.30000  0.215802070083E+00
  77.40000  0.216151029228E+00
  77.50000  0.219725830241E+00
  77.60000  0.224042979164E+00
  77.70000  0.219031012848E+00
  77.80000  0.223889129979E+00
  77.90000  0.213606361580E+00
  78.00000  0.212911367657E+00
  78.10000  0.209180773229E+00
  78.20000  0.201160772870E+00
  78.30000  0.209828572727E+00
  78.40000  0.199037260115E+00
  78.50000  0.212976241953E+00
  78.60000  0.205323637862E+00
  78.70000  0.212951966240E+00
  78.80000  0.209492753870E+00
  78.90000  0.208175305855E+00
  79.00000  0.204512363983E+00
  79.10000  0.202797873989E+00
  79.20000  0.194656252299E+00
  79.30000  0.201077260462E+00
  79.40000  0.189771135409E+00
  79.50000  0.202015516049E+00
  79.60000  0.193569539135E+00
  79.70000  0.201014118617E+00
  79.80000  0.199766762666E+00
  79.90000  0.196006668184E+00
  80.00000  0.199909660004E+00
  80.10000  0.190007393431E+00
  80.20000  0.193097236605E+00
  80.30000  0.187048753509E+00
  80.40000  0.186331950528E+00
  80.50000  0.187048572570E+00
  80.60000  0.185815948955E+00
  80.70000  0.186192009035E+00
  80.80000  0.189885161328E+00
  80.90000  0.182073291015E+00
  81.00000  0.191538407148E+00
  81.10000  0.176837901651E+00
  81.20000  0.186824174799E+00
  81.30000  0.174364772405E+00
  81.40000  0.178977476334E+00
  81.50000  0.175217297986E+00
  81.60000  0.174050023885E+00
  81.70000  0.175861332472E+00
  81.80000  0.173896555082E+00
  81.90000  0.173157783500E+00
  82.00000  0.174687736026E+00
  82.10000  0.168403941610E+00
  82.20000  0.171909429819E+00
  82.30000  0.165709451589E+00
  82.40000  0.165464542868E+00
  82.50000  0.166660516679E+00
  82.60000  0.159268340936E+00
  82.70000  0.168051739014E+00
  82.80000  0.156560394109E+00
  82.90000  0.165728219758E+00
  83.00000  0.156607224408E+00
  83.10000  0.159822378856E+00
  83.20000  0.156100989410E+00
  83.30000  0.154726011330E+00
  83.40000  0.153047768578E+00
  83.50000  0.153667731505E+00
  83.60000  0.148662400299E+00
  83.70000  0.154620333648E+00
  83.80000  0.145591151136E+00
  83.90000  0.152713796625E+00
  84.00000  0.144887175013E+00
  84.10000  0.146247471757E+00
  84.20000  0.145087219128E+00
  84.30000  0.138911110811E+00
  84.40000  0.144036232298E+00
  84.50000  0.135483182740E+00
  84.60000  0.141151725414E+00
  84.70000  0.136208367754E+00
  84.80000  0.137717553256E+00
  84.90000  0.136570875841E+00
  85.00000  0.135212913834E+00
  85.10000  0.132667589149E+00
  85.20000  0.133714929522E+00
  85.30000  0.125814712404E+00
  85.40000  0.132014476650E+00
  85.50000  0.121043257869E+00
  85.60000  0.129062288737E+00
  85.70000  0.121289921805E+00
  85.80000  0.125062964826E+00
  85.90000  0.124001298583E+00
  86.00000  0.121153874640E+00
  86.10000  0.124026468563E+00
  86.20000  0.118189060765E+00
  86.30000  0.119452290446E+00
  86.40000  0.115964288824E+00
  86.50000  0.113690904835E+00
  86.60000  0.113604927346E+00
  86.70000  0.111460145565E+00
  86.80000  0.110608505858E+00
  86.90000  0.113329021548E+00
  87.00000  0.107434488759E+00
  87.10000  0.115107274349E+00
  87.20000  0.105051430341E+00
  87.30000  0.112684279584E+00
  87.40000  0.103914058580E+00
  87.50000  0.106640380992E+00
  87.60000  0.103429319348E+00
  87.70000  0.101396207288E+00
  87.80000  0.102511552980E+00
  87.90000  0.100120314659E+00
  88.00000  0.100716143808E+00
  88.10000  0.101356996270E+00
  88.20000  0.987549481635E-01
  88.30000  0.101014553313E+00
  88.40000  0.977326083207E-01
  88.50000  0.971048510723E-01
  88.60000  0.978116597410E-01
  88.70000  0.918002512360E-01
  88.80000  0.977947960756E-01
  88.90000  0.887919774987E-01
  89.00000  0.962685081864E-01
  89.10000  0.892200935255E-01
  89.20000  0.931911307099E-01
  89.30000  0.906851422460E-01
  89.40000  0.901073913179E-01
  89.50000  0.901387556001E-01
  89.60000  0.885584384164E-01
  89.70000  0.872176966954E-01
  89.80000  0.883406508759E-01
  89.90000  0.843718583343E-01
  90.00000  0.876171082947E-01
  90.10000  0.838755056481E-01
  90.20000  0.849155401443E-01
  90.30000  0.852373599850E-01
  90.40000  0.808909850316E-01
  90.50000  0.858935161750E-01
  90.60000  0.778594580387E-01
  90.70000  0.842170929453E-01
  90.80000  0.774647065220E-01
  90.90000  0.812736432758E-01
  91.00000  0.788925669059E-01
  91.10000  0.793676690970E-01
  91.20000  0.795845196070E-01
  91.30000  0.792562069022E-01
  91.40000  0.778519876534E-01
  91.50000  0.793677756135E-01
  91.60000  0.747369226268E-01
  91.70000  0.778326553266E-01
  91.80000  0.730645308437E-01
  91.90000  0.747902804440E-01
  92.00000  0.744691322045E-01
  92.10000  0.722521796870E-01
  92.20000  0.774489547967E-01
  92.30000  0.717715182650E-01
  92.40000  0.786799667568E-01
  92.50000  0.726743558312E-01
  92.60000  0.764281548159E-01
  92.70000  0.728598141116E-01
  92.80000  0.724645068931E-01
  92.90000  0.712324201496E-01
  93.00000  0.702862742184E-01
  93.10000  0.690236335585E-01
  93.20000  0.714223016710E-01
  93.30000  0.684828797420E-01
  93.40000  0.737850532221E-01
  93.50000  0.703090167519E-01
  93.60000  0.738780336646E-01
  93.70000  0.726636143299E-01
  93.80000  0.705085467163E-01
  93.90000  0.729970242273E-01
  94.00000  0.660786755091E-01
  94.10000  0.708145767085E-01
  94.20000  0.641549143352E-01
  94.30000  0.683052803602E-01
  94.40000  0.658869364815E-01
  94.50000  0.679911491779E-01
  94.60000  0.689182875475E-01
  94.70000  0.699068781669E-01
  94.80000  0.698181026965E-01
  94.90000  0.714639829513E-01
  95.00000  0.675442916621E-01
  95.10000  0.702224343377E-01
  95.20000  0.644627828091E-01
  95.30000  0.665628970394E-01
  95.40000  0.638903009379E-01
  95.50000  0.633701359868E-01
  95.60000  0.666337748506E-01
  95.70000  0.630954914699E-01
  95.80000  0.700885178037E-01
  95.90000  0.653058669496E-01
  96.00000  0.708815819707E-01
  96.10000  0.672049721744E-01
  96.20000  0.683247522659E-01
  96.30000  0.665149416216E-01
  96.40000  0.650384661705E-01
  96.50000  0.637880537425E-01
  96.60000  0.641233242745E-01
  96.70000  0.618550412701E-01
  96.80000  0.659484090565E-01
  96.90000  0.629543789577E-01
  97.00000  0.679380360497E-01
  97.10000  0.663927809775E-01
  97.20000  0.674219281554E-01
  97.30000  0.691296902846E-01
  97.40000  0.644180706935E-01
  97.50000  0.687799180671E-01
  97.60000  0.615099246967E-01
  97.70000  0.659981660761E-01
  97.80000  0.611444509314E-01
  97.90000  0.637485354599E-01
  98.00000  0.632262592279E-01
  98.10000  0.641946220454E-01
  98.20000  0.653699229936E-01
  98.30000  0.664774305838E-01
  98.40000  0.654039036021E-01
  98.50000  0.676880072074E-01
  98.60000  0.635279434412E-01
  98.70000  0.659301165175E-01
  98.80000  0.619691829057E-01
  98.90000  0.622438235171E-01
  99.00000  0.625552000567E-01
  99.10000  0.595075245404E-01
  99.20000  0.647589771281E-01
  99.30000  0.595933152573E-01
  99.40000  0.662625285374E-01
  99.50000  0.616603398314E-01
  99.60000  0.654008332827E-01
  99.70000  0.631394602258E-01
  99.80000  0.628472595253E-01
  99.90000  0.623033498642E-01
 100.00000  0.607875861390E-01
 100.10000  0.599113523226E-01
 100.20000  0.605895787868E-01
 100.30000  0.583976311626E-01
 100.40000  0.615079302937E-01
 100.50000  0.594180154523E-01
 100.60000  0.616775534345E-01
 100.70000  0.621455593723E-01
 100.80000  0.601634773112E-01
 100.90000  0.640160187522E-01
 101.00000  0.578876047738E-01
 101.10000  0.632215481273E-01
 101.20000  0.566119672405E-01
 101.30000  0.604595321059E-01
 101.40000  0.571563857591E-01
 101.50000  0.581676865125E-01
 101.60000  0.586547912625E-01
 101.70000  0.580542716818E-01
 101.80000  0.594994394965E-01
 101.90000  0.594565752583E-01
 102.00000  0.589420260551E-01
 102.10000  0.601250510534E-01
 102.20000  0.577245990965E-01
 102.30000  0.585231326762E-01
 102.40000  0.571467516795E-01
 102.50000  0.553179429916E-01
 102.60000  0.576058910359E-01
 102.70000  0.527047778719E-01
 102.80000  0.581808679025E-01
 102.90000  0.523460548707E-01
 103.00000  0.576661792971E-01
 103.10000  0.538922801356E-01
 103.20000  0.558707772493E-01
 103.30000  0.553759736554E-01
 103.40000  0.537590447676E-01
 103.50000  0.550413533325E-01
 103.60000  0.523637149791E-01
 103.70000  0.529263128285E-01
 103.80000  0.517456674171E-01
 103.90000  0.507586508042E-01
 104.00000  0.511119797686E-01
 104.10000  0.502631378714E-01
 104.20000  0.498476313543E-01
 104.30000  0.514787188238E-01
 104.40000  0.482643960927E-01
 104.50000  0.527134169046E-01
 104.60000  0.472771458987E-01
 104.70000  0.521749483477E-01
 104.80000  0.473962116144E-01
 104.90000  0.496566368664E-01
 105.00000  0.481182098446E-01
 105.10000  0.466577584812E-01
 105.20000  0.483746556636E-01
 105.30000  0.449342542699E-01
 105.40000  0.476071660073E-01
 105.50000  0.449555284149E-01
 105.60000  0.463502149149E-01
 105.70000  0.456556736696E-01
 105.80000  0.456536550544E-01
 105.90000  0.455412797738E-01
 106.00000  0.458909735958E-01
 106.10000  0.440504104106E-01
 106.20000  0.462256929962E-01
 106.30000  0.419824852892E-01
 106.40000  0.453910914467E-01
 106.50000  0.407004762723E-01
 106.60000  0.430336445141E-01
 106.70000  0.408579583775E-01
 106.80000  0.401933065495E-01
 106.90000  0.418035907280E-01
 107.00000  0.383682917186E-01
 107.10000  0.422022903389E-01
 107.20000  0.381133619060E-01
 107.30000  0.412611022706E-01
 107.40000  0.385769299961E-01
 107.50000  0.393695472853E-01
 107.60000  0.383701394907E-01
 107.70000  0.375966471655E-01
 107.80000  0.368798882115E-01
 107.90000  0.366407099788E-01
 108.00000  0.348310728783E-01
 108.10000  0.362717689984E-01
 108.20000  0.336375376082E-01
 108.30000  0.357109410299E-01
 108.40000  0.341000341044E-01
 108.50000  0.344798656020E-01
 108.60000  0.355743318320E-01
 108.70000  0.328721673274E-01
 108.80000  0.364293466529E-01
 108.90000  0.316292929930E-01
 109.00000  0.354956557290E-01
 109.10000  0.312032246020E-01
 109.20000  0.331464181967E-01
 109.30000  0.313558467833E-01
 109.40000  0.309063850222E-01
 109.50000  0.314421595779E-01
 109.60000  0.299995320990E-01
 109.70000  0.310404962252E-01
 109.80000  0.303015199126E-01
 109.90000  0.303152712478E-01
 110.00000  0.306111682003E-01
 110.10000  0.297866856378E-01
 110.20000  0.298325363427E-01
 110.30000  0.297178764247E-01
 110.40000  0.279479218021E-01
 110.50000  0.297309120617E-01
 110.60000  0.259842293814E-01
 110.70000  0.291352692020E-01
 110.80000  0.250899624050E-01
 110.90000  0.276882234053E-01
 111.00000  0.255713983455E-01
 111.10000  0.259275788784E-01
 111.20000  0.266910739807E-01
 111.30000  0.246972753827E-01
 111.40000  0.273163883804E-01
 111.50000  0.243971207097E-01
 111.60000  0.268262246238E-01
 111.70000  0.246667730020E-01
 111.80000  0.255552147951E-01
 111.90000  0.247229016490E-01
 112.00000  0.244201546722E-01
 112.10000  0.240639026192E-01
 112.20000  0.240425224722E-01
 112.30000  0.229702844811E-01
 112.40000  0.242214305679E-01
 112.50000  0.223121418489E-01
 112.60000  0.242548634091E-01
 112.70000  0.227529716945E-01
 112.80000  0.236557270690E-01
 112.90000  0.240485968975E-01
 113.00000  0.225431722269E-01
 113.10000  0.251061851658E-01
 113.20000  0.214879089141E-01
 113.30000  0.248538012886E-01
 113.40000  0.210191557826E-01
 113.50000  0.232440519148E-01
 113.60000  0.212051701877E-01
 113.70000  0.213774155374E-01
 113.80000  0.216758274490E-01
 113.90000  0.204989797680E-01
 114.00000  0.220063971834E-01
 114.10000  0.208997470129E-01
 114.20000  0.220345060599E-01
 114.30000  0.217714986419E-01
 114.40000  0.218901188805E-01
 114.50000  0.219860984344E-01
 114.60000  0.217974056787E-01
 114.70000  0.210736850387E-01
 114.80000  0.218030685737E-01
 114.90000  0.196411759755E-01
 115.00000  0.217297115882E-01
 115.10000  0.188942361272E-01
 115.20000  0.214301113685E-01
 115.30000  0.196423145591E-01
 115.40000  0.209696259164E-01
 115.50000  0.215720686534E-01
 115.60000  0.205607704978E-01
 115.70000  0.233575518464E-01
 115.80000  0.204013523179E-01
 115.90000  0.236746142202E-01
 116.00000  0.205011230132E-01
 116.10000  0.224012252446E-01
 116.20000  0.206685423718E-01
 116.30000  0.207478004187E-01
 116.40000  0.207510082467E-01
 116.50000  0.201060301575E-01
 116.60000  0.208102425185E-01
 116.70000  0.208265136605E-01
 116.80000  0.210371207147E-01
 116.90000  0.219963841018E-01
 117.00000  0.215536059939E-01
 117.10000  0.223380253727E-01
 117.20000  0.222091434599E-01
 117.30000  0.213874914685E-01
 117.40000  0.226064970802E-01
 117.50000  0.198550057305E-01
 117.60000  0.224589348390E-01
 117.70000  0.190207920328E-01
 117.80000  0.218518755582E-01
 117.90000  0.197470490381E-01
 118.00000  0.211952130873E-01
 118.10000  0.217244423116E-01
 118.20000  0.209443411508E-01
 118.30000  0.236254864169E-01
 118.40000  0.212034327902E-01
 118.50000  0.242026392713E-01
 118.60000  0.216631459087E-01
 118.70000  0.233133433648E-01
 118.80000  0.219468866594E-01
 118.90000  0.220221850185E-01
 119.00000  0.219120291947E-01
 119.10000  0.216550704365E-01
 119.20000  0.217829662786E-01
 119.30000  0.225373561598E-01
 119.40000  0.220093061536E-01
 119.50000  0.237592582732E-01
 119.60000  0.228161369786E-01
 119.70000  0.240990572536E-01
 119.80000  0.239289519697E-01
 119.90000  0.231237717628E-01
 120.00000  0.246963492178E-01
 120.10000  0.215833598788E-01
 120.20000  0.245861618809E-01
 120.30000  0.207287873702E-01
 120.40000  0.237119155248E-01
 120.50000  0.212877345897E-01
 120.60000  0.227047837068E-01
 120.70000  0.229389472689E-01
 120.80000  0.221904639677E-01
 120.90000  0.244963444370E-01
 121.00000  0.223534749698E-01
 121.10000  0.248775837722E-01
 121.20000  0.227959522854E-01
 121.30000  0.240434169949E-01
 121.40000  0.229719847251E-01
 121.50000  0.229336351875E-01
 121.60000  0.226871548513E-01
 121.70000  0.226286510808E-01
 121.80000  0.222307462165E-01
 121.90000  0.233618278078E-01
 122.00000  0.222032615487E-01
 122.10000  0.243453134883E-01
 122.20000  0.229905129842E-01
 122.30000  0.245761412653E-01
 122.40000  0.243609250816E-01
 122.50000  0.237175857993E-01
 122.60000  0.255194310862E-01
 122.70000  0.224144095271E-01
 122.80000  0.256655219638E-01
 122.90000  0.216836373300E-01
 123.00000  0.247343749945E-01
 123.10000  0.220782525741E-01
 123.20000  0.233927980930E-01
 123.30000  0.233059871073E-01
 123.40000  0.224980437662E-01
 123.50000  0.243867008234E-01
 123.60000  0.224219532225E-01
 123.70000  0.245111237357E-01
 123.80000  0.227536270206E-01
 123.90000  0.236898711772E-01
 124.00000  0.228184339714E-01
 124.10000  0.226378375563E-01
 124.20000  0.222454496837E-01
 124.30000  0.221401160761E-01
 124.40000  0.212728130811E-01
 124.50000  0.223042436510E-01
 124.60000  0.205981706652E-01
 124.70000  0.225780102892E-01
 124.80000  0.208222682959E-01
 124.90000  0.223233360780E-01
 125.00000  0.219499325470E-01
 125.10000  0.214465246627E-01
 125.20000  0.232299601110E-01
 125.30000  0.204503559423E-01
 125.40000  0.237263408087E-01
 125.50000  0.199728183866E-01
 125.60000  0.230036706151E-01
 125.70000  0.203249751558E-01
 125.80000  0.215231305385E-01
 125.90000  0.211508157993E-01
 126.00000  0.202652060291E-01
 126.10000  0.217754096081E-01
 126.20000  0.198299874381E-01
 126.30000  0.217115255495E-01
 126.40000  0.200902162357E-01
 126.50000  0.210238349783E-01
 126.60000  0.203322057710E-01
 126.70000  0.202618597037E-01
 126.80000  0.199438403362E-01
 126.90000  0.198236221169E-01
 127.00000  0.189021170504E-01
 127.10000  0.196242196098E-01
 127.20000  0.177591841841E-01
 127.30000  0.192088122984E-01
 127.40000  0.172276094712E-01
 127.50000  0.182952308443E-01
 127.60000  0.175997211328E-01
 127.70000  0.170599115164E-01
 127.80000  0.184778873105E-01
 127.90000  0.160554317666E-01
 128.00000  0.190015739137E-01
 128.10000  0.157317214987E-01
 128.20000  0.185809792228E-01
 128.30000  0.161160733673E-01
 128.40000  0.172922441073E-01
 128.50000  0.167785097876E-01
 128.60000  0.158720643640E-01
 128.70000  0.170750555450E-01
 128.80000  0.150213016573E-01
 128.90000  0.167159787558E-01
 129.00000  0.149063302885E-01
 129.10000  0.159137164462E-01
 129.20000  0.151301060959E-01
 129.30000  0.152487709326E-01
 129.40000  0.150988479223E-01
 129.50000  0.150313034958E-01
 129.60000  0.145458970035E-01
 129.70000  0.150128447614E-01
 129.80000  0.136597381856E-01
 129.90000  0.146279678441E-01
 130.00000  0.129347725626E-01
 130.10000  0.135776297640E-01
 130.20000  0.127251871067E-01
 130.30000  0.121140638545E-01
 130.40000  0.129450843109E-01
 130.50000  0.108696318527E-01
 130.60000  0.130997015004E-01
 130.70000  0.103587001379E-01
 130.80000  0.127448906991E-01
 130.90000  0.106695166587E-01
 131.00000  0.118137236855E-01
 131.10000  0.113764866077E-01
 131.20000  0.107159437760E-01
 131.30000  0.118018444368E-01
 131.40000  0.988954569429E-02
 131.50000  0.114959009367E-01
 131.60000  0.953583383381E-02
 131.70000  0.105583585431E-01
 131.80000  0.946783499376E-02
 131.90000  0.960420091619E-02
 132.00000  0.937553083165E-02
 132.10000  0.914501514005E-02
 132.20000  0.905805387242E-02
 132.30000  0.917259765034E-02
 132.40000  0.858366848011E-02
 132.50000  0.916914110484E-02
 132.60000  0.819415285126E-02
 132.70000  0.866447437681E-02
 132.80000  0.805996848903E-02
 132.90000  0.763614670389E-02
 133.00000  0.807150580034E-02
 133.10000  0.649713851249E-02
 133.20000  0.792402143486E-02
 133.30000  0.575562607603E-02
 133.40000  0.738258072806E-02
 133.50000  0.568737205834E-02
 133.60000  0.655820688731E-02
 133.70000  0.616847570500E-02
 133.80000  0.577329487613E-02
 133.90000  0.673674247083E-02
 134.00000  0.533299383830E-02
 134.10000  0.686263207890E-02
 134.20000  0.524566649523E-02
 134.30000  0.636234335152E-02
 134.40000  0.530910196913E-02
 134.50000  0.552355208392E-02
 134.60000  0.523788749146E-02
 134.70000  0.486276795898E-02
 134.80000  0.492243383697E-02
 134.90000  0.462846136477E-02
 135.00000  0.448197953255E-02
 135.10000  0.464905573745E-02
 135.20000  0.421291768920E-02
 135.30000  0.455878815539E-02
 135.40000  0.428525973181E-02
 135.50000  0.416643280204E-02
 135.60000  0.454633139462E-02
 135.70000  0.357960332602E-02
 135.80000  0.460133918082E-02
 135.90000  0.306483230813E-02
 136.00000  0.418735135978E-02
 136.10000  0.286484335624E-02
 136.20000  0.343488808960E-02
 136.30000  0.303205327322E-02
 136.40000  0.274173724796E-02
 136.50000  0.340606014601E-02
 136.60000  0.244068786346E-02
 136.70000  0.366861486613E-02
 136.80000  0.256428019277E-02
 136.90000  0.361105475585E-02
 137.00000  0.290417251410E-02
 137.10000  0.327435656666E-02
 137.20000  0.315050411293E-02
 137.30000  0.292749222632E-02
 137.40000  0.310522279731E-02
 137.50000  0.277442136115E-02
 137.60000  0.280544873848E-02
 137.70000  0.280293857934E-02
 137.80000  0.256820792628E-02
 137.90000  0.283840728021E-02
 138.00000  0.270285640765E-02
 138.10000  0.274780614471E-02
 138.20000  0.318722442012E-02
 138.30000  0.255344064589E-02
 138.40000  0.361309855517E-02
 138.50000  0.239040751209E-02
 138.60000  0.356528026157E-02
 138.70000  0.240594819306E-02
 138.80000  0.304108354971E-02
 138.90000  0.264776067062E-02
 139.00000  0.241433845003E-02
 139.10000  0.301040942920E-02
 139.20000  0.210604543431E-02
 139.30000  0.329998483146E-02
 139.40000  0.225582019031E-02
 139.50000  0.337005076687E-02
 139.60000  0.273796826069E-02
 139.70000  0.327798880111E-02
 139.80000  0.327121771881E-02
 139.90000  0.319232441208E-02
 140.00000  0.358274196823E-02
 140.10000  0.326466574053E-02
 140.20000  0.358250643645E-02
 140.30000  0.346750292230E-02
 140.40000  0.347964658303E-02
 140.50000  0.368243867930E-02
 140.60000  0.366240682931E-02
 140.70000  0.380383793694E-02
 140.80000  0.427897148382E-02
 140.90000  0.384272346655E-02
 141.00000  0.502899433276E-02
 141.10000  0.392126797800E-02
 141.20000  0.539500514484E-02
 141.30000  0.419227020375E-02
 141.40000  0.514083362950E-02
 141.50000  0.471145860438E-02
 141.60000  0.452747442671E-02
 141.70000  0.534528788404E-02
 141.80000  0.405745560711E-02
 141.90000  0.581229537759E-02
 142.00000  0.410345615315E-02
 142.10000  0.592616502820E-02
 142.20000  0.472312991623E-02
 142.30000  0.573136434645E-02
 142.40000  0.565121782721E-02
 142.50000  0.549558267372E-02
 142.60000  0.647840589929E-02
 142.70000  0.548155332703E-02
 142.80000  0.684858327773E-02
 142.90000  0.577466908481E-02
 143.00000  0.679845128797E-02
 143.10000  0.630705247469E-02
 143.20000  0.673131102725E-02
 143.30000  0.688890066583E-02
 143.40000  0.707032066882E-02
 143.50000  0.738597772898E-02
 143.60000  0.784528030152E-02
 143.70000  0.776394553405E-02
 143.80000  0.861610864004E-02
 143.90000  0.815059451020E-02
 144.00000  0.892616104899E-02
 144.10000  0.870492352390E-02
 144.20000  0.865641458854E-02
 144.30000  0.938326169071E-02
 144.40000  0.813437460932E-02
 144.50000  0.992823078630E-02
 144.60000  0.789073710504E-02
 144.70000  0.100467729324E-01
 144.80000  0.832606526515E-02
 144.90000  0.971340626702E-02
 145.00000  0.946089768545E-02
 145.10000  0.921822460071E-02
 145.20000  0.108497349604E-01
 145.30000  0.897954620067E-02
 145.40000  0.118274984230E-01
 145.50000  0.929182140851E-02
 145.60000  0.119792458606E-01
 145.70000  0.102035064178E-01
 145.80000  0.114869057996E-01
 145.90000  0.114721507921E-01
 146.00000  0.109593359757E-01
 146.10000  0.126540845051E-01
 146.20000  0.109907304990E-01
 146.30000  0.133845984672E-01
 146.40000  0.117337872180E-01
 146.50000  0.135913476716E-01
 146.60000  0.128504355778E-01
 146.70000  0.135705078858E-01
 146.80000  0.138264693808E-01
 146.90000  0.136640188228E-01
 147.00000  0.142513769350E-01
 147.10000  0.139194048340E-01
 147.20000  0.141377750275E-01
 147.30000  0.141624187308E-01
 147.40000  0.139171488333E-01
 147.50000  0.141830662672E-01
 147.60000  0.140731482825E-01
 147.70000  0.139940448837E-01
 147.80000  0.147919748073E-01
 147.90000  0.138552041583E-01
 148.00000  0.157451997478E-01
 148.10000  0.140873710178E-01
 148.20000  0.163820958831E-01
 148.30000  0.149675363323E-01
 148.40000  0.164212365007E-01
 148.50000  0.164784245379E-01
 148.60000  0.160191048577E-01
 148.70000  0.181492914264E-01
 148.80000  0.156879840983E-01
 148.90000  0.192722028173E-01
 149.00000  0.159679116011E-01
 149.10000  0.193488011834E-01
 149.20000  0.170619328751E-01
 149.30000  0.185008570550E-01
 149.40000  0.186586453077E-01
 149.50000  0.173926580427E-01
 149.60000  0.200295794561E-01
 149.70000  0.167645859597E-01
 149.80000  0.205072668246E-01
 149.90000  0.170149568303E-01
 150.00000  0.199683340520E-01
 150.10000  0.180487084738E-01
 150.20000  0.189355553490E-01
 150.30000  0.194224282625E-01
 150.40000  0.181984125350E-01
 150.50000  0.205601431952E-01
 150.60000  0.182494359221E-01
 150.70000  0.210627337602E-01
 150.80000  0.190945389397E-01
 150.90000  0.210209989457E-01
 151.00000  0.203575777782E-01
 151.10000  0.208899730980E-01
 151.20000  0.214749699392E-01
 151.30000  0.210798049815E-01
 151.40000  0.220646554158E-01
 151.50000  0.216420648705E-01
 151.60000  0.221690623048E-01
 151.70000  0.222210434928E-01
 151.80000  0.221746385164E-01
 151.90000  0.224235681881E-01
 152.00000  0.225040638344E-01
 152.10000  0.221888810968E-01
 152.20000  0.231667715549E-01
 152.30000  0.217770933599E-01
 152.40000  0.236969738934E-01
 152.50000  0.216318864004E-01
 152.60000  0.236431421834E-01
 152.70000  0.221555045752E-01
 152.80000  0.229760988590E-01
 152.90000  0.233740398283E-01
 153.00000  0.221168855437E-01
 153.10000  0.248227712907E-01
 153.20000  0.217059994397E-01
 153.30000  0.257781810057E-01
 153.40000  0.222545710930E-01
 153.50000  0.257373671880E-01
 153.60000  0.238463248897E-01
 153.70000  0.248222224794E-01
 153.80000  0.259635905272E-01
 153.90000  0.236889926726E-01
 154.00000  0.276083699194E-01
 154.10000  0.230941431151E-01
 154.20000  0.279184858739E-01
 154.30000  0.234929197738E-01
 154.40000  0.268039958131E-01
 154.50000  0.247880111580E-01
 154.60000  0.249911780995E-01
 154.70000  0.263717005354E-01
 154.80000  0.235464709585E-01
 154.90000  0.274881297418E-01
 155.00000  0.232481411431E-01
 155.10000  0.276547740997E-01
 155.20000  0.242148532366E-01
 155.30000  0.269556848485E-01
 155.40000  0.259713859352E-01
 155.50000  0.260122564184E-01
 155.60000  0.277154837953E-01
 155.70000  0.255076458241E-01
 155.80000  0.286630278606E-01
 155.90000  0.257140880977E-01
 156.00000  0.285212926491E-01
 156.10000  0.264491394386E-01
 156.20000  0.277220325104E-01
 156.30000  0.272867254938E-01
 156.40000  0.270184231570E-01
 156.50000  0.278062439817E-01
 156.60000  0.268537810616E-01
 156.70000  0.278430320465E-01
 156.80000  0.271306801942E-01
 156.90000  0.275994666809E-01
 157.00000  0.274554658026E-01
 157.10000  0.274830603016E-01
 157.20000  0.275316515238E-01
 157.30000  0.277730192651E-01
 157.40000  0.273474064620E-01
 157.50000  0.283577952334E-01
 157.60000  0.271349210084E-01
 157.70000  0.288002444713E-01
 157.80000  0.272771393084E-01
 157.90000  0.287353210031E-01
 158.00000  0.281020345117E-01
 158.10000  0.281857789110E-01
 158.20000  0.294994458551E-01
 158.30000  0.275188766614E-01
 158.40000  0.307558730508E-01
 158.50000  0.272252733372E-01
 158.60000  0.310096187031E-01
 158.70000  0.276772097624E-01
 158.80000  0.299554260659E-01
 158.90000  0.288527507773E-01
 159.00000  0.280902968278E-01
 159.10000  0.302025904755E-01
 159.20000  0.263793238821E-01
 159.30000  0.309235154790E-01
 159.40000  0.257286415631E-01
 159.50000  0.305114675022E-01
 159.60000  0.265756085996E-01
 159.70000  0.291362286755E-01
 159.80000  0.286650911909E-01
 159.90000  0.275513063679E-01
 160.00000  0.310644980939E-01
 160.10000  0.266458685297E-01
 160.20000  0.325533900426E-01
 160.30000  0.269689392646E-01
 160.40000  0.323345541552E-01
 160.50000  0.284686079055E-01
 160.60000  0.305940409465E-01
 160.70000  0.304882096156E-01
 160.80000  0.283762075697E-01
 160.90000  0.320243763670E-01
 161.00000  0.268604374454E-01
 161.10000  0.322469740633E-01
 161.20000  0.267001148675E-01
 161.30000  0.310414606165E-01
 161.40000  0.278324476806E-01
 161.50000  0.291071326002E-01
 161.60000  0.296138384053E-01
 161.70000  0.274616663569E-01
 161.80000  0.311002018810E-01
 161.90000  0.268189129647E-01
 162.00000  0.315077515249E-01
 162.10000  0.273367525286E-01
 162.20000  0.307177082931E-01
 162.30000  0.286964748308E-01
 162.40000  0.293728700513E-01
 162.50000  0.302593350813E-01
 162.60000  0.283777900060E-01
 162.70000  0.313063078590E-01
 162.80000  0.282576044558E-01
 162.90000  0.314299026993E-01
 163.00000  0.289259931547E-01
 163.10000  0.308071569098E-01
 163.20000  0.298852283477E-01
 163.30000  0.299930105181E-01
 163.40000  0.305447682326E-01
 163.50000  0.293999778819E-01
 163.60000  0.305016738682E-01
 163.70000  0.290443632317E-01
 163.80000  0.297766579864E-01
 163.90000  0.287616792395E-01
 164.00000  0.288571543503E-01
 164.10000  0.284970906699E-01
 164.20000  0.283724953367E-01
 164.30000  0.283293173965E-01
 164.40000  0.286022392791E-01
 164.50000  0.283667049113E-01
 164.60000  0.292931060544E-01
 164.70000  0.287412715970E-01
 164.80000  0.299344037046E-01
 164.90000  0.295752065094E-01
 165.00000  0.301426392696E-01
 165.10000  0.307426023862E-01
 165.20000  0.298268015193E-01
 165.30000  0.316850127304E-01
 165.40000  0.291843996538E-01
 165.50000  0.316885193988E-01
 165.60000  0.286473958726E-01
 165.70000  0.304811658078E-01
 165.80000  0.286681178169E-01
 165.90000  0.285277398195E-01
 166.00000  0.293234165692E-01
 166.10000  0.267332101140E-01
 166.20000  0.301188447836E-01
 166.30000  0.259222265076E-01
 166.40000  0.303408240465E-01
 166.50000  0.265130748341E-01
 166.60000  0.296697958243E-01
 166.70000  0.283682094577E-01
 166.80000  0.284198389795E-01
 166.90000  0.307166327242E-01
 167.00000  0.272544816897E-01
 167.10000  0.323627957596E-01
 167.20000  0.268037696353E-01
 167.30000  0.323414101135E-01
 167.40000  0.274534642164E-01
 167.50000  0.305976613482E-01
 167.60000  0.291401062015E-01
 167.70000  0.280483980437E-01
 167.80000  0.311363943062E-01
 167.90000  0.259751480564E-01
 168.00000  0.322510140043E-01
 168.10000  0.253247281441E-01
 168.20000  0.316088932692E-01
 168.30000  0.263518708098E-01
 168.40000  0.293719942359E-01
 168.50000  0.285520404448E-01
 168.60000  0.266521396208E-01
 168.70000  0.308001592210E-01
 168.80000  0.247556929497E-01
 168.90000  0.318383871962E-01
 169.00000  0.245319475253E-01
 169.10000  0.310335308107E-01
 169.20000  0.261540742710E-01
 169.30000  0.288355071177E-01
 169.40000  0.290460612368E-01
 169.50000  0.264767684981E-01
 169.60000  0.318978232718E-01
 169.70000  0.251846985656E-01
 169.80000  0.331676221528E-01
 169.90000  0.255622847694E-01
 170.00000  0.320548697124E-01
 170.10000  0.274028387623E-01
 170.20000  0.291140516205E-01
 170.30000  0.297851654225E-01
 170.40000  0.258565761090E-01
 170.50000  0.314121892052E-01
 170.60000  0.237745112640E-01
 170.70000  0.312777819081E-01
 170.80000  0.236811717405E-01
 170.90000  0.293533396176E-01
 171.00000  0.255719920107E-01
 171.10000  0.266675808531E-01
 171.20000  0.286313510266E-01
 171.30000  0.246339402817E-01
 171.40000  0.313872400525E-01
 171.50000  0.242318494884E-01
 171.60000  0.323779914460E-01
 171.70000  0.256307363426E-01
 171.80000  0.311009791425E-01
 171.90000  0.282131836163E-01
 172.00000  0.283506483568E-01
 172.10000  0.307556010800E-01
 172.20000  0.255791659877E-01
 172.30000  0.318801099447E-01
 172.40000  0.239923006163E-01
 172.50000  0.308498379698E-01
 172.60000  0.241449331219E-01
 172.70000  0.281557276314E-01
 172.80000  0.259175860756E-01
 172.90000  0.252297097741E-01
 173.00000  0.284808481509E-01
 173.10000  0.234931500875E-01
 173.20000  0.304814201441E-01
 173.30000  0.236375562218E-01
 173.40000  0.308036063617E-01
 173.50000  0.255411835995E-01
 173.60000  0.293873051744E-01
 173.70000  0.284168722649E-01
 173.80000  0.271894020049E-01
 173.90000  0.309418959319E-01
 174.00000  0.253506550841E-01
 174.10000  0.317363239813E-01
 174.20000  0.245595989289E-01
 174.30000  0.302640294888E-01
 174.40000  0.250514435069E-01
 174.50000  0.273363090307E-01
 174.60000  0.266630427206E-01
 174.70000  0.245333227560E-01
 174.80000  0.286299287431E-01
 174.90000  0.231154469493E-01
 175.00000  0.297597289654E-01
 175.10000  0.235174289062E-01
 175.20000  0.293242577036E-01
 175.30000  0.255226425749E-01
 175.40000  0.277421081592E-01
 175.50000  0.283792089868E-01
 175.60000  0.261077127874E-01
 175.70000  0.307650072844E-01
 175.80000  0.251773428214E-01
 175.90000  0.313040521468E-01
 176.00000  0.251082257942E-01
 176.10000  0.296169600280E-01
 176.20000  0.259101477030E-01
 176.30000  0.267277089845E-01
 176.40000  0.274664238904E-01
 176.50000  0.241982081742E-01
 176.60000  0.290264117973E-01
 176.70000  0.230254957109E-01
 176.80000  0.294061147040E-01
 176.90000  0.234850521732E-01
 177.00000  0.281855481743E-01
 177.10000  0.254962876615E-01
 177.20000  0.263227205857E-01
 177.30000  0.284560324971E-01
 177.40000  0.251299998062E-01
 177.50000  0.309090103060E-01
 177.60000  0.249875154838E-01
 177.70000  0.312806945040E-01
 177.80000  0.255612155835E-01
 177.90000  0.293217443888E-01
 178.00000  0.268091432218E-01
 178.10000  0.263725262417E-01
 178.20000  0.287781374280E-01
 178.30000  0.239656166218E-01
 178.40000  0.304680230634E-01
 178.50000  0.227297013903E-01
 178.60000  0.301446409550E-01
 178.70000  0.229657000347E-01
 178.80000  0.274627131985E-01
 178.90000  0.253386429240E-01
 179.00000  0.244403205323E-01
 179.10000  0.297922069436E-01
 179.20000  0.233829947310E-01
 179.30000  0.340859207692E-01
 179.40000  0.243834769601E-01
 179.50000  0.349648581327E-01
 179.60000  0.261327680321E-01
 179.70000  0.315375127359E-01
 179.80000  0.297326661834E-01
 179.90000  0.274902245774E-01
 180.00000  0.113749488959E+00

