 # E =    3.7496275099327789       eV =    30245.000000000000       1/cm
 #  1801
# DFFCSO.  ACCUM LEV(I),J(I) =  1  0 LEV(F),J(F) =  1  0       , M =  0, WEIGHTED BY  1.00000
   0.10000  0.412884193144E+07
   0.20000  0.521020844080E+06
   0.30000  0.510565453500E+05
   0.40000  0.711181310907E+05
   0.50000  0.158859716861E+04
   0.60000  0.200331700166E+05
   0.70000  0.350407511962E+04
   0.80000  0.306710868689E+04
   0.90000  0.480257836906E+04
   1.00000  0.380440584090E+04
   1.10000  0.269961464468E+04
   1.20000  0.187918249551E+04
   1.30000  0.148673870744E+04
   1.40000  0.139480896846E+04
   1.50000  0.105796648625E+04
   1.60000  0.901314602400E+03
   1.70000  0.118633369074E+04
   1.80000  0.942852708460E+03
   1.90000  0.842868896548E+03
   2.00000  0.810460317954E+03
   2.10000  0.767089569007E+03
   2.20000  0.813130770335E+03
   2.30000  0.432538700149E+03
   2.40000  0.265679892209E+03
   2.50000  0.439998322445E+03
   2.60000  0.360538291984E+03
   2.70000  0.217084316174E+03
   2.80000  0.135711640477E+03
   2.90000  0.141123187886E+03
   3.00000  0.215077806730E+03
   3.10000  0.151737168519E+03
   3.20000  0.103792937759E+03
   3.30000  0.118778359483E+03
   3.40000  0.139730190882E+03
   3.50000  0.171246674583E+03
   3.60000  0.111958707721E+03
   3.70000  0.992423230500E+02
   3.80000  0.143388719264E+03
   3.90000  0.172167504455E+03
   4.00000  0.170935019035E+03
   4.10000  0.992449791627E+02
   4.20000  0.827080255534E+02
   4.30000  0.119561672045E+03
   4.40000  0.158035452979E+03
   4.50000  0.158584776043E+03
   4.60000  0.100523331684E+03
   4.70000  0.700189837253E+02
   4.80000  0.787695999027E+02
   4.90000  0.110303558067E+03
   5.00000  0.122047997019E+03
   5.10000  0.974430083901E+02
   5.20000  0.710001601514E+02
   5.30000  0.572408074207E+02
   5.40000  0.608872330411E+02
   5.50000  0.672959804607E+02
   5.60000  0.688650108879E+02
   5.70000  0.631786963964E+02
   5.80000  0.522288614672E+02
   5.90000  0.374474648491E+02
   6.00000  0.303528336253E+02
   6.10000  0.346245767345E+02
   6.20000  0.427546070396E+02
   6.30000  0.455560581350E+02
   6.40000  0.311285695753E+02
   6.50000  0.176962406521E+02
   6.60000  0.128541215606E+02
   6.70000  0.200649885851E+02
   6.80000  0.288994569956E+02
   6.90000  0.231815310348E+02
   7.00000  0.141826012449E+02
   7.10000  0.522441132180E+01
   7.20000  0.727540524920E+01
   7.30000  0.134601566348E+02
   7.40000  0.132459727795E+02
   7.50000  0.101317819675E+02
   7.60000  0.333751983276E+01
   7.70000  0.307128320415E+01
   7.80000  0.505110492467E+01
   7.90000  0.599275229367E+01
   8.00000  0.552800781604E+01
   8.10000  0.218166331971E+01
   8.20000  0.192519449202E+01
   8.30000  0.168770590289E+01
   8.40000  0.231623721566E+01
   8.50000  0.231468752925E+01
   8.60000  0.123595954602E+01
   8.70000  0.157394897565E+01
   8.80000  0.765771885632E+00
   8.90000  0.963145503561E+00
   9.00000  0.626157959239E+00
   9.10000  0.514757409073E+00
   9.20000  0.132868024997E+01
   9.30000  0.755812915033E+00
   9.40000  0.864709523006E+00
   9.50000  0.865694371273E-01
   9.60000  0.927363191354E-01
   9.70000  0.843719443223E+00
   9.80000  0.695588970146E+00
   9.90000  0.101656726105E+01
  10.00000  0.166061689679E+00
  10.10000  0.607795339114E-01
  10.20000  0.247776989229E+00
  10.30000  0.267091884544E+00
  10.40000  0.630984762818E+00
  10.50000  0.206075260554E+00
  10.60000  0.260943738848E+00
  10.70000  0.109137958877E+00
  10.80000  0.101439155012E+00
  10.90000  0.828296230420E-01
  11.00000  0.239092234585E-01
  11.10000  0.268020600525E+00
  11.20000  0.408217092062E+00
  11.30000  0.589458025721E+00
  11.40000  0.299856141237E+00
  11.50000  0.189208683568E+00
  11.60000  0.140098559691E+00
  11.70000  0.485764754841E+00
  11.80000  0.880173117599E+00
  11.90000  0.858873741010E+00
  12.00000  0.735173219004E+00
  12.10000  0.328021082410E+00
  12.20000  0.343607980364E+00
  12.30000  0.499002087338E+00
  12.40000  0.699759531913E+00
  12.50000  0.750726166578E+00
  12.60000  0.496544914389E+00
  12.70000  0.286094483731E+00
  12.80000  0.136127500965E+00
  12.90000  0.160939056503E+00
  13.00000  0.216802588823E+00
  13.10000  0.215728003076E+00
  13.20000  0.147490390232E+00
  13.30000  0.723403933555E-01
  13.40000  0.187918883822E-01
  13.50000  0.480591272564E-02
  13.60000  0.703399488957E-04
  13.70000  0.104961873123E-01
  13.80000  0.266554757185E-01
  13.90000  0.886823161842E-01
  14.00000  0.109076870940E+00
  14.10000  0.144348888116E+00
  14.20000  0.117274341610E+00
  14.30000  0.861920248244E-01
  14.40000  0.119366895281E+00
  14.50000  0.103321301280E+00
  14.60000  0.227994728473E+00
  14.70000  0.198945088610E+00
  14.80000  0.273723950126E+00
  14.90000  0.218875920086E+00
  15.00000  0.201502392967E+00
  15.10000  0.241617982172E+00
  15.20000  0.196909620716E+00
  15.30000  0.371795884545E+00
  15.40000  0.301226570016E+00
  15.50000  0.462175800259E+00
  15.60000  0.378628489213E+00
  15.70000  0.410329723536E+00
  15.80000  0.449342600367E+00
  15.90000  0.375286713483E+00
  16.00000  0.564823021626E+00
  16.10000  0.415860286977E+00
  16.20000  0.574814037246E+00
  16.30000  0.438541452302E+00
  16.40000  0.447962415635E+00
  16.50000  0.446469348282E+00
  16.60000  0.320288619540E+00
  16.70000  0.414355452830E+00
  16.80000  0.230872854521E+00
  16.90000  0.305745705691E+00
  17.00000  0.180060743528E+00
  17.10000  0.191646498574E+00
  17.20000  0.159562493350E+00
  17.30000  0.117051959919E+00
  17.40000  0.138710200920E+00
  17.50000  0.761111263133E-01
  17.60000  0.131028492279E+00
  17.70000  0.715082379166E-01
  17.80000  0.167291755199E+00
  17.90000  0.138770242086E+00
  18.00000  0.255904585784E+00
  18.10000  0.267879095586E+00
  18.20000  0.300066983489E+00
  18.30000  0.329787154124E+00
  18.40000  0.254354204176E+00
  18.50000  0.349817781177E+00
  18.60000  0.301502006717E+00
  18.70000  0.429920934043E+00
  18.80000  0.408075422486E+00
  18.90000  0.389953601205E+00
  19.00000  0.332403729307E+00
  19.10000  0.211035058347E+00
  19.20000  0.212485824498E+00
  19.30000  0.159581651624E+00
  19.40000  0.197843171461E+00
  19.50000  0.161872947298E+00
  19.60000  0.123899736867E+00
  19.70000  0.662351929892E-01
  19.80000  0.229656250797E-01
  19.90000  0.593373376979E-02
  20.00000  0.219752831641E-02
  20.10000  0.397104128016E-02
  20.20000  0.156543902324E-01
  20.30000  0.631084081629E-01
  20.40000  0.132386385630E+00
  20.50000  0.219060037408E+00
  20.60000  0.267342142999E+00
  20.70000  0.269057994685E+00
  20.80000  0.256343962629E+00
  20.90000  0.278160289319E+00
  21.00000  0.369218466787E+00
  21.10000  0.542083283605E+00
  21.20000  0.652854997764E+00
  21.30000  0.748397456252E+00
  21.40000  0.664127379313E+00
  21.50000  0.605928962472E+00
  21.60000  0.546340105705E+00
  21.70000  0.579711398514E+00
  21.80000  0.746983764537E+00
  21.90000  0.797853791301E+00
  22.00000  0.913965080532E+00
  22.10000  0.753465420741E+00
  22.20000  0.681080904065E+00
  22.30000  0.521946417345E+00
  22.40000  0.489976049637E+00
  22.50000  0.575798824250E+00
  22.60000  0.589385002485E+00
  22.70000  0.725044196295E+00
  22.80000  0.588524621755E+00
  22.90000  0.581575261930E+00
  23.00000  0.385388036703E+00
  23.10000  0.354181609172E+00
  23.20000  0.332573161575E+00
  23.30000  0.364202600075E+00
  23.40000  0.496437465291E+00
  23.50000  0.471548611757E+00
  23.60000  0.571347573271E+00
  23.70000  0.423018135061E+00
  23.80000  0.451082071580E+00
  23.90000  0.334442797675E+00
  24.00000  0.404112258581E+00
  24.10000  0.480101495960E+00
  24.20000  0.575616504745E+00
  24.30000  0.742592376377E+00
  24.40000  0.686017814338E+00
  24.50000  0.769140217931E+00
  24.60000  0.591117544088E+00
  24.70000  0.661227939436E+00
  24.80000  0.626953150176E+00
  24.90000  0.759941508589E+00
  25.00000  0.890872770881E+00
  25.10000  0.897162263060E+00
  25.20000  0.971165299751E+00
  25.30000  0.776603151909E+00
  25.40000  0.790852133990E+00
  25.50000  0.646414523034E+00
  25.60000  0.720184841235E+00
  25.70000  0.742658217236E+00
  25.80000  0.766313575036E+00
  25.90000  0.790728960638E+00
  26.00000  0.652067350605E+00
  26.10000  0.619423950751E+00
  26.20000  0.457872264713E+00
  26.30000  0.464394439776E+00
  26.40000  0.414316424266E+00
  26.50000  0.450567033332E+00
  26.60000  0.456375503651E+00
  26.70000  0.434960666656E+00
  26.80000  0.422336494693E+00
  26.90000  0.349202424139E+00
  27.00000  0.342172989464E+00
  27.10000  0.297185489754E+00
  27.20000  0.337010685226E+00
  27.30000  0.353251860050E+00
  27.40000  0.409621177164E+00
  27.50000  0.436721823793E+00
  27.60000  0.446118892736E+00
  27.70000  0.441300622470E+00
  27.80000  0.414746568990E+00
  27.90000  0.411173835581E+00
  28.00000  0.412458759549E+00
  28.10000  0.435062330602E+00
  28.20000  0.457382104011E+00
  28.30000  0.462534795488E+00
  28.40000  0.447322282011E+00
  28.50000  0.414256651315E+00
  28.60000  0.363099393730E+00
  28.70000  0.336283893574E+00
  28.80000  0.292708666151E+00
  28.90000  0.295160459961E+00
  29.00000  0.266534091878E+00
  29.10000  0.269883963292E+00
  29.20000  0.243334772000E+00
  29.30000  0.228239848271E+00
  29.40000  0.212266150001E+00
  29.50000  0.189923421697E+00
  29.60000  0.204540902779E+00
  29.70000  0.191199304741E+00
  29.80000  0.247032018066E+00
  29.90000  0.248759300375E+00
  30.00000  0.332070762876E+00
  30.10000  0.342484943888E+00
  30.20000  0.412309799097E+00
  30.30000  0.433043238152E+00
  30.40000  0.461338387538E+00
  30.50000  0.525200876898E+00
  30.60000  0.525586467553E+00
  30.70000  0.648747027637E+00
  30.80000  0.634992937235E+00
  30.90000  0.755186563981E+00
  31.00000  0.725295164825E+00
  31.10000  0.764664433191E+00
  31.20000  0.753901370136E+00
  31.30000  0.716108286267E+00
  31.40000  0.772509357198E+00
  31.50000  0.701083206616E+00
  31.60000  0.788247529668E+00
  31.70000  0.695827844841E+00
  31.80000  0.725649381842E+00
  31.90000  0.635812696187E+00
  32.00000  0.590048345473E+00
  32.10000  0.556392733903E+00
  32.20000  0.479759775735E+00
  32.30000  0.508742325831E+00
  32.40000  0.424880534616E+00
  32.50000  0.462241247545E+00
  32.60000  0.377457689756E+00
  32.70000  0.386968644024E+00
  32.80000  0.328441280580E+00
  32.90000  0.320523909879E+00
  33.00000  0.317145682699E+00
  33.10000  0.308318118768E+00
  33.20000  0.357274522902E+00
  33.30000  0.343487260166E+00
  33.40000  0.411676879392E+00
  33.50000  0.385410839581E+00
  33.60000  0.443287310884E+00
  33.70000  0.426152761472E+00
  33.80000  0.473256804771E+00
  33.90000  0.500827743920E+00
  34.00000  0.537434916441E+00
  34.10000  0.600932077596E+00
  34.20000  0.604041230832E+00
  34.30000  0.658419386382E+00
  34.40000  0.629018436239E+00
  34.50000  0.661622429147E+00
  34.60000  0.644344081686E+00
  34.70000  0.668572976834E+00
  34.80000  0.680578567291E+00
  34.90000  0.682829837510E+00
  35.00000  0.689329805967E+00
  35.10000  0.656182145355E+00
  35.20000  0.640392635267E+00
  35.30000  0.600859989215E+00
  35.40000  0.583663626479E+00
  35.50000  0.563883404081E+00
  35.60000  0.550688598247E+00
  35.70000  0.533331114843E+00
  35.80000  0.510652858542E+00
  35.90000  0.476938232030E+00
  36.00000  0.452309618743E+00
  36.10000  0.415648961128E+00
  36.20000  0.408192660456E+00
  36.30000  0.384847001480E+00
  36.40000  0.389569655673E+00
  36.50000  0.376142687264E+00
  36.60000  0.371747634245E+00
  36.70000  0.364934841204E+00
  36.80000  0.345754631817E+00
  36.90000  0.356228784457E+00
  37.00000  0.334135612145E+00
  37.10000  0.366569618656E+00
  37.20000  0.348173838892E+00
  37.30000  0.383643429697E+00
  37.40000  0.367316184908E+00
  37.50000  0.382140906923E+00
  37.60000  0.377193936816E+00
  37.70000  0.368283444182E+00
  37.80000  0.390949574624E+00
  37.90000  0.366588364483E+00
  38.00000  0.410902369571E+00
  38.10000  0.373889812666E+00
  38.20000  0.411859760502E+00
  38.30000  0.371835881963E+00
  38.40000  0.385769415622E+00
  38.50000  0.367292557069E+00
  38.60000  0.358249771909E+00
  38.70000  0.374727546021E+00
  38.80000  0.344317044082E+00
  38.90000  0.380770389840E+00
  39.00000  0.332224987801E+00
  39.10000  0.366799239306E+00
  39.20000  0.319766581227E+00
  39.30000  0.344054560942E+00
  39.40000  0.324248931579E+00
  39.50000  0.334369014310E+00
  39.60000  0.348692066040E+00
  39.70000  0.336381290753E+00
  39.80000  0.372066487150E+00
  39.90000  0.338160140310E+00
  40.00000  0.382737413917E+00
  40.10000  0.347869094354E+00
  40.20000  0.394560479712E+00
  40.30000  0.381868474818E+00
  40.40000  0.416437563847E+00
  40.50000  0.429349872494E+00
  40.60000  0.433269918567E+00
  40.70000  0.462638829098E+00
  40.80000  0.437942097692E+00
  40.90000  0.479462185510E+00
  41.00000  0.450790154847E+00
  41.10000  0.496237291329E+00
  41.20000  0.480286481164E+00
  41.30000  0.506500989827E+00
  41.40000  0.500708096984E+00
  41.50000  0.492629378825E+00
  41.60000  0.495868078089E+00
  41.70000  0.467497131537E+00
  41.80000  0.483024171511E+00
  41.90000  0.455320078120E+00
  42.00000  0.471708801150E+00
  42.10000  0.447558849006E+00
  42.20000  0.446010626952E+00
  42.30000  0.423028318223E+00
  42.40000  0.404334212709E+00
  42.50000  0.389776833441E+00
  42.60000  0.370825323399E+00
  42.70000  0.367880051813E+00
  42.80000  0.355820982048E+00
  42.90000  0.353950414664E+00
  43.00000  0.343524479891E+00
  43.10000  0.334920496319E+00
  43.20000  0.325648554951E+00
  43.30000  0.318208698052E+00
  43.40000  0.316494420498E+00
  43.50000  0.321748683341E+00
  43.60000  0.326771683113E+00
  43.70000  0.343682382660E+00
  43.80000  0.344834738612E+00
  43.90000  0.364141272446E+00
  44.00000  0.357649120295E+00
  44.10000  0.376897937119E+00
  44.20000  0.375337766207E+00
  44.30000  0.396733787506E+00
  44.40000  0.412524684933E+00
  44.50000  0.427102971182E+00
  44.60000  0.455390975747E+00
  44.70000  0.448096600651E+00
  44.80000  0.478162373644E+00
  44.90000  0.453063439948E+00
  45.00000  0.483898943300E+00
  45.10000  0.464252530960E+00
  45.20000  0.491834976026E+00
  45.30000  0.490408465458E+00
  45.40000  0.495396691199E+00
  45.50000  0.505722686304E+00
  45.60000  0.475916462946E+00
  45.70000  0.493614118118E+00
  45.80000  0.445679066426E+00
  45.90000  0.472397833848E+00
  46.00000  0.432424100768E+00
  46.10000  0.456440736808E+00
  46.20000  0.432590834538E+00
  46.30000  0.431562520193E+00
  46.40000  0.421143134614E+00
  46.50000  0.389790130417E+00
  46.60000  0.396604945391E+00
  46.70000  0.353110257891E+00
  46.80000  0.379371521352E+00
  46.90000  0.341819425072E+00
  47.00000  0.373232252004E+00
  47.10000  0.345628221659E+00
  47.20000  0.361112073704E+00
  47.30000  0.345065028165E+00
  47.40000  0.338529452697E+00
  47.50000  0.343070034084E+00
  47.60000  0.325302250211E+00
  47.70000  0.355263701471E+00
  47.80000  0.336075669362E+00
  47.90000  0.378045179867E+00
  48.00000  0.357848917160E+00
  48.10000  0.389501646945E+00
  48.20000  0.371686766863E+00
  48.30000  0.384270091584E+00
  48.40000  0.382903859456E+00
  48.50000  0.383740999896E+00
  48.60000  0.406941788972E+00
  48.70000  0.400575659500E+00
  48.80000  0.434466839582E+00
  48.90000  0.417232012670E+00
  49.00000  0.440577640143E+00
  49.10000  0.417386211602E+00
  49.20000  0.426073718954E+00
  49.30000  0.414246360324E+00
  49.40000  0.416994637004E+00
  49.50000  0.423895063826E+00
  49.60000  0.421112328042E+00
  49.70000  0.432758069326E+00
  49.80000  0.418009205096E+00
  49.90000  0.419793978477E+00
  50.00000  0.398460331208E+00
  50.10000  0.393986598416E+00
  50.20000  0.381400922989E+00
  50.30000  0.380607414662E+00
  50.40000  0.380310502829E+00
  50.50000  0.381261702341E+00
  50.60000  0.380448557346E+00
  50.70000  0.375726611182E+00
  50.80000  0.365588666350E+00
  50.90000  0.358795067755E+00
  51.00000  0.346829632487E+00
  51.10000  0.348826193859E+00
  51.20000  0.345624668926E+00
  51.30000  0.356211731928E+00
  51.40000  0.360256288482E+00
  51.50000  0.365660862802E+00
  51.60000  0.369943875155E+00
  51.70000  0.361401685855E+00
  51.80000  0.368694105336E+00
  51.90000  0.354084924537E+00
  52.00000  0.373416229240E+00
  52.10000  0.364679799738E+00
  52.20000  0.392815342360E+00
  52.30000  0.390238447062E+00
  52.40000  0.409129072402E+00
  52.50000  0.408016557904E+00
  52.60000  0.405773086811E+00
  52.70000  0.412169009208E+00
  52.80000  0.396218526232E+00
  52.90000  0.420939855135E+00
  53.00000  0.403650321799E+00
  53.10000  0.441133329126E+00
  53.20000  0.423662395134E+00
  53.30000  0.451833704012E+00
  53.40000  0.433182196511E+00
  53.50000  0.438111676186E+00
  53.60000  0.429984169093E+00
  53.70000  0.417833999256E+00
  53.80000  0.434098558185E+00
  53.90000  0.414627643535E+00
  54.00000  0.449351830948E+00
  54.10000  0.422319404684E+00
  54.20000  0.453152279109E+00
  54.30000  0.420021030171E+00
  54.40000  0.433260841976E+00
  54.50000  0.409608925807E+00
  54.60000  0.409036382247E+00
  54.70000  0.411106057078E+00
  54.80000  0.401668651899E+00
  54.90000  0.425723509152E+00
  55.00000  0.403707206227E+00
  55.10000  0.430766197222E+00
  55.20000  0.396807334060E+00
  55.30000  0.415204656142E+00
  55.40000  0.385010373126E+00
  55.50000  0.396788341397E+00
  55.60000  0.387491288856E+00
  55.70000  0.393474409807E+00
  55.80000  0.404396025454E+00
  55.90000  0.396939013813E+00
  56.00000  0.413701024238E+00
  56.10000  0.390296815653E+00
  56.20000  0.404650609277E+00
  56.30000  0.378434862207E+00
  56.40000  0.393051067024E+00
  56.50000  0.380029920761E+00
  56.60000  0.394308424892E+00
  56.70000  0.395241522292E+00
  56.80000  0.399382374620E+00
  56.90000  0.403443589878E+00
  57.00000  0.392363669101E+00
  57.10000  0.394964928386E+00
  57.20000  0.378608227121E+00
  57.30000  0.384614589212E+00
  57.40000  0.376043886016E+00
  57.50000  0.385907265858E+00
  57.60000  0.384950271719E+00
  57.70000  0.389692159522E+00
  57.80000  0.386943079832E+00
  57.90000  0.381431036198E+00
  58.00000  0.374254817070E+00
  58.10000  0.366324453358E+00
  58.20000  0.360841844739E+00
  58.30000  0.360404251824E+00
  58.40000  0.358721881454E+00
  58.50000  0.363811243897E+00
  58.60000  0.359774506502E+00
  58.70000  0.360724620176E+00
  58.80000  0.351342273636E+00
  58.90000  0.344817381821E+00
  59.00000  0.337611558356E+00
  59.10000  0.328397145663E+00
  59.20000  0.331869375150E+00
  59.30000  0.322313537741E+00
  59.40000  0.334120020772E+00
  59.50000  0.320514439755E+00
  59.60000  0.330830937471E+00
  59.70000  0.312509080254E+00
  59.80000  0.315941902995E+00
  59.90000  0.301156602646E+00
  60.00000  0.299190845992E+00
  60.10000  0.297174577765E+00
  60.20000  0.290354399010E+00
  60.30000  0.300886324688E+00
  60.40000  0.285808537502E+00
  60.50000  0.300830058361E+00
  60.60000  0.277283566504E+00
  60.70000  0.290438663779E+00
  60.80000  0.266576250990E+00
  60.90000  0.276332972962E+00
  61.00000  0.262603015100E+00
  61.10000  0.266939365431E+00
  61.20000  0.266709651301E+00
  61.30000  0.260681669340E+00
  61.40000  0.269763233260E+00
  61.50000  0.251225820876E+00
  61.60000  0.264762110101E+00
  61.70000  0.239513555096E+00
  61.80000  0.255203629536E+00
  61.90000  0.233190836761E+00
  62.00000  0.247791512657E+00
  62.10000  0.235099323456E+00
  62.20000  0.242277712139E+00
  62.30000  0.238911953746E+00
  62.40000  0.233688142441E+00
  62.50000  0.237855675916E+00
  62.60000  0.221916471515E+00
  62.70000  0.232848128159E+00
  62.80000  0.213239141867E+00
  62.90000  0.228825049358E+00
  63.00000  0.211835772665E+00
  63.10000  0.226340957569E+00
  63.20000  0.214336299461E+00
  63.30000  0.221315728260E+00
  63.40000  0.214916152336E+00
  63.50000  0.212323373738E+00
  63.60000  0.212756501473E+00
  63.70000  0.203799168397E+00
  63.80000  0.211362613446E+00
  63.90000  0.200506410002E+00
  64.00000  0.211992545007E+00
  64.10000  0.201599341773E+00
  64.20000  0.211470244728E+00
  64.30000  0.202543616688E+00
  64.40000  0.207201851907E+00
  64.50000  0.201473625685E+00
  64.60000  0.201506495139E+00
  64.70000  0.200813675766E+00
  64.80000  0.198863748134E+00
  64.90000  0.202589531460E+00
  65.00000  0.200172338193E+00
  65.10000  0.204886905175E+00
  65.20000  0.202106608116E+00
  65.30000  0.204609690870E+00
  65.40000  0.202049240819E+00
  65.50000  0.202228574236E+00
  65.60000  0.201341836098E+00
  65.70000  0.201460890754E+00
  65.80000  0.202544975969E+00
  65.90000  0.204309786121E+00
  66.00000  0.205199722799E+00
  66.10000  0.208510741327E+00
  66.20000  0.206459582393E+00
  66.30000  0.210821033066E+00
  66.40000  0.205571429473E+00
  66.50000  0.211241864563E+00
  66.60000  0.205480773816E+00
  66.70000  0.212227066795E+00
  66.80000  0.209042986978E+00
  66.90000  0.214444952029E+00
  67.00000  0.215187237681E+00
  67.10000  0.215629541478E+00
  67.20000  0.220436408385E+00
  67.30000  0.214292421934E+00
  67.40000  0.223420086876E+00
  67.50000  0.212691875977E+00
  67.60000  0.225839724419E+00
  67.70000  0.214427018356E+00
  67.80000  0.228827343172E+00
  67.90000  0.219930863388E+00
  68.00000  0.230539421642E+00
  68.10000  0.226243435296E+00
  68.20000  0.228844708332E+00
  68.30000  0.231144706019E+00
  68.40000  0.225118854325E+00
  68.50000  0.235436312618E+00
  68.60000  0.223298095873E+00
  68.70000  0.240250261232E+00
  68.80000  0.225326543058E+00
  68.90000  0.243939906056E+00
  69.00000  0.229441124176E+00
  69.10000  0.243682760968E+00
  69.20000  0.233410473887E+00
  69.30000  0.239593593050E+00
  69.40000  0.237533594948E+00
  69.50000  0.235158641974E+00
  69.60000  0.242966834625E+00
  69.70000  0.233230214785E+00
  69.80000  0.248380600628E+00
  69.90000  0.233333530234E+00
  70.00000  0.250527503127E+00
  70.10000  0.233796321312E+00
  70.20000  0.248184476491E+00
  70.30000  0.234891997350E+00
  70.40000  0.243678189000E+00
  70.50000  0.238045285026E+00
  70.60000  0.239837304114E+00
  70.70000  0.242613165415E+00
  70.80000  0.236958877558E+00
  70.90000  0.245575780576E+00
  71.00000  0.233930792716E+00
  71.10000  0.244884691925E+00
  71.20000  0.231107079783E+00
  71.30000  0.241594025156E+00
  71.40000  0.230164203560E+00
  71.50000  0.237873127494E+00
  71.60000  0.231280345399E+00
  71.70000  0.234180389108E+00
  71.80000  0.232240017970E+00
  71.90000  0.229674209481E+00
  72.00000  0.230963897503E+00
  72.10000  0.224596092205E+00
  72.20000  0.227710704592E+00
  72.30000  0.220512347634E+00
  72.40000  0.223951214919E+00
  72.50000  0.218061176990E+00
  72.60000  0.220062807070E+00
  72.70000  0.215862512409E+00
  72.80000  0.215364286461E+00
  72.90000  0.212285822440E+00
  73.00000  0.209931277591E+00
  73.10000  0.207338723505E+00
  73.20000  0.204933615622E+00
  73.30000  0.202051750742E+00
  73.40000  0.200939746709E+00
  73.50000  0.196766619498E+00
  73.60000  0.196977772365E+00
  73.70000  0.191091989721E+00
  73.80000  0.191812210549E+00
  73.90000  0.185210835165E+00
  74.00000  0.185388673643E+00
  74.10000  0.180054742018E+00
  74.20000  0.178402693893E+00
  74.30000  0.175958454631E+00
  74.40000  0.171091380826E+00
  74.50000  0.172006524340E+00
  74.60000  0.163342023845E+00
  74.70000  0.167120710565E+00
  74.80000  0.155701574077E+00
  74.90000  0.161141722615E+00
  75.00000  0.149279124261E+00
  75.10000  0.154363704516E+00
  75.20000  0.144460606361E+00
  75.30000  0.146637308181E+00
  75.40000  0.140433595950E+00
  75.50000  0.137748684351E+00
  75.60000  0.136258470152E+00
  75.70000  0.128431570586E+00
  75.80000  0.131763910926E+00
  75.90000  0.120122660667E+00
  76.00000  0.126957384347E+00
  76.10000  0.113555663577E+00
  76.20000  0.121182787943E+00
  76.30000  0.108233146191E+00
  76.40000  0.113690394438E+00
  76.50000  0.103491217999E+00
  76.60000  0.104883903612E+00
  76.70000  0.993983408207E-01
  76.80000  0.962199497579E-01
  76.90000  0.960918639241E-01
  77.00000  0.887215162691E-01
  77.10000  0.927580849851E-01
  77.20000  0.822082347398E-01
  77.30000  0.881141600057E-01
  77.40000  0.762454213601E-01
  77.50000  0.818873194189E-01
  77.60000  0.711913124056E-01
  77.70000  0.751313808100E-01
  77.80000  0.676589040743E-01
  77.90000  0.688839136982E-01
  78.00000  0.652537386254E-01
  78.10000  0.630996198564E-01
  78.20000  0.626337723700E-01
  78.30000  0.573048734844E-01
  78.40000  0.589622203387E-01
  78.50000  0.518177099468E-01
  78.60000  0.547286968197E-01
  78.70000  0.476062115889E-01
  78.80000  0.508336430129E-01
  78.90000  0.449741808001E-01
  79.00000  0.473231289387E-01
  79.10000  0.430261224108E-01
  79.20000  0.435530330172E-01
  79.30000  0.407190381125E-01
  79.40000  0.394111007173E-01
  79.50000  0.380411256645E-01
  79.60000  0.357430281244E-01
  79.70000  0.357448794784E-01
  79.80000  0.333545995795E-01
  79.90000  0.341284223561E-01
  80.00000  0.319966812748E-01
  80.10000  0.326042083083E-01
  80.20000  0.307178634505E-01
  80.30000  0.305886884279E-01
  80.40000  0.290670216981E-01
  80.50000  0.284122375775E-01
  80.60000  0.275357428242E-01
  80.70000  0.269838237774E-01
  80.80000  0.267316537555E-01
  80.90000  0.266627727726E-01
  81.00000  0.264645165232E-01
  81.10000  0.268269995811E-01
  81.20000  0.259757607546E-01
  81.30000  0.266798627269E-01
  81.40000  0.249872844535E-01
  81.50000  0.262224528027E-01
  81.60000  0.241611851296E-01
  81.70000  0.261285392272E-01
  81.80000  0.243305564110E-01
  81.90000  0.267087571103E-01
  82.00000  0.254729044232E-01
  82.10000  0.273615229570E-01
  82.20000  0.267647302526E-01
  82.30000  0.272959270028E-01
  82.40000  0.276614381964E-01
  82.50000  0.266201508078E-01
  82.60000  0.285665423387E-01
  82.70000  0.263278281862E-01
  82.80000  0.301508416564E-01
  82.90000  0.271219384713E-01
  83.00000  0.322081894352E-01
  83.10000  0.286055050872E-01
  83.20000  0.336613039773E-01
  83.30000  0.299464481608E-01
  83.40000  0.338421849969E-01
  83.50000  0.311205562314E-01
  83.60000  0.333754055846E-01
  83.70000  0.329642797589E-01
  83.80000  0.334167971177E-01
  83.90000  0.358686093478E-01
  84.00000  0.342253618256E-01
  84.10000  0.389156792489E-01
  84.20000  0.350263511498E-01
  84.30000  0.407787839657E-01
  84.40000  0.353633996499E-01
  84.50000  0.412762218066E-01
  84.60000  0.359989369431E-01
  84.70000  0.414644174400E-01
  84.80000  0.379797894809E-01
  84.90000  0.421211434410E-01
  85.00000  0.410900899011E-01
  85.10000  0.427380155835E-01
  85.20000  0.438949729985E-01
  85.30000  0.424557205493E-01
  85.40000  0.454218519996E-01
  85.50000  0.416023583201E-01
  85.60000  0.462021719282E-01
  85.70000  0.415668622110E-01
  85.80000  0.472499421709E-01
  85.90000  0.430659406166E-01
  86.00000  0.484572869907E-01
  86.10000  0.451896369318E-01
  86.20000  0.487217175680E-01
  86.30000  0.465841553801E-01
  86.40000  0.476447800984E-01
  86.50000  0.471443604768E-01
  86.60000  0.463564410645E-01
  86.70000  0.478786384995E-01
  86.80000  0.462115735982E-01
  86.90000  0.492089137958E-01
  87.00000  0.471156090535E-01
  87.10000  0.501865914430E-01
  87.20000  0.477854112363E-01
  87.30000  0.497792308227E-01
  87.40000  0.475458063692E-01
  87.50000  0.484050505934E-01
  87.60000  0.471375542017E-01
  87.70000  0.475093019196E-01
  87.80000  0.474646543476E-01
  87.90000  0.477302877921E-01
  88.00000  0.481415933706E-01
  88.10000  0.481787120183E-01
  88.20000  0.479486961484E-01
  88.30000  0.477721832461E-01
  88.40000  0.465577480732E-01
  88.50000  0.467022045283E-01
  88.60000  0.450790713881E-01
  88.70000  0.460043919991E-01
  88.80000  0.446483881603E-01
  88.90000  0.459337263951E-01
  89.00000  0.450124198100E-01
  89.10000  0.455092739626E-01
  89.20000  0.450236252391E-01
  89.30000  0.438828903283E-01
  89.40000  0.442577997217E-01
  89.50000  0.415947161175E-01
  89.60000  0.434628131808E-01
  89.70000  0.399605068903E-01
  89.80000  0.432855442561E-01
  89.90000  0.394587420085E-01
  90.00000  0.431646919383E-01
  90.10000  0.393228694144E-01
  90.20000  0.419896086890E-01
  90.30000  0.387889159391E-01
  90.40000  0.396056093424E-01
  90.50000  0.381573890280E-01
  90.60000  0.370800701983E-01
  90.70000  0.381962560828E-01
  90.80000  0.354017374467E-01
  90.90000  0.388105675652E-01
  91.00000  0.344247913888E-01
  91.10000  0.389152625200E-01
  91.20000  0.334267142446E-01
  91.30000  0.377197088569E-01
  91.40000  0.323569764827E-01
  91.50000  0.356655255841E-01
  91.60000  0.319606846366E-01
  91.70000  0.337821208376E-01
  91.80000  0.326330208138E-01
  91.90000  0.324164819664E-01
  92.00000  0.336645780357E-01
  92.10000  0.310715857461E-01
  92.20000  0.339651043774E-01
  92.30000  0.294537554458E-01
  92.40000  0.332859537564E-01
  92.50000  0.281497290646E-01
  92.60000  0.323103831650E-01
  92.70000  0.279474158655E-01
  92.80000  0.315858963691E-01
  92.90000  0.287593258079E-01
  93.00000  0.308343172747E-01
  93.10000  0.296558742082E-01
  93.20000  0.295534259434E-01
  93.30000  0.299591548444E-01
  93.40000  0.279762685356E-01
  93.50000  0.299094044154E-01
  93.60000  0.269828461222E-01
  93.70000  0.300680753467E-01
  93.80000  0.270601833490E-01
  93.90000  0.303824933081E-01
  94.00000  0.277347215444E-01
  94.10000  0.302443271729E-01
  94.20000  0.282295875471E-01
  94.30000  0.294258744693E-01
  94.40000  0.284190840900E-01
  94.50000  0.285430121536E-01
  94.60000  0.288007289208E-01
  94.70000  0.283689415025E-01
  94.80000  0.296096613803E-01
  94.90000  0.289198327099E-01
  95.00000  0.303698174699E-01
  95.10000  0.295319558592E-01
  95.20000  0.305182879319E-01
  95.30000  0.297802891141E-01
  95.40000  0.302210990733E-01
  95.50000  0.299695269486E-01
  95.60000  0.302324051204E-01
  95.70000  0.305714936987E-01
  95.80000  0.309689471648E-01
  95.90000  0.314500735089E-01
  96.00000  0.320356930516E-01
  96.10000  0.319794190535E-01
  96.20000  0.328049341438E-01
  96.30000  0.318997727921E-01
  96.40000  0.332247229472E-01
  96.50000  0.317309708409E-01
  96.60000  0.337652413681E-01
  96.70000  0.321681403877E-01
  96.80000  0.346272085185E-01
  96.90000  0.332608262076E-01
  97.00000  0.353432144842E-01
  97.10000  0.344463890020E-01
  97.20000  0.353431536901E-01
  97.30000  0.353380347136E-01
  97.40000  0.347278696944E-01
  97.50000  0.361728086827E-01
  97.60000  0.342124678067E-01
  97.70000  0.373336681440E-01
  97.80000  0.343170555752E-01
  97.90000  0.386385855796E-01
  98.00000  0.348660913209E-01
  98.10000  0.393972510079E-01
  98.20000  0.354044296629E-01
  98.30000  0.391886978140E-01
  98.40000  0.359037010136E-01
  98.50000  0.383483796499E-01
  98.60000  0.367838826507E-01
  98.70000  0.375497720346E-01
  98.80000  0.382376110265E-01
  98.90000  0.370539644015E-01
  99.00000  0.397906100725E-01
  99.10000  0.365909138715E-01
  99.20000  0.407085248258E-01
  99.30000  0.359548298822E-01
  99.40000  0.407390798224E-01
  99.50000  0.354564037989E-01
  99.60000  0.402584265288E-01
  99.70000  0.356072644716E-01
  99.80000  0.396903859926E-01
  99.90000  0.364568956546E-01
 100.00000  0.389939560862E-01
 100.10000  0.374566835236E-01
 100.20000  0.378646735089E-01
 100.30000  0.380239275385E-01
 100.40000  0.363233099964E-01
 100.50000  0.380835736882E-01
 100.60000  0.348740947149E-01
 100.70000  0.379396313477E-01
 100.80000  0.340115325066E-01
 100.90000  0.377196258109E-01
 101.00000  0.337083701792E-01
 101.10000  0.371524422541E-01
 101.20000  0.335164723624E-01
 101.30000  0.359488490877E-01
 101.40000  0.331115832584E-01
 101.50000  0.342532162583E-01
 101.60000  0.325821842984E-01
 101.70000  0.325677557412E-01
 101.80000  0.321502734360E-01
 101.90000  0.312501343122E-01
 102.00000  0.317534804569E-01
 102.10000  0.302107192974E-01
 102.20000  0.310509965512E-01
 102.30000  0.291421317637E-01
 102.40000  0.298278030082E-01
 102.50000  0.279378010346E-01
 102.60000  0.282650519129E-01
 102.70000  0.267705705929E-01
 102.80000  0.267455761866E-01
 102.90000  0.257858145601E-01
 103.00000  0.254576356201E-01
 103.10000  0.248482719004E-01
 103.20000  0.242760349906E-01
 103.30000  0.236695694709E-01
 103.40000  0.230123665123E-01
 103.50000  0.221375557816E-01
 103.60000  0.216753885811E-01
 103.70000  0.204347914906E-01
 103.80000  0.204239665426E-01
 103.90000  0.188276274493E-01
 104.00000  0.193160037539E-01
 104.10000  0.174091768012E-01
 104.20000  0.181959603739E-01
 104.30000  0.160903727043E-01
 104.40000  0.168540998849E-01
 104.50000  0.147945131262E-01
 104.60000  0.152465810203E-01
 104.70000  0.135796637013E-01
 104.80000  0.135199074353E-01
 104.90000  0.125495355653E-01
 105.00000  0.118461221625E-01
 105.10000  0.116942234777E-01
 105.20000  0.102860472680E-01
 105.30000  0.108677865385E-01
 105.40000  0.881889273684E-02
 105.50000  0.991830196685E-02
 105.60000  0.745501370972E-02
 105.70000  0.880852625112E-02
 105.80000  0.627135582939E-02
 105.90000  0.760583358959E-02
 106.00000  0.533632418846E-02
 106.10000  0.638813543753E-02
 106.20000  0.463067560308E-02
 106.30000  0.518893446282E-02
 106.40000  0.405802414994E-02
 106.50000  0.402477128341E-02
 106.60000  0.352117398056E-02
 106.70000  0.294176417675E-02
 106.80000  0.297633416115E-02
 106.90000  0.201277686260E-02
 107.00000  0.242490859007E-02
 107.10000  0.129209653127E-02
 107.20000  0.187880657205E-02
 107.30000  0.782887649616E-03
 107.40000  0.134776048765E-02
 107.50000  0.446982685902E-03
 107.60000  0.852509469263E-03
 107.70000  0.236785061017E-03
 107.80000  0.434397739803E-03
 107.90000  0.116298887716E-03
 108.00000  0.143310945996E-03
 108.10000  0.626812509488E-04
 108.20000  0.145241740667E-04
 108.30000  0.618213151256E-04
 108.40000  0.549355126358E-04
 108.50000  0.110160406574E-03
 108.60000  0.247259576321E-03
 108.70000  0.221371951895E-03
 108.80000  0.565096426936E-03
 108.90000  0.427654326766E-03
 109.00000  0.985121542229E-03
 109.10000  0.767504279639E-03
 109.20000  0.148784924270E-02
 109.30000  0.126376994635E-02
 109.40000  0.205240221710E-02
 109.50000  0.190937606911E-02
 109.60000  0.266076533474E-02
 109.70000  0.267693591613E-02
 109.80000  0.331693400626E-02
 109.90000  0.354497818546E-02
 110.00000  0.406097542959E-02
 110.10000  0.451016477036E-02
 110.20000  0.495031556642E-02
 110.30000  0.556677377695E-02
 110.40000  0.601293504433E-02
 110.50000  0.667900587680E-02
 110.60000  0.721894956057E-02
 110.70000  0.779366491659E-02
 110.80000  0.850900348389E-02
 110.90000  0.889793357049E-02
 111.00000  0.985292751168E-02
 111.10000  0.100594050780E-01
 111.20000  0.112653973388E-01
 111.30000  0.113848867881E-01
 111.40000  0.127493303679E-01
 111.50000  0.129240552780E-01
 111.60000  0.142347312511E-01
 111.70000  0.146237400742E-01
 111.80000  0.156068410620E-01
 111.90000  0.163951418981E-01
 112.00000  0.168182424827E-01
 112.10000  0.182202680068E-01
 112.20000  0.179627975158E-01
 112.30000  0.201600070706E-01
 112.40000  0.192099481257E-01
 112.50000  0.222345096644E-01
 112.60000  0.206555786536E-01
 112.70000  0.243140692155E-01
 112.80000  0.222574535296E-01
 112.90000  0.261738449046E-01
 113.00000  0.239371751506E-01
 113.10000  0.276828810962E-01
 113.20000  0.257289582955E-01
 113.30000  0.289225693075E-01
 113.40000  0.277804077418E-01
 113.50000  0.300878002386E-01
 113.60000  0.301743784096E-01
 113.70000  0.312731485726E-01
 113.80000  0.327674053832E-01
 113.90000  0.323957004349E-01
 114.00000  0.352516471763E-01
 114.10000  0.333571805890E-01
 114.20000  0.374020850724E-01
 114.30000  0.342565930311E-01
 114.40000  0.392425821477E-01
 114.50000  0.353812409574E-01
 114.60000  0.409367501770E-01
 114.70000  0.369519105718E-01
 114.80000  0.425246993864E-01
 114.90000  0.388983603297E-01
 115.00000  0.438223301618E-01
 115.10000  0.409288426744E-01
 115.20000  0.446257257394E-01
 115.30000  0.428267212664E-01
 115.40000  0.449989921857E-01
 115.50000  0.446395832128E-01
 115.60000  0.452974785692E-01
 115.70000  0.465429439968E-01
 115.80000  0.458647062563E-01
 115.90000  0.485361926019E-01
 116.00000  0.467268465570E-01
 116.10000  0.503313519514E-01
 116.20000  0.476327075594E-01
 116.30000  0.515871530664E-01
 116.40000  0.483954996550E-01
 116.50000  0.522483738557E-01
 116.60000  0.491350926431E-01
 116.70000  0.526123764104E-01
 116.80000  0.501295596989E-01
 116.90000  0.530297306202E-01
 117.00000  0.514449006270E-01
 117.10000  0.535557212258E-01
 117.20000  0.527788264671E-01
 117.30000  0.539436276762E-01
 117.40000  0.537129489946E-01
 117.50000  0.539949070904E-01
 117.60000  0.541041577272E-01
 117.70000  0.538606257999E-01
 117.80000  0.541919626182E-01
 117.90000  0.539244600673E-01
 118.00000  0.543115446578E-01
 118.10000  0.543827328164E-01
 118.20000  0.545261473239E-01
 118.30000  0.550050639680E-01
 118.40000  0.545791569562E-01
 118.50000  0.553555827396E-01
 118.60000  0.542260801660E-01
 118.70000  0.552226340973E-01
 118.80000  0.535813692172E-01
 118.90000  0.547838364217E-01
 119.00000  0.530686538340E-01
 119.10000  0.543508279224E-01
 119.20000  0.529984449227E-01
 119.30000  0.539910456189E-01
 119.40000  0.532444327164E-01
 119.50000  0.534346957583E-01
 119.60000  0.533897398002E-01
 119.70000  0.523734642331E-01
 119.80000  0.531655169166E-01
 119.90000  0.508424631041E-01
 120.00000  0.526847783218E-01
 120.10000  0.492557983589E-01
 120.20000  0.522429373403E-01
 120.30000  0.480240606205E-01
 120.40000  0.519325370503E-01
 120.50000  0.471738435782E-01
 120.60000  0.514822463550E-01
 120.70000  0.464010529114E-01
 120.80000  0.504935459243E-01
 120.90000  0.454678365024E-01
 121.00000  0.488502677071E-01
 121.10000  0.444719959855E-01
 121.20000  0.468600531511E-01
 121.30000  0.437197216478E-01
 121.40000  0.449461080460E-01
 121.50000  0.433680867489E-01
 121.60000  0.432370897506E-01
 121.70000  0.432012788011E-01
 121.80000  0.415222539650E-01
 121.90000  0.427811265561E-01
 122.00000  0.395760970897E-01
 122.10000  0.418490293009E-01
 122.20000  0.374617853879E-01
 122.30000  0.405421924049E-01
 122.40000  0.355165114118E-01
 122.50000  0.391749349176E-01
 122.60000  0.340435275168E-01
 122.70000  0.378681558215E-01
 122.80000  0.330053561907E-01
 122.90000  0.364477377331E-01
 123.00000  0.320611607435E-01
 123.10000  0.346633681746E-01
 123.20000  0.309307171648E-01
 123.30000  0.324824129631E-01
 123.40000  0.296518065535E-01
 123.50000  0.301858392876E-01
 123.60000  0.284583635326E-01
 123.70000  0.281374578285E-01
 123.80000  0.274814814871E-01
 123.90000  0.264477553564E-01
 124.00000  0.265852405642E-01
 124.10000  0.249263768584E-01
 124.20000  0.254734857255E-01
 124.30000  0.233440657070E-01
 124.40000  0.239868009814E-01
 124.50000  0.216737006047E-01
 124.60000  0.222708359202E-01
 124.70000  0.201019108015E-01
 124.80000  0.206082859777E-01
 124.90000  0.188221626527E-01
 125.00000  0.191447886600E-01
 125.10000  0.177961067765E-01
 125.20000  0.178035598351E-01
 125.30000  0.167726098951E-01
 125.40000  0.164055900940E-01
 125.50000  0.155518019755E-01
 125.60000  0.148838239479E-01
 125.70000  0.141542490844E-01
 125.80000  0.133883979297E-01
 125.90000  0.127568024060E-01
 126.00000  0.121279380838E-01
 126.10000  0.115144508861E-01
 126.20000  0.111490826887E-01
 126.30000  0.104116598597E-01
 126.40000  0.103133385228E-01
 126.50000  0.930437701996E-02
 126.60000  0.943435804241E-02
 126.70000  0.811062177923E-02
 126.80000  0.844524150034E-02
 126.90000  0.690014721390E-02
 127.00000  0.744389991096E-02
 127.10000  0.582582712100E-02
 127.20000  0.654832562856E-02
 127.30000  0.498936196446E-02
 127.40000  0.576471614848E-02
 127.50000  0.434390416414E-02
 127.60000  0.500624050516E-02
 127.70000  0.376195427525E-02
 127.80000  0.418347528056E-02
 127.90000  0.318092831338E-02
 128.00000  0.330338316045E-02
 128.10000  0.263435713322E-02
 128.20000  0.247462405542E-02
 128.30000  0.218898701418E-02
 128.40000  0.179258081200E-02
 128.50000  0.186097443887E-02
 128.60000  0.126845970751E-02
 128.70000  0.158547940526E-02
 128.80000  0.854890690266E-03
 128.90000  0.128935303719E-02
 129.00000  0.511546301287E-03
 129.10000  0.958080216749E-03
 129.20000  0.250978946655E-03
 129.30000  0.636493157534E-03
 129.40000  0.105134529293E-03
 129.50000  0.381114794845E-03
 129.60000  0.733970206824E-04
 129.70000  0.203560989266E-03
 129.80000  0.114512243428E-03
 129.90000  0.850259024457E-04
 130.00000  0.182740157926E-03
 130.10000  0.236673453695E-04
 130.20000  0.272332961239E-03
 130.30000  0.486253311491E-04
 130.40000  0.405223947291E-03
 130.50000  0.193388208450E-03
 130.60000  0.591440348773E-03
 130.70000  0.450919293722E-03
 130.80000  0.805341494462E-03
 130.90000  0.779660247157E-03
 131.00000  0.100942730833E-02
 131.10000  0.114563567817E-02
 131.20000  0.121382174587E-02
 131.30000  0.155751772663E-02
 131.40000  0.147515293445E-02
 131.50000  0.205047088390E-02
 131.60000  0.185193562551E-02
 131.70000  0.262643497329E-02
 131.80000  0.234712152070E-02
 131.90000  0.323650687917E-02
 132.00000  0.290654961236E-02
 132.10000  0.380618521112E-02
 132.20000  0.348458000612E-02
 132.30000  0.431857174427E-02
 132.40000  0.408440595253E-02
 132.50000  0.483549611518E-02
 132.60000  0.477289907610E-02
 132.70000  0.543471952328E-02
 132.80000  0.559003404729E-02
 132.90000  0.615881692826E-02
 133.00000  0.648892634702E-02
 133.10000  0.695154573760E-02
 133.20000  0.737397714526E-02
 133.30000  0.773454389124E-02
 133.40000  0.815255557740E-02
 133.50000  0.849638933301E-02
 133.60000  0.883945348433E-02
 133.70000  0.930185294937E-02
 133.80000  0.952329188067E-02
 133.90000  0.102542111478E-01
 134.00000  0.102812725883E-01
 134.10000  0.113735962599E-01
 134.20000  0.111071260865E-01
 134.30000  0.125827229440E-01
 134.40000  0.119172203474E-01
 134.50000  0.137480108331E-01
 134.60000  0.126530010157E-01
 134.70000  0.148091075486E-01
 134.80000  0.133365752215E-01
 134.90000  0.158014983560E-01
 135.00000  0.140991763498E-01
 135.10000  0.168058412269E-01
 135.20000  0.150349463120E-01
 135.30000  0.178660524657E-01
 135.40000  0.161576421843E-01
 135.50000  0.188883812494E-01
 135.60000  0.173734153239E-01
 135.70000  0.197670021585E-01
 135.80000  0.185690334474E-01
 135.90000  0.204252184692E-01
 136.00000  0.197416413076E-01
 136.10000  0.209290410483E-01
 136.20000  0.209540583105E-01
 136.30000  0.214187032543E-01
 136.40000  0.223061456011E-01
 136.50000  0.219956494922E-01
 136.60000  0.237843346041E-01
 136.70000  0.226653552524E-01
 136.80000  0.252806389390E-01
 136.90000  0.233401512669E-01
 137.00000  0.266398728558E-01
 137.10000  0.239588447525E-01
 137.20000  0.277995738354E-01
 137.30000  0.245471429179E-01
 137.40000  0.287910508901E-01
 137.50000  0.252273889265E-01
 137.60000  0.297254338309E-01
 137.70000  0.260875122687E-01
 137.80000  0.306431764624E-01
 137.90000  0.271488562745E-01
 138.00000  0.315011061084E-01
 138.10000  0.282877086377E-01
 138.20000  0.322014147306E-01
 138.30000  0.294087432572E-01
 138.40000  0.326829318412E-01
 138.50000  0.304463879157E-01
 138.60000  0.330222954412E-01
 138.70000  0.314713015805E-01
 138.80000  0.333385590362E-01
 138.90000  0.325532850837E-01
 139.00000  0.337729075583E-01
 139.10000  0.337145032384E-01
 139.20000  0.343241824311E-01
 139.30000  0.348650607273E-01
 139.40000  0.349315306569E-01
 139.50000  0.358699623154E-01
 139.60000  0.354907898975E-01
 139.70000  0.366419448648E-01
 139.80000  0.359942032515E-01
 139.90000  0.372088886248E-01
 140.00000  0.365089171293E-01
 140.10000  0.376693857834E-01
 140.20000  0.371411283821E-01
 140.30000  0.381334221299E-01
 140.40000  0.379174992997E-01
 140.50000  0.386025184512E-01
 140.60000  0.387797836098E-01
 140.70000  0.390347393937E-01
 140.80000  0.395904034819E-01
 140.90000  0.393432786576E-01
 141.00000  0.402769754553E-01
 141.10000  0.395578284183E-01
 141.20000  0.408201774984E-01
 141.30000  0.397508328570E-01
 141.40000  0.413153676061E-01
 141.50000  0.400630049219E-01
 141.60000  0.417963904472E-01
 141.70000  0.405300770835E-01
 141.80000  0.422699893255E-01
 141.90000  0.411234634111E-01
 142.00000  0.426122850023E-01
 142.10000  0.417208592058E-01
 142.20000  0.427496541682E-01
 142.30000  0.422616440245E-01
 142.40000  0.426438889537E-01
 142.50000  0.427494949059E-01
 142.60000  0.424025096561E-01
 142.70000  0.432825467921E-01
 142.80000  0.421465740597E-01
 142.90000  0.439287538841E-01
 143.00000  0.419732406573E-01
 143.10000  0.446820164952E-01
 143.20000  0.418703294568E-01
 143.30000  0.454314617008E-01
 143.40000  0.417570405356E-01
 143.50000  0.460403659652E-01
 143.60000  0.415771304356E-01
 143.70000  0.464406438602E-01
 143.80000  0.413383823904E-01
 143.90000  0.466518045650E-01
 144.00000  0.411561226310E-01
 144.10000  0.467814456431E-01
 144.20000  0.411207120916E-01
 144.30000  0.468719333131E-01
 144.40000  0.412792827188E-01
 144.50000  0.469299509470E-01
 144.60000  0.415506646189E-01
 144.70000  0.468338321625E-01
 144.80000  0.418373577946E-01
 144.90000  0.465496288985E-01
 145.00000  0.420767091690E-01
 145.10000  0.460558069873E-01
 145.20000  0.422971539392E-01
 145.30000  0.455019517096E-01
 145.40000  0.425960964753E-01
 145.50000  0.449806891252E-01
 145.60000  0.430063794607E-01
 145.70000  0.445790156617E-01
 145.80000  0.435048927641E-01
 145.90000  0.442266717115E-01
 146.00000  0.439333591536E-01
 146.10000  0.438361823641E-01
 146.20000  0.441905146700E-01
 146.30000  0.433467380572E-01
 146.40000  0.442166399231E-01
 146.50000  0.428044419268E-01
 146.60000  0.441070665427E-01
 146.70000  0.423441472532E-01
 146.80000  0.439723163279E-01
 146.90000  0.420727515286E-01
 147.00000  0.438876119340E-01
 147.10000  0.420104576906E-01
 147.20000  0.438134949585E-01
 147.30000  0.420641817114E-01
 147.40000  0.436463292608E-01
 147.50000  0.421001382601E-01
 147.60000  0.432956589743E-01
 147.70000  0.420552577688E-01
 147.80000  0.427893936984E-01
 147.90000  0.419576671114E-01
 148.00000  0.422176289679E-01
 148.10000  0.418971609673E-01
 148.20000  0.417277517820E-01
 148.30000  0.419449723331E-01
 148.40000  0.413487801040E-01
 148.50000  0.420394511954E-01
 148.60000  0.410422360174E-01
 148.70000  0.420979927430E-01
 148.80000  0.407179129831E-01
 148.90000  0.419829503995E-01
 149.00000  0.403172501774E-01
 149.10000  0.417053085657E-01
 149.20000  0.399284815463E-01
 149.30000  0.413386686850E-01
 149.40000  0.396363528308E-01
 149.50000  0.409871231250E-01
 149.60000  0.395604710065E-01
 149.70000  0.407199808640E-01
 149.80000  0.396666516264E-01
 149.90000  0.404447582432E-01
 150.00000  0.398376416896E-01
 150.10000  0.400692505096E-01
 150.20000  0.399534283753E-01
 150.30000  0.394940759370E-01
 150.40000  0.399410415085E-01
 150.50000  0.387550531938E-01
 150.60000  0.398843651190E-01
 150.70000  0.379912967859E-01
 150.80000  0.398941630451E-01
 150.90000  0.373341470988E-01
 151.00000  0.400535991413E-01
 151.10000  0.368519161328E-01
 151.20000  0.403287019733E-01
 151.30000  0.364836705652E-01
 151.40000  0.405943355317E-01
 151.50000  0.361199656626E-01
 151.60000  0.407140270856E-01
 151.70000  0.356769831177E-01
 151.80000  0.406408941898E-01
 151.90000  0.351903692597E-01
 152.00000  0.404455397568E-01
 152.10000  0.347569461570E-01
 152.20000  0.402244183180E-01
 152.30000  0.344831583077E-01
 152.40000  0.400701726346E-01
 152.50000  0.344048132834E-01
 152.60000  0.399408434909E-01
 152.70000  0.344227287943E-01
 152.80000  0.397351522398E-01
 152.90000  0.344539196207E-01
 153.00000  0.393990936353E-01
 153.10000  0.344388544840E-01
 153.20000  0.389120542530E-01
 153.30000  0.344015299542E-01
 153.40000  0.383892514685E-01
 153.50000  0.344608845285E-01
 153.60000  0.379492143369E-01
 153.70000  0.346554473265E-01
 153.80000  0.376158886668E-01
 153.90000  0.349593929584E-01
 154.00000  0.373602340100E-01
 154.10000  0.352700048130E-01
 154.20000  0.370613313267E-01
 154.30000  0.354455233042E-01
 154.40000  0.366438164569E-01
 154.50000  0.354589870558E-01
 154.60000  0.361573777094E-01
 154.70000  0.353804524155E-01
 154.80000  0.357184581996E-01
 154.90000  0.353323162635E-01
 155.00000  0.354639388391E-01
 155.10000  0.354036089037E-01
 155.20000  0.354361276322E-01
 155.30000  0.355664746971E-01
 155.40000  0.355655093033E-01
 155.50000  0.357130672799E-01
 155.60000  0.357182322073E-01
 155.70000  0.357018245276E-01
 155.80000  0.357734630971E-01
 155.90000  0.354788895733E-01
 156.00000  0.357451688285E-01
 156.10000  0.351248604099E-01
 156.20000  0.357318023884E-01
 156.30000  0.347564925473E-01
 156.40000  0.358406059654E-01
 156.50000  0.344914634646E-01
 156.60000  0.361470837159E-01
 156.70000  0.343614770005E-01
 156.80000  0.365881042295E-01
 156.90000  0.342663956855E-01
 157.00000  0.370276650525E-01
 157.10000  0.341141940117E-01
 157.20000  0.373872436255E-01
 157.30000  0.338734236453E-01
 157.40000  0.376388863275E-01
 157.50000  0.335673066042E-01
 157.60000  0.378333579539E-01
 157.70000  0.333019902127E-01
 157.80000  0.380737470590E-01
 157.90000  0.331681615129E-01
 158.00000  0.383882124489E-01
 158.10000  0.331590083209E-01
 158.20000  0.387208089245E-01
 158.30000  0.332110284098E-01
 158.40000  0.389835205848E-01
 158.50000  0.332477272343E-01
 158.60000  0.391084414202E-01
 158.70000  0.332495105740E-01
 158.80000  0.391211952373E-01
 158.90000  0.332853795075E-01
 159.00000  0.391109115649E-01
 159.10000  0.334379924864E-01
 159.20000  0.391504949454E-01
 159.30000  0.337541572908E-01
 159.40000  0.392688632092E-01
 159.50000  0.342137183857E-01
 159.60000  0.394033888909E-01
 159.70000  0.346967548456E-01
 159.80000  0.394197987655E-01
 159.90000  0.350794740919E-01
 160.00000  0.392555735733E-01
 160.10000  0.353539131411E-01
 160.20000  0.389715468382E-01
 160.30000  0.356009828685E-01
 160.40000  0.386826887957E-01
 160.50000  0.359275261742E-01
 160.60000  0.385141349181E-01
 160.70000  0.364246351505E-01
 160.80000  0.385386049855E-01
 160.90000  0.370831034268E-01
 161.00000  0.386954388488E-01
 161.10000  0.377669650954E-01
 161.20000  0.388333945601E-01
 161.30000  0.383174590114E-01
 161.40000  0.388388534202E-01
 161.50000  0.386589617336E-01
 161.60000  0.387045408991E-01
 161.70000  0.388284851888E-01
 161.80000  0.385295935910E-01
 161.90000  0.389535590222E-01
 162.00000  0.384697534663E-01
 162.10000  0.391713017890E-01
 162.20000  0.386346334837E-01
 162.30000  0.395272582404E-01
 162.40000  0.390139659147E-01
 162.50000  0.399520313555E-01
 162.60000  0.395011668608E-01
 162.70000  0.403192101681E-01
 162.80000  0.399667994018E-01
 162.90000  0.405183620171E-01
 163.00000  0.403294610486E-01
 163.10000  0.405189255212E-01
 163.20000  0.406079673370E-01
 163.30000  0.403972329437E-01
 163.40000  0.409096291018E-01
 163.50000  0.402818701772E-01
 163.60000  0.413421074929E-01
 163.70000  0.402563226153E-01
 163.80000  0.419322028293E-01
 163.90000  0.403138854416E-01
 164.00000  0.426223061375E-01
 164.10000  0.403872120141E-01
 164.20000  0.433216247793E-01
 164.30000  0.404050113879E-01
 164.40000  0.439621421561E-01
 164.50000  0.403391078741E-01
 164.60000  0.445341834098E-01
 164.70000  0.402230577702E-01
 164.80000  0.450828734253E-01
 164.90000  0.401264041274E-01
 165.00000  0.456613277961E-01
 165.10000  0.400993520018E-01
 165.20000  0.462784313664E-01
 165.30000  0.401374254157E-01
 165.40000  0.468898918147E-01
 165.50000  0.401967315513E-01
 165.60000  0.474360072183E-01
 165.70000  0.402394258881E-01
 165.80000  0.478881661534E-01
 165.90000  0.402697377213E-01
 166.00000  0.482701523876E-01
 166.10000  0.403380547162E-01
 166.20000  0.486429495684E-01
 166.30000  0.405103786087E-01
 166.40000  0.490591218434E-01
 166.50000  0.408178436487E-01
 166.60000  0.495131290141E-01
 166.70000  0.412216786620E-01
 166.80000  0.499290999552E-01
 166.90000  0.416292459680E-01
 167.00000  0.502070943383E-01
 167.10000  0.419582473352E-01
 167.20000  0.502979536409E-01
 167.30000  0.422009925280E-01
 167.40000  0.502477104738E-01
 167.50000  0.424377573535E-01
 167.60000  0.501765693433E-01
 167.70000  0.427884988121E-01
 167.80000  0.502065290295E-01
 167.90000  0.433345532903E-01
 168.00000  0.503834452059E-01
 168.10000  0.440583532087E-01
 168.20000  0.506414948518E-01
 168.30000  0.448404806214E-01
 168.40000  0.508370678687E-01
 168.50000  0.455236986703E-01
 168.60000  0.508389383281E-01
 168.70000  0.460097494641E-01
 168.80000  0.506191691089E-01
 168.90000  0.463247333290E-01
 169.00000  0.502811818407E-01
 169.10000  0.466056790500E-01
 169.20000  0.500033904915E-01
 169.30000  0.470158221070E-01
 169.40000  0.499350170024E-01
 169.50000  0.476426056740E-01
 169.60000  0.501084066366E-01
 169.70000  0.484391813530E-01
 169.80000  0.504186035887E-01
 169.90000  0.492435830940E-01
 170.00000  0.506835297821E-01
 170.10000  0.498684522102E-01
 170.20000  0.507539207510E-01
 170.30000  0.502120798587E-01
 170.40000  0.506083441381E-01
 170.50000  0.503218081174E-01
 170.60000  0.503714809357E-01
 170.70000  0.503666854020E-01
 170.80000  0.502420679407E-01
 170.90000  0.505358441797E-01
 171.00000  0.503763821704E-01
 171.10000  0.509260883920E-01
 171.20000  0.507979795795E-01
 171.30000  0.514842882347E-01
 171.40000  0.513840225868E-01
 171.50000  0.520360182928E-01
 171.60000  0.519351643739E-01
 171.70000  0.523855259320E-01
 171.80000  0.522910217802E-01
 171.90000  0.524314996798E-01
 172.00000  0.524244263452E-01
 172.10000  0.522287715743E-01
 172.20000  0.524561031916E-01
 172.30000  0.519566987944E-01
 172.40000  0.525808304112E-01
 172.50000  0.518146929319E-01
 172.60000  0.529524183918E-01
 172.70000  0.519092892657E-01
 172.80000  0.535954104104E-01
 172.90000  0.521962573383E-01
 173.00000  0.543901401670E-01
 173.10000  0.525072545451E-01
 173.20000  0.551378140913E-01
 173.30000  0.526473360977E-01
 173.40000  0.556717816785E-01
 173.50000  0.525106806884E-01
 173.60000  0.559521435685E-01
 173.70000  0.521455621489E-01
 173.80000  0.560852681659E-01
 173.90000  0.517270321620E-01
 174.00000  0.562561834321E-01
 174.10000  0.514556628137E-01
 174.20000  0.566182437076E-01
 174.30000  0.514458341005E-01
 174.40000  0.572055823606E-01
 174.50000  0.516657869623E-01
 174.60000  0.579130106887E-01
 174.70000  0.519581151631E-01
 174.80000  0.585515802219E-01
 174.90000  0.521300069290E-01
 175.00000  0.589525376349E-01
 175.10000  0.520666681709E-01
 175.20000  0.590633116677E-01
 175.30000  0.518017778798E-01
 175.40000  0.589763536783E-01
 175.50000  0.514994618032E-01
 175.60000  0.588717284239E-01
 175.70000  0.513597328255E-01
 175.80000  0.589112673280E-01
 175.90000  0.515072406608E-01
 176.00000  0.591474070303E-01
 176.10000  0.519249920703E-01
 176.20000  0.594925934319E-01
 176.30000  0.524640528340E-01
 176.40000  0.597630308596E-01
 176.50000  0.529253150841E-01
 176.60000  0.597786459249E-01
 176.70000  0.531748558199E-01
 176.80000  0.594680286382E-01
 176.90000  0.532270271051E-01
 177.00000  0.589130553818E-01
 177.10000  0.532401039127E-01
 177.20000  0.583017502316E-01
 177.30000  0.534267286461E-01
 177.40000  0.578205891094E-01
 177.50000  0.539372122762E-01
 177.60000  0.575510306121E-01
 177.70000  0.547800406350E-01
 177.80000  0.574203936597E-01
 177.90000  0.558145076703E-01
 178.00000  0.572283129221E-01
 178.10000  0.568217501142E-01
 178.20000  0.567449370384E-01
 178.30000  0.576307054879E-01
 178.40000  0.558396090287E-01
 178.50000  0.582350790992E-01
 178.60000  0.545620299823E-01
 178.70000  0.588253990252E-01
 178.80000  0.531148189342E-01
 178.90000  0.597161003596E-01
 179.00000  0.517305946290E-01
 179.10000  0.612291809317E-01
 179.20000  0.505210242517E-01
 179.30000  0.636298120830E-01
 179.40000  0.493428874711E-01
 179.50000  0.672259558273E-01
 179.60000  0.476393447833E-01
 179.70000  0.730417875359E-01
 179.80000  0.438563847639E-01
 179.90000  0.891570603017E-01
 180.00000  0.422570957121E-01

