 # E =    1.4998510039731114       eV =    12098.000000000000       1/cm
 #  1801
# DFFCSO.  ACCUM LEV(I),J(I) =  1  0 LEV(F),J(F) =  1  0       , M =  0, WEIGHTED BY  1.00000
   0.10000  0.413647107378E+07
   0.20000  0.102267970099E+07
   0.30000  0.285737318562E+06
   0.40000  0.240491404832E+05
   0.50000  0.401985546492E+05
   0.60000  0.456412923300E+05
   0.70000  0.784443093081E+04
   0.80000  0.368592080573E+04
   0.90000  0.976026564023E+04
   1.00000  0.524856623935E+04
   1.10000  0.378024178123E+04
   1.20000  0.416553807396E+04
   1.30000  0.256904209894E+04
   1.40000  0.293946369615E+04
   1.50000  0.441945246864E+04
   1.60000  0.323324044643E+04
   1.70000  0.201030057681E+04
   1.80000  0.243879964623E+04
   1.90000  0.318163092442E+04
   2.00000  0.254387052701E+04
   2.10000  0.210478720577E+04
   2.20000  0.188080937595E+04
   2.30000  0.184902976924E+04
   2.40000  0.148025853293E+04
   2.50000  0.135533733774E+04
   2.60000  0.121198730164E+04
   2.70000  0.969169677494E+03
   2.80000  0.635586409790E+03
   2.90000  0.406552863092E+03
   3.00000  0.437730796647E+03
   3.10000  0.453483035958E+03
   3.20000  0.406203677096E+03
   3.30000  0.233548664231E+03
   3.40000  0.149093416825E+03
   3.50000  0.141139855543E+03
   3.60000  0.171970039601E+03
   3.70000  0.228983253282E+03
   3.80000  0.250640662556E+03
   3.90000  0.250933044606E+03
   4.00000  0.181660804184E+03
   4.10000  0.163438430561E+03
   4.20000  0.189500204371E+03
   4.30000  0.236172121432E+03
   4.40000  0.264873610582E+03
   4.50000  0.243642294004E+03
   4.60000  0.210947329653E+03
   4.70000  0.152539181982E+03
   4.80000  0.160132233889E+03
   4.90000  0.191422996088E+03
   5.00000  0.214320062430E+03
   5.10000  0.187296266915E+03
   5.20000  0.133333160109E+03
   5.30000  0.961993126385E+02
   5.40000  0.687903596941E+02
   5.50000  0.846664379591E+02
   5.60000  0.107188990597E+03
   5.70000  0.118542139927E+03
   5.80000  0.983060780918E+02
   5.90000  0.642473577624E+02
   6.00000  0.396123081762E+02
   6.10000  0.204690121905E+02
   6.20000  0.264336536206E+02
   6.30000  0.420946372142E+02
   6.40000  0.557292066551E+02
   6.50000  0.561816594861E+02
   6.60000  0.446752711964E+02
   6.70000  0.319979927326E+02
   6.80000  0.157810448221E+02
   6.90000  0.127334157710E+02
   7.00000  0.183320772091E+02
   7.10000  0.245765857816E+02
   7.20000  0.283712283183E+02
   7.30000  0.257984503180E+02
   7.40000  0.222320093417E+02
   7.50000  0.142939498603E+02
   7.60000  0.123484366828E+02
   7.70000  0.142469437591E+02
   7.80000  0.139100407063E+02
   7.90000  0.140954069251E+02
   8.00000  0.118143820467E+02
   8.10000  0.108740060745E+02
   8.20000  0.885871292141E+01
   8.30000  0.105596725638E+02
   8.40000  0.140814433890E+02
   8.50000  0.134692063891E+02
   8.60000  0.129603830587E+02
   8.70000  0.100442554991E+02
   8.80000  0.761842009995E+01
   8.90000  0.593745580642E+01
   9.00000  0.763243616138E+01
   9.10000  0.121940536950E+02
   9.20000  0.137995406589E+02
   9.30000  0.160841492773E+02
   9.40000  0.154940594979E+02
   9.50000  0.129512324324E+02
   9.60000  0.102750502477E+02
   9.70000  0.894619690207E+01
   9.80000  0.103579582536E+02
   9.90000  0.103646619895E+02
  10.00000  0.130743989391E+02
  10.10000  0.150905291150E+02
  10.20000  0.153795517450E+02
  10.30000  0.159127603702E+02
  10.40000  0.154500405158E+02
  10.50000  0.152709246831E+02
  10.60000  0.125620395637E+02
  10.70000  0.116466354852E+02
  10.80000  0.111513326740E+02
  10.90000  0.101278307947E+02
  11.00000  0.122217979201E+02
  11.10000  0.143729890853E+02
  11.20000  0.167946476505E+02
  11.30000  0.169503883243E+02
  11.40000  0.164487463201E+02
  11.50000  0.147018547711E+02
  11.60000  0.106673692388E+02
  11.70000  0.980374428311E+01
  11.80000  0.958129647049E+01
  11.90000  0.107009541913E+02
  12.00000  0.128954549489E+02
  12.10000  0.147125791571E+02
  12.20000  0.157265647507E+02
  12.30000  0.139047540924E+02
  12.40000  0.132590751789E+02
  12.50000  0.116765466812E+02
  12.60000  0.972098925280E+01
  12.70000  0.998563441166E+01
  12.80000  0.971092462815E+01
  12.90000  0.998977781110E+01
  13.00000  0.991457657500E+01
  13.10000  0.107675581175E+02
  13.20000  0.114192961092E+02
  13.30000  0.110610831617E+02
  13.40000  0.122731590721E+02
  13.50000  0.114503136995E+02
  13.60000  0.991597055960E+01
  13.70000  0.861411433121E+01
  13.80000  0.690270600901E+01
  13.90000  0.622234104595E+01
  14.00000  0.613765056352E+01
  14.10000  0.820560771890E+01
  14.20000  0.969896530365E+01
  14.30000  0.104972371450E+02
  14.40000  0.113819510951E+02
  14.50000  0.979678381218E+01
  14.60000  0.783848122464E+01
  14.70000  0.584932779176E+01
  14.80000  0.459144677054E+01
  14.90000  0.421925615150E+01
  15.00000  0.461653805313E+01
  15.10000  0.655700753813E+01
  15.20000  0.750793663655E+01
  15.30000  0.832468673808E+01
  15.40000  0.875176783795E+01
  15.50000  0.781916226466E+01
  15.60000  0.653624917103E+01
  15.70000  0.483928089145E+01
  15.80000  0.372752225454E+01
  15.90000  0.271867123767E+01
  16.00000  0.273474402551E+01
  16.10000  0.403957943780E+01
  16.20000  0.531611136534E+01
  16.30000  0.692814148162E+01
  16.40000  0.783485737851E+01
  16.50000  0.769139650114E+01
  16.60000  0.625341919339E+01
  16.70000  0.414342650719E+01
  16.80000  0.242991731845E+01
  16.90000  0.109847363358E+01
  17.00000  0.136828315939E+01
  17.10000  0.286834277268E+01
  17.20000  0.483082134286E+01
  17.30000  0.654148808623E+01
  17.40000  0.718027109111E+01
  17.50000  0.672719140968E+01
  17.60000  0.482124478378E+01
  17.70000  0.277475453087E+01
  17.80000  0.124498252540E+01
  17.90000  0.397747830087E+00
  18.00000  0.890075988476E+00
  18.10000  0.208924996159E+01
  18.20000  0.355712467447E+01
  18.30000  0.442988440136E+01
  18.40000  0.464026924539E+01
  18.50000  0.418724111490E+01
  18.60000  0.280109199535E+01
  18.70000  0.165415814660E+01
  18.80000  0.729948470856E+00
  18.90000  0.190032713378E+00
  19.00000  0.360853602191E+00
  19.10000  0.873413415982E+00
  19.20000  0.162745717385E+01
  19.30000  0.201398940708E+01
  19.40000  0.232956833602E+01
  19.50000  0.224896884200E+01
  19.60000  0.155930217637E+01
  19.70000  0.107314971467E+01
  19.80000  0.459570186507E+00
  19.90000  0.546915623923E-01
  20.00000  0.408071560082E-01
  20.10000  0.316755012992E+00
  20.20000  0.796718688179E+00
  20.30000  0.103286495307E+01
  20.40000  0.135933151937E+01
  20.50000  0.126148451798E+01
  20.60000  0.816323129553E+00
  20.70000  0.537713885891E+00
  20.80000  0.147851336345E+00
  20.90000  0.837880519670E-03
  21.00000  0.498215330168E-01
  21.10000  0.299221741210E+00
  21.20000  0.525307981833E+00
  21.30000  0.549318537978E+00
  21.40000  0.635142930627E+00
  21.50000  0.431010783332E+00
  21.60000  0.207863202548E+00
  21.70000  0.114301794337E+00
  21.80000  0.369198215997E-01
  21.90000  0.681639915555E-01
  22.00000  0.897469156743E-01
  22.10000  0.170229743506E+00
  22.20000  0.137258762543E+00
  22.30000  0.866880689155E-01
  22.40000  0.111402955242E+00
  22.50000  0.146058271719E+00
  22.60000  0.254373996093E+00
  22.70000  0.340624735469E+00
  22.80000  0.439433596578E+00
  22.90000  0.386407106013E+00
  23.00000  0.243721258168E+00
  23.10000  0.119925931850E+00
  23.20000  0.142452028967E-01
  23.30000  0.586776297216E-01
  23.40000  0.206071996557E+00
  23.50000  0.542692219499E+00
  23.60000  0.791359567485E+00
  23.70000  0.902289616877E+00
  23.80000  0.962691938668E+00
  23.90000  0.715381175700E+00
  24.00000  0.432448474451E+00
  24.10000  0.199391456592E+00
  24.20000  0.884004523687E-01
  24.30000  0.158664177382E+00
  24.40000  0.354419023458E+00
  24.50000  0.748663852999E+00
  24.60000  0.944565256062E+00
  24.70000  0.104833796632E+01
  24.80000  0.107812885772E+01
  24.90000  0.775544456093E+00
  25.00000  0.505178878717E+00
  25.10000  0.256395095215E+00
  25.20000  0.713351621547E-01
  25.30000  0.507188372146E-01
  25.40000  0.158318040359E+00
  25.50000  0.427382776472E+00
  25.60000  0.579426799253E+00
  25.70000  0.769874409835E+00
  25.80000  0.902507018944E+00
  25.90000  0.750111043928E+00
  26.00000  0.658785908632E+00
  26.10000  0.467325468596E+00
  26.20000  0.210792174583E+00
  26.30000  0.962710449620E-01
  26.40000  0.305305325553E-01
  26.50000  0.923724327709E-01
  26.60000  0.186216826846E+00
  26.70000  0.397142104177E+00
  26.80000  0.594656524576E+00
  26.90000  0.630200590488E+00
  27.00000  0.742685221016E+00
  27.10000  0.662483704612E+00
  27.20000  0.471585778823E+00
  27.30000  0.372760011195E+00
  27.40000  0.181557120778E+00
  27.50000  0.756851891872E-01
  27.60000  0.605772152211E-01
  27.70000  0.119337634986E+00
  27.80000  0.228783374592E+00
  27.90000  0.325331140398E+00
  28.00000  0.501217883019E+00
  28.10000  0.536254876575E+00
  28.20000  0.523235837460E+00
  28.30000  0.542630297328E+00
  28.40000  0.387848780596E+00
  28.50000  0.279413442797E+00
  28.60000  0.204059174538E+00
  28.70000  0.899969166634E-01
  28.80000  0.781788219326E-01
  28.90000  0.109330941982E+00
  29.00000  0.200609796703E+00
  29.10000  0.297806138737E+00
  29.20000  0.416656614288E+00
  29.30000  0.549285288159E+00
  29.40000  0.542141721040E+00
  29.50000  0.558739241382E+00
  29.60000  0.516342454433E+00
  29.70000  0.354172293778E+00
  29.80000  0.289902831174E+00
  29.90000  0.202380100138E+00
  30.00000  0.149051729024E+00
  30.10000  0.196902665782E+00
  30.20000  0.276051076887E+00
  30.30000  0.398367612384E+00
  30.40000  0.472253119133E+00
  30.50000  0.571972864472E+00
  30.60000  0.580786528529E+00
  30.70000  0.480104796699E+00
  30.80000  0.434878365486E+00
  30.90000  0.290276358822E+00
  31.00000  0.167458606866E+00
  31.10000  0.132382947943E+00
  31.20000  0.100700163593E+00
  31.30000  0.133974929529E+00
  31.40000  0.179408244161E+00
  31.50000  0.255016099242E+00
  31.60000  0.276526156492E+00
  31.70000  0.256791271657E+00
  31.80000  0.255687848682E+00
  31.90000  0.169737756159E+00
  32.00000  0.104588154820E+00
  32.10000  0.670340162036E-01
  32.20000  0.170511254048E-01
  32.30000  0.419491879631E-02
  32.40000  0.618156780623E-03
  32.50000  0.766417108236E-02
  32.60000  0.766854063983E-02
  32.70000  0.148290918799E-01
  32.80000  0.345432084455E-01
  32.90000  0.617075665045E-01
  33.00000  0.106762161621E+00
  33.10000  0.159067218298E+00
  33.20000  0.213401956912E+00
  33.30000  0.239824471393E+00
  33.40000  0.238724555669E+00
  33.50000  0.202606295837E+00
  33.60000  0.153152877826E+00
  33.70000  0.975872577885E-01
  33.80000  0.622859413712E-01
  33.90000  0.108148194010E+00
  34.00000  0.167342901288E+00
  34.10000  0.278911313121E+00
  34.20000  0.425911254269E+00
  34.30000  0.506692856069E+00
  34.40000  0.557328683177E+00
  34.50000  0.537045568609E+00
  34.60000  0.457309894738E+00
  34.70000  0.337985073974E+00
  34.80000  0.226841088736E+00
  34.90000  0.188708468907E+00
  35.00000  0.163702712099E+00
  35.10000  0.238386696635E+00
  35.20000  0.368644368520E+00
  35.30000  0.453646013321E+00
  35.40000  0.555660093672E+00
  35.50000  0.584753575333E+00
  35.60000  0.530969843166E+00
  35.70000  0.440230557576E+00
  35.80000  0.313772323522E+00
  35.90000  0.203295586114E+00
  36.00000  0.110558496238E+00
  36.10000  0.995913693396E-01
  36.20000  0.143992972221E+00
  36.30000  0.199736882367E+00
  36.40000  0.326530966091E+00
  36.50000  0.413106972427E+00
  36.60000  0.451951033296E+00
  36.70000  0.491965696515E+00
  36.80000  0.436196120032E+00
  36.90000  0.350422017109E+00
  37.00000  0.262352213812E+00
  37.10000  0.154254007198E+00
  37.20000  0.857919685134E-01
  37.30000  0.571711091706E-01
  37.40000  0.111823130078E+00
  37.50000  0.191806581659E+00
  37.60000  0.309897808942E+00
  37.70000  0.488686939290E+00
  37.80000  0.564900757752E+00
  37.90000  0.629486056321E+00
  38.00000  0.649429216497E+00
  38.10000  0.527044246022E+00
  38.20000  0.416859343855E+00
  38.30000  0.284550488251E+00
  38.40000  0.173269487915E+00
  38.50000  0.138992596536E+00
  38.60000  0.191951837688E+00
  38.70000  0.351631713245E+00
  38.80000  0.489922103346E+00
  38.90000  0.691852559171E+00
  39.00000  0.841191011223E+00
  39.10000  0.822997122152E+00
  39.20000  0.807383131849E+00
  39.30000  0.659576697790E+00
  39.40000  0.447230793537E+00
  39.50000  0.302794654443E+00
  39.60000  0.184034680817E+00
  39.70000  0.171830320308E+00
  39.80000  0.232436906067E+00
  39.90000  0.404489743053E+00
  40.00000  0.581377803018E+00
  40.10000  0.689471826147E+00
  40.20000  0.823107489732E+00
  40.30000  0.785708076492E+00
  40.40000  0.661874966043E+00
  40.50000  0.546530150066E+00
  40.60000  0.334841413292E+00
  40.70000  0.184702887692E+00
  40.80000  0.105756694899E+00
  40.90000  0.938465952051E-01
  41.00000  0.157508463917E+00
  41.10000  0.260389359436E+00
  41.20000  0.421453643345E+00
  41.30000  0.499356970007E+00
  41.40000  0.550600043538E+00
  41.50000  0.576401497180E+00
  41.60000  0.462811778517E+00
  41.70000  0.364380472157E+00
  41.80000  0.252323282143E+00
  41.90000  0.116163918660E+00
  42.00000  0.586431308841E-01
  42.10000  0.387724403338E-01
  42.20000  0.740955811476E-01
  42.30000  0.138123200246E+00
  42.40000  0.231068065062E+00
  42.50000  0.325663363207E+00
  42.60000  0.355705427197E+00
  42.70000  0.387664674786E+00
  42.80000  0.361027834652E+00
  42.90000  0.274226453698E+00
  43.00000  0.210930226189E+00
  43.10000  0.120051169590E+00
  43.20000  0.494500023783E-01
  43.30000  0.330835395241E-01
  43.40000  0.417913138968E-01
  43.50000  0.947373659290E-01
  43.60000  0.171885317974E+00
  43.70000  0.258896715312E+00
  43.80000  0.327751953444E+00
  43.90000  0.361811284760E+00
  44.00000  0.367703772835E+00
  44.10000  0.317631243821E+00
  44.20000  0.241913141582E+00
  44.30000  0.166529947748E+00
  44.40000  0.829659596882E-01
  44.50000  0.431090143940E-01
  44.60000  0.511680666816E-01
  44.70000  0.857361181562E-01
  44.80000  0.171397601673E+00
  44.90000  0.265667981594E+00
  45.00000  0.338211069008E+00
  45.10000  0.393488151575E+00
  45.20000  0.393773123719E+00
  45.30000  0.347789248737E+00
  45.40000  0.271352422367E+00
  45.50000  0.181092801809E+00
  45.60000  0.104619300854E+00
  45.70000  0.509476950438E-01
  45.80000  0.566424683690E-01
  45.90000  0.919673168299E-01
  46.00000  0.145791824525E+00
  46.10000  0.232559862076E+00
  46.20000  0.276998549638E+00
  46.30000  0.295180374160E+00
  46.40000  0.293546372171E+00
  46.50000  0.233581089385E+00
  46.60000  0.168080906921E+00
  46.70000  0.103042205678E+00
  46.80000  0.473024013434E-01
  46.90000  0.196626363731E-01
  47.00000  0.178315004279E-01
  47.10000  0.493800453218E-01
  47.20000  0.735513155028E-01
  47.30000  0.107695335462E+00
  47.40000  0.141549900612E+00
  47.50000  0.131623340577E+00
  47.60000  0.130924701801E+00
  47.70000  0.115193835619E+00
  47.80000  0.745600360305E-01
  47.90000  0.573300627859E-01
  48.00000  0.318407386021E-01
  48.10000  0.958710273717E-02
  48.20000  0.343278242650E-02
  48.30000  0.100513012680E-02
  48.40000  0.111061576563E-01
  48.50000  0.234093785056E-01
  48.60000  0.564875092783E-01
  48.70000  0.880094860446E-01
  48.80000  0.108372267711E+00
  48.90000  0.146027058552E+00
  49.00000  0.147552735836E+00
  49.10000  0.132896842109E+00
  49.20000  0.124993832012E+00
  49.30000  0.816065757744E-01
  49.40000  0.537638284883E-01
  49.50000  0.471111101237E-01
  49.60000  0.487519563368E-01
  49.70000  0.845086276717E-01
  49.80000  0.136566765829E+00
  49.90000  0.201288917968E+00
  50.00000  0.247649722017E+00
  50.10000  0.276899206849E+00
  50.20000  0.289009821928E+00
  50.30000  0.245165928179E+00
  50.40000  0.204454531761E+00
  50.50000  0.162013377854E+00
  50.60000  0.108689226359E+00
  50.70000  0.109814975672E+00
  50.80000  0.130647507417E+00
  50.90000  0.170223253505E+00
  51.00000  0.236917572924E+00
  51.10000  0.291185245839E+00
  51.20000  0.328579693743E+00
  51.30000  0.330276066727E+00
  51.40000  0.309170225067E+00
  51.50000  0.260572607915E+00
  51.60000  0.190078315425E+00
  51.70000  0.147640128939E+00
  51.80000  0.106796401684E+00
  51.90000  0.895249054120E-01
  52.00000  0.118668437767E+00
  52.10000  0.142954061488E+00
  52.20000  0.181835379257E+00
  52.30000  0.223394384394E+00
  52.40000  0.233524086073E+00
  52.50000  0.232412199050E+00
  52.60000  0.210919959825E+00
  52.70000  0.173729845312E+00
  52.80000  0.131624893799E+00
  52.90000  0.936024961479E-01
  53.00000  0.742133024204E-01
  53.10000  0.570190840748E-01
  53.20000  0.655992725839E-01
  53.30000  0.914502701280E-01
  53.40000  0.102985123691E+00
  53.50000  0.136649193724E+00
  53.60000  0.157396119060E+00
  53.70000  0.152099036929E+00
  53.80000  0.159162458147E+00
  53.90000  0.139783948478E+00
  54.00000  0.112241518456E+00
  54.10000  0.958548751233E-01
  54.20000  0.764391664079E-01
  54.30000  0.722426746251E-01
  54.40000  0.763719624649E-01
  54.50000  0.105001446661E+00
  54.60000  0.133006509508E+00
  54.70000  0.154238938973E+00
  54.80000  0.195906103173E+00
  54.90000  0.196435172963E+00
  55.00000  0.187774814117E+00
  55.10000  0.185823589836E+00
  55.20000  0.144031360121E+00
  55.30000  0.119784807479E+00
  55.40000  0.106650220749E+00
  55.50000  0.960295384636E-01
  55.60000  0.110067305253E+00
  55.70000  0.134707897443E+00
  55.80000  0.174746935167E+00
  55.90000  0.197124598106E+00
  56.00000  0.218449775128E+00
  56.10000  0.232307482270E+00
  56.20000  0.200676763000E+00
  56.30000  0.180207462498E+00
  56.40000  0.148497976652E+00
  56.50000  0.101080984644E+00
  56.60000  0.881910649320E-01
  56.70000  0.784401098077E-01
  56.80000  0.825479550421E-01
  56.90000  0.107278084426E+00
  57.00000  0.132610153869E+00
  57.10000  0.158065265677E+00
  57.20000  0.169956751970E+00
  57.30000  0.176112468408E+00
  57.40000  0.163932966865E+00
  57.50000  0.135408636444E+00
  57.60000  0.113812023215E+00
  57.70000  0.804215378576E-01
  57.80000  0.539244968844E-01
  57.90000  0.483955996651E-01
  58.00000  0.403994883778E-01
  58.10000  0.512416973747E-01
  58.20000  0.768924903104E-01
  58.30000  0.934635460118E-01
  58.40000  0.121309961603E+00
  58.50000  0.143432991464E+00
  58.60000  0.146923833604E+00
  58.70000  0.150804476763E+00
  58.80000  0.138748739515E+00
  58.90000  0.117558763371E+00
  59.00000  0.968836870581E-01
  59.10000  0.791385056614E-01
  59.20000  0.737626187316E-01
  59.30000  0.725522848328E-01
  59.40000  0.100319663625E+00
  59.50000  0.133186368034E+00
  59.60000  0.158565255414E+00
  59.70000  0.208331799835E+00
  59.80000  0.224477187332E+00
  59.90000  0.223458545790E+00
  60.00000  0.227688672534E+00
  60.10000  0.192261066506E+00
  60.20000  0.162060753664E+00
  60.30000  0.140814747487E+00
  60.40000  0.125281309966E+00
  60.50000  0.131873445945E+00
  60.60000  0.153592333493E+00
  60.70000  0.204147345495E+00
  60.80000  0.237892369328E+00
  60.90000  0.272286746566E+00
  61.00000  0.307468927079E+00
  61.10000  0.284485575847E+00
  61.20000  0.265324643175E+00
  61.30000  0.233017868529E+00
  61.40000  0.171821303458E+00
  61.50000  0.143378620167E+00
  61.60000  0.123507118880E+00
  61.70000  0.123489384711E+00
  61.80000  0.147924252378E+00
  61.90000  0.186409976443E+00
  62.00000  0.232296545392E+00
  62.10000  0.252814743286E+00
  62.20000  0.274435730724E+00
  62.30000  0.266914777775E+00
  62.40000  0.222726504630E+00
  62.50000  0.191283959628E+00
  62.60000  0.138026237561E+00
  62.70000  0.895848955756E-01
  62.80000  0.733193097656E-01
  62.90000  0.614885313535E-01
  63.00000  0.741966560811E-01
  63.10000  0.103882439689E+00
  63.20000  0.135977493760E+00
  63.30000  0.166521527022E+00
  63.40000  0.185121481327E+00
  63.50000  0.193145337123E+00
  63.60000  0.179522531553E+00
  63.70000  0.153547265916E+00
  63.80000  0.123768106913E+00
  63.90000  0.837122052213E-01
  64.00000  0.532940286774E-01
  64.10000  0.354558004257E-01
  64.20000  0.231048324865E-01
  64.30000  0.348605281338E-01
  64.40000  0.590524240649E-01
  64.50000  0.849241850631E-01
  64.60000  0.128850853599E+00
  64.70000  0.161853625270E+00
  64.80000  0.181417696900E+00
  64.90000  0.201622840451E+00
  65.00000  0.190908555442E+00
  65.10000  0.167985960936E+00
  65.20000  0.141481339513E+00
  65.30000  0.102295516614E+00
  65.40000  0.736695667580E-01
  65.50000  0.570010150548E-01
  65.60000  0.660367320981E-01
  65.70000  0.880412754004E-01
  65.80000  0.127023763661E+00
  65.90000  0.191539884601E+00
  66.00000  0.227950585392E+00
  66.10000  0.265893245160E+00
  66.20000  0.292867735761E+00
  66.30000  0.265580473351E+00
  66.40000  0.242248727551E+00
  66.50000  0.201111217732E+00
  66.60000  0.144695269855E+00
  66.70000  0.116454504220E+00
  66.80000  0.101843206835E+00
  66.90000  0.115902377691E+00
  67.00000  0.147916509090E+00
  67.10000  0.203637066792E+00
  67.20000  0.263966058413E+00
  67.30000  0.294321231972E+00
  67.40000  0.330319790991E+00
  67.50000  0.324675566132E+00
  67.60000  0.280299524144E+00
  67.70000  0.246231036007E+00
  67.80000  0.181088382021E+00
  67.90000  0.125495197092E+00
  68.00000  0.102122114568E+00
  68.10000  0.883078861501E-01
  68.20000  0.107213896291E+00
  68.30000  0.145505872496E+00
  68.40000  0.195547077078E+00
  68.50000  0.239243217973E+00
  68.60000  0.267229238484E+00
  68.70000  0.284918723701E+00
  68.80000  0.262903468486E+00
  68.90000  0.227010630495E+00
  69.00000  0.186143808649E+00
  69.10000  0.125501628981E+00
  69.20000  0.860697199104E-01
  69.30000  0.627954709528E-01
  69.40000  0.492336432620E-01
  69.50000  0.680334498972E-01
  69.60000  0.973731173901E-01
  69.70000  0.130549266826E+00
  69.80000  0.170689614258E+00
  69.90000  0.195854206147E+00
  70.00000  0.206236437447E+00
  70.10000  0.203175893267E+00
  70.20000  0.179916405286E+00
  70.30000  0.146845806072E+00
  70.40000  0.108885559931E+00
  70.50000  0.745884881761E-01
  70.60000  0.486509482151E-01
  70.70000  0.357271942010E-01
  70.80000  0.476384137795E-01
  70.90000  0.647972043272E-01
  71.00000  0.971330121837E-01
  71.10000  0.144830079547E+00
  71.20000  0.170377170683E+00
  71.30000  0.200721851554E+00
  71.40000  0.219284830740E+00
  71.50000  0.201683484682E+00
  71.60000  0.188299173435E+00
  71.70000  0.156990918154E+00
  71.80000  0.114519846538E+00
  71.90000  0.887847686578E-01
  72.00000  0.688761086393E-01
  72.10000  0.691359623218E-01
  72.20000  0.843242864416E-01
  72.30000  0.122973195006E+00
  72.40000  0.169857481029E+00
  72.50000  0.204654427143E+00
  72.60000  0.253115947628E+00
  72.70000  0.269383333013E+00
  72.80000  0.259550627544E+00
  72.90000  0.254531859986E+00
  73.00000  0.210426975303E+00
  73.10000  0.168141265712E+00
  73.20000  0.143177770928E+00
  73.30000  0.113880777683E+00
  73.40000  0.115444473584E+00
  73.50000  0.138388687548E+00
  73.60000  0.175756823736E+00
  73.70000  0.223094338232E+00
  73.80000  0.268085046936E+00
  73.90000  0.308372167702E+00
  74.00000  0.316268365821E+00
  74.10000  0.309260918049E+00
  74.20000  0.286498982333E+00
  74.30000  0.231717397628E+00
  74.40000  0.190222553278E+00
  74.50000  0.152384751746E+00
  74.60000  0.118297109047E+00
  74.70000  0.125086855728E+00
  74.80000  0.143853355742E+00
  74.90000  0.176597683161E+00
  75.00000  0.231224340317E+00
  75.10000  0.272734067201E+00
  75.20000  0.304617849623E+00
  75.30000  0.321412696773E+00
  75.40000  0.309761291564E+00
  75.50000  0.279963574977E+00
  75.60000  0.234584696290E+00
  75.70000  0.187063816289E+00
  75.80000  0.140548758459E+00
  75.90000  0.107341601413E+00
  76.00000  0.102402040061E+00
  76.10000  0.103655020047E+00
  76.20000  0.129616911476E+00
  76.30000  0.173424957613E+00
  76.40000  0.199074377890E+00
  76.50000  0.235531911803E+00
  76.60000  0.256778202312E+00
  76.70000  0.245174288203E+00
  76.80000  0.236679157905E+00
  76.90000  0.204841565398E+00
  77.00000  0.161349175062E+00
  77.10000  0.129501036368E+00
  77.20000  0.972084450213E-01
  77.30000  0.801888448028E-01
  77.40000  0.768017477246E-01
  77.50000  0.927597452484E-01
  77.60000  0.117710559244E+00
  77.70000  0.141471681687E+00
  77.80000  0.181115297242E+00
  77.90000  0.199316207516E+00
  78.00000  0.205687703403E+00
  78.10000  0.216166159123E+00
  78.20000  0.191337877062E+00
  78.30000  0.166548095277E+00
  78.40000  0.145413281882E+00
  78.50000  0.107005424550E+00
  78.60000  0.888556606306E-01
  78.70000  0.808026564240E-01
  78.80000  0.785906697414E-01
  78.90000  0.966163774316E-01
  79.00000  0.121559204484E+00
  79.10000  0.152328512609E+00
  79.20000  0.180157270295E+00
  79.30000  0.204062688205E+00
  79.40000  0.218802156367E+00
  79.50000  0.213048104353E+00
  79.60000  0.205125941548E+00
  79.70000  0.184513923923E+00
  79.80000  0.152814678868E+00
  79.90000  0.137493072339E+00
  80.00000  0.118553001373E+00
  80.10000  0.109092473388E+00
  80.20000  0.126281472286E+00
  80.30000  0.138548724303E+00
  80.40000  0.164151794296E+00
  80.50000  0.200475612071E+00
  80.60000  0.217059233378E+00
  80.70000  0.235700812554E+00
  80.80000  0.243193919491E+00
  80.90000  0.229242607158E+00
  81.00000  0.213622281176E+00
  81.10000  0.189244724860E+00
  81.20000  0.165343456343E+00
  81.30000  0.145683070662E+00
  81.40000  0.138890728095E+00
  81.50000  0.148300665329E+00
  81.60000  0.157503369792E+00
  81.70000  0.190552035463E+00
  81.80000  0.223264476758E+00
  81.90000  0.239714097538E+00
  82.00000  0.272091163235E+00
  82.10000  0.276119246355E+00
  82.20000  0.261948247986E+00
  82.30000  0.256503230160E+00
  82.40000  0.221451401183E+00
  82.50000  0.189663282875E+00
  82.60000  0.169928497832E+00
  82.70000  0.145863055507E+00
  82.80000  0.141279549347E+00
  82.90000  0.149054945204E+00
  83.00000  0.169795646931E+00
  83.10000  0.195218751169E+00
  83.20000  0.223126840702E+00
  83.30000  0.256772747066E+00
  83.40000  0.266363131212E+00
  83.50000  0.274200058985E+00
  83.60000  0.275195780800E+00
  83.70000  0.245564358435E+00
  83.80000  0.227776933121E+00
  83.90000  0.203895811317E+00
  84.00000  0.169677478086E+00
  84.10000  0.163169592299E+00
  84.20000  0.156173684450E+00
  84.30000  0.156942533439E+00
  84.40000  0.180414702646E+00
  84.50000  0.199284908452E+00
  84.60000  0.222561180993E+00
  84.70000  0.246432066970E+00
  84.80000  0.258914058847E+00
  84.90000  0.263583915547E+00
  85.00000  0.256422443806E+00
  85.10000  0.245046761846E+00
  85.20000  0.223136744206E+00
  85.30000  0.200071978657E+00
  85.40000  0.189676188163E+00
  85.50000  0.171989196930E+00
  85.60000  0.171103154389E+00
  85.70000  0.186601832709E+00
  85.80000  0.190864916958E+00
  85.90000  0.216643476251E+00
  86.00000  0.241562747031E+00
  86.10000  0.247911304821E+00
  86.20000  0.267960840482E+00
  86.30000  0.269732088165E+00
  86.40000  0.257659002477E+00
  86.50000  0.252678141122E+00
  86.60000  0.233163357523E+00
  86.70000  0.215414989602E+00
  86.80000  0.203141581885E+00
  86.90000  0.195147619965E+00
  87.00000  0.194564844282E+00
  87.10000  0.196443224258E+00
  87.20000  0.214408414087E+00
  87.30000  0.224991969652E+00
  87.40000  0.234387094101E+00
  87.50000  0.256469312251E+00
  87.60000  0.252724652622E+00
  87.70000  0.252336453195E+00
  87.80000  0.256313311877E+00
  87.90000  0.233754733905E+00
  88.00000  0.226485394999E+00
  88.10000  0.219284364460E+00
  88.20000  0.200750155575E+00
  88.30000  0.202379904832E+00
  88.40000  0.202191917322E+00
  88.50000  0.202954778194E+00
  88.60000  0.213234249630E+00
  88.70000  0.220598210893E+00
  88.80000  0.228466785400E+00
  88.90000  0.230376220524E+00
  89.00000  0.233346005487E+00
  89.10000  0.230100619909E+00
  89.20000  0.216779899734E+00
  89.30000  0.214264222628E+00
  89.40000  0.200501692137E+00
  89.50000  0.185815804804E+00
  89.60000  0.188602039346E+00
  89.70000  0.177058456216E+00
  89.80000  0.175576496046E+00
  89.90000  0.186943845339E+00
  90.00000  0.181920660512E+00
  90.10000  0.190643853000E+00
  90.20000  0.200117373884E+00
  90.30000  0.195409132983E+00
  90.40000  0.201292500233E+00
  90.50000  0.200064082306E+00
  90.60000  0.192620850166E+00
  90.70000  0.190048831931E+00
  90.80000  0.183181105941E+00
  90.90000  0.177864924264E+00
  91.00000  0.171667242129E+00
  91.10000  0.170645794353E+00
  91.20000  0.170807684182E+00
  91.30000  0.166350694041E+00
  91.40000  0.175042988473E+00
  91.50000  0.176037727625E+00
  91.60000  0.173712891570E+00
  91.70000  0.186361757481E+00
  91.80000  0.181819490546E+00
  91.90000  0.181037989131E+00
  92.00000  0.191158810862E+00
  92.10000  0.181765394262E+00
  92.20000  0.184371577169E+00
  92.30000  0.190625234058E+00
  92.40000  0.182988495541E+00
  92.50000  0.189820541759E+00
  92.60000  0.193700956496E+00
  92.70000  0.192211480957E+00
  92.80000  0.199420478249E+00
  92.90000  0.202162750283E+00
  93.00000  0.205318725594E+00
  93.10000  0.207751552907E+00
  93.20000  0.211497346445E+00
  93.30000  0.215403332184E+00
  93.40000  0.212716060066E+00
  93.50000  0.220964641068E+00
  93.60000  0.222670717549E+00
  93.70000  0.219266148916E+00
  93.80000  0.232714932430E+00
  93.90000  0.230022199847E+00
  94.00000  0.229724988128E+00
  94.10000  0.243724059087E+00
  94.20000  0.236176122219E+00
  94.30000  0.239852553202E+00
  94.40000  0.249265090364E+00
  94.50000  0.241025162834E+00
  94.60000  0.248141789074E+00
  94.70000  0.253052990705E+00
  94.80000  0.250504718131E+00
  94.90000  0.258559734418E+00
  95.00000  0.262104286299E+00
  95.10000  0.265765653498E+00
  95.20000  0.268741406925E+00
  95.30000  0.271934484616E+00
  95.40000  0.274609750588E+00
  95.50000  0.268026007566E+00
  95.60000  0.271412884065E+00
  95.70000  0.267646697664E+00
  95.80000  0.256605988490E+00
  95.90000  0.264251730399E+00
  96.00000  0.257277436275E+00
  96.10000  0.253215317946E+00
  96.20000  0.267674560415E+00
  96.30000  0.262372988250E+00
  96.40000  0.268527480163E+00
  96.50000  0.282411653542E+00
  96.60000  0.276213781837E+00
  96.70000  0.282259013223E+00
  96.80000  0.283668400791E+00
  96.90000  0.272076152867E+00
  97.00000  0.268057269791E+00
  97.10000  0.257337366808E+00
  97.20000  0.245456052089E+00
  97.30000  0.235460752493E+00
  97.40000  0.228488148270E+00
  97.50000  0.226806898252E+00
  97.60000  0.221599575229E+00
  97.70000  0.230664377379E+00
  97.80000  0.238053626602E+00
  97.90000  0.238146480654E+00
  98.00000  0.255654625991E+00
  98.10000  0.256524324290E+00
  98.20000  0.252285085830E+00
  98.30000  0.261005284814E+00
  98.40000  0.244943608595E+00
  98.50000  0.233445342730E+00
  98.60000  0.229178681713E+00
  98.70000  0.206384545712E+00
  98.80000  0.198064161273E+00
  98.90000  0.193033716702E+00
  99.00000  0.182425057763E+00
  99.10000  0.186174280390E+00
  99.20000  0.190148474855E+00
  99.30000  0.195606621386E+00
  99.40000  0.204291936122E+00
  99.50000  0.211837751588E+00
  99.60000  0.218736531590E+00
  99.70000  0.217335545356E+00
  99.80000  0.218486169454E+00
  99.90000  0.213902770850E+00
 100.00000  0.199784985313E+00
 100.10000  0.196719968744E+00
 100.20000  0.184892775373E+00
 100.30000  0.172254255936E+00
 100.40000  0.176919143098E+00
 100.50000  0.170297474268E+00
 100.60000  0.172404929740E+00
 100.70000  0.188292702030E+00
 100.80000  0.188880187795E+00
 100.90000  0.201618633209E+00
 101.00000  0.216150743113E+00
 101.10000  0.213844737724E+00
 101.20000  0.222024005334E+00
 101.30000  0.222007740089E+00
 101.40000  0.211548299852E+00
 101.50000  0.209055822432E+00
 101.60000  0.199398603095E+00
 101.70000  0.190657825960E+00
 101.80000  0.187176640530E+00
 101.90000  0.186433294145E+00
 102.00000  0.191372533476E+00
 102.10000  0.196791728474E+00
 102.20000  0.213414955146E+00
 102.30000  0.226746726953E+00
 102.40000  0.235828368832E+00
 102.50000  0.256829210675E+00
 102.60000  0.259503019889E+00
 102.70000  0.260039705985E+00
 102.80000  0.268755650304E+00
 102.90000  0.253110383910E+00
 103.00000  0.246680649663E+00
 103.10000  0.245500023097E+00
 103.20000  0.227765827025E+00
 103.30000  0.230903728758E+00
 103.40000  0.235992036994E+00
 103.50000  0.235853416279E+00
 103.60000  0.256011135505E+00
 103.70000  0.271201771954E+00
 103.80000  0.284868481686E+00
 103.90000  0.305327079649E+00
 104.00000  0.314894939731E+00
 104.10000  0.320404957388E+00
 104.20000  0.320043651819E+00
 104.30000  0.313522750463E+00
 104.40000  0.301999513358E+00
 104.50000  0.285287067605E+00
 104.60000  0.277478144343E+00
 104.70000  0.265039111213E+00
 104.80000  0.258453256689E+00
 104.90000  0.271110372908E+00
 105.00000  0.273333908065E+00
 105.10000  0.290257837083E+00
 105.20000  0.318942293035E+00
 105.30000  0.325946589045E+00
 105.40000  0.348834962069E+00
 105.50000  0.364607233436E+00
 105.60000  0.355278579110E+00
 105.70000  0.360719713319E+00
 105.80000  0.348133882958E+00
 105.90000  0.323423140695E+00
 106.00000  0.314072133475E+00
 106.10000  0.292806577442E+00
 106.20000  0.277645159681E+00
 106.30000  0.275498915357E+00
 106.40000  0.274258641719E+00
 106.50000  0.282885182157E+00
 106.60000  0.295346017872E+00
 106.70000  0.314271607298E+00
 106.80000  0.328493220682E+00
 106.90000  0.337837149754E+00
 107.00000  0.351340452715E+00
 107.10000  0.343984897481E+00
 107.20000  0.335184284826E+00
 107.30000  0.328910737960E+00
 107.40000  0.300267530617E+00
 107.50000  0.285484180368E+00
 107.60000  0.274128025329E+00
 107.70000  0.251001384866E+00
 107.80000  0.254272256308E+00
 107.90000  0.257116402419E+00
 108.00000  0.256965124301E+00
 108.10000  0.280367452394E+00
 108.20000  0.292072645183E+00
 108.30000  0.301931760476E+00
 108.40000  0.320916660865E+00
 108.50000  0.319513079752E+00
 108.60000  0.316315145159E+00
 108.70000  0.311001993505E+00
 108.80000  0.290570656827E+00
 108.90000  0.272365913757E+00
 109.00000  0.252682903124E+00
 109.10000  0.233952241129E+00
 109.20000  0.219860989631E+00
 109.30000  0.212100400917E+00
 109.40000  0.216007903512E+00
 109.50000  0.217954290196E+00
 109.60000  0.231984133341E+00
 109.70000  0.252038404812E+00
 109.80000  0.258339316693E+00
 109.90000  0.277888855436E+00
 110.00000  0.287826525836E+00
 110.10000  0.279883841631E+00
 110.20000  0.285778683549E+00
 110.30000  0.271905767150E+00
 110.40000  0.250298506885E+00
 110.50000  0.244539312680E+00
 110.60000  0.221340096441E+00
 110.70000  0.206563299813E+00
 110.80000  0.206999903211E+00
 110.90000  0.197823518781E+00
 111.00000  0.204903430398E+00
 111.10000  0.219618221506E+00
 111.20000  0.228362562161E+00
 111.30000  0.247730457476E+00
 111.40000  0.263473424379E+00
 111.50000  0.272370313331E+00
 111.60000  0.280889985612E+00
 111.70000  0.280648440788E+00
 111.80000  0.274828428873E+00
 111.90000  0.263273271189E+00
 112.00000  0.250063928100E+00
 112.10000  0.236297387806E+00
 112.20000  0.219599095748E+00
 112.30000  0.214973807019E+00
 112.40000  0.210919797532E+00
 112.50000  0.209112295505E+00
 112.60000  0.226879307681E+00
 112.70000  0.235955458170E+00
 112.80000  0.250093225420E+00
 112.90000  0.278212700203E+00
 113.00000  0.283899336743E+00
 113.10000  0.296990900093E+00
 113.20000  0.311366099279E+00
 113.30000  0.299031932677E+00
 113.40000  0.299542252396E+00
 113.50000  0.292878104436E+00
 113.60000  0.270445897572E+00
 113.70000  0.266824840743E+00
 113.80000  0.255979256869E+00
 113.90000  0.245458790072E+00
 114.00000  0.252708954511E+00
 114.10000  0.255764065426E+00
 114.20000  0.265659209693E+00
 114.30000  0.282756036201E+00
 114.40000  0.296489447630E+00
 114.50000  0.310725489254E+00
 114.60000  0.320328734532E+00
 114.70000  0.327395754277E+00
 114.80000  0.325461195678E+00
 114.90000  0.317481702364E+00
 115.00000  0.312201908011E+00
 115.10000  0.294561015756E+00
 115.20000  0.282189235281E+00
 115.30000  0.278858480285E+00
 115.40000  0.264880042256E+00
 115.50000  0.270180015510E+00
 115.60000  0.282125768510E+00
 115.70000  0.283988870299E+00
 115.80000  0.310140905322E+00
 115.90000  0.328447860081E+00
 116.00000  0.335859541422E+00
 116.10000  0.361858507503E+00
 116.20000  0.364137015690E+00
 116.30000  0.359651308249E+00
 116.40000  0.365107952568E+00
 116.50000  0.344258699447E+00
 116.60000  0.327797832633E+00
 116.70000  0.316740437107E+00
 116.80000  0.292068562335E+00
 116.90000  0.281390783439E+00
 117.00000  0.275357846637E+00
 117.10000  0.270712977366E+00
 117.20000  0.277499676661E+00
 117.30000  0.288014944012E+00
 117.40000  0.303995732379E+00
 117.50000  0.317577989292E+00
 117.60000  0.333776868448E+00
 117.70000  0.348304246371E+00
 117.80000  0.348311762415E+00
 117.90000  0.353877006707E+00
 118.00000  0.349155410202E+00
 118.10000  0.330817978677E+00
 118.20000  0.326050489899E+00
 118.30000  0.307619409827E+00
 118.40000  0.287956368225E+00
 118.50000  0.288234766155E+00
 118.60000  0.274248946626E+00
 118.70000  0.271967474695E+00
 118.80000  0.286090213606E+00
 118.90000  0.283543700135E+00
 119.00000  0.297842388200E+00
 119.10000  0.315252920237E+00
 119.20000  0.313910972120E+00
 119.30000  0.327376211030E+00
 119.40000  0.330664734569E+00
 119.50000  0.319717833199E+00
 119.60000  0.319774203569E+00
 119.70000  0.306329538340E+00
 119.80000  0.289814750061E+00
 119.90000  0.281466907558E+00
 120.00000  0.267037701220E+00
 120.10000  0.258357204865E+00
 120.20000  0.254639577354E+00
 120.30000  0.254836177738E+00
 120.40000  0.258736181009E+00
 120.50000  0.263735400226E+00
 120.60000  0.276941251898E+00
 120.70000  0.282544960953E+00
 120.80000  0.288294215833E+00
 120.90000  0.299888712556E+00
 121.00000  0.293525041654E+00
 121.10000  0.292578331474E+00
 121.20000  0.292789016878E+00
 121.30000  0.274139687018E+00
 121.40000  0.270443854844E+00
 121.50000  0.263484303490E+00
 121.60000  0.245384592278E+00
 121.70000  0.249273561718E+00
 121.80000  0.244730507051E+00
 121.90000  0.238266506055E+00
 122.00000  0.252352173799E+00
 122.10000  0.251713320770E+00
 122.20000  0.255032587115E+00
 122.30000  0.269546943847E+00
 122.40000  0.265401875891E+00
 122.50000  0.268115979823E+00
 122.60000  0.271696560373E+00
 122.70000  0.259712064405E+00
 122.80000  0.256002455852E+00
 122.90000  0.248603795561E+00
 123.00000  0.235325835615E+00
 123.10000  0.229599743492E+00
 123.20000  0.222483884542E+00
 123.30000  0.218325252835E+00
 123.40000  0.217449235232E+00
 123.50000  0.220598736556E+00
 123.60000  0.227142270812E+00
 123.70000  0.230614794409E+00
 123.80000  0.242321251013E+00
 123.90000  0.249411803904E+00
 124.00000  0.250097079395E+00
 124.10000  0.260516076758E+00
 124.20000  0.256708606310E+00
 124.30000  0.250281604021E+00
 124.40000  0.253239454790E+00
 124.50000  0.237714488899E+00
 124.60000  0.229153308730E+00
 124.70000  0.227846238671E+00
 124.80000  0.210385336192E+00
 124.90000  0.209471674779E+00
 125.00000  0.210721019992E+00
 125.10000  0.201057499117E+00
 125.20000  0.211627961408E+00
 125.30000  0.216413446923E+00
 125.40000  0.215400434903E+00
 125.50000  0.230898725211E+00
 125.60000  0.232966594169E+00
 125.70000  0.233952500763E+00
 125.80000  0.243936114391E+00
 125.90000  0.238211453059E+00
 126.00000  0.235842774448E+00
 126.10000  0.235977545572E+00
 126.20000  0.225615894096E+00
 126.30000  0.221284034062E+00
 126.40000  0.216737532473E+00
 126.50000  0.210304684856E+00
 126.60000  0.208268445653E+00
 126.70000  0.207182157356E+00
 126.80000  0.209547589286E+00
 126.90000  0.210334158257E+00
 127.00000  0.215425649847E+00
 127.10000  0.222388776428E+00
 127.20000  0.221718364122E+00
 127.30000  0.229404825898E+00
 127.40000  0.232252435458E+00
 127.50000  0.226384455037E+00
 127.60000  0.232438795645E+00
 127.70000  0.226653915113E+00
 127.80000  0.217770342994E+00
 127.90000  0.222249172465E+00
 128.00000  0.210848483551E+00
 128.10000  0.205643620005E+00
 128.20000  0.211370599300E+00
 128.30000  0.200660989248E+00
 128.40000  0.204016410948E+00
 128.50000  0.211319325752E+00
 128.60000  0.204321366553E+00
 128.70000  0.214549940251E+00
 128.80000  0.219595949879E+00
 128.90000  0.214745503567E+00
 129.00000  0.225137767405E+00
 129.10000  0.223579754666E+00
 129.20000  0.218597013465E+00
 129.30000  0.223888078414E+00
 129.40000  0.216238518113E+00
 129.50000  0.211435566718E+00
 129.60000  0.211677429670E+00
 129.70000  0.203860671235E+00
 129.80000  0.201672874806E+00
 129.90000  0.200836570122E+00
 130.00000  0.198703618637E+00
 130.10000  0.199751247734E+00
 130.20000  0.201298017809E+00
 130.30000  0.205566647526E+00
 130.40000  0.206830932468E+00
 130.50000  0.210736759350E+00
 130.60000  0.216553313453E+00
 130.70000  0.213883938092E+00
 130.80000  0.218190471297E+00
 130.90000  0.219693106900E+00
 131.00000  0.211788421942E+00
 131.10000  0.215538629333E+00
 131.20000  0.210559682548E+00
 131.30000  0.200822772339E+00
 131.40000  0.205268369559E+00
 131.50000  0.196089055667E+00
 131.60000  0.190152225941E+00
 131.70000  0.196796483722E+00
 131.80000  0.187340823811E+00
 131.90000  0.188962253472E+00
 132.00000  0.197049983778E+00
 132.10000  0.189504624810E+00
 132.20000  0.197754222535E+00
 132.30000  0.203936991736E+00
 132.40000  0.198202632829E+00
 132.50000  0.208570430441E+00
 132.60000  0.209243738207E+00
 132.70000  0.204192003929E+00
 132.80000  0.211881679146E+00
 132.90000  0.206542212828E+00
 133.00000  0.202050436944E+00
 133.10000  0.204916659672E+00
 133.20000  0.196700972248E+00
 133.30000  0.193704747567E+00
 133.40000  0.193196877151E+00
 133.50000  0.187093912677E+00
 133.60000  0.186270113243E+00
 133.70000  0.185425390364E+00
 133.80000  0.184593649882E+00
 133.90000  0.185213957437E+00
 134.00000  0.186541213536E+00
 134.10000  0.190194492839E+00
 134.20000  0.189958225012E+00
 134.30000  0.193837327537E+00
 134.40000  0.197954306157E+00
 134.50000  0.194827171865E+00
 134.60000  0.200148613516E+00
 134.70000  0.200332610523E+00
 134.80000  0.194275325248E+00
 134.90000  0.199851929566E+00
 135.00000  0.194329955372E+00
 135.10000  0.188021148525E+00
 135.20000  0.193517618119E+00
 135.30000  0.183773374903E+00
 135.40000  0.180914915686E+00
 135.50000  0.186194258708E+00
 135.60000  0.175351480629E+00
 135.70000  0.178178912987E+00
 135.80000  0.182263617006E+00
 135.90000  0.172795976546E+00
 136.00000  0.180356875710E+00
 136.10000  0.181335817000E+00
 136.20000  0.174316124091E+00
 136.30000  0.183483412136E+00
 136.40000  0.180200097653E+00
 136.50000  0.175873547518E+00
 136.60000  0.183470717535E+00
 136.70000  0.177019496952E+00
 136.80000  0.175766767964E+00
 136.90000  0.180636641881E+00
 137.00000  0.174076900629E+00
 137.10000  0.175812413237E+00
 137.20000  0.178380380058E+00
 137.30000  0.174435688635E+00
 137.40000  0.177860426795E+00
 137.50000  0.178900830492E+00
 137.60000  0.177720035164E+00
 137.70000  0.179945212957E+00
 137.80000  0.179522885474E+00
 137.90000  0.178938146431E+00
 138.00000  0.177506704753E+00
 138.10000  0.175978081539E+00
 138.20000  0.173713943786E+00
 138.30000  0.168645019200E+00
 138.40000  0.167773652816E+00
 138.50000  0.163658501575E+00
 138.60000  0.158359308796E+00
 138.70000  0.160927447025E+00
 138.80000  0.156389254413E+00
 138.90000  0.155231510495E+00
 139.00000  0.162343807557E+00
 139.10000  0.158340611278E+00
 139.20000  0.163432117754E+00
 139.30000  0.172368515883E+00
 139.40000  0.167914266610E+00
 139.50000  0.177256297785E+00
 139.60000  0.182403676182E+00
 139.70000  0.175843502169E+00
 139.80000  0.185232724925E+00
 139.90000  0.182341993728E+00
 140.00000  0.173950367244E+00
 140.10000  0.180483011577E+00
 140.20000  0.170269215226E+00
 140.30000  0.163344457701E+00
 140.40000  0.167519398522E+00
 140.50000  0.155356802275E+00
 140.60000  0.154140823468E+00
 140.70000  0.158180638881E+00
 140.80000  0.149599851905E+00
 140.90000  0.155490051661E+00
 141.00000  0.159980896845E+00
 141.10000  0.156547640025E+00
 141.20000  0.166376551207E+00
 141.30000  0.168987177455E+00
 141.40000  0.168043322766E+00
 141.50000  0.176075119093E+00
 141.60000  0.173998947121E+00
 141.70000  0.172254363334E+00
 141.80000  0.174705701370E+00
 141.90000  0.168409809661E+00
 142.00000  0.165221294923E+00
 142.10000  0.162940091437E+00
 142.20000  0.156684738467E+00
 142.30000  0.153956256451E+00
 142.40000  0.151400887613E+00
 142.50000  0.149946995478E+00
 142.60000  0.149361636638E+00
 142.70000  0.150540964642E+00
 142.80000  0.154627776811E+00
 142.90000  0.155227337276E+00
 143.00000  0.160599988951E+00
 143.10000  0.166189853993E+00
 143.20000  0.165270807318E+00
 143.30000  0.172215547647E+00
 143.40000  0.173807693851E+00
 143.50000  0.169745779803E+00
 143.60000  0.175693076668E+00
 143.70000  0.170973191199E+00
 143.80000  0.165762975041E+00
 143.90000  0.170746620934E+00
 144.00000  0.161832186147E+00
 144.10000  0.159782551703E+00
 144.20000  0.165072807876E+00
 144.30000  0.155747597163E+00
 144.40000  0.160005510868E+00
 144.50000  0.165297054811E+00
 144.60000  0.157634705246E+00
 144.70000  0.167171393110E+00
 144.80000  0.169227284633E+00
 144.90000  0.162748915910E+00
 145.00000  0.173213050654E+00
 145.10000  0.168861123562E+00
 145.20000  0.163075510589E+00
 145.30000  0.170582016665E+00
 145.40000  0.160277207488E+00
 145.50000  0.156521178580E+00
 145.60000  0.160509355770E+00
 145.70000  0.149010078147E+00
 145.80000  0.150055257290E+00
 145.90000  0.152885084790E+00
 146.00000  0.145626451414E+00
 146.10000  0.152563214909E+00
 146.20000  0.155890478393E+00
 146.30000  0.154551797924E+00
 146.40000  0.164729316399E+00
 146.50000  0.167296025781E+00
 146.60000  0.168952149123E+00
 146.70000  0.177030444799E+00
 146.80000  0.175930395776E+00
 146.90000  0.176185372600E+00
 147.00000  0.178098727167E+00
 147.10000  0.172727428324E+00
 147.20000  0.169890117243E+00
 147.30000  0.166337898470E+00
 147.40000  0.160160945030E+00
 147.50000  0.156111542392E+00
 147.60000  0.152074147007E+00
 147.70000  0.149910491142E+00
 147.80000  0.147395901852E+00
 147.90000  0.147851524663E+00
 148.00000  0.150979469886E+00
 148.10000  0.150305588446E+00
 148.20000  0.156028063968E+00
 148.30000  0.160528271540E+00
 148.40000  0.159401878179E+00
 148.50000  0.166874720423E+00
 148.60000  0.166846697495E+00
 148.70000  0.163004503033E+00
 148.80000  0.168079600340E+00
 148.90000  0.160780212935E+00
 149.00000  0.155183604622E+00
 149.10000  0.157130759807E+00
 149.20000  0.145240731334E+00
 149.30000  0.142207441952E+00
 149.40000  0.143497050069E+00
 149.50000  0.132467837413E+00
 149.60000  0.136508222679E+00
 149.70000  0.139295270305E+00
 149.80000  0.133100090082E+00
 149.90000  0.144949548036E+00
 150.00000  0.147669998149E+00
 150.10000  0.146091790588E+00
 150.20000  0.161082167586E+00
 150.30000  0.159192739948E+00
 150.40000  0.159354120909E+00
 150.50000  0.170732775234E+00
 150.60000  0.161445799562E+00
 150.70000  0.161384865433E+00
 150.80000  0.165257066744E+00
 150.90000  0.150780566207E+00
 151.00000  0.151303864439E+00
 151.10000  0.149022956379E+00
 151.20000  0.135509660427E+00
 151.30000  0.139169272409E+00
 151.40000  0.135183423772E+00
 151.50000  0.128038301665E+00
 151.60000  0.135921083861E+00
 151.70000  0.133160798840E+00
 151.80000  0.133244205169E+00
 151.90000  0.143027505676E+00
 152.00000  0.140770793984E+00
 152.10000  0.144611821094E+00
 152.20000  0.151626255123E+00
 152.30000  0.147304256718E+00
 152.40000  0.150382494653E+00
 152.50000  0.151193732949E+00
 152.60000  0.144190417969E+00
 152.70000  0.144510262635E+00
 152.80000  0.140085656174E+00
 152.90000  0.133192284177E+00
 153.00000  0.132081756185E+00
 153.10000  0.127279612654E+00
 153.20000  0.124265660457E+00
 153.30000  0.124396086258E+00
 153.40000  0.124066540365E+00
 153.50000  0.125966489885E+00
 153.60000  0.128488782965E+00
 153.70000  0.133396861246E+00
 153.80000  0.137123767810E+00
 153.90000  0.140552700661E+00
 154.00000  0.147099503856E+00
 154.10000  0.147969738204E+00
 154.20000  0.149893024099E+00
 154.30000  0.153594853672E+00
 154.40000  0.149006326796E+00
 154.50000  0.148615789632E+00
 154.60000  0.147612212659E+00
 154.70000  0.138841953796E+00
 154.80000  0.138160495129E+00
 154.90000  0.133964330269E+00
 155.00000  0.125153948037E+00
 155.10000  0.127443245416E+00
 155.20000  0.122428130272E+00
 155.30000  0.117462111041E+00
 155.40000  0.123858243165E+00
 155.50000  0.118578161084E+00
 155.60000  0.118761512904E+00
 155.70000  0.126827014907E+00
 155.80000  0.120156816650E+00
 155.90000  0.124303292621E+00
 156.00000  0.129799759644E+00
 156.10000  0.121048386360E+00
 156.20000  0.127216193632E+00
 156.30000  0.127343600498E+00
 156.40000  0.117954710948E+00
 156.50000  0.125208248009E+00
 156.60000  0.120376537946E+00
 156.70000  0.113593205794E+00
 156.80000  0.122166243915E+00
 156.90000  0.114931724541E+00
 157.00000  0.113859065393E+00
 157.10000  0.123676416663E+00
 157.20000  0.116318018940E+00
 157.30000  0.121823250164E+00
 157.40000  0.130798476471E+00
 157.50000  0.123706608185E+00
 157.60000  0.133453803928E+00
 157.70000  0.137639642615E+00
 157.80000  0.129996009339E+00
 157.90000  0.139848869829E+00
 158.00000  0.136363573089E+00
 158.10000  0.128397272030E+00
 158.20000  0.135363751680E+00
 158.30000  0.125263269511E+00
 158.40000  0.119124801728E+00
 158.50000  0.122927096241E+00
 158.60000  0.110653130651E+00
 158.70000  0.108912699667E+00
 158.80000  0.111082817339E+00
 158.90000  0.101297919650E+00
 159.00000  0.104997244894E+00
 159.10000  0.106822822904E+00
 159.20000  0.101662340196E+00
 159.30000  0.109457596516E+00
 159.40000  0.110526271340E+00
 159.50000  0.109127164456E+00
 159.60000  0.117776757478E+00
 159.70000  0.116384526605E+00
 159.80000  0.116471528269E+00
 159.90000  0.122448550501E+00
 160.00000  0.117615472511E+00
 160.10000  0.117533801695E+00
 160.20000  0.119106125987E+00
 160.30000  0.112264502688E+00
 160.40000  0.111973680350E+00
 160.50000  0.110343095779E+00
 160.60000  0.104760837922E+00
 160.70000  0.105232892951E+00
 160.80000  0.103421636912E+00
 160.90000  0.101570518950E+00
 161.00000  0.103322380851E+00
 161.10000  0.103577967940E+00
 161.20000  0.105091747653E+00
 161.30000  0.107396249696E+00
 161.40000  0.109601924170E+00
 161.50000  0.111804827609E+00
 161.60000  0.113180948609E+00
 161.70000  0.115495605696E+00
 161.80000  0.115558696672E+00
 161.90000  0.114926729461E+00
 162.00000  0.115678388062E+00
 162.10000  0.112439315310E+00
 162.20000  0.110203837896E+00
 162.30000  0.109283088268E+00
 162.40000  0.103718561580E+00
 162.50000  0.101924081823E+00
 162.60000  0.100442650199E+00
 162.70000  0.947383281909E-01
 162.80000  0.957137788743E-01
 162.90000  0.944191833770E-01
 163.00000  0.905162116382E-01
 163.10000  0.950452171148E-01
 163.20000  0.934571328459E-01
 163.30000  0.922804663553E-01
 163.40000  0.990617315005E-01
 163.50000  0.961318206817E-01
 163.60000  0.976823902175E-01
 163.70000  0.104254909583E+00
 163.80000  0.993756975910E-01
 163.90000  0.103165503202E+00
 164.00000  0.107217558429E+00
 164.10000  0.100745267347E+00
 164.20000  0.106400999495E+00
 164.30000  0.106719625565E+00
 164.40000  0.100192592218E+00
 164.50000  0.107791464479E+00
 164.60000  0.104412822366E+00
 164.70000  0.100170159923E+00
 164.80000  0.109456013197E+00
 164.90000  0.102926080457E+00
 165.00000  0.102778752804E+00
 165.10000  0.111882739098E+00
 165.20000  0.102660301119E+00
 165.30000  0.106735008603E+00
 165.40000  0.112480659501E+00
 165.50000  0.101446004687E+00
 165.60000  0.108480683057E+00
 165.70000  0.108497119564E+00
 165.80000  0.976369596475E-01
 165.90000  0.106115326642E+00
 166.00000  0.100384945905E+00
 166.10000  0.923154176635E-01
 166.20000  0.101093310352E+00
 166.30000  0.914966986963E-01
 166.40000  0.883487596002E-01
 166.50000  0.965437457825E-01
 166.60000  0.854887189674E-01
 166.70000  0.882879958897E-01
 166.80000  0.948304948976E-01
 166.90000  0.843032687946E-01
 167.00000  0.926790729339E-01
 167.10000  0.959013394755E-01
 167.20000  0.871475218525E-01
 167.30000  0.990586003461E-01
 167.40000  0.970576282503E-01
 167.50000  0.907950254660E-01
 167.60000  0.103018255902E+00
 167.70000  0.950721470050E-01
 167.80000  0.920000865512E-01
 167.90000  0.101606062842E+00
 168.00000  0.892924525301E-01
 168.10000  0.902277777430E-01
 168.20000  0.957644023610E-01
 168.30000  0.823657333450E-01
 168.40000  0.877852899534E-01
 168.50000  0.891999569084E-01
 168.60000  0.780499799569E-01
 168.70000  0.876023056117E-01
 168.80000  0.854054921058E-01
 168.90000  0.787297162612E-01
 169.00000  0.909799889436E-01
 169.10000  0.855552675174E-01
 169.20000  0.841468828026E-01
 169.30000  0.964709229191E-01
 169.40000  0.880237061130E-01
 169.50000  0.913610271296E-01
 169.60000  0.100468219668E+00
 169.70000  0.896788613222E-01
 169.80000  0.964519916506E-01
 169.90000  0.998453310221E-01
 170.00000  0.885547570927E-01
 170.10000  0.974120590042E-01
 170.20000  0.947038849050E-01
 170.30000  0.856414014607E-01
 170.40000  0.955348808981E-01
 170.50000  0.883515359102E-01
 170.60000  0.839871775333E-01
 170.70000  0.939597648775E-01
 170.80000  0.847617335499E-01
 170.90000  0.863346187615E-01
 171.00000  0.951675764899E-01
 171.10000  0.861328546277E-01
 171.20000  0.932613409668E-01
 171.30000  0.992708997886E-01
 171.40000  0.916769125380E-01
 171.50000  0.102267339280E+00
 171.60000  0.103525201223E+00
 171.70000  0.976549638307E-01
 171.80000  0.108415241780E+00
 171.90000  0.103739957901E+00
 172.00000  0.994616490723E-01
 172.10000  0.107392272224E+00
 172.20000  0.975655058645E-01
 172.30000  0.951660805888E-01
 172.40000  0.990217980002E-01
 172.50000  0.868391697693E-01
 172.60000  0.871525172075E-01
 172.70000  0.874569292446E-01
 172.80000  0.763011401864E-01
 172.90000  0.799812960644E-01
 173.00000  0.778624388462E-01
 173.10000  0.702014067913E-01
 173.20000  0.770041193588E-01
 173.30000  0.733017927599E-01
 173.40000  0.702200472018E-01
 173.50000  0.788288389161E-01
 173.60000  0.739918293399E-01
 173.70000  0.753424400222E-01
 173.80000  0.835768494974E-01
 173.90000  0.778280956591E-01
 174.00000  0.824611740758E-01
 174.10000  0.878699533655E-01
 174.20000  0.814657900801E-01
 174.30000  0.878101551804E-01
 174.40000  0.887227980550E-01
 174.50000  0.824351671478E-01
 174.60000  0.893408976729E-01
 174.70000  0.857229563468E-01
 174.80000  0.810651332282E-01
 174.90000  0.879959642974E-01
 175.00000  0.813538015255E-01
 175.10000  0.800069900413E-01
 175.20000  0.864433371217E-01
 175.30000  0.790671006429E-01
 175.40000  0.819040825817E-01
 175.50000  0.870195488608E-01
 175.60000  0.811859954262E-01
 175.70000  0.876485452837E-01
 175.80000  0.906681656598E-01
 175.90000  0.876890156586E-01
 176.00000  0.957837201939E-01
 176.10000  0.962143562353E-01
 176.20000  0.955612418155E-01
 176.30000  0.102629041585E+00
 176.40000  0.100127011910E+00
 176.50000  0.100004280462E+00
 176.60000  0.104209553428E+00
 176.70000  0.988275926552E-01
 176.80000  0.984020834633E-01
 176.90000  0.997030046756E-01
 177.00000  0.924825485622E-01
 177.10000  0.932705973523E-01
 177.20000  0.925515429670E-01
 177.30000  0.855138160034E-01
 177.40000  0.898786031218E-01
 177.50000  0.873212719429E-01
 177.60000  0.826801306315E-01
 177.70000  0.910360984411E-01
 177.80000  0.860642657181E-01
 177.90000  0.852166470773E-01
 178.00000  0.949529512966E-01
 178.10000  0.875721116540E-01
 178.20000  0.901166706575E-01
 178.30000  0.969599124836E-01
 178.40000  0.882102036276E-01
 178.50000  0.916968517319E-01
 178.60000  0.922335493950E-01
 178.70000  0.833775009196E-01
 178.80000  0.849879824191E-01
 178.90000  0.788352683338E-01
 179.00000  0.708867019929E-01
 179.10000  0.701021266322E-01
 179.20000  0.601801287724E-01
 179.30000  0.539526390616E-01
 179.40000  0.531200423122E-01
 179.50000  0.436110564924E-01
 179.60000  0.392206846169E-01
 179.70000  0.416782651240E-01
 179.80000  0.369645533465E-01
 179.90000  0.328094574883E-01
 180.00000  0.852520348574E-01

