    0.1000      0.415268002854E+07
    0.2000      0.255125198727E+07
    0.3000      0.115859678332E+07
    0.4000      0.438183707433E+06
    0.5000      0.197400899176E+06
    0.6000      0.137918007657E+06
    0.7000      0.112631702645E+06
    0.8000      0.803098311034E+05
    0.9000      0.436995836992E+05
    1.0000      0.193365064869E+05
    1.1000      0.134749923862E+05
    1.2000      0.173286767353E+05
    1.3000      0.201394957841E+05
    1.4000      0.177698482222E+05
    1.5000      0.115733106800E+05
    1.6000      0.536099879014E+04
    1.7000      0.242554638498E+04
    1.8000      0.334513007219E+04
    1.9000      0.609539239557E+04
    2.0000      0.796615762848E+04
    2.1000      0.759890946074E+04
    2.2000      0.556604338824E+04
    2.3000      0.337265645845E+04
    2.4000      0.212877826376E+04
    2.5000      0.212644322404E+04
    2.6000      0.303623554445E+04
    2.7000      0.407292685919E+04
    2.8000      0.449099668272E+04
    2.9000      0.416752472127E+04
    3.0000      0.348352966820E+04
    3.1000      0.278529889504E+04
    3.2000      0.223534107241E+04
    3.3000      0.195113124885E+04
    3.4000      0.191202313516E+04
    3.5000      0.191853969617E+04
    3.6000      0.184169545880E+04
    3.7000      0.171955556040E+04
    3.8000      0.158371784864E+04
    3.9000      0.139791496229E+04
    4.0000      0.117891727495E+04
    4.1000      0.988550006177E+03
    4.2000      0.828802633610E+03
    4.3000      0.687737640933E+03
    4.4000      0.607853676182E+03
    4.5000      0.617715589214E+03
    4.6000      0.671107643343E+03
    4.7000      0.712268689154E+03
    4.8000      0.731282781880E+03
    4.9000      0.719931121289E+03
    5.0000      0.661050357909E+03
    5.1000      0.576794137492E+03
    5.2000      0.520646304643E+03
    5.3000      0.518206279673E+03
    5.4000      0.556925559723E+03
    5.5000      0.626964667216E+03
    5.6000      0.720822677427E+03
    5.7000      0.804965389470E+03
    5.8000      0.837578877930E+03
    5.9000      0.807982668301E+03
    6.0000      0.737343120788E+03
    6.1000      0.649615750616E+03
    6.2000      0.568247688354E+03
    6.3000      0.527059784581E+03
    6.4000      0.549408380081E+03
    6.5000      0.621506723908E+03
    6.6000      0.704011067377E+03
    6.7000      0.766360400444E+03
    6.8000      0.793935535150E+03
    6.9000      0.774905996532E+03
    7.0000      0.708814949038E+03
    7.1000      0.619232349819E+03
    7.2000      0.537314543556E+03
    7.3000      0.476662963943E+03
    7.4000      0.437618338331E+03
    7.5000      0.423960284746E+03
    7.6000      0.434122858827E+03
    7.7000      0.449983761973E+03
    7.8000      0.452554692584E+03
    7.9000      0.439310656915E+03
    8.0000      0.414995331657E+03
    8.1000      0.378466709456E+03
    8.2000      0.332815933934E+03
    8.3000      0.292041752693E+03
    8.4000      0.265031249033E+03
    8.5000      0.246475466043E+03
    8.6000      0.230880438281E+03
    8.7000      0.222307382910E+03
    8.8000      0.222394384881E+03
    8.9000      0.224147499924E+03
    9.0000      0.223822406476E+03
    9.1000      0.224323281120E+03
    9.2000      0.224108137638E+03
    9.3000      0.215594958143E+03
    9.4000      0.198246953951E+03
    9.5000      0.180827295695E+03
    9.6000      0.168558270651E+03
    9.7000      0.160058567697E+03
    9.8000      0.155770333248E+03
    9.9000      0.158595881716E+03
   10.0000      0.166076637215E+03
   10.1000      0.171654790520E+03
   10.2000      0.173867075286E+03
   10.3000      0.175417199917E+03
   10.4000      0.175745574845E+03
   10.5000      0.172073656471E+03
   10.6000      0.165748350609E+03
   10.7000      0.160965201980E+03
   10.8000      0.158390389060E+03
   10.9000      0.156230516821E+03
   11.0000      0.154746064598E+03
   11.1000      0.154742331630E+03
   11.2000      0.154370732441E+03
   11.3000      0.151475708770E+03
   11.4000      0.147615441813E+03
   11.5000      0.145854270353E+03
   11.6000      0.146871528147E+03
   11.7000      0.150019215253E+03
   11.8000      0.155385838681E+03
   11.9000      0.162678707268E+03
   12.0000      0.169658978331E+03
   12.1000      0.174147152860E+03
   12.2000      0.176086936891E+03
   12.3000      0.176092095920E+03
   12.4000      0.174141782743E+03
   12.5000      0.170527574303E+03
   12.6000      0.166799299919E+03
   12.7000      0.164498574007E+03
   12.8000      0.163822572244E+03
   12.9000      0.164404797305E+03
   13.0000      0.165927426505E+03
   13.1000      0.167762789375E+03
   13.2000      0.168833765450E+03
   13.3000      0.168395088488E+03
   13.4000      0.166711162337E+03
   13.5000      0.164406892973E+03
   13.6000      0.161876446150E+03
   13.7000      0.159275138426E+03
   13.8000      0.156750829976E+03
   13.9000      0.154532374380E+03
   14.0000      0.152532291151E+03
   14.1000      0.150302058957E+03
   14.2000      0.147327636045E+03
   14.3000      0.143442897555E+03
   14.4000      0.138849854523E+03
   14.5000      0.133687974104E+03
   14.6000      0.128263406236E+03
   14.7000      0.123324623539E+03
   14.8000      0.119596573418E+03
   14.9000      0.117045034523E+03
   15.0000      0.115079888852E+03
   15.1000      0.113591021682E+03
   15.2000      0.112756752964E+03
   15.3000      0.112101500357E+03
   15.4000      0.110680774106E+03
   15.5000      0.108168258976E+03
   15.6000      0.105052580514E+03
   15.7000      0.101616415612E+03
   15.8000      0.978940361788E+02
   15.9000      0.944683808602E+02
   16.0000      0.921371633352E+02
   16.1000      0.908502115699E+02
   16.2000      0.898092538226E+02
   16.3000      0.887808339137E+02
   16.4000      0.881561469164E+02
   16.5000      0.877934107575E+02
   16.6000      0.870204860269E+02
   16.7000      0.856568116495E+02
   16.8000      0.841636552025E+02
   16.9000      0.826633408687E+02
   17.0000      0.808604768652E+02
   17.1000      0.789070802278E+02
   17.2000      0.771851102910E+02
   17.3000      0.754196042954E+02
   17.4000      0.728462275936E+02
   17.5000      0.693015070418E+02
   17.6000      0.652891009447E+02
   17.7000      0.610532929440E+02
   17.8000      0.566588368633E+02
   17.9000      0.526690155894E+02
   18.0000      0.498569424998E+02
   18.1000      0.483053653103E+02
   18.2000      0.475729123699E+02
   18.3000      0.476402517490E+02
   18.4000      0.486436165293E+02
   18.5000      0.499730509712E+02
   18.6000      0.505397463990E+02
   18.7000      0.498469423064E+02
   18.8000      0.481138209553E+02
   18.9000      0.454625884300E+02
   19.0000      0.419931200919E+02
   19.1000      0.384274940105E+02
   19.2000      0.357497712351E+02
   19.3000      0.342660339073E+02
   19.4000      0.336521026188E+02
   19.5000      0.338897591185E+02
   19.6000      0.352244561434E+02
   19.7000      0.372634768127E+02
   19.8000      0.389831903519E+02
   19.9000      0.396660437044E+02
   20.0000      0.393185546876E+02
   20.1000      0.380997179276E+02
   20.2000      0.360866349377E+02
   20.3000      0.337050731031E+02
   20.4000      0.316947495939E+02
   20.5000      0.305320527372E+02
   20.6000      0.302009064504E+02
   20.7000      0.306267278404E+02
   20.8000      0.318385671566E+02
   20.9000      0.335554327396E+02
   21.0000      0.351154505029E+02
   21.1000      0.359110278011E+02
   21.2000      0.357291459954E+02
   21.3000      0.346126421298E+02
   21.4000      0.326829304455E+02
   21.5000      0.302483033382E+02
   21.6000      0.277660740087E+02
   21.7000      0.256522221172E+02
   21.8000      0.241622418095E+02
   21.9000      0.233970619044E+02
   22.0000      0.232868570742E+02
   22.1000      0.235189237577E+02
   22.2000      0.237058762559E+02
   22.3000      0.235684216367E+02
   22.4000      0.229156066235E+02
   22.5000      0.216091780784E+02
   22.6000      0.196601498016E+02
   22.7000      0.173616730084E+02
   22.8000      0.151278809343E+02
   22.9000      0.132755252548E+02
   23.0000      0.120288795182E+02
   23.1000      0.115448814923E+02
   23.2000      0.118348237169E+02
   23.3000      0.126708231201E+02
   23.4000      0.137327579126E+02
   23.5000      0.147878703570E+02
   23.6000      0.156386464197E+02
   23.7000      0.160791479310E+02
   23.8000      0.159849361719E+02
   23.9000      0.154424207122E+02
   24.0000      0.146767278655E+02
   24.1000      0.138812538138E+02
   24.2000      0.132046674863E+02
   24.3000      0.127551103519E+02
   24.4000      0.125759452298E+02
   24.5000      0.126193807567E+02
   24.6000      0.127773070136E+02
   24.7000      0.129289170359E+02
   24.8000      0.129236466280E+02
   24.9000      0.126678148528E+02
   25.0000      0.122077235656E+02
   25.1000      0.116594902157E+02
   25.2000      0.110869761430E+02
   25.3000      0.105067837412E+02
   25.4000      0.100331247383E+02
   25.5000      0.982377294496E+01
   25.6000      0.988593990281E+01
   25.7000      0.100720628487E+02
   25.8000      0.102461610184E+02
   25.9000      0.103658829185E+02
   26.0000      0.103572830969E+02
   26.1000      0.101125607508E+02
   26.2000      0.965680809136E+01
   26.3000      0.914458576636E+01
   26.4000      0.867830918598E+01
   26.5000      0.823409535361E+01
   26.6000      0.785726186664E+01
   26.7000      0.774656668404E+01
   26.8000      0.801882682455E+01
   26.9000      0.854638795133E+01
   27.0000      0.910527516883E+01
   27.1000      0.962309105014E+01
   27.2000      0.101396986797E+02
   27.3000      0.106086843790E+02
   27.4000      0.109106401008E+02
   27.5000      0.109987956058E+02
   27.6000      0.109476542909E+02
   27.7000      0.108333707464E+02
   27.8000      0.106717978394E+02
   27.9000      0.104951547142E+02
   28.0000      0.103624277997E+02
   28.1000      0.102929528069E+02
   28.2000      0.102238757976E+02
   28.3000      0.100953279110E+02
   28.4000      0.994297926661E+01
   28.5000      0.983151766486E+01
   28.6000      0.975765309796E+01
   28.7000      0.965221020274E+01
   28.8000      0.950434492556E+01
   28.9000      0.941301430789E+01
   29.0000      0.945343794962E+01
   29.1000      0.956868053837E+01
   29.2000      0.962276836176E+01
   29.3000      0.955789831001E+01
   29.4000      0.941314115878E+01
   29.5000      0.918849156678E+01
   29.6000      0.881096619356E+01
   29.7000      0.823514154305E+01
   29.8000      0.752873040897E+01
   29.9000      0.680090636914E+01
   30.0000      0.611017739191E+01
   30.1000      0.550931975934E+01
   30.2000      0.508177171251E+01
   30.3000      0.488501717440E+01
   30.4000      0.487737506079E+01
   30.5000      0.497474897901E+01
   30.6000      0.515809100402E+01
   30.7000      0.542785790248E+01
   30.8000      0.571046678823E+01
   30.9000      0.587810931854E+01
   31.0000      0.587809248768E+01
   31.1000      0.577723571560E+01
   31.2000      0.564660729695E+01
   31.3000      0.549386161685E+01
   31.4000      0.530725684041E+01
   31.5000      0.512248533606E+01
   31.6000      0.500091112468E+01
   31.7000      0.495506432682E+01
   31.8000      0.495303907775E+01
   31.9000      0.495563986683E+01
   32.0000      0.494256775955E+01
   32.1000      0.490624710921E+01
   32.2000      0.483702180607E+01
   32.3000      0.473892521559E+01
   32.4000      0.462713333226E+01
   32.5000      0.452837629067E+01
   32.6000      0.447184891165E+01
   32.7000      0.447220656881E+01
   32.8000      0.453267781114E+01
   32.9000      0.463948251310E+01
   33.0000      0.476898263277E+01
   33.1000      0.488389782113E+01
   33.2000      0.493790386105E+01
   33.3000      0.490600159633E+01
   33.4000      0.478639403171E+01
   33.5000      0.458947179428E+01
   33.6000      0.432176569212E+01
   33.7000      0.400495828798E+01
   33.8000      0.370322481487E+01
   33.9000      0.348721426875E+01
   34.0000      0.338766851828E+01
   34.1000      0.338517972272E+01
   34.2000      0.345937982229E+01
   34.3000      0.361945423381E+01
   34.4000      0.385705838300E+01
   34.5000      0.411240014991E+01
   34.6000      0.430008557791E+01
   34.7000      0.437961095100E+01
   34.8000      0.437005590584E+01
   34.9000      0.429070583898E+01
   35.0000      0.413716035335E+01
   35.1000      0.390978657000E+01
   35.2000      0.365238276872E+01
   35.3000      0.342688200590E+01
   35.4000      0.326211701223E+01
   35.5000      0.316372852539E+01
   35.6000      0.313965562669E+01
   35.7000      0.319852751312E+01
   35.8000      0.331704299124E+01
   35.9000      0.344886905927E+01
   36.0000      0.357953837082E+01
   36.1000      0.372108138108E+01
   36.2000      0.386138925757E+01
   36.3000      0.394666624665E+01
   36.4000      0.394460968653E+01
   36.5000      0.389423983902E+01
   36.6000      0.384467894193E+01
   36.7000      0.378796839182E+01
   36.8000      0.367941997298E+01
   36.9000      0.351665367545E+01
   37.0000      0.335026315839E+01
   37.1000      0.320853398895E+01
   37.2000      0.307428259535E+01
   37.3000      0.292975533258E+01
   37.4000      0.279351624280E+01
   37.5000      0.269108587422E+01
   37.6000      0.261859156653E+01
   37.7000      0.257302127475E+01
   37.8000      0.257262810884E+01
   37.9000      0.263071009251E+01
   38.0000      0.272476314062E+01
   38.1000      0.282132317113E+01
   38.2000      0.292625015849E+01
   38.3000      0.306105298258E+01
   38.4000      0.321272168219E+01
   38.5000      0.333503987566E+01
   38.6000      0.340190508853E+01
   38.7000      0.343282451084E+01
   38.8000      0.344470518568E+01
   38.9000      0.342471676270E+01
   39.0000      0.335520172434E+01
   39.1000      0.324370730085E+01
   39.2000      0.311236076345E+01
   39.3000      0.296611570833E+01
   39.4000      0.280760014497E+01
   39.5000      0.265598476882E+01
   39.6000      0.253376249227E+01
   39.7000      0.244444934473E+01
   39.8000      0.237843608931E+01
   39.9000      0.234791730904E+01
   40.0000      0.237754760021E+01
   40.1000      0.246954515911E+01
   40.2000      0.259958858054E+01
   40.3000      0.274543678737E+01
   40.4000      0.290776968427E+01
   40.5000      0.308248123956E+01
   40.6000      0.324604150357E+01
   40.7000      0.337635277297E+01
   40.8000      0.346708965778E+01
   40.9000      0.351648215702E+01
   41.0000      0.350831942184E+01
   41.1000      0.343525759628E+01
   41.2000      0.331893585677E+01
   41.3000      0.318448958240E+01
   41.4000      0.303172975562E+01
   41.5000      0.284549752432E+01
   41.6000      0.264030446875E+01
   41.7000      0.245670437412E+01
   41.8000      0.231444778857E+01
   41.9000      0.220045186090E+01
   42.0000      0.210147467204E+01
   42.1000      0.203432288010E+01
   42.2000      0.201939865625E+01
   42.3000      0.205192119795E+01
   42.4000      0.211874104323E+01
   42.5000      0.221844701831E+01
   42.6000      0.235388765604E+01
   42.7000      0.250720951334E+01
   42.8000      0.265419336311E+01
   42.9000      0.279369753368E+01
   43.0000      0.293205419360E+01
   43.1000      0.305142656048E+01
   43.2000      0.311168258289E+01
   43.3000      0.309776425614E+01
   43.4000      0.303498325135E+01
   43.5000      0.294394762023E+01
   43.6000      0.281268677331E+01
   43.7000      0.262184884662E+01
   43.8000      0.238881245326E+01
   43.9000      0.215663313644E+01
   44.0000      0.194838501882E+01
   44.1000      0.176198985374E+01
   44.2000      0.159720454725E+01
   44.3000      0.147293660737E+01
   44.4000      0.140522229246E+01
   44.5000      0.139002875896E+01
   44.6000      0.141982679939E+01
   44.7000      0.149294067535E+01
   44.8000      0.160526297100E+01
   44.9000      0.173723587742E+01
   45.0000      0.186751923886E+01
   45.1000      0.199284161276E+01
   45.2000      0.211415268217E+01
   45.3000      0.221819817995E+01
   45.4000      0.227988704456E+01
   45.5000      0.228900679790E+01
   45.6000      0.225916745377E+01
   45.7000      0.220224637488E+01
   45.8000      0.211504828682E+01
   45.9000      0.198978720682E+01
   46.0000      0.183591113806E+01
   46.1000      0.167786814148E+01
   46.2000      0.153220132213E+01
   46.3000      0.140281600482E+01
   46.4000      0.128954025101E+01
   46.5000      0.120075521386E+01
   46.6000      0.114858461953E+01
   46.7000      0.113537744029E+01
   46.8000      0.115446995093E+01
   46.9000      0.119523166707E+01
   47.0000      0.125240437404E+01
   47.1000      0.132340262315E+01
   47.2000      0.140099890641E+01
   47.3000      0.147561757275E+01
   47.4000      0.153841829140E+01
   47.5000      0.158792653374E+01
   47.6000      0.162518224002E+01
   47.7000      0.164887511684E+01
   47.8000      0.165955620893E+01
   47.9000      0.166034799565E+01
   48.0000      0.165673234310E+01
   48.1000      0.164919448369E+01
   48.2000      0.163649456768E+01
   48.3000      0.162485450691E+01
   48.4000      0.162246282435E+01
   48.5000      0.163033233319E+01
   48.6000      0.163882657983E+01
   48.7000      0.164393454014E+01
   48.8000      0.165667732702E+01
   48.9000      0.168626928024E+01
   49.0000      0.172624568775E+01
   49.1000      0.176049639585E+01
   49.2000      0.178692296344E+01
   49.3000      0.181860561452E+01
   49.4000      0.186012614205E+01
   49.5000      0.190014163143E+01
   49.6000      0.192550065361E+01
   49.7000      0.193906756602E+01
   49.8000      0.195042974662E+01
   49.9000      0.195906448963E+01
   50.0000      0.196014393228E+01
   50.1000      0.195496848048E+01
   50.2000      0.195145233164E+01
   50.3000      0.195124300602E+01
   50.4000      0.195098593994E+01
   50.5000      0.195672684328E+01
   50.6000      0.197921939645E+01
   50.7000      0.201946086651E+01
   50.8000      0.206435238068E+01
   50.9000      0.210595154363E+01
   51.0000      0.215331774144E+01
   51.1000      0.221335022257E+01
   51.2000      0.227582860664E+01
   51.3000      0.232208735073E+01
   51.4000      0.234784731021E+01
   51.5000      0.236327069752E+01
   51.6000      0.237123042985E+01
   51.7000      0.236415076207E+01
   51.8000      0.233662519804E+01
   51.9000      0.229491487217E+01
   52.0000      0.224699960973E+01
   52.1000      0.219308988695E+01
   52.2000      0.213557833486E+01
   52.3000      0.208280234969E+01
   52.4000      0.204166078960E+01
   52.5000      0.200916853920E+01
   52.6000      0.198052942192E+01
   52.7000      0.196271097990E+01
   52.8000      0.196472676174E+01
   52.9000      0.198416201582E+01
   53.0000      0.200852891853E+01
   53.1000      0.203142965327E+01
   53.2000      0.205853243960E+01
   53.3000      0.209163274623E+01
   53.4000      0.212280669813E+01
   53.5000      0.214263575446E+01
   53.6000      0.214961418714E+01
   53.7000      0.214617201088E+01
   53.8000      0.212895485270E+01
   53.9000      0.209529440012E+01
   54.0000      0.204830407060E+01
   54.1000      0.199281050697E+01
   54.2000      0.192840537788E+01
   54.3000      0.185212916078E+01
   54.4000      0.177065294858E+01
   54.5000      0.169560465439E+01
   54.6000      0.163194963259E+01
   54.7000      0.157613811270E+01
   54.8000      0.152637139736E+01
   54.9000      0.149068402489E+01
   55.0000      0.147568111631E+01
   55.1000      0.147906305318E+01
   55.2000      0.149431708829E+01
   55.3000      0.151837630593E+01
   55.4000      0.155169374043E+01
   55.5000      0.158948275579E+01
   55.6000      0.162479160634E+01
   55.7000      0.165400024671E+01
   55.8000      0.167534497993E+01
   55.9000      0.168460359075E+01
   56.0000      0.167454690487E+01
   56.1000      0.164472775008E+01
   56.2000      0.160111592161E+01
   56.3000      0.154746626989E+01
   56.4000      0.148262932882E+01
   56.5000      0.140597044055E+01
   56.6000      0.132549418223E+01
   56.7000      0.125119979711E+01
   56.8000      0.118744214880E+01
   56.9000      0.113491198591E+01
   57.0000      0.109549338345E+01
   57.1000      0.107442392312E+01
   57.2000      0.107330607386E+01
   57.3000      0.108994466947E+01
   57.4000      0.112278353414E+01
   57.5000      0.117040460568E+01
   57.6000      0.122950534902E+01
   57.7000      0.129261902674E+01
   57.8000      0.135440439808E+01
   57.9000      0.141378364861E+01
   58.0000      0.146839205786E+01
   58.1000      0.151267921946E+01
   58.2000      0.154005319145E+01
   58.3000      0.154980638956E+01
   58.4000      0.154498501145E+01
   58.5000      0.152635831873E+01
   58.6000      0.149331806469E+01
   58.7000      0.144652075117E+01
   58.8000      0.139108437657E+01
   58.9000      0.133224538240E+01
   59.0000      0.127311961934E+01
   59.1000      0.121784426110E+01
   59.2000      0.117119852974E+01
   59.3000      0.113774052522E+01
   59.4000      0.111854551140E+01
   59.5000      0.111396647796E+01
   59.6000      0.112704548573E+01
   59.7000      0.115957226521E+01
   59.8000      0.120947839290E+01
   59.9000      0.127045976206E+01
   60.0000      0.133836745380E+01
   60.1000      0.141331348517E+01
   60.2000      0.149347266087E+01
   60.3000      0.157281338565E+01
   60.4000      0.164316078683E+01
   60.5000      0.170141087152E+01
   60.6000      0.174912635308E+01
   60.7000      0.178572980900E+01
   60.8000      0.180782487658E+01
   60.9000      0.181216919934E+01
   61.0000      0.180080430894E+01
   61.1000      0.177787546279E+01
   61.2000      0.174482704032E+01
   61.3000      0.170272501850E+01
   61.4000      0.165417748111E+01
   61.5000      0.160391443811E+01
   61.6000      0.155427086499E+01
   61.7000      0.150586375874E+01
   61.8000      0.146315301846E+01
   61.9000      0.143226275297E+01
   62.0000      0.141581156632E+01
   62.1000      0.141010302410E+01
   62.2000      0.141330108376E+01
   62.3000      0.143163047479E+01
   62.4000      0.147064134903E+01
   62.5000      0.152669982687E+01
   62.6000      0.158933068360E+01
   62.7000      0.165458646488E+01
   62.8000      0.172739013533E+01
   62.9000      0.180824360365E+01
   63.0000      0.188778957317E+01
   63.1000      0.195457574271E+01
   63.2000      0.200617619586E+01
   63.3000      0.204484450947E+01
   63.4000      0.206710287042E+01
   63.5000      0.206714174351E+01
   63.6000      0.204407062321E+01
   63.7000      0.200205708998E+01
   63.8000      0.194182160671E+01
   63.9000      0.186174278961E+01
   64.0000      0.176925933299E+01
   64.1000      0.167846708745E+01
   64.2000      0.159710260592E+01
   64.3000      0.152156830015E+01
   64.4000      0.145210552595E+01
   64.5000      0.140428184328E+01
   64.6000      0.139352681281E+01
   64.7000      0.141803410925E+01
   64.8000      0.146419161579E+01
   64.9000      0.152781308189E+01
   65.0000      0.161684058773E+01
   65.1000      0.173110110644E+01
   65.2000      0.185558735409E+01
   65.3000      0.197397084088E+01
   65.4000      0.208064490494E+01
   65.5000      0.217238117871E+01
   65.6000      0.223810489420E+01
   65.7000      0.226911119863E+01
   65.8000      0.226771128872E+01
   65.9000      0.223877693182E+01
   66.0000      0.217763282645E+01
   66.1000      0.207933865747E+01
   66.2000      0.195803212354E+01
   66.3000      0.183847937970E+01
   66.4000      0.173168220381E+01
   66.5000      0.163123043342E+01
   66.6000      0.153798958810E+01
   66.7000      0.147381903653E+01
   66.8000      0.145846352036E+01
   66.9000      0.148866352160E+01
   67.0000      0.154885934035E+01
   67.1000      0.163440207869E+01
   67.2000      0.175016021397E+01
   67.3000      0.188967442541E+01
   67.4000      0.203524257648E+01
   67.5000      0.217402350383E+01
   67.6000      0.230116600086E+01
   67.7000      0.240616640091E+01
   67.8000      0.247105534493E+01
   67.9000      0.249077632928E+01
   68.0000      0.247730743107E+01
   68.1000      0.243817433754E+01
   68.2000      0.236376549591E+01
   68.3000      0.224720710981E+01
   68.4000      0.210795469834E+01
   68.5000      0.197601178175E+01
   68.6000      0.186209141947E+01
   68.7000      0.175866011987E+01
   68.8000      0.166742322969E+01
   68.9000      0.160874789205E+01
   69.0000      0.159725262192E+01
   69.1000      0.162784804187E+01
   69.2000      0.169020580425E+01
   69.3000      0.178275092003E+01
   69.4000      0.190388891188E+01
   69.5000      0.203930354710E+01
   69.6000      0.217409333294E+01
   69.7000      0.230577768722E+01
   69.8000      0.243304793693E+01
   69.9000      0.253969088120E+01
   70.0000      0.260407840286E+01
   70.1000      0.262507952384E+01
   70.2000      0.261884095716E+01
   70.3000      0.259112867654E+01
   70.4000      0.252981377063E+01
   70.5000      0.242825391000E+01
   70.6000      0.230308344125E+01
   70.7000      0.217607356599E+01
   70.8000      0.205316082553E+01
   70.9000      0.193205096042E+01
   71.0000      0.181954647740E+01
   71.1000      0.172962042125E+01
   71.2000      0.166694281244E+01
   71.3000      0.162908747515E+01
   71.4000      0.162015137530E+01
   71.5000      0.164726644273E+01
   71.6000      0.170589352123E+01
   71.7000      0.178018223137E+01
   71.8000      0.186346368525E+01
   71.9000      0.196260940764E+01
   72.0000      0.207757800296E+01
   72.1000      0.219117985885E+01
   72.2000      0.228490435116E+01
   72.3000      0.235719566995E+01
   72.4000      0.241362598511E+01
   72.5000      0.244922974198E+01
   72.6000      0.245347258505E+01
   72.7000      0.242451622350E+01
   72.8000      0.236867678564E+01
   72.9000      0.228693297098E+01
   73.0000      0.217731116434E+01
   73.1000      0.204910950155E+01
   73.2000      0.191890391788E+01
   73.3000      0.179357724009E+01
   73.4000      0.166815642404E+01
   73.5000      0.154633364242E+01
   73.6000      0.144824008619E+01
   73.7000      0.138921511727E+01
   73.8000      0.136514166129E+01
   73.9000      0.136548417441E+01
   74.0000      0.139258559878E+01
   74.1000      0.145432044512E+01
   74.2000      0.154533901041E+01
   74.3000      0.165149362461E+01
   74.4000      0.176497090842E+01
   74.5000      0.188295467040E+01
   74.6000      0.199272281776E+01
   74.7000      0.207558886345E+01
   74.8000      0.212812314570E+01
   74.9000      0.216018387706E+01
   75.0000      0.217078906131E+01
   75.1000      0.214163662211E+01
   75.2000      0.206478691928E+01
   75.3000      0.196139102359E+01
   75.4000      0.185690214208E+01
   75.5000      0.175284321862E+01
   75.6000      0.163774328443E+01
   75.7000      0.151867166304E+01
   75.8000      0.142133421018E+01
   75.9000      0.135974686385E+01
   76.0000      0.132810681437E+01
   76.1000      0.132129017181E+01
   76.2000      0.134529044099E+01
   76.3000      0.140058323596E+01
   76.4000      0.147272938433E+01
   76.5000      0.155205224421E+01
   76.6000      0.164371472892E+01
   76.7000      0.174710391444E+01
   76.8000      0.183897291262E+01
   76.9000      0.189554661628E+01
   77.0000      0.192348514429E+01
   77.1000      0.194511469820E+01
   77.2000      0.196042570974E+01
   77.3000      0.194588928270E+01
   77.4000      0.189322872589E+01
   77.5000      0.182710667116E+01
   77.6000      0.177272985624E+01
   77.7000      0.172828373492E+01
   77.8000      0.168120896479E+01
   77.9000      0.163635473254E+01
   78.0000      0.161035374734E+01
   78.1000      0.160621856910E+01
   78.2000      0.161528704732E+01
   78.3000      0.163638096096E+01
   78.4000      0.167457500811E+01
   78.5000      0.172256890610E+01
   78.6000      0.176197272762E+01
   78.7000      0.178897622966E+01
   78.8000      0.181758313980E+01
   78.9000      0.185208147407E+01
   79.0000      0.187379877776E+01
   79.1000      0.186648897008E+01
   79.2000      0.184252694040E+01
   79.3000      0.182536509241E+01
   79.4000      0.181785704001E+01
   79.5000      0.180505786370E+01
   79.6000      0.178309399301E+01
   79.7000      0.176773660174E+01
   79.8000      0.177073889445E+01
   79.9000      0.178699589376E+01
   80.0000      0.180849673975E+01
   80.1000      0.183628871705E+01
   80.2000      0.187200464150E+01
   80.3000      0.190739092603E+01
   80.4000      0.193456733426E+01
   80.5000      0.195598117324E+01
   80.6000      0.197464143554E+01
   80.7000      0.198245623962E+01
   80.8000      0.196812033422E+01
   80.9000      0.193470545058E+01
   81.0000      0.189554454386E+01
   81.1000      0.185595292631E+01
   81.2000      0.181099876961E+01
   81.3000      0.175995262297E+01
   81.4000      0.171337101987E+01
   81.5000      0.168059944466E+01
   81.6000      0.166191995574E+01
   81.7000      0.165667434641E+01
   81.8000      0.166857199027E+01
   81.9000      0.169899377072E+01
   82.0000      0.174062301808E+01
   82.1000      0.178659090901E+01
   82.2000      0.183852019781E+01
   82.3000      0.189749287650E+01
   82.4000      0.195453642658E+01
   82.5000      0.199689174060E+01
   82.6000      0.202220788911E+01
   82.7000      0.203616218534E+01
   82.8000      0.203895573786E+01
   82.9000      0.202553769377E+01
   83.0000      0.199603624788E+01
   83.1000      0.195763302589E+01
   83.2000      0.191366647634E+01
   83.3000      0.186223667288E+01
   83.4000      0.180862436430E+01
   83.5000      0.176546992865E+01
   83.6000      0.173733285892E+01
   83.7000      0.171410720549E+01
   83.8000      0.168905159900E+01
   83.9000      0.167349070712E+01
   84.0000      0.168045225605E+01
   84.1000      0.170328827102E+01
   84.2000      0.172288633383E+01
   84.3000      0.173425808945E+01
   84.4000      0.175028848299E+01
   84.5000      0.177745511915E+01
   84.6000      0.180530911240E+01
   84.7000      0.182291941729E+01
   84.8000      0.183377621068E+01
   84.9000      0.184538875046E+01
   85.0000      0.185516885994E+01
   85.1000      0.185890418038E+01
   85.2000      0.186172793036E+01
   85.3000      0.186975129800E+01
   85.4000      0.187608490571E+01
   85.5000      0.186973715957E+01
   85.6000      0.185620581211E+01
   85.7000      0.185107945026E+01
   85.8000      0.185464609961E+01
   85.9000      0.184804354032E+01
   86.0000      0.182078465829E+01
   86.1000      0.178753953809E+01
   86.2000      0.176556515003E+01
   86.3000      0.175003196927E+01
   86.4000      0.172405872100E+01
   86.5000      0.168640543904E+01
   86.6000      0.165342662393E+01
   86.7000      0.163460264891E+01
   86.8000      0.162383807428E+01
   86.9000      0.161478330504E+01
   87.0000      0.161175967894E+01
   87.1000      0.161976186308E+01
   87.2000      0.163434151368E+01
   87.3000      0.165091753598E+01
   87.4000      0.167265992929E+01
   87.5000      0.170161405820E+01
   87.6000      0.172858919313E+01
   87.7000      0.174206322046E+01
   87.8000      0.174437464705E+01
   87.9000      0.174579005225E+01
   88.0000      0.174628544520E+01
   88.1000      0.173405578169E+01
   88.2000      0.170359132233E+01
   88.3000      0.166540277251E+01
   88.4000      0.163126953735E+01
   88.5000      0.160090213683E+01
   88.6000      0.156840237995E+01
   88.7000      0.153542547999E+01
   88.8000      0.151042676443E+01
   88.9000      0.149679480800E+01
   89.0000      0.149167995774E+01
   89.1000      0.149320683631E+01
   89.2000      0.150216857025E+01
   89.3000      0.151680794718E+01
   89.4000      0.153118950631E+01
   89.5000      0.154217428792E+01
   89.6000      0.155075689877E+01
   89.7000      0.155602878954E+01
   89.8000      0.155285845740E+01
   89.9000      0.153730145062E+01
   90.0000      0.151205442118E+01
   90.1000      0.148163927512E+01
   90.2000      0.144728006512E+01
   90.3000      0.140932629096E+01
   90.4000      0.137105443566E+01
   90.5000      0.133754937717E+01
   90.6000      0.131078683195E+01
   90.7000      0.129134549711E+01
   90.8000      0.128218766504E+01
   90.9000      0.128608674417E+01
   91.0000      0.130118315637E+01
   91.1000      0.132162164466E+01
   91.2000      0.134454666855E+01
   91.3000      0.137083600053E+01
   91.4000      0.139854957371E+01
   91.5000      0.142102289073E+01
   91.6000      0.143188653911E+01
   91.7000      0.143038687431E+01
   91.8000      0.141788703487E+01
   91.9000      0.139331474899E+01
   92.0000      0.135572678704E+01
   92.1000      0.130743855376E+01
   92.2000      0.125286079405E+01
   92.3000      0.119422402001E+01
   92.4000      0.113329055534E+01
   92.5000      0.107578180068E+01
   92.6000      0.102849626594E+01
   92.7000      0.993762929079E+00
   92.8000      0.969053465619E+00
   92.9000      0.954076728569E+00
   93.0000      0.953277820557E+00
   93.1000      0.968692129494E+00
   93.2000      0.995699605919E+00
   93.3000      0.102705851399E+01
   93.4000      0.106006290444E+01
   93.5000      0.109538401784E+01
   93.6000      0.113063865361E+01
   93.7000      0.116045307091E+01
   93.8000      0.118072223043E+01
   93.9000      0.119110467011E+01
   94.0000      0.119189048973E+01
   94.1000      0.118193507524E+01
   94.2000      0.116148409979E+01
   94.3000      0.113269454315E+01
   94.4000      0.109782398362E+01
   94.5000      0.105748861426E+01
   94.6000      0.101270844115E+01
   94.7000      0.967128278493E+00
   94.8000      0.924087871903E+00
   94.9000      0.884709634804E+00
   95.0000      0.848855772269E+00
   95.1000      0.817697773642E+00
   95.2000      0.793435458823E+00
   95.3000      0.776388399971E+00
   95.4000      0.766066401017E+00
   95.5000      0.762680784873E+00
   95.6000      0.766834165071E+00
   95.7000      0.777670775452E+00
   95.8000      0.792920283602E+00
   95.9000      0.812314121786E+00
   96.0000      0.836882302606E+00
   96.1000      0.865941014248E+00
   96.2000      0.896213064607E+00
   96.3000      0.924687530761E+00
   96.4000      0.951540040982E+00
   96.5000      0.977070878173E+00
   96.6000      0.999229131208E+00
   96.7000      0.101492461159E+01
   96.8000      0.102275746606E+01
   96.9000      0.102332499469E+01
   97.0000      0.101616824898E+01
   97.1000      0.100048139788E+01
   97.2000      0.977095470895E+00
   97.3000      0.948060311634E+00
   97.4000      0.914657446792E+00
   97.5000      0.876784312625E+00
   97.6000      0.836601646857E+00
   97.7000      0.798803178088E+00
   97.8000      0.766857120776E+00
   97.9000      0.740925921699E+00
   98.0000      0.720178864516E+00
   98.1000      0.707191165763E+00
   98.2000      0.705871562103E+00
   98.3000      0.716882389813E+00
   98.4000      0.737233667798E+00
   98.5000      0.763919837786E+00
   98.6000      0.797151643683E+00
   98.7000      0.837282474384E+00
   98.8000      0.881795890833E+00
   98.9000      0.926243353699E+00
   99.0000      0.967117899490E+00
   99.1000      0.100355272418E+01
   99.2000      0.103473661506E+01
   99.3000      0.105868529084E+01
   99.4000      0.107303935602E+01
   99.5000      0.107654622792E+01
   99.6000      0.107008118196E+01
   99.7000      0.105482290634E+01
   99.8000      0.103158232731E+01
   99.9000      0.100084406531E+01
  100.0000      0.963813597865E+00
  100.1000      0.923410120125E+00
  100.2000      0.882487521772E+00
  100.3000      0.843056756132E+00
  100.4000      0.806270409105E+00
  100.5000      0.773757905273E+00
  100.6000      0.748140506419E+00
  100.7000      0.730981761160E+00
  100.8000      0.722714603990E+00
  100.9000      0.723253162665E+00
  101.0000      0.732806900677E+00
  101.1000      0.751142487363E+00
  101.2000      0.776340286624E+00
  101.3000      0.806750703178E+00
  101.4000      0.841588575438E+00
  101.5000      0.879635640340E+00
  101.6000      0.917535628930E+00
  101.7000      0.951076227829E+00
  101.8000      0.979219250472E+00
  101.9000      0.100298124921E+01
  102.0000      0.102148010978E+01
  102.1000      0.103067296950E+01
  102.2000      0.102761972292E+01
  102.3000      0.101478241895E+01
  102.4000      0.996190746368E+00
  102.5000      0.972383210521E+00
  102.6000      0.940878138770E+00
  102.7000      0.901743796097E+00
  102.8000      0.860015329931E+00
  102.9000      0.820307079946E+00
  103.0000      0.783353052531E+00
  103.1000      0.748113371025E+00
  103.2000      0.716004274361E+00
  103.3000      0.690798948370E+00
  103.4000      0.674303930111E+00
  103.5000      0.666110699640E+00
  103.6000      0.665724817570E+00
  103.7000      0.673760873159E+00
  103.8000      0.690476669501E+00
  103.9000      0.714343209604E+00
  104.0000      0.744279671215E+00
  104.1000      0.780079978563E+00
  104.2000      0.820926352672E+00
  104.3000      0.864192049014E+00
  104.4000      0.906698292921E+00
  104.5000      0.947542513096E+00
  104.6000      0.986597379056E+00
  104.7000      0.102213078133E+01
  104.8000      0.105061919963E+01
  104.9000      0.106921329410E+01
  105.0000      0.107802620826E+01
  105.1000      0.107779216236E+01
  105.2000      0.106783407164E+01
  105.3000      0.104634160826E+01
  105.4000      0.101291162737E+01
  105.5000      0.970366783880E+00
  105.6000      0.922236025165E+00
  105.7000      0.870681503450E+00
  105.8000      0.816469291425E+00
  105.9000      0.761713462164E+00
  106.0000      0.711620248726E+00
  106.1000      0.671344214349E+00
  106.2000      0.643213090210E+00
  106.3000      0.626893164877E+00
  106.4000      0.623150007535E+00
  106.5000      0.635265954477E+00
  106.6000      0.664919882580E+00
  106.7000      0.709681801114E+00
  106.8000      0.764681955260E+00
  106.9000      0.826922856296E+00
  107.0000      0.895256179125E+00
  107.1000      0.966318268319E+00
  107.2000      0.103447312446E+01
  107.3000      0.109466868289E+01
  107.4000      0.114441182056E+01
  107.5000      0.118140154438E+01
  107.6000      0.120205455926E+01
  107.7000      0.120515891441E+01
  107.8000      0.119300644143E+01
  107.9000      0.116791628257E+01
  108.0000      0.112874948829E+01
  108.1000      0.107476964664E+01
  108.2000      0.101195798564E+01
  108.3000      0.949281837365E+00
  108.4000      0.890126636451E+00
  108.5000      0.831144313362E+00
  108.6000      0.771899413444E+00
  108.7000      0.720634462929E+00
  108.8000      0.685376708388E+00
  108.9000      0.664768821672E+00
  109.0000      0.651670442907E+00
  109.1000      0.644702194124E+00
  109.2000      0.649852569082E+00
  109.3000      0.669905666786E+00
  109.4000      0.700028862049E+00
  109.5000      0.734373001079E+00
  109.6000      0.772908685202E+00
  109.7000      0.817816632085E+00
  109.8000      0.867003064309E+00
  109.9000      0.916972258912E+00
  110.0000      0.967455556373E+00
  110.1000      0.101931933387E+01
  110.2000      0.106893206547E+01
  110.3000      0.111034386433E+01
  110.4000      0.114355999506E+01
  110.5000      0.117293171292E+01
  110.6000      0.119764381690E+01
  110.7000      0.120904473822E+01
  110.8000      0.120108738952E+01
  110.9000      0.117875542565E+01
  111.0000      0.114969212373E+01
  111.1000      0.111293995602E+01
  111.2000      0.106142020193E+01
  111.3000      0.994821588102E+00
  111.4000      0.923290342828E+00
  111.5000      0.856045747959E+00
  111.6000      0.794044690969E+00
  111.7000      0.735494995949E+00
  111.8000      0.684561735344E+00
  111.9000      0.649782481795E+00
  112.0000      0.635538992817E+00
  112.1000      0.641039997288E+00
  112.2000      0.664937060368E+00
  112.3000      0.707548140614E+00
  112.4000      0.767778048705E+00
  112.5000      0.841008591198E+00
  112.6000      0.922354010788E+00
  112.7000      0.100776495544E+01
  112.8000      0.109226339478E+01
  112.9000      0.116898427460E+01
  113.0000      0.123161654663E+01
  113.1000      0.127728348874E+01
  113.2000      0.130436241832E+01
  113.3000      0.131077521779E+01
  113.4000      0.129519570330E+01
  113.5000      0.125898212289E+01
  113.6000      0.120591754244E+01
  113.7000      0.113958512870E+01
  113.8000      0.106404634846E+01
  113.9000      0.984799257896E+00
  114.0000      0.907549968491E+00
  114.1000      0.836617201974E+00
  114.2000      0.774813400558E+00
  114.3000      0.725644456721E+00
  114.4000      0.692191041304E+00
  114.5000      0.674950057737E+00
  114.6000      0.672645733811E+00
  114.7000      0.683943834015E+00
  114.8000      0.707593319315E+00
  114.9000      0.739783778488E+00
  115.0000      0.775611986665E+00
  115.1000      0.813300477201E+00
  115.2000      0.853097667495E+00
  115.3000      0.892219966351E+00
  115.4000      0.923576469982E+00
  115.5000      0.943809403404E+00
  115.6000      0.958113239038E+00
  115.7000      0.972148505913E+00
  115.8000      0.982840841022E+00
  115.9000      0.982063163325E+00
  116.0000      0.970268891881E+00
  116.1000      0.958033680210E+00
  116.2000      0.951739647679E+00
  116.3000      0.945223837619E+00
  116.4000      0.929421935082E+00
  116.5000      0.906736427070E+00
  116.6000      0.887334065241E+00
  116.7000      0.873986726172E+00
  116.8000      0.859097996286E+00
  116.9000      0.836504236027E+00
  117.0000      0.810389631643E+00
  117.1000      0.787806532027E+00
  117.2000      0.769089840688E+00
  117.3000      0.750802378703E+00
  117.4000      0.733373589190E+00
  117.5000      0.721348592251E+00
  117.6000      0.716479166786E+00
  117.7000      0.717532441906E+00
  117.8000      0.726109915955E+00
  117.9000      0.746045004912E+00
  118.0000      0.777076853490E+00
  118.1000      0.813093037807E+00
  118.2000      0.850543595257E+00
  118.3000      0.893005839881E+00
  118.4000      0.942985396001E+00
  118.5000      0.994095586655E+00
  118.6000      0.103567626171E+01
  118.7000      0.106497175927E+01
  118.8000      0.108763008226E+01
  118.9000      0.110587153272E+01
  119.0000      0.111314938235E+01
  119.1000      0.110223268183E+01
  119.2000      0.107557110963E+01
  119.3000      0.104187939350E+01
  119.4000      0.100527175495E+01
  119.5000      0.963305577715E+00
  119.6000      0.914430245026E+00
  119.7000      0.864143191895E+00
  119.8000      0.820344942768E+00
  119.9000      0.786199734480E+00
  120.0000      0.760239907093E+00
  120.1000      0.741221380784E+00
  120.2000      0.731585024445E+00
  120.3000      0.734239397385E+00
  120.4000      0.748578179403E+00
  120.5000      0.770559756357E+00
  120.6000      0.795903451808E+00
  120.7000      0.823685483427E+00
  120.8000      0.854567695517E+00
  120.9000      0.886962339011E+00
  121.0000      0.915895844576E+00
  121.1000      0.936791919509E+00
  121.2000      0.950530983467E+00
  121.3000      0.960902286651E+00
  121.4000      0.968465077264E+00
  121.5000      0.969098218007E+00
  121.6000      0.960266817488E+00
  121.7000      0.946627237661E+00
  121.8000      0.934720630070E+00
  121.9000      0.925161130900E+00
  122.0000      0.913059625646E+00
  122.1000      0.896560189392E+00
  122.2000      0.880875901841E+00
  122.3000      0.870700447454E+00
  122.4000      0.864002995309E+00
  122.5000      0.855416503819E+00
  122.6000      0.843911280588E+00
  122.7000      0.833035460699E+00
  122.8000      0.823865822891E+00
  122.9000      0.813872415350E+00
  123.0000      0.801590836327E+00
  123.1000      0.788992099768E+00
  123.2000      0.777592111087E+00
  123.3000      0.765804994395E+00
  123.4000      0.754118331763E+00
  123.5000      0.747453313640E+00
  123.6000      0.749534631220E+00
  123.7000      0.757284284972E+00
  123.8000      0.765762601925E+00
  123.9000      0.778137629266E+00
  124.0000      0.802572710648E+00
  124.1000      0.839773649497E+00
  124.2000      0.879595857733E+00
  124.3000      0.913647691281E+00
  124.4000      0.946251149946E+00
  124.5000      0.985260041140E+00
  124.6000      0.102722251146E+01
  124.7000      0.105876766599E+01
  124.8000      0.107300307463E+01
  124.9000      0.107697536305E+01
  125.0000      0.107854557543E+01
  125.1000      0.107426553491E+01
  125.2000      0.105491703607E+01
  125.3000      0.101980049291E+01
  125.4000      0.978540064882E+00
  125.5000      0.938493863411E+00
  125.6000      0.898612282981E+00
  125.7000      0.855965846454E+00
  125.8000      0.813716173564E+00
  125.9000      0.778745825562E+00
  126.0000      0.753987041094E+00
  126.1000      0.738378001654E+00
  126.2000      0.731064723159E+00
  126.3000      0.732988553131E+00
  126.4000      0.744187655349E+00
  126.5000      0.762330752052E+00
  126.6000      0.785471520398E+00
  126.7000      0.812381883644E+00
  126.8000      0.841183527887E+00
  126.9000      0.868998537595E+00
  127.0000      0.893625817330E+00
  127.1000      0.914774535892E+00
  127.2000      0.931783491740E+00
  127.3000      0.943584630583E+00
  127.4000      0.950450811905E+00
  127.5000      0.954001847263E+00
  127.6000      0.955074278253E+00
  127.7000      0.952466825446E+00
  127.8000      0.946744615850E+00
  127.9000      0.941555703157E+00
  128.0000      0.939399818320E+00
  128.1000      0.938181884264E+00
  128.2000      0.933978950009E+00
  128.3000      0.927493121613E+00
  128.4000      0.922524691521E+00
  128.5000      0.919249285156E+00
  128.6000      0.913054019546E+00
  128.7000      0.900403290311E+00
  128.8000      0.883471928772E+00
  128.9000      0.865404223172E+00
  129.0000      0.845714327663E+00
  129.1000      0.823000313545E+00
  129.2000      0.799007850676E+00
  129.3000      0.777389843528E+00
  129.4000      0.758838545514E+00
  129.5000      0.743227341487E+00
  129.6000      0.734483402183E+00
  129.7000      0.737846679465E+00
  129.8000      0.752918706799E+00
  129.9000      0.773569652244E+00
  130.0000      0.798095933069E+00
  130.1000      0.832520667026E+00
  130.2000      0.879977585101E+00
  130.3000      0.932428214656E+00
  130.4000      0.977935821927E+00
  130.5000      0.101497916803E+01
  130.6000      0.105076546733E+01
  130.7000      0.108631388052E+01
  130.8000      0.111161870932E+01
  130.9000      0.111757411714E+01
  131.0000      0.110766469751E+01
  131.1000      0.109110096619E+01
  131.2000      0.106983040963E+01
  131.3000      0.103893052813E+01
  131.4000      0.997100385297E+00
  131.5000      0.951269000353E+00
  131.6000      0.908463343569E+00
  131.7000      0.869945924460E+00
  131.8000      0.834994606096E+00
  131.9000      0.805344051240E+00
  132.0000      0.783925532704E+00
  132.1000      0.770592867253E+00
  132.2000      0.763724317499E+00
  132.3000      0.763306638386E+00
  132.4000      0.769284260244E+00
  132.5000      0.779350713454E+00
  132.6000      0.789914878203E+00
  132.7000      0.799983725240E+00
  132.8000      0.810373465296E+00
  132.9000      0.820276741547E+00
  133.0000      0.828358530560E+00
  133.1000      0.835228816698E+00
  133.2000      0.843080313669E+00
  133.3000      0.851818699658E+00
  133.4000      0.859923271307E+00
  133.5000      0.869724376082E+00
  133.6000      0.886030302740E+00
  133.7000      0.909363611693E+00
  133.8000      0.933632620612E+00
  133.9000      0.954601651511E+00
  134.0000      0.976367556724E+00
  134.1000      0.100351915392E+01
  134.2000      0.103138768108E+01
  134.3000      0.104911753502E+01
  134.4000      0.105299558740E+01
  134.5000      0.104945798013E+01
  134.6000      0.104283129652E+01
  134.7000      0.102821484445E+01
  134.8000      0.999010720312E+00
  134.9000      0.957812938312E+00
  135.0000      0.913486694436E+00
  135.1000      0.870405588522E+00
  135.2000      0.827829260592E+00
  135.3000      0.786921479742E+00
  135.4000      0.753378890583E+00
  135.5000      0.731295269084E+00
  135.6000      0.720262162553E+00
  135.7000      0.720971403734E+00
  135.8000      0.736727453388E+00
  135.9000      0.767835989586E+00
  136.0000      0.807793134992E+00
  136.1000      0.850007826243E+00
  136.2000      0.895249222275E+00
  136.3000      0.945943707392E+00
  136.4000      0.997156972954E+00
  136.5000      0.103824774707E+01
  136.6000      0.106436549142E+01
  136.7000      0.108019977576E+01
  136.8000      0.108978234329E+01
  136.9000      0.108993382996E+01
  137.0000      0.107573376261E+01
  137.1000      0.104930372405E+01
  137.2000      0.101803937359E+01
  137.3000      0.985953352086E+00
  137.4000      0.952952919522E+00
  137.5000      0.919746295378E+00
  137.6000      0.889878738121E+00
  137.7000      0.865753809955E+00
  137.8000      0.846459399975E+00
  137.9000      0.831661392340E+00
  138.0000      0.822391297692E+00
  138.1000      0.818096359479E+00
  138.2000      0.815101570607E+00
  138.3000      0.810194858571E+00
  138.4000      0.804031760497E+00
  138.5000      0.797503970517E+00
  138.6000      0.789129566986E+00
  138.7000      0.777367279819E+00
  138.8000      0.763749239316E+00
  138.9000      0.751162042112E+00
  139.0000      0.739828532906E+00
  139.1000      0.730403759918E+00
  139.2000      0.727556005756E+00
  139.3000      0.736259177466E+00
  139.4000      0.755208447812E+00
  139.5000      0.778621604542E+00
  139.6000      0.806930706581E+00
  139.7000      0.847278015566E+00
  139.8000      0.901211007814E+00
  139.9000      0.957876758105E+00
  140.0000      0.100496702454E+01
  140.1000      0.104355827577E+01
  140.2000      0.108216920443E+01
  140.3000      0.111930447487E+01
  140.4000      0.114094960169E+01
  140.5000      0.113762187243E+01
  140.6000      0.111659576031E+01
  140.7000      0.108979454556E+01
  140.8000      0.105758990210E+01
  140.9000      0.101173146574E+01
  141.0000      0.951418133694E+00
  141.1000      0.888307284446E+00
  141.2000      0.833081977917E+00
  141.3000      0.786432175261E+00
  141.4000      0.745097042537E+00
  141.5000      0.711144713131E+00
  141.6000      0.690651771075E+00
  141.7000      0.685226170121E+00
  141.8000      0.691843568616E+00
  141.9000      0.707871569558E+00
  142.0000      0.732299920760E+00
  142.1000      0.762585093707E+00
  142.2000      0.793628628475E+00
  142.3000      0.822406874193E+00
  142.4000      0.848533510768E+00
  142.5000      0.870697762120E+00
  142.6000      0.885634766887E+00
  142.7000      0.891299273300E+00
  142.8000      0.889848190318E+00
  142.9000      0.884033221593E+00
  143.0000      0.874687397894E+00
  143.1000      0.862949907651E+00
  143.2000      0.851890028805E+00
  143.3000      0.844511076771E+00
  143.4000      0.840379490094E+00
  143.5000      0.838906381246E+00
  143.6000      0.842917808604E+00
  143.7000      0.854922984008E+00
  143.8000      0.871851635542E+00
  143.9000      0.886525773929E+00
  144.0000      0.896536614869E+00
  144.1000      0.905447406066E+00
  144.2000      0.914059852918E+00
  144.3000      0.916142765839E+00
  144.4000      0.904977856964E+00
  144.5000      0.882349559425E+00
  144.6000      0.854837852993E+00
  144.7000      0.824588985730E+00
  144.8000      0.789437247736E+00
  144.9000      0.749968918442E+00
  145.0000      0.712424993853E+00
  145.1000      0.681942614783E+00
  145.2000      0.659426137321E+00
  145.3000      0.646603304458E+00
  145.4000      0.647800781121E+00
  145.5000      0.664795633744E+00
  145.6000      0.692566371459E+00
  145.7000      0.726478713556E+00
  145.8000      0.769270356618E+00
  145.9000      0.824050293487E+00
  146.0000      0.884048040222E+00
  146.1000      0.935442439994E+00
  146.2000      0.972937427659E+00
  146.3000      0.100357864280E+01
  146.4000      0.103173077955E+01
  146.5000      0.104888262005E+01
  146.6000      0.104336614325E+01
  146.7000      0.101741674272E+01
  146.8000      0.984591666015E+00
  146.9000      0.951941676056E+00
  147.0000      0.914271117471E+00
  147.1000      0.866482623845E+00
  147.2000      0.815700802684E+00
  147.3000      0.774099358703E+00
  147.4000      0.745297573450E+00
  147.5000      0.724362076696E+00
  147.6000      0.707711311596E+00
  147.7000      0.698549091730E+00
  147.8000      0.700105570355E+00
  147.9000      0.709828607782E+00
  148.0000      0.722227320096E+00
  148.1000      0.733443690227E+00
  148.2000      0.742739015389E+00
  148.3000      0.749419436456E+00
  148.4000      0.751911251382E+00
  148.5000      0.748624907172E+00
  148.6000      0.738507986044E+00
  148.7000      0.723237067316E+00
  148.8000      0.706765776642E+00
  148.9000      0.692753871460E+00
  149.0000      0.681471682021E+00
  149.1000      0.671857346613E+00
  149.2000      0.668048375220E+00
  149.3000      0.677540695314E+00
  149.4000      0.702479600436E+00
  149.5000      0.735631484187E+00
  149.6000      0.769811312423E+00
  149.7000      0.808503408347E+00
  149.8000      0.858479370872E+00
  149.9000      0.915402112703E+00
  150.0000      0.963679302119E+00
  150.1000      0.993924138714E+00
  150.2000      0.101291482366E+01
  150.3000      0.102916634233E+01
  150.4000      0.103733067000E+01
  150.5000      0.102392211691E+01
  150.6000      0.987070136088E+00
  150.7000      0.940465004650E+00
  150.8000      0.895285672331E+00
  150.9000      0.849320816693E+00
  151.0000      0.796448106101E+00
  151.1000      0.741237763645E+00
  151.2000      0.696094695239E+00
  151.3000      0.666808604758E+00
  151.4000      0.650179373110E+00
  151.5000      0.642662714169E+00
  151.6000      0.645962993154E+00
  151.7000      0.661583966397E+00
  151.8000      0.685654423084E+00
  151.9000      0.713434001735E+00
  152.0000      0.742582025476E+00
  152.1000      0.771060791717E+00
  152.2000      0.793933986250E+00
  152.3000      0.806517254831E+00
  152.4000      0.809564294989E+00
  152.5000      0.805854669479E+00
  152.6000      0.795640258561E+00
  152.7000      0.777457983081E+00
  152.8000      0.753249625218E+00
  152.9000      0.729051388499E+00
  153.0000      0.708976693775E+00
  153.1000      0.694410279115E+00
  153.2000      0.687092413453E+00
  153.3000      0.690045233639E+00
  153.4000      0.704049493744E+00
  153.5000      0.725728263915E+00
  153.6000      0.753141139421E+00
  153.7000      0.787207625593E+00
  153.8000      0.826524694695E+00
  153.9000      0.863815719348E+00
  154.0000      0.891035684034E+00
  154.1000      0.907698158295E+00
  154.2000      0.917177279428E+00
  154.3000      0.918420533131E+00
  154.4000      0.905941723506E+00
  154.5000      0.878094835220E+00
  154.6000      0.841410347412E+00
  154.7000      0.802649489482E+00
  154.8000      0.763830731504E+00
  154.9000      0.726241124360E+00
  155.0000      0.694807225864E+00
  155.1000      0.675162771831E+00
  155.2000      0.667620757703E+00
  155.3000      0.671331486650E+00
  155.4000      0.689428967963E+00
  155.5000      0.724525638499E+00
  155.6000      0.771084844262E+00
  155.7000      0.817787528783E+00
  155.8000      0.860828947398E+00
  155.9000      0.905121192935E+00
  156.0000      0.950715954878E+00
  156.1000      0.985706264706E+00
  156.2000      0.997704858363E+00
  156.3000      0.989664924146E+00
  156.4000      0.973563009056E+00
  156.5000      0.952666934605E+00
  156.6000      0.918977901339E+00
  156.7000      0.868479639146E+00
  156.8000      0.812009616370E+00
  156.9000      0.763503915098E+00
  157.0000      0.725988851034E+00
  157.1000      0.694433470156E+00
  157.2000      0.668031287341E+00
  157.3000      0.653769976078E+00
  157.4000      0.655870197293E+00
  157.5000      0.670799630557E+00
  157.6000      0.692494027822E+00
  157.7000      0.717711496503E+00
  157.8000      0.745271378921E+00
  157.9000      0.771481920997E+00
  158.0000      0.792086194720E+00
  158.1000      0.804657161308E+00
  158.2000      0.807944538452E+00
  158.3000      0.801562930239E+00
  158.4000      0.786107438403E+00
  158.5000      0.764588820236E+00
  158.6000      0.739729363521E+00
  158.7000      0.713381988995E+00
  158.8000      0.690187967269E+00
  158.9000      0.676799142890E+00
  159.0000      0.676974173016E+00
  159.1000      0.687618724250E+00
  159.2000      0.705878058762E+00
  159.3000      0.736671102076E+00
  159.4000      0.785405071024E+00
  159.5000      0.846593044727E+00
  159.6000      0.905056499143E+00
  159.7000      0.953197001456E+00
  159.8000      0.997799688616E+00
  159.9000      0.104379216812E+01
  160.0000      0.108063550386E+01
  160.1000      0.109145694554E+01
  160.2000      0.107519658860E+01
  160.3000      0.104702248454E+01
  160.4000      0.101611427719E+01
  160.5000      0.975456048544E+00
  160.6000      0.916174430372E+00
  160.7000      0.846206401484E+00
  160.8000      0.783392815218E+00
  160.9000      0.735229367229E+00
  161.0000      0.695997712222E+00
  161.1000      0.660664937810E+00
  161.2000      0.635172090098E+00
  161.3000      0.627088146188E+00
  161.4000      0.634654146775E+00
  161.5000      0.650293570179E+00
  161.6000      0.668731048724E+00
  161.7000      0.689523791297E+00
  161.8000      0.710887229409E+00
  161.9000      0.728383131777E+00
  162.0000      0.739029493789E+00
  162.1000      0.741832475347E+00
  162.2000      0.737214853789E+00
  162.3000      0.725610673186E+00
  162.4000      0.709320535347E+00
  162.5000      0.692023845910E+00
  162.6000      0.675968315131E+00
  162.7000      0.664312708055E+00
  162.8000      0.661814558776E+00
  162.9000      0.672609917362E+00
  163.0000      0.695637908788E+00
  163.1000      0.726579485141E+00
  163.2000      0.766394149294E+00
  163.3000      0.819133922419E+00
  163.4000      0.882513311318E+00
  163.5000      0.944152855379E+00
  163.6000      0.993189783902E+00
  163.7000      0.103215047160E+01
  163.8000      0.106739269223E+01
  163.9000      0.109440624902E+01
  164.0000      0.109903736532E+01
  164.1000      0.107604204128E+01
  164.2000      0.103753084446E+01
  164.3000      0.996049961869E+00
  164.4000      0.950578050404E+00
  164.5000      0.893276825074E+00
  164.6000      0.827434918505E+00
  164.7000      0.768475230153E+00
  164.8000      0.726108568674E+00
  164.9000      0.697707476045E+00
  165.0000      0.677512849362E+00
  165.1000      0.667453269111E+00
  165.2000      0.672738157443E+00
  165.3000      0.691325628752E+00
  165.4000      0.716565505854E+00
  165.5000      0.743362320979E+00
  165.6000      0.769776711993E+00
  165.7000      0.792224822160E+00
  165.8000      0.804986134361E+00
  165.9000      0.806936982221E+00
  166.0000      0.800294231049E+00
  166.1000      0.786274393889E+00
  166.2000      0.763665595489E+00
  166.3000      0.733810909371E+00
  166.4000      0.704127254172E+00
  166.5000      0.681045736935E+00
  166.6000      0.667236996744E+00
  166.7000      0.664212258898E+00
  166.8000      0.675389498182E+00
  166.9000      0.703634149548E+00
  167.0000      0.745985856905E+00
  167.1000      0.799030150484E+00
  167.2000      0.862311208274E+00
  167.3000      0.934071591425E+00
  167.4000      0.100556808980E+01
  167.5000      0.106429939630E+01
  167.6000      0.110695295611E+01
  167.7000      0.113774110131E+01
  167.8000      0.115614861385E+01
  167.9000      0.115270346154E+01
  168.0000      0.112041906895E+01
  168.1000      0.106787375776E+01
  168.2000      0.100926960632E+01
  168.3000      0.949759945421E+00
  168.4000      0.886206349800E+00
  168.5000      0.820527276286E+00
  168.6000      0.765923006177E+00
  168.7000      0.733011559436E+00
  168.8000      0.722086286188E+00
  168.9000      0.729069351488E+00
  169.0000      0.753320429718E+00
  169.1000      0.796007940276E+00
  169.2000      0.851187884165E+00
  169.3000      0.910343137730E+00
  169.4000      0.968674646709E+00
  169.5000      0.102266749828E+01
  169.6000      0.106451673504E+01
  169.7000      0.108310804417E+01
  169.8000      0.107659895976E+01
  169.9000      0.105191573882E+01
  170.0000      0.101338517592E+01
  170.1000      0.958723074189E+00
  170.2000      0.887187966502E+00
  170.3000      0.810465853789E+00
  170.4000      0.743589860884E+00
  170.5000      0.693456615631E+00
  170.6000      0.660800855450E+00
  170.7000      0.648240057516E+00
  170.8000      0.663037813489E+00
  170.9000      0.706312389291E+00
  171.0000      0.772244452582E+00
  171.1000      0.855594581447E+00
  171.2000      0.952171840767E+00
  171.3000      0.105386948191E+01
  171.4000      0.114502660227E+01
  171.5000      0.121492214876E+01
  171.6000      0.126362765746E+01
  171.7000      0.129114012776E+01
  171.8000      0.128973809393E+01
  171.9000      0.124982208840E+01
  172.0000      0.117710301631E+01
  172.1000      0.108900192218E+01
  172.2000      0.997112784258E+00
  172.3000      0.903947504740E+00
  172.4000      0.813145065973E+00
  172.5000      0.740000096601E+00
  172.6000      0.699531490889E+00
  172.7000      0.695368321728E+00
  172.8000      0.725991837591E+00
  172.9000      0.790843260786E+00
  173.0000      0.889109814110E+00
  173.1000      0.100936114789E+01
  173.2000      0.113594118969E+01
  173.3000      0.126154458738E+01
  173.4000      0.138105816808E+01
  173.5000      0.148104865873E+01
  173.6000      0.153938295118E+01
  173.7000      0.154668582282E+01
  173.8000      0.151380826401E+01
  173.9000      0.145122183984E+01
  174.0000      0.135711722372E+01
  174.1000      0.122687031150E+01
  174.2000      0.107561183477E+01
  174.3000      0.932340067842E+00
  174.4000      0.815117924130E+00
  174.5000      0.728496483115E+00
  174.6000      0.675802513254E+00
  174.7000      0.669968288105E+00
  174.8000      0.719216912959E+00
  174.9000      0.816420195658E+00
  175.0000      0.951346007379E+00
  175.1000      0.111530635699E+01
  175.2000      0.129653376470E+01
  175.3000      0.147010214943E+01
  175.4000      0.161086366770E+01
  175.5000      0.171192130577E+01
  175.6000      0.177201449181E+01
  175.7000      0.178096557456E+01
  175.8000      0.172117645100E+01
  175.9000      0.159386410827E+01
  176.0000      0.142638488827E+01
  176.1000      0.124387642037E+01
  176.2000      0.105868669365E+01
  176.3000      0.880796195837E+00
  176.4000      0.736534924194E+00
  176.5000      0.657176095283E+00
  176.6000      0.654878160719E+00
  176.7000      0.733064915915E+00
  176.8000      0.895573975169E+00
  176.9000      0.114275894212E+01
  177.0000      0.145221369530E+01
  177.1000      0.178491212514E+01
  177.2000      0.212061369395E+01
  177.3000      0.244945608388E+01
  177.4000      0.274328286356E+01
  177.5000      0.294598064441E+01
  177.6000      0.301590289272E+01
  177.7000      0.296600854507E+01
  177.8000      0.282362638838E+01
  177.9000      0.259045536139E+01
  178.0000      0.225184868726E+01
  178.1000      0.183212716332E+01
  178.2000      0.140839489828E+01
  178.3000      0.104630264654E+01
  178.4000      0.781137138807E+00
  178.5000      0.643050169550E+00
  178.6000      0.686766233931E+00
  178.7000      0.964369044156E+00
  178.8000      0.147771145242E+01
  178.9000      0.222294603816E+01
  179.0000      0.321329310439E+01
  179.1000      0.444586736818E+01
  179.2000      0.584226400092E+01
  179.3000      0.727105604225E+01
  179.4000      0.868709627662E+01
  179.5000      0.101125632495E+02
  179.6000      0.115086860365E+02
  179.7000      0.126883110646E+02
  179.8000      0.134286872303E+02
  179.9000      0.137559293371E+02
  180.0000      0.138428609011E+02
