    0.1000      0.411115025219E+07
    0.2000      0.149842305816E+07
    0.3000      0.488997853906E+06
    0.4000      0.279354824326E+06
    0.5000      0.129103143261E+06
    0.6000      0.487957030961E+05
    0.7000      0.430019768963E+05
    0.8000      0.546117352473E+05
    0.9000      0.395638810600E+05
    1.0000      0.162139391300E+05
    1.1000      0.118288466795E+05
    1.2000      0.186221752350E+05
    1.3000      0.197762777457E+05
    1.4000      0.126632642179E+05
    1.5000      0.682370259450E+04
    1.6000      0.710698337839E+04
    1.7000      0.965245683340E+04
    1.8000      0.936794201792E+04
    1.9000      0.628367545920E+04
    2.0000      0.416082273888E+04
    2.1000      0.411934595749E+04
    2.2000      0.470334811781E+04
    2.3000      0.439589585986E+04
    2.4000      0.314735275655E+04
    2.5000      0.232759756442E+04
    2.6000      0.233732454855E+04
    2.7000      0.265328271974E+04
    2.8000      0.284647707425E+04
    2.9000      0.258811770025E+04
    3.0000      0.216307443174E+04
    3.1000      0.181518230561E+04
    3.2000      0.145011190126E+04
    3.3000      0.130668556529E+04
    3.4000      0.143059833561E+04
    3.5000      0.164701002709E+04
    3.6000      0.182867729273E+04
    3.7000      0.167603395484E+04
    3.8000      0.121661867521E+04
    3.9000      0.843730532434E+03
    4.0000      0.733952608055E+03
    4.1000      0.921267220122E+03
    4.2000      0.124875095294E+04
    4.3000      0.138569637728E+04
    4.4000      0.128371436677E+04
    4.5000      0.106430186141E+04
    4.6000      0.824310190155E+03
    4.7000      0.721406094235E+03
    4.8000      0.789470191309E+03
    4.9000      0.922291479280E+03
    5.0000      0.106376355133E+04
    5.1000      0.112424877403E+04
    5.2000      0.103486848684E+04
    5.3000      0.871973976006E+03
    5.4000      0.718051242686E+03
    5.5000      0.630900273001E+03
    5.6000      0.658259607255E+03
    5.7000      0.745669700152E+03
    5.8000      0.807580558263E+03
    5.9000      0.815864740561E+03
    6.0000      0.752501863921E+03
    6.1000      0.643032194653E+03
    6.2000      0.553522460070E+03
    6.3000      0.512047373369E+03
    6.4000      0.523799566865E+03
    6.5000      0.576430927220E+03
    6.6000      0.619910275823E+03
    6.7000      0.620028765421E+03
    6.8000      0.581235826856E+03
    6.9000      0.519832828995E+03
    7.0000      0.466491798312E+03
    7.1000      0.444602080033E+03
    7.2000      0.450084096602E+03
    7.3000      0.467266158811E+03
    7.4000      0.478664343663E+03
    7.5000      0.470390950426E+03
    7.6000      0.442611257556E+03
    7.7000      0.407567130041E+03
    7.8000      0.381400978019E+03
    7.9000      0.370835424066E+03
    8.0000      0.369076165212E+03
    8.1000      0.370153907705E+03
    8.2000      0.366457194725E+03
    8.3000      0.351096942333E+03
    8.4000      0.329598971865E+03
    8.5000      0.308167903222E+03
    8.6000      0.288481234240E+03
    8.7000      0.277423770236E+03
    8.8000      0.270955082993E+03
    8.9000      0.255280767536E+03
    9.0000      0.231964561680E+03
    9.1000      0.206848441213E+03
    9.2000      0.181266582143E+03
    9.3000      0.163768333042E+03
    9.4000      0.157729766400E+03
    9.5000      0.155888895401E+03
    9.6000      0.157031758331E+03
    9.7000      0.156274610546E+03
    9.8000      0.143051659371E+03
    9.9000      0.120810347321E+03
   10.0000      0.990845786441E+02
   10.1000      0.814924014824E+02
   10.2000      0.730100357289E+02
   10.3000      0.738892675261E+02
   10.4000      0.760856876853E+02
   10.5000      0.766857097642E+02
   10.6000      0.745665689501E+02
   10.7000      0.661151683914E+02
   10.8000      0.543007920359E+02
   10.9000      0.454577880525E+02
   11.0000      0.410208918953E+02
   11.1000      0.414544927563E+02
   11.2000      0.453207991833E+02
   11.3000      0.475395901583E+02
   11.4000      0.466024610779E+02
   11.5000      0.443467596128E+02
   11.6000      0.410182840983E+02
   11.7000      0.376507568132E+02
   11.8000      0.369846392091E+02
   11.9000      0.386428128241E+02
   12.0000      0.404266649308E+02
   12.1000      0.411576508703E+02
   12.2000      0.396913712596E+02
   12.3000      0.360144959627E+02
   12.4000      0.329753343489E+02
   12.5000      0.322194921062E+02
   12.6000      0.327052475679E+02
   12.7000      0.347775176600E+02
   12.8000      0.383493926915E+02
   12.9000      0.404839254028E+02
   13.0000      0.397354546166E+02
   13.1000      0.373811122700E+02
   13.2000      0.339080408613E+02
   13.3000      0.306919113117E+02
   13.4000      0.294609280253E+02
   13.5000      0.290514272788E+02
   13.6000      0.286507466765E+02
   13.7000      0.293149008240E+02
   13.8000      0.297404898152E+02
   13.9000      0.282222014875E+02
   14.0000      0.262776210154E+02
   14.1000      0.248070325316E+02
   14.2000      0.232829747359E+02
   14.3000      0.221393467919E+02
   14.4000      0.212312531614E+02
   14.5000      0.197035359508E+02
   14.6000      0.184423546922E+02
   14.7000      0.179028866053E+02
   14.8000      0.171397460084E+02
   14.9000      0.166741933782E+02
   15.0000      0.174101433551E+02
   15.1000      0.184230510095E+02
   15.2000      0.188414276990E+02
   15.3000      0.188121096360E+02
   15.4000      0.180355078483E+02
   15.5000      0.166096385842E+02
   15.6000      0.152069283243E+02
   15.7000      0.139022681675E+02
   15.8000      0.127557924405E+02
   15.9000      0.123913289502E+02
   16.0000      0.126474417035E+02
   16.1000      0.129041406083E+02
   16.2000      0.132876573407E+02
   16.3000      0.138729140556E+02
   16.4000      0.144554214689E+02
   16.5000      0.151074064432E+02
   16.6000      0.157381269919E+02
   16.7000      0.159412251960E+02
   16.8000      0.158653467092E+02
   16.9000      0.156116906864E+02
   17.0000      0.149750398918E+02
   17.1000      0.142382064921E+02
   17.2000      0.138592701027E+02
   17.3000      0.138561621885E+02
   17.4000      0.142937942126E+02
   17.5000      0.151112350832E+02
   17.6000      0.157526408686E+02
   17.7000      0.161409525350E+02
   17.8000      0.164793699965E+02
   17.9000      0.164656134521E+02
   18.0000      0.160131139765E+02
   18.1000      0.157075823313E+02
   18.2000      0.156506098715E+02
   18.3000      0.155904757225E+02
   18.4000      0.156007874174E+02
   18.5000      0.155831054652E+02
   18.6000      0.153322331976E+02
   18.7000      0.150499985044E+02
   18.8000      0.147482517513E+02
   18.9000      0.141268939542E+02
   19.0000      0.135356273698E+02
   19.1000      0.133092854556E+02
   19.2000      0.130375199807E+02
   19.3000      0.125329693006E+02
   19.4000      0.121788207704E+02
   19.5000      0.119042892247E+02
   19.6000      0.114747093985E+02
   19.7000      0.110675011244E+02
   19.8000      0.106930082146E+02
   19.9000      0.102656063799E+02
   20.0000      0.998468902486E+01
   20.1000      0.977858738243E+01
   20.2000      0.933633017887E+01
   20.3000      0.895234168046E+01
   20.4000      0.886142398988E+01
   20.5000      0.872964794200E+01
   20.6000      0.850473369587E+01
   20.7000      0.848436108668E+01
   20.8000      0.853974781354E+01
   20.9000      0.850413156554E+01
   21.0000      0.848232802092E+01
   21.1000      0.838628537658E+01
   21.2000      0.821596545135E+01
   21.3000      0.819512103720E+01
   21.4000      0.823900025761E+01
   21.5000      0.816196265950E+01
   21.6000      0.819946119411E+01
   21.7000      0.839893336506E+01
   21.8000      0.852245270548E+01
   21.9000      0.859251763380E+01
   22.0000      0.869043803483E+01
   22.1000      0.872330855956E+01
   22.2000      0.877178129703E+01
   22.3000      0.888849786914E+01
   22.4000      0.889495523801E+01
   22.5000      0.889684845608E+01
   22.6000      0.906867009278E+01
   22.7000      0.923389875043E+01
   22.8000      0.929085245758E+01
   22.9000      0.939224522508E+01
   23.0000      0.945863566595E+01
   23.1000      0.941918817353E+01
   23.2000      0.935689605572E+01
   23.3000      0.915072104045E+01
   23.4000      0.878171403647E+01
   23.5000      0.853492297000E+01
   23.6000      0.838060050725E+01
   23.7000      0.809608739611E+01
   23.8000      0.791069967828E+01
   23.9000      0.795996705933E+01
   24.0000      0.800486301692E+01
   24.1000      0.800279642790E+01
   24.2000      0.802202792153E+01
   24.3000      0.791466473000E+01
   24.4000      0.774272759671E+01
   24.5000      0.760081692625E+01
   24.6000      0.725606800357E+01
   24.7000      0.676904291854E+01
   24.8000      0.648343830939E+01
   24.9000      0.626715559697E+01
   25.0000      0.589927167516E+01
   25.1000      0.565563793949E+01
   25.2000      0.562666702781E+01
   25.3000      0.561242590259E+01
   25.4000      0.565010051455E+01
   25.5000      0.576597651093E+01
   25.6000      0.581836743019E+01
   25.7000      0.591065960120E+01
   25.8000      0.606324268048E+01
   25.9000      0.599810837070E+01
   26.0000      0.579325377634E+01
   26.1000      0.570866840168E+01
   26.2000      0.558348802399E+01
   26.3000      0.529175120190E+01
   26.4000      0.508521181270E+01
   26.5000      0.501074859854E+01
   26.6000      0.498014612525E+01
   26.7000      0.508151927326E+01
   26.8000      0.528994013134E+01
   26.9000      0.551291257723E+01
   27.0000      0.586798192384E+01
   27.1000      0.630537390657E+01
   27.2000      0.657535702193E+01
   27.3000      0.674415506675E+01
   27.4000      0.692558399217E+01
   27.5000      0.696912484587E+01
   27.6000      0.684465902299E+01
   27.7000      0.669655620162E+01
   27.8000      0.651595799663E+01
   27.9000      0.635988555865E+01
   28.0000      0.634542789499E+01
   28.1000      0.638156810512E+01
   28.2000      0.645606245117E+01
   28.3000      0.673491535478E+01
   28.4000      0.712873944097E+01
   28.5000      0.744317591195E+01
   28.6000      0.775622577972E+01
   28.7000      0.807516647306E+01
   28.8000      0.827326399897E+01
   28.9000      0.837572926010E+01
   29.0000      0.838481608461E+01
   29.1000      0.821839827550E+01
   29.2000      0.803489242132E+01
   29.3000      0.793106413927E+01
   29.4000      0.772760779734E+01
   29.5000      0.749551841505E+01
   29.6000      0.748188169979E+01
   29.7000      0.758082929748E+01
   29.8000      0.765128759871E+01
   29.9000      0.782900115055E+01
   30.0000      0.809125112897E+01
   30.1000      0.833238045641E+01
   30.2000      0.860670957924E+01
   30.3000      0.881952439658E+01
   30.4000      0.883724947083E+01
   30.5000      0.886261224929E+01
   30.6000      0.893367537537E+01
   30.7000      0.877332429504E+01
   30.8000      0.849548839151E+01
   30.9000      0.839022861343E+01
   31.0000      0.831007171094E+01
   31.1000      0.813492202859E+01
   31.2000      0.807079639391E+01
   31.3000      0.811450710919E+01
   31.4000      0.818135238232E+01
   31.5000      0.836047172683E+01
   31.6000      0.854963237560E+01
   31.7000      0.862448180772E+01
   31.8000      0.880766062541E+01
   31.9000      0.909071869987E+01
   32.0000      0.914685868439E+01
   32.1000      0.910114152395E+01
   32.2000      0.921933783421E+01
   32.3000      0.928415993950E+01
   32.4000      0.915707572438E+01
   32.5000      0.905983733304E+01
   32.6000      0.898631314466E+01
   32.7000      0.884896121929E+01
   32.8000      0.875701191108E+01
   32.9000      0.865258907474E+01
   33.0000      0.846743686683E+01
   33.1000      0.843912031719E+01
   33.2000      0.856133678646E+01
   33.3000      0.855218127697E+01
   33.4000      0.855771087564E+01
   33.5000      0.879534078193E+01
   33.6000      0.901754240914E+01
   33.7000      0.908308158642E+01
   33.8000      0.917147019186E+01
   33.9000      0.923261711689E+01
   34.0000      0.915521497817E+01
   34.1000      0.901961026173E+01
   34.2000      0.877401261185E+01
   34.3000      0.838347222284E+01
   34.4000      0.806725630443E+01
   34.5000      0.782882872226E+01
   34.6000      0.747958508867E+01
   34.7000      0.719824923166E+01
   34.8000      0.716902999859E+01
   34.9000      0.719393764591E+01
   35.0000      0.719033528696E+01
   35.1000      0.729493835970E+01
   35.2000      0.743085520893E+01
   35.3000      0.749709063993E+01
   35.4000      0.752923883208E+01
   35.5000      0.743657202727E+01
   35.6000      0.718089052301E+01
   35.7000      0.692403325551E+01
   35.8000      0.663699422582E+01
   35.9000      0.618627990328E+01
   36.0000      0.574940192632E+01
   36.1000      0.547082728640E+01
   36.2000      0.522287630289E+01
   36.3000      0.499979324861E+01
   36.4000      0.491832875172E+01
   36.5000      0.492016294909E+01
   36.6000      0.496098725148E+01
   36.7000      0.506036445562E+01
   36.8000      0.510469292683E+01
   36.9000      0.505961499923E+01
   37.0000      0.503145879461E+01
   37.1000      0.494392350756E+01
   37.2000      0.467840676716E+01
   37.3000      0.437610907133E+01
   37.4000      0.412514168208E+01
   37.5000      0.383597543012E+01
   37.6000      0.354435828233E+01
   37.7000      0.334918046853E+01
   37.8000      0.322411571018E+01
   37.9000      0.318370535925E+01
   38.0000      0.325460916946E+01
   38.1000      0.333777231575E+01
   38.2000      0.342323229953E+01
   38.3000      0.358446285640E+01
   38.4000      0.372019600529E+01
   38.5000      0.372016452829E+01
   38.6000      0.367827275167E+01
   38.7000      0.362357861071E+01
   38.8000      0.347263416436E+01
   38.9000      0.326088523027E+01
   39.0000      0.305856545592E+01
   39.1000      0.285822135023E+01
   39.2000      0.270774452806E+01
   39.3000      0.264746867281E+01
   39.4000      0.261870350366E+01
   39.5000      0.265014867896E+01
   39.6000      0.281125610343E+01
   39.7000      0.301488824855E+01
   39.8000      0.317650230899E+01
   39.9000      0.335718234836E+01
   40.0000      0.354316579368E+01
   40.1000      0.364079271321E+01
   40.2000      0.365472776405E+01
   40.3000      0.360923203813E+01
   40.4000      0.348247183999E+01
   40.5000      0.330959802918E+01
   40.6000      0.312415117733E+01
   40.7000      0.290011936342E+01
   40.8000      0.269457797610E+01
   40.9000      0.258775996316E+01
   41.0000      0.254132336425E+01
   41.1000      0.252700440368E+01
   41.2000      0.261256710931E+01
   41.3000      0.278842059402E+01
   41.4000      0.297854863338E+01
   41.5000      0.317169314566E+01
   41.6000      0.335588508454E+01
   41.7000      0.348033831919E+01
   41.8000      0.353408257125E+01
   41.9000      0.350845466931E+01
   42.0000      0.336464287863E+01
   42.1000      0.313743382024E+01
   42.2000      0.288390533485E+01
   42.3000      0.259290433055E+01
   42.4000      0.227941039748E+01
   42.5000      0.202891433950E+01
   42.6000      0.186890330060E+01
   42.7000      0.178263860855E+01
   42.8000      0.179287480776E+01
   42.9000      0.190369328260E+01
   43.0000      0.208050356065E+01
   43.1000      0.230339940598E+01
   43.2000      0.253765021600E+01
   43.3000      0.271933559124E+01
   43.4000      0.283719989992E+01
   43.5000      0.289086760298E+01
   43.6000      0.283651987329E+01
   43.7000      0.266674477645E+01
   43.8000      0.243694249136E+01
   43.9000      0.217068350588E+01
   44.0000      0.187738203481E+01
   44.1000      0.160906561592E+01
   44.2000      0.140576718537E+01
   44.3000      0.128342396205E+01
   44.4000      0.126662020697E+01
   44.5000      0.135536137496E+01
   44.6000      0.151509767246E+01
   44.7000      0.174216576918E+01
   44.8000      0.202123141980E+01
   44.9000      0.228558479135E+01
   45.0000      0.249383435736E+01
   45.1000      0.265104567807E+01
   45.2000      0.273180406422E+01
   45.3000      0.270513618576E+01
   45.4000      0.259171750963E+01
   45.5000      0.241579866843E+01
   45.6000      0.219415726211E+01
   45.7000      0.196517537200E+01
   45.8000      0.176193139497E+01
   45.9000      0.159685771635E+01
   46.0000      0.150821235590E+01
   46.1000      0.151930075893E+01
   46.2000      0.160306124196E+01
   46.3000      0.174401676936E+01
   46.4000      0.194946353579E+01
   46.5000      0.218401718260E+01
   46.6000      0.239543536323E+01
   46.7000      0.256964880978E+01
   46.8000      0.269035522980E+01
   46.9000      0.273302441132E+01
   47.0000      0.269677076289E+01
   47.1000      0.258979725040E+01
   47.2000      0.241609245226E+01
   47.3000      0.221040800777E+01
   47.4000      0.200645416921E+01
   47.5000      0.181011848413E+01
   47.6000      0.164355838809E+01
   47.7000      0.154325284421E+01
   47.8000      0.150910662533E+01
   47.9000      0.152514813753E+01
   48.0000      0.159396638912E+01
   48.1000      0.170102858836E+01
   48.2000      0.182034551907E+01
   48.3000      0.193636116342E+01
   48.4000      0.202800734332E+01
   48.5000      0.207080888030E+01
   48.6000      0.207043944627E+01
   48.7000      0.203008397912E+01
   48.8000      0.193605341762E+01
   48.9000      0.180248668942E+01
   49.0000      0.165960253317E+01
   49.1000      0.151447909965E+01
   49.2000      0.137420137575E+01
   49.3000      0.126117144620E+01
   49.4000      0.117858807343E+01
   49.5000      0.112989879407E+01
   49.6000      0.112427267880E+01
   49.7000      0.114561682671E+01
   49.8000      0.117446154000E+01
   49.9000      0.122392168592E+01
   50.0000      0.128686955217E+01
   50.1000      0.132785750637E+01
   50.2000      0.134869658392E+01
   50.3000      0.136643683772E+01
   50.4000      0.136681567078E+01
   50.5000      0.134241532076E+01
   50.6000      0.131090224287E+01
   50.7000      0.127161412302E+01
   50.8000      0.122969921900E+01
   50.9000      0.120293422457E+01
   51.0000      0.118098680689E+01
   51.1000      0.115451640281E+01
   51.2000      0.115450373861E+01
   51.3000      0.118217250367E+01
   51.4000      0.119940309624E+01
   51.5000      0.121695179974E+01
   51.6000      0.126305724586E+01
   51.7000      0.131321534650E+01
   51.8000      0.134618467924E+01
   51.9000      0.138480274716E+01
   52.0000      0.142941741167E+01
   52.1000      0.146659498318E+01
   52.2000      0.150476364275E+01
   52.3000      0.154088042445E+01
   52.4000      0.156439880942E+01
   52.5000      0.159610144727E+01
   52.6000      0.163810231301E+01
   52.7000      0.165763250041E+01
   52.8000      0.166662671365E+01
   52.9000      0.169574256980E+01
   53.0000      0.172056669241E+01
   53.1000      0.171729578962E+01
   53.2000      0.171742710520E+01
   53.3000      0.173012461817E+01
   53.4000      0.173090383401E+01
   53.5000      0.172412791525E+01
   53.6000      0.172620339441E+01
   53.7000      0.173039030740E+01
   53.8000      0.173735753503E+01
   53.9000      0.175349334427E+01
   54.0000      0.176680713636E+01
   54.1000      0.177980456620E+01
   54.2000      0.180511688105E+01
   54.3000      0.182863314596E+01
   54.4000      0.183425856869E+01
   54.5000      0.183819132385E+01
   54.6000      0.184347546127E+01
   54.7000      0.183107048966E+01
   54.8000      0.180193944969E+01
   54.9000      0.177028849414E+01
   55.0000      0.173338944146E+01
   55.1000      0.168736795292E+01
   55.2000      0.164128414203E+01
   55.3000      0.159976970715E+01
   55.4000      0.156484276647E+01
   55.5000      0.153880685948E+01
   55.6000      0.152428466464E+01
   55.7000      0.152209592188E+01
   55.8000      0.153104865431E+01
   55.9000      0.154585433764E+01
   56.0000      0.156806945881E+01
   56.1000      0.159673004758E+01
   56.2000      0.161881890974E+01
   56.3000      0.163198473817E+01
   56.4000      0.164526566609E+01
   56.5000      0.165205955258E+01
   56.6000      0.164065629705E+01
   56.7000      0.162300258020E+01
   56.8000      0.160640553403E+01
   56.9000      0.158436118084E+01
   57.0000      0.156109114791E+01
   57.1000      0.154503098870E+01
   57.2000      0.153293819322E+01
   57.3000      0.153281514470E+01
   57.4000      0.155139398693E+01
   57.5000      0.157100398905E+01
   57.6000      0.159253257452E+01
   57.7000      0.163841691631E+01
   57.8000      0.169261697003E+01
   57.9000      0.172462429254E+01
   58.0000      0.175736560224E+01
   58.1000      0.180680315386E+01
   58.2000      0.183802226857E+01
   58.3000      0.184161815255E+01
   58.4000      0.184961246396E+01
   58.5000      0.185828548842E+01
   58.6000      0.184704580969E+01
   58.7000      0.183030130310E+01
   58.8000      0.181765744030E+01
   58.9000      0.180273887141E+01
   59.0000      0.179607639077E+01
   59.1000      0.179991731140E+01
   59.2000      0.179634526544E+01
   59.3000      0.180194884329E+01
   59.4000      0.183438688736E+01
   59.5000      0.186047125936E+01
   59.6000      0.186569436440E+01
   59.7000      0.188762662351E+01
   59.8000      0.192095429285E+01
   59.9000      0.192162726609E+01
   60.0000      0.190354910941E+01
   60.1000      0.189758361620E+01
   60.2000      0.188146167987E+01
   60.3000      0.183879027663E+01
   60.4000      0.179570382940E+01
   60.5000      0.175817078796E+01
   60.6000      0.171706787350E+01
   60.7000      0.168244308007E+01
   60.8000      0.165650142858E+01
   60.9000      0.163200001948E+01
   61.0000      0.162404985563E+01
   61.1000      0.163400641012E+01
   61.2000      0.163390326131E+01
   61.3000      0.162838435251E+01
   61.4000      0.163937444773E+01
   61.5000      0.164397342752E+01
   61.6000      0.161642090427E+01
   61.7000      0.158126189379E+01
   61.8000      0.154935746337E+01
   61.9000      0.149561569257E+01
   62.0000      0.142138499003E+01
   62.1000      0.135236332755E+01
   62.2000      0.128815805423E+01
   62.3000      0.122248100502E+01
   62.4000      0.116804378365E+01
   62.5000      0.112961236248E+01
   62.6000      0.110518846482E+01
   62.7000      0.109954759081E+01
   62.8000      0.110888220335E+01
   62.9000      0.112060641789E+01
   63.0000      0.113884002345E+01
   63.1000      0.116387880706E+01
   63.2000      0.117735666102E+01
   63.3000      0.117271770600E+01
   63.4000      0.116109339472E+01
   63.5000      0.113889080852E+01
   63.6000      0.109525556043E+01
   63.7000      0.103941124106E+01
   63.8000      0.982959322054E+00
   63.9000      0.925311757360E+00
   64.0000      0.868186639344E+00
   64.1000      0.822573970529E+00
   64.2000      0.792868134618E+00
   64.3000      0.778861732405E+00
   64.4000      0.781379000894E+00
   64.5000      0.800998433411E+00
   64.6000      0.834652312315E+00
   64.7000      0.877139916507E+00
   64.8000      0.923915691527E+00
   64.9000      0.971094958417E+00
   65.0000      0.101405009179E+01
   65.1000      0.104645626850E+01
   65.2000      0.106779255201E+01
   65.3000      0.107859309834E+01
   65.4000      0.107712813650E+01
   65.5000      0.106369263124E+01
   65.6000      0.104422921001E+01
   65.7000      0.102161590901E+01
   65.8000      0.998069887003E+00
   65.9000      0.978794631418E+00
   66.0000      0.965462017246E+00
   66.1000      0.959413467764E+00
   66.2000      0.965660616797E+00
   66.3000      0.983227299784E+00
   66.4000      0.100377161200E+01
   66.5000      0.103097987417E+01
   66.6000      0.106850028500E+01
   66.7000      0.110396504962E+01
   66.8000      0.112925658042E+01
   66.9000      0.115401881917E+01
   67.0000      0.117660656895E+01
   67.1000      0.118323962749E+01
   67.2000      0.117720804650E+01
   67.3000      0.116819883754E+01
   67.4000      0.115208599602E+01
   67.5000      0.112610910220E+01
   67.6000      0.109866349637E+01
   67.7000      0.107124803311E+01
   67.8000      0.104469204770E+01
   67.9000      0.102423639383E+01
   68.0000      0.100778225292E+01
   68.1000      0.991315741699E+00
   68.2000      0.982906050049E+00
   68.3000      0.982685850017E+00
   68.4000      0.977279004323E+00
   68.5000      0.968218123187E+00
   68.6000      0.965007458562E+00
   68.7000      0.959850748101E+00
   68.8000      0.943329932801E+00
   68.9000      0.924958950867E+00
   69.0000      0.909110115336E+00
   69.1000      0.889487301183E+00
   69.2000      0.867357797716E+00
   69.3000      0.849199493130E+00
   69.4000      0.834186252997E+00
   69.5000      0.822303134462E+00
   69.6000      0.815372459617E+00
   69.7000      0.810247212257E+00
   69.8000      0.806349385458E+00
   69.9000      0.804911234951E+00
   70.0000      0.802429472975E+00
   70.1000      0.795106942370E+00
   70.2000      0.785307613985E+00
   70.3000      0.772345865170E+00
   70.4000      0.755952659182E+00
   70.5000      0.739248287569E+00
   70.6000      0.722752134386E+00
   70.7000      0.707254965047E+00
   70.8000      0.699658716234E+00
   70.9000      0.701637613723E+00
   71.0000      0.708029889769E+00
   71.1000      0.722470235148E+00
   71.2000      0.748225010635E+00
   71.3000      0.778773619719E+00
   71.4000      0.809532503873E+00
   71.5000      0.841320995570E+00
   71.6000      0.868103441193E+00
   71.7000      0.887898300840E+00
   71.8000      0.902944555767E+00
   71.9000      0.905067113445E+00
   72.0000      0.892013693935E+00
   72.1000      0.879095248034E+00
   72.2000      0.866551986299E+00
   72.3000      0.839725554652E+00
   72.4000      0.812895701034E+00
   72.5000      0.805934593526E+00
   72.6000      0.804735944384E+00
   72.7000      0.799251730877E+00
   72.8000      0.810910241619E+00
   72.9000      0.842299294155E+00
   73.0000      0.873391618760E+00
   73.1000      0.905173155747E+00
   73.2000      0.944929642805E+00
   73.3000      0.982073178397E+00
   73.4000      0.101264893267E+01
   73.5000      0.103872334842E+01
   73.6000      0.104856329382E+01
   73.7000      0.104511477017E+01
   73.8000      0.104310325191E+01
   73.9000      0.102987927117E+01
   74.0000      0.993414052755E+00
   74.1000      0.961157614093E+00
   74.2000      0.943709175365E+00
   74.3000      0.914939393214E+00
   74.4000      0.880260306763E+00
   74.5000      0.870248126295E+00
   74.6000      0.875426603272E+00
   74.7000      0.874943774091E+00
   74.8000      0.884439010852E+00
   74.9000      0.912550862167E+00
   75.0000      0.942750727735E+00
   75.1000      0.970823306140E+00
   75.2000      0.100104387309E+01
   75.3000      0.102456597740E+01
   75.4000      0.104086839624E+01
   75.5000      0.105323219618E+01
   75.6000      0.104916689766E+01
   75.7000      0.102785262615E+01
   75.8000      0.100679439351E+01
   75.9000      0.982635684959E+00
   76.0000      0.941957880691E+00
   76.1000      0.901260311147E+00
   76.2000      0.876068737891E+00
   76.3000      0.854950919213E+00
   76.4000      0.834843638049E+00
   76.5000      0.831493746994E+00
   76.6000      0.844524707229E+00
   76.7000      0.863313196702E+00
   76.8000      0.888653195709E+00
   76.9000      0.920498049655E+00
   77.0000      0.951838455083E+00
   77.1000      0.979287921731E+00
   77.2000      0.100013655322E+01
   77.3000      0.100851203442E+01
   77.4000      0.100563483809E+01
   77.5000      0.993474560630E+00
   77.6000      0.970465595076E+00
   77.7000      0.939240669418E+00
   77.8000      0.905940539097E+00
   77.9000      0.872700375163E+00
   78.0000      0.844177982948E+00
   78.1000      0.825536902501E+00
   78.2000      0.814651180557E+00
   78.3000      0.812978633130E+00
   78.4000      0.825984858149E+00
   78.5000      0.848644160159E+00
   78.6000      0.872055847384E+00
   78.7000      0.899462195432E+00
   78.8000      0.930177616391E+00
   78.9000      0.954304168296E+00
   79.0000      0.969365419266E+00
   79.1000      0.978092414279E+00
   79.2000      0.976969414763E+00
   79.3000      0.966737296431E+00
   79.4000      0.951697526287E+00
   79.5000      0.928123752751E+00
   79.6000      0.899459945875E+00
   79.7000      0.877693073910E+00
   79.8000      0.859766624483E+00
   79.9000      0.837345939102E+00
   80.0000      0.823992802296E+00
   80.1000      0.827816142191E+00
   80.2000      0.833507238925E+00
   80.3000      0.837913714208E+00
   80.4000      0.855815282524E+00
   80.5000      0.882589549938E+00
   80.6000      0.903228678002E+00
   80.7000      0.922405750319E+00
   80.8000      0.945098341758E+00
   80.9000      0.962766132834E+00
   81.0000      0.972260702797E+00
   81.1000      0.976905861668E+00
   81.2000      0.973061342760E+00
   81.3000      0.962277630971E+00
   81.4000      0.949473575406E+00
   81.5000      0.929607966926E+00
   81.6000      0.902109707434E+00
   81.7000      0.879649265299E+00
   81.8000      0.863354161615E+00
   81.9000      0.843543403217E+00
   82.0000      0.827948742040E+00
   82.1000      0.827734949623E+00
   82.2000      0.834956136321E+00
   82.3000      0.842118019898E+00
   82.4000      0.858077412168E+00
   82.5000      0.883571742171E+00
   82.6000      0.907520129190E+00
   82.7000      0.927299250956E+00
   82.8000      0.946650581617E+00
   82.9000      0.961440075404E+00
   83.0000      0.966456435805E+00
   83.1000      0.963413023309E+00
   83.2000      0.953504158356E+00
   83.3000      0.936721190432E+00
   83.4000      0.915023072619E+00
   83.5000      0.891476286325E+00
   83.6000      0.867410774697E+00
   83.7000      0.846293483947E+00
   83.8000      0.830943250691E+00
   83.9000      0.821050018207E+00
   84.0000      0.816348836279E+00
   84.1000      0.819156653958E+00
   84.2000      0.828655087145E+00
   84.3000      0.839665112072E+00
   84.4000      0.851592440038E+00
   84.5000      0.866558249232E+00
   84.6000      0.880714696078E+00
   84.7000      0.888154033078E+00
   84.8000      0.892904846294E+00
   84.9000      0.898254200112E+00
   85.0000      0.898340378567E+00
   85.1000      0.891376030635E+00
   85.2000      0.885405013042E+00
   85.3000      0.881042290727E+00
   85.4000      0.871871627453E+00
   85.5000      0.860792588770E+00
   85.6000      0.853118267324E+00
   85.7000      0.845783646112E+00
   85.8000      0.836219974539E+00
   85.9000      0.827973045121E+00
   86.0000      0.820681763661E+00
   86.1000      0.813929370297E+00
   86.2000      0.810092980072E+00
   86.3000      0.807767466637E+00
   86.4000      0.805284261939E+00
   86.5000      0.808051275426E+00
   86.6000      0.816540904758E+00
   86.7000      0.823541689493E+00
   86.8000      0.830940530797E+00
   86.9000      0.844047095117E+00
   87.0000      0.857155644149E+00
   87.1000      0.864230353992E+00
   87.2000      0.869933915377E+00
   87.3000      0.874512583616E+00
   87.4000      0.873144333642E+00
   87.5000      0.866740651124E+00
   87.6000      0.857444055771E+00
   87.7000      0.844179699552E+00
   87.8000      0.830136468461E+00
   87.9000      0.817965761766E+00
   88.0000      0.804396140504E+00
   88.1000      0.792435127075E+00
   88.2000      0.788067617530E+00
   88.3000      0.787878824258E+00
   88.4000      0.787547518918E+00
   88.5000      0.792264534118E+00
   88.6000      0.802193287455E+00
   88.7000      0.811749497741E+00
   88.8000      0.820925831796E+00
   88.9000      0.830241883956E+00
   89.0000      0.836566992587E+00
   89.1000      0.841658820913E+00
   89.2000      0.846297285735E+00
   89.3000      0.844315433573E+00
   89.4000      0.838631554757E+00
   89.5000      0.836690950861E+00
   89.6000      0.832782377104E+00
   89.7000      0.821160360600E+00
   89.8000      0.811760915581E+00
   89.9000      0.807441504586E+00
   90.0000      0.799312079452E+00
   90.1000      0.789021581225E+00
   90.2000      0.783396184157E+00
   90.3000      0.779271580660E+00
   90.4000      0.775493441339E+00
   90.5000      0.775544246629E+00
   90.6000      0.775301572959E+00
   90.7000      0.775836165233E+00
   90.8000      0.784170459807E+00
   90.9000      0.793186984170E+00
   91.0000      0.794121494647E+00
   91.1000      0.798825086361E+00
   91.2000      0.810653820985E+00
   91.3000      0.812455759978E+00
   91.4000      0.804358001319E+00
   91.5000      0.801811325408E+00
   91.6000      0.798923315498E+00
   91.7000      0.784118823875E+00
   91.8000      0.767493077240E+00
   91.9000      0.755702497547E+00
   92.0000      0.742741360282E+00
   92.1000      0.730580454832E+00
   92.2000      0.723767377436E+00
   92.3000      0.718456403610E+00
   92.4000      0.718911979298E+00
   92.5000      0.729320411334E+00
   92.6000      0.738349882014E+00
   92.7000      0.743728370830E+00
   92.8000      0.758083130868E+00
   92.9000      0.775158152586E+00
   93.0000      0.778635733613E+00
   93.1000      0.777731302374E+00
   93.2000      0.782695450286E+00
   93.3000      0.780608964105E+00
   93.4000      0.766263762024E+00
   93.5000      0.753579480288E+00
   93.6000      0.744074001732E+00
   93.7000      0.730341981685E+00
   93.8000      0.716869040415E+00
   93.9000      0.708356859031E+00
   94.0000      0.702426109662E+00
   94.1000      0.700714036349E+00
   94.2000      0.704164579659E+00
   94.3000      0.707381053983E+00
   94.4000      0.712623473316E+00
   94.5000      0.723760574176E+00
   94.6000      0.734014934124E+00
   94.7000      0.739084190810E+00
   94.8000      0.745882295925E+00
   94.9000      0.754342368420E+00
   95.0000      0.757511637291E+00
   95.1000      0.757122479930E+00
   95.2000      0.757396071783E+00
   95.3000      0.755965927889E+00
   95.4000      0.751231699621E+00
   95.5000      0.745448369646E+00
   95.6000      0.738171022115E+00
   95.7000      0.729683997957E+00
   95.8000      0.721167984763E+00
   95.9000      0.712238971253E+00
   96.0000      0.703099445082E+00
   96.1000      0.695781994749E+00
   96.2000      0.690291097807E+00
   96.3000      0.687279431160E+00
   96.4000      0.688264005298E+00
   96.5000      0.690911145700E+00
   96.6000      0.695358909632E+00
   96.7000      0.705179397692E+00
   96.8000      0.716943698184E+00
   96.9000      0.723916514378E+00
   97.0000      0.730845604104E+00
   97.1000      0.740647481077E+00
   97.2000      0.744107382474E+00
   97.3000      0.738636691761E+00
   97.4000      0.733286190081E+00
   97.5000      0.727287168039E+00
   97.6000      0.713695097115E+00
   97.7000      0.697508603764E+00
   97.8000      0.684710298216E+00
   97.9000      0.672900862601E+00
   98.0000      0.662283501422E+00
   98.1000      0.656529547575E+00
   98.2000      0.653794515378E+00
   98.3000      0.655105201584E+00
   98.4000      0.663020041650E+00
   98.5000      0.671687101037E+00
   98.6000      0.677581739048E+00
   98.7000      0.687646415407E+00
   98.8000      0.700190634326E+00
   98.9000      0.704234207528E+00
   99.0000      0.703503596865E+00
   99.1000      0.707038603000E+00
   99.2000      0.708128370382E+00
   99.3000      0.699973478770E+00
   99.4000      0.692490745244E+00
   99.5000      0.690331973860E+00
   99.6000      0.685543543113E+00
   99.7000      0.677747803616E+00
   99.8000      0.674943534573E+00
   99.9000      0.676042580255E+00
  100.0000      0.675623299394E+00
  100.1000      0.675949744276E+00
  100.2000      0.679627587366E+00
  100.3000      0.684095790653E+00
  100.4000      0.687502124813E+00
  100.5000      0.691553295409E+00
  100.6000      0.695904730803E+00
  100.7000      0.699681298301E+00
  100.8000      0.703072290410E+00
  100.9000      0.705906742205E+00
  101.0000      0.707290155835E+00
  101.1000      0.708263835341E+00
  101.2000      0.709217619845E+00
  101.3000      0.707627962953E+00
  101.4000      0.703942136520E+00
  101.5000      0.701552235089E+00
  101.6000      0.699317638378E+00
  101.7000      0.693315896375E+00
  101.8000      0.688095185948E+00
  101.9000      0.688274804423E+00
  102.0000      0.688465681639E+00
  102.1000      0.686026869031E+00
  102.2000      0.689668052436E+00
  102.3000      0.700111017711E+00
  102.4000      0.707316813609E+00
  102.5000      0.712970206511E+00
  102.6000      0.725375229629E+00
  102.7000      0.738533915045E+00
  102.8000      0.743689236970E+00
  102.9000      0.747117741478E+00
  103.0000      0.752337014452E+00
  103.1000      0.752151068492E+00
  103.2000      0.745351700779E+00
  103.3000      0.737802347662E+00
  103.4000      0.728943562819E+00
  103.5000      0.717842443967E+00
  103.6000      0.707700440828E+00
  103.7000      0.697877977977E+00
  103.8000      0.688656058646E+00
  103.9000      0.685069216561E+00
  104.0000      0.685750411472E+00
  104.1000      0.684742120141E+00
  104.2000      0.687107835691E+00
  104.3000      0.697195464057E+00
  104.4000      0.706882463979E+00
  104.5000      0.712532445657E+00
  104.6000      0.722187947269E+00
  104.7000      0.735174662526E+00
  104.8000      0.743089714582E+00
  104.9000      0.747943900554E+00
  105.0000      0.754877271703E+00
  105.1000      0.760280649102E+00
  105.2000      0.760833787751E+00
  105.3000      0.759649704898E+00
  105.4000      0.756880528317E+00
  105.5000      0.750996572713E+00
  105.6000      0.742725971623E+00
  105.7000      0.732387317417E+00
  105.8000      0.719457573612E+00
  105.9000      0.706065104664E+00
  106.0000      0.693332532363E+00
  106.1000      0.680364426261E+00
  106.2000      0.668950185485E+00
  106.3000      0.661156562690E+00
  106.4000      0.656794710535E+00
  106.5000      0.655722093230E+00
  106.6000      0.658974852660E+00
  106.7000      0.665426579947E+00
  106.8000      0.674602798383E+00
  106.9000      0.686204060689E+00
  107.0000      0.697940854417E+00
  107.1000      0.708001918328E+00
  107.2000      0.717112772355E+00
  107.3000      0.724170631791E+00
  107.4000      0.726555139821E+00
  107.5000      0.725219030605E+00
  107.6000      0.721369401465E+00
  107.7000      0.714419810482E+00
  107.8000      0.704618260646E+00
  107.9000      0.693779281570E+00
  108.0000      0.681892119931E+00
  108.1000      0.670163650981E+00
  108.2000      0.660147650745E+00
  108.3000      0.650784261316E+00
  108.4000      0.641785880062E+00
  108.5000      0.635975456795E+00
  108.6000      0.633174523104E+00
  108.7000      0.630029578474E+00
  108.8000      0.628343838602E+00
  108.9000      0.630979669704E+00
  109.0000      0.635337759149E+00
  109.1000      0.638613637981E+00
  109.2000      0.644210208793E+00
  109.3000      0.653128148368E+00
  109.4000      0.661229673988E+00
  109.5000      0.667281974881E+00
  109.6000      0.674308098008E+00
  109.7000      0.681218443098E+00
  109.8000      0.683664716943E+00
  109.9000      0.682617804869E+00
  110.0000      0.681053200037E+00
  110.1000      0.676984600937E+00
  110.2000      0.667573774316E+00
  110.3000      0.656918390957E+00
  110.4000      0.648075074028E+00
  110.5000      0.638308736618E+00
  110.6000      0.627323752092E+00
  110.7000      0.620218688545E+00
  110.8000      0.617384628868E+00
  110.9000      0.615498651687E+00
  111.0000      0.615966616140E+00
  111.1000      0.620253354453E+00
  111.2000      0.625966748657E+00
  111.3000      0.632138758061E+00
  111.4000      0.638952610131E+00
  111.5000      0.643028017210E+00
  111.6000      0.645363092380E+00
  111.7000      0.649024834190E+00
  111.8000      0.649004615688E+00
  111.9000      0.642007840895E+00
  112.0000      0.637214464449E+00
  112.1000      0.636284055547E+00
  112.2000      0.628036093470E+00
  112.3000      0.616001319221E+00
  112.4000      0.613341598811E+00
  112.5000      0.613196176342E+00
  112.6000      0.604029248155E+00
  112.7000      0.597711151197E+00
  112.8000      0.602452618813E+00
  112.9000      0.604708671990E+00
  113.0000      0.600505073434E+00
  113.1000      0.603317051851E+00
  113.2000      0.612345565528E+00
  113.3000      0.616602768785E+00
  113.4000      0.619642158508E+00
  113.5000      0.627474725596E+00
  113.6000      0.635079974014E+00
  113.7000      0.639773556311E+00
  113.8000      0.644316753621E+00
  113.9000      0.646095930671E+00
  114.0000      0.644926421219E+00
  114.1000      0.644045050098E+00
  114.2000      0.639378765808E+00
  114.3000      0.627764535422E+00
  114.4000      0.617938866105E+00
  114.5000      0.612126930986E+00
  114.6000      0.600850482732E+00
  114.7000      0.587611351298E+00
  114.8000      0.584857907879E+00
  114.9000      0.587562728181E+00
  115.0000      0.585211524508E+00
  115.1000      0.587636996917E+00
  115.2000      0.602830784128E+00
  115.3000      0.617586096330E+00
  115.4000      0.624862781803E+00
  115.5000      0.637510252226E+00
  115.6000      0.655939877134E+00
  115.7000      0.664039145622E+00
  115.8000      0.662985005402E+00
  115.9000      0.666435704156E+00
  116.0000      0.668564927562E+00
  116.1000      0.657148011518E+00
  116.2000      0.642391519009E+00
  116.3000      0.634686360050E+00
  116.4000      0.624238568443E+00
  116.5000      0.606433626853E+00
  116.6000      0.593987811777E+00
  116.7000      0.589139950956E+00
  116.8000      0.582682976899E+00
  116.9000      0.576771138112E+00
  117.0000      0.577667802829E+00
  117.1000      0.581656840909E+00
  117.2000      0.586519730717E+00
  117.3000      0.594841300799E+00
  117.4000      0.603043421001E+00
  117.5000      0.611126528988E+00
  117.6000      0.624354665683E+00
  117.7000      0.636832199655E+00
  117.8000      0.640960459868E+00
  117.9000      0.647413478802E+00
  118.0000      0.660188418487E+00
  118.1000      0.662687134039E+00
  118.2000      0.654537703099E+00
  118.3000      0.654246894830E+00
  118.4000      0.656084498774E+00
  118.5000      0.641796002890E+00
  118.6000      0.624186337798E+00
  118.7000      0.619500611113E+00
  118.8000      0.613001098867E+00
  118.9000      0.595550997930E+00
  119.0000      0.586570218225E+00
  119.1000      0.591234770224E+00
  119.2000      0.592752606651E+00
  119.3000      0.592063402760E+00
  119.4000      0.603314035124E+00
  119.5000      0.621055317473E+00
  119.6000      0.633102188003E+00
  119.7000      0.644409029866E+00
  119.8000      0.659845402264E+00
  119.9000      0.671755631445E+00
  120.0000      0.675650974352E+00
  120.1000      0.676445626538E+00
  120.2000      0.674653141844E+00
  120.3000      0.667072010575E+00
  120.4000      0.655061136953E+00
  120.5000      0.641779494567E+00
  120.6000      0.627554557993E+00
  120.7000      0.613458115463E+00
  120.8000      0.601577051111E+00
  120.9000      0.591250048771E+00
  121.0000      0.583403731286E+00
  121.1000      0.580886832249E+00
  121.2000      0.581987862492E+00
  121.3000      0.582535445059E+00
  121.4000      0.586482362704E+00
  121.5000      0.596755504390E+00
  121.6000      0.605635363263E+00
  121.7000      0.610144075582E+00
  121.8000      0.619778469273E+00
  121.9000      0.633692446651E+00
  122.0000      0.639159592930E+00
  122.1000      0.640141568054E+00
  122.2000      0.648594184011E+00
  122.3000      0.655541592236E+00
  122.4000      0.649238412054E+00
  122.5000      0.642370099506E+00
  122.6000      0.642755729379E+00
  122.7000      0.635716864567E+00
  122.8000      0.618262464766E+00
  122.9000      0.606869267214E+00
  123.0000      0.601547160921E+00
  123.1000      0.589621361305E+00
  123.2000      0.577261105546E+00
  123.3000      0.575971663135E+00
  123.4000      0.579656874092E+00
  123.5000      0.581544557254E+00
  123.6000      0.588758541881E+00
  123.7000      0.603533443826E+00
  123.8000      0.618715063093E+00
  123.9000      0.631915356194E+00
  124.0000      0.645831920099E+00
  124.1000      0.658217115394E+00
  124.2000      0.665249929676E+00
  124.3000      0.667052769809E+00
  124.4000      0.664546254098E+00
  124.5000      0.657385445506E+00
  124.6000      0.645417119746E+00
  124.7000      0.630566975559E+00
  124.8000      0.614596831203E+00
  124.9000      0.598533670124E+00
  125.0000      0.583144757787E+00
  125.1000      0.570520574695E+00
  125.2000      0.561455876168E+00
  125.3000      0.555711159223E+00
  125.4000      0.553681687175E+00
  125.5000      0.555197464057E+00
  125.6000      0.559334271269E+00
  125.7000      0.566527773158E+00
  125.8000      0.576455429197E+00
  125.9000      0.585669137760E+00
  126.0000      0.595113733949E+00
  126.1000      0.607797757521E+00
  126.2000      0.619519295138E+00
  126.3000      0.625505934585E+00
  126.4000      0.631993666941E+00
  126.5000      0.641091575693E+00
  126.6000      0.642837938095E+00
  126.7000      0.636648342278E+00
  126.8000      0.633299089337E+00
  126.9000      0.629754929678E+00
  127.0000      0.615195468528E+00
  127.1000      0.597453723380E+00
  127.2000      0.587033020942E+00
  127.3000      0.576016823409E+00
  127.4000      0.559133076075E+00
  127.5000      0.549075652179E+00
  127.6000      0.550116886937E+00
  127.7000      0.551848561527E+00
  127.8000      0.554335692882E+00
  127.9000      0.567237382179E+00
  128.0000      0.587060164276E+00
  128.1000      0.603598603949E+00
  128.2000      0.619358592410E+00
  128.3000      0.638841306763E+00
  128.4000      0.654941308390E+00
  128.5000      0.660966270212E+00
  128.6000      0.662541749852E+00
  128.7000      0.662644720338E+00
  128.8000      0.654683280894E+00
  128.9000      0.637750663006E+00
  129.0000      0.620796099571E+00
  129.1000      0.605165194957E+00
  129.2000      0.584835721395E+00
  129.3000      0.563849849321E+00
  129.4000      0.550159555161E+00
  129.5000      0.540672816009E+00
  129.6000      0.530678770820E+00
  129.7000      0.525834481985E+00
  129.8000      0.528487677566E+00
  129.9000      0.533602785596E+00
  130.0000      0.540517880977E+00
  130.1000      0.551955676850E+00
  130.2000      0.565709866034E+00
  130.3000      0.581001540948E+00
  130.4000      0.598912292777E+00
  130.5000      0.615166569474E+00
  130.6000      0.628825197323E+00
  130.7000      0.644798949034E+00
  130.8000      0.659075185764E+00
  130.9000      0.662880922447E+00
  131.0000      0.662721417426E+00
  131.1000      0.664776989230E+00
  131.2000      0.658125907282E+00
  131.3000      0.638741149577E+00
  131.4000      0.621360029943E+00
  131.5000      0.608078184851E+00
  131.6000      0.586129802367E+00
  131.7000      0.561352176713E+00
  131.8000      0.549402243577E+00
  131.9000      0.544771410575E+00
  132.0000      0.536963911280E+00
  132.1000      0.536937133882E+00
  132.2000      0.552617708559E+00
  132.3000      0.571221153459E+00
  132.4000      0.585927892472E+00
  132.5000      0.607518809449E+00
  132.6000      0.635413551310E+00
  132.7000      0.654646667638E+00
  132.8000      0.664788812382E+00
  132.9000      0.676643039321E+00
  133.0000      0.685089500718E+00
  133.1000      0.678597229955E+00
  133.2000      0.665260605155E+00
  133.3000      0.655250163627E+00
  133.4000      0.640146818574E+00
  133.5000      0.614478396316E+00
  133.6000      0.591440905071E+00
  133.7000      0.575532414427E+00
  133.8000      0.556056171192E+00
  133.9000      0.534337163039E+00
  134.0000      0.521811711560E+00
  134.1000      0.515900085767E+00
  134.2000      0.509260947598E+00
  134.3000      0.507458542631E+00
  134.4000      0.514526310558E+00
  134.5000      0.526131904614E+00
  134.6000      0.541620562022E+00
  134.7000      0.562922433710E+00
  134.8000      0.586565167131E+00
  134.9000      0.612766486865E+00
  135.0000      0.642658298566E+00
  135.1000      0.668573732907E+00
  135.2000      0.686849094090E+00
  135.3000      0.704382825472E+00
  135.4000      0.717969372560E+00
  135.5000      0.715635352126E+00
  135.6000      0.703048458989E+00
  135.7000      0.690985976272E+00
  135.8000      0.671344328540E+00
  135.9000      0.637633622020E+00
  136.0000      0.605096940913E+00
  136.1000      0.581236398210E+00
  136.2000      0.554697496449E+00
  136.3000      0.526562881176E+00
  136.4000      0.512586009075E+00
  136.5000      0.511107769036E+00
  136.6000      0.508856037974E+00
  136.7000      0.511160683367E+00
  136.8000      0.528111679674E+00
  136.9000      0.549613034834E+00
  137.0000      0.564145467216E+00
  137.1000      0.581262536585E+00
  137.2000      0.606153429642E+00
  137.3000      0.624503229035E+00
  137.4000      0.631554269454E+00
  137.5000      0.641624788892E+00
  137.6000      0.654510568049E+00
  137.7000      0.654745155378E+00
  137.8000      0.646650538765E+00
  137.9000      0.644648232431E+00
  138.0000      0.640931481133E+00
  138.1000      0.623583959381E+00
  138.2000      0.604577080151E+00
  138.3000      0.592562172377E+00
  138.4000      0.576038381243E+00
  138.5000      0.552382536884E+00
  138.6000      0.535179613210E+00
  138.7000      0.525666890644E+00
  138.8000      0.516060618505E+00
  138.9000      0.510770941675E+00
  139.0000      0.516119825213E+00
  139.1000      0.528773667557E+00
  139.2000      0.546431335059E+00
  139.3000      0.570568067395E+00
  139.4000      0.597602306665E+00
  139.5000      0.625405516671E+00
  139.6000      0.653951046802E+00
  139.7000      0.677711050872E+00
  139.8000      0.691810082090E+00
  139.9000      0.700349969917E+00
  140.0000      0.703448794650E+00
  140.1000      0.694156417529E+00
  140.2000      0.674877255058E+00
  140.3000      0.654189621269E+00
  140.4000      0.630788104122E+00
  140.5000      0.600442995829E+00
  140.6000      0.570849723893E+00
  140.7000      0.548555658423E+00
  140.8000      0.528749032370E+00
  140.9000      0.508887500815E+00
  141.0000      0.497007877686E+00
  141.1000      0.494795668717E+00
  141.2000      0.493631175987E+00
  141.3000      0.493264862447E+00
  141.4000      0.502472864703E+00
  141.5000      0.518388796292E+00
  141.6000      0.530296607754E+00
  141.7000      0.543652567136E+00
  141.8000      0.567653028635E+00
  141.9000      0.592357725115E+00
  142.0000      0.607924452693E+00
  142.1000      0.626344197304E+00
  142.2000      0.651708550769E+00
  142.3000      0.666799837097E+00
  142.4000      0.668703150529E+00
  142.5000      0.673030474390E+00
  142.6000      0.675849916247E+00
  142.7000      0.661282490996E+00
  142.8000      0.637969594137E+00
  142.9000      0.619888016634E+00
  143.0000      0.598663810497E+00
  143.1000      0.567927214932E+00
  143.2000      0.542131763291E+00
  143.3000      0.527613456358E+00
  143.4000      0.515498025805E+00
  143.5000      0.506216476356E+00
  143.6000      0.508892495540E+00
  143.7000      0.521276989466E+00
  143.8000      0.535682633545E+00
  143.9000      0.553140634676E+00
  144.0000      0.575472494335E+00
  144.1000      0.597837779425E+00
  144.2000      0.615377625053E+00
  144.3000      0.629741576568E+00
  144.4000      0.641704971471E+00
  144.5000      0.648057276858E+00
  144.6000      0.647356982412E+00
  144.7000      0.643745844108E+00
  144.8000      0.638497666554E+00
  144.9000      0.628228541221E+00
  145.0000      0.614170921071E+00
  145.1000      0.600947615420E+00
  145.2000      0.587360222582E+00
  145.3000      0.570051107184E+00
  145.4000      0.552565145291E+00
  145.5000      0.537341853586E+00
  145.6000      0.522530769310E+00
  145.7000      0.508765817997E+00
  145.8000      0.499332942312E+00
  145.9000      0.494235998157E+00
  146.0000      0.495099850920E+00
  146.1000      0.504252781302E+00
  146.2000      0.518745241246E+00
  146.3000      0.537847253290E+00
  146.4000      0.565616796797E+00
  146.5000      0.598386854718E+00
  146.6000      0.626968855900E+00
  146.7000      0.653991456934E+00
  146.8000      0.682592205460E+00
  146.9000      0.702976457803E+00
  147.0000      0.709280577894E+00
  147.1000      0.710169089411E+00
  147.2000      0.706869259603E+00
  147.3000      0.690866301867E+00
  147.4000      0.665401185048E+00
  147.5000      0.640683692960E+00
  147.6000      0.615579416924E+00
  147.7000      0.585774852545E+00
  147.8000      0.558053294173E+00
  147.9000      0.537821791680E+00
  148.0000      0.521164660692E+00
  148.1000      0.505390498279E+00
  148.2000      0.495784291916E+00
  148.3000      0.493633205546E+00
  148.4000      0.493048472799E+00
  148.5000      0.492959526094E+00
  148.6000      0.499804165597E+00
  148.7000      0.513003147901E+00
  148.8000      0.524532252171E+00
  148.9000      0.537622752605E+00
  149.0000      0.560467101604E+00
  149.1000      0.586368305742E+00
  149.2000      0.605550605527E+00
  149.3000      0.626715028359E+00
  149.4000      0.654374514234E+00
  149.5000      0.673799741859E+00
  149.6000      0.679990852860E+00
  149.7000      0.686136958298E+00
  149.8000      0.690399814085E+00
  149.9000      0.678561023467E+00
  150.0000      0.656776281384E+00
  150.1000      0.638257180534E+00
  150.2000      0.617507452439E+00
  150.3000      0.588507848198E+00
  150.4000      0.563184445155E+00
  150.5000      0.547985593285E+00
  150.6000      0.536068622456E+00
  150.7000      0.526565666884E+00
  150.8000      0.526683198556E+00
  150.9000      0.535064016051E+00
  151.0000      0.544701309207E+00
  151.1000      0.555366234417E+00
  151.2000      0.569595030789E+00
  151.3000      0.584060604535E+00
  151.4000      0.593186332834E+00
  151.5000      0.599543496746E+00
  151.6000      0.607020889697E+00
  151.7000      0.611695032550E+00
  151.8000      0.609826756029E+00
  151.9000      0.608983650872E+00
  152.0000      0.612364541728E+00
  152.1000      0.611156725593E+00
  152.2000      0.604690691088E+00
  152.3000      0.602859797121E+00
  152.4000      0.602605334136E+00
  152.5000      0.593017655956E+00
  152.6000      0.580016461415E+00
  152.7000      0.571763932930E+00
  152.8000      0.561238931138E+00
  152.9000      0.544319311875E+00
  153.0000      0.531275757593E+00
  153.1000      0.525207865501E+00
  153.2000      0.520986846567E+00
  153.3000      0.520849681691E+00
  153.4000      0.529424179240E+00
  153.5000      0.544477166437E+00
  153.6000      0.563995447806E+00
  153.7000      0.587911171163E+00
  153.8000      0.612026058455E+00
  153.9000      0.634439707635E+00
  154.0000      0.655082317898E+00
  154.1000      0.669910463726E+00
  154.2000      0.675072420499E+00
  154.3000      0.673962199813E+00
  154.4000      0.667693526733E+00
  154.5000      0.653675988409E+00
  154.6000      0.634023206755E+00
  154.7000      0.613372305083E+00
  154.8000      0.592441378123E+00
  154.9000      0.571124116318E+00
  155.0000      0.551987502481E+00
  155.1000      0.535682832214E+00
  155.2000      0.522109118022E+00
  155.3000      0.510693846260E+00
  155.4000      0.501624603618E+00
  155.5000      0.495035998046E+00
  155.6000      0.490456891131E+00
  155.7000      0.486884595077E+00
  155.8000      0.487341340484E+00
  155.9000      0.493810799314E+00
  156.0000      0.501948182482E+00
  156.1000      0.512863922271E+00
  156.2000      0.533766118795E+00
  156.3000      0.560789351892E+00
  156.4000      0.583440806915E+00
  156.5000      0.608007033025E+00
  156.6000      0.640154259522E+00
  156.7000      0.665520028975E+00
  156.8000      0.676000732928E+00
  156.9000      0.685212931274E+00
  157.0000      0.693436601408E+00
  157.1000      0.684179974607E+00
  157.2000      0.661872749757E+00
  157.3000      0.643107382394E+00
  157.4000      0.622828031513E+00
  157.5000      0.591004083992E+00
  157.6000      0.560675748396E+00
  157.7000      0.541950363852E+00
  157.8000      0.525156204066E+00
  157.9000      0.505845794669E+00
  158.0000      0.495640733019E+00
  158.1000      0.495674199612E+00
  158.2000      0.493944171258E+00
  158.3000      0.490031740324E+00
  158.4000      0.494110662875E+00
  158.5000      0.502977041711E+00
  158.6000      0.504803803576E+00
  158.7000      0.506292590127E+00
  158.8000      0.519292928039E+00
  158.9000      0.534540785214E+00
  159.0000      0.541131051485E+00
  159.1000      0.554226467135E+00
  159.2000      0.581092397328E+00
  159.3000      0.601166091402E+00
  159.4000      0.609276794186E+00
  159.5000      0.625971654168E+00
  159.6000      0.646621627830E+00
  159.7000      0.646711113796E+00
  159.8000      0.635406118142E+00
  159.9000      0.632716422023E+00
  160.0000      0.624677177177E+00
  160.1000      0.597325820018E+00
  160.2000      0.571937766763E+00
  160.3000      0.559654367926E+00
  160.4000      0.543819199763E+00
  160.5000      0.523139707562E+00
  160.6000      0.516261213378E+00
  160.7000      0.521466413435E+00
  160.8000      0.523464038557E+00
  160.9000      0.526029453679E+00
  161.0000      0.538338288509E+00
  161.1000      0.552104812834E+00
  161.2000      0.556493822231E+00
  161.3000      0.558889453852E+00
  161.4000      0.565530849738E+00
  161.5000      0.567323841102E+00
  161.6000      0.559375271657E+00
  161.7000      0.555269559696E+00
  161.8000      0.559301769342E+00
  161.9000      0.557627189859E+00
  162.0000      0.551361904753E+00
  162.1000      0.557005681020E+00
  162.2000      0.568588116225E+00
  162.3000      0.567524103289E+00
  162.4000      0.563906028501E+00
  162.5000      0.570718784555E+00
  162.6000      0.571777136580E+00
  162.7000      0.556388838321E+00
  162.8000      0.543739901065E+00
  162.9000      0.539136189545E+00
  163.0000      0.526792458383E+00
  163.1000      0.510226392442E+00
  163.2000      0.506031737178E+00
  163.3000      0.510704104525E+00
  163.4000      0.514864402191E+00
  163.5000      0.525264314895E+00
  163.6000      0.545118286592E+00
  163.7000      0.567229989364E+00
  163.8000      0.587316411202E+00
  163.9000      0.606432157063E+00
  164.0000      0.621340746792E+00
  164.1000      0.629477667132E+00
  164.2000      0.630321998968E+00
  164.3000      0.624193618653E+00
  164.4000      0.612546773862E+00
  164.5000      0.596453462973E+00
  164.6000      0.577940578069E+00
  164.7000      0.560836159115E+00
  164.8000      0.546843111645E+00
  164.9000      0.532996965150E+00
  165.0000      0.522796396682E+00
  165.1000      0.519226431888E+00
  165.2000      0.516534027503E+00
  165.3000      0.510549744927E+00
  165.4000      0.507195461830E+00
  165.5000      0.505962200041E+00
  165.6000      0.500236198537E+00
  165.7000      0.493107726121E+00
  165.8000      0.489715931495E+00
  165.9000      0.488917121076E+00
  166.0000      0.491522577134E+00
  166.1000      0.501388699384E+00
  166.2000      0.515358894677E+00
  166.3000      0.535325217108E+00
  166.4000      0.564685288265E+00
  166.5000      0.594785338901E+00
  166.6000      0.617934688504E+00
  166.7000      0.642636122250E+00
  166.8000      0.667279428783E+00
  166.9000      0.675020118539E+00
  167.0000      0.668618463697E+00
  167.1000      0.662188390347E+00
  167.2000      0.649089578364E+00
  167.3000      0.619032572087E+00
  167.4000      0.586982275208E+00
  167.5000      0.562892316133E+00
  167.6000      0.537473152903E+00
  167.7000      0.509112828511E+00
  167.8000      0.490435847042E+00
  167.9000      0.481249126359E+00
  168.0000      0.471710446292E+00
  168.1000      0.462892776786E+00
  168.2000      0.460606873819E+00
  168.3000      0.461253987097E+00
  168.4000      0.456885977752E+00
  168.5000      0.452766097668E+00
  168.6000      0.456667306969E+00
  168.7000      0.463535912339E+00
  168.8000      0.466434830894E+00
  168.9000      0.479115592838E+00
  169.0000      0.508912052047E+00
  169.1000      0.537929936290E+00
  169.2000      0.561598258785E+00
  169.3000      0.600527822784E+00
  169.4000      0.648145151944E+00
  169.5000      0.674031591188E+00
  169.6000      0.687782282086E+00
  169.7000      0.711395680890E+00
  169.8000      0.722805696580E+00
  169.9000      0.700650055333E+00
  170.0000      0.674626542949E+00
  170.1000      0.659081196757E+00
  170.2000      0.627231470763E+00
  170.3000      0.579264020366E+00
  170.4000      0.547868879681E+00
  170.5000      0.530954087062E+00
  170.6000      0.504780786009E+00
  170.7000      0.480788095196E+00
  170.8000      0.476760068589E+00
  170.9000      0.478087001835E+00
  171.0000      0.467994621909E+00
  171.1000      0.461174271394E+00
  171.2000      0.465961199488E+00
  171.3000      0.465614347295E+00
  171.4000      0.453582539678E+00
  171.5000      0.452292777434E+00
  171.6000      0.467232736652E+00
  171.7000      0.475821597705E+00
  171.8000      0.482466718477E+00
  171.9000      0.515839363361E+00
  172.0000      0.564392189543E+00
  172.1000      0.593841750542E+00
  172.2000      0.623949293352E+00
  172.3000      0.678219229142E+00
  172.4000      0.718949985304E+00
  172.5000      0.719764475918E+00
  172.6000      0.722029203796E+00
  172.7000      0.734745800305E+00
  172.8000      0.711409845006E+00
  172.9000      0.658387878359E+00
  173.0000      0.625503298390E+00
  173.1000      0.602029403538E+00
  173.2000      0.552719849967E+00
  173.3000      0.507855858632E+00
  173.4000      0.497421518262E+00
  173.5000      0.492934298358E+00
  173.6000      0.474352660068E+00
  173.7000      0.471294505880E+00
  173.8000      0.488591363369E+00
  173.9000      0.493954189566E+00
  174.0000      0.483280192537E+00
  174.1000      0.484136791367E+00
  174.2000      0.493381636192E+00
  174.3000      0.483545776184E+00
  174.4000      0.469636129694E+00
  174.5000      0.484122492175E+00
  174.6000      0.511582792774E+00
  174.7000      0.522358142473E+00
  174.8000      0.549879257997E+00
  174.9000      0.617495298388E+00
  175.0000      0.676562469617E+00
  175.1000      0.703291396621E+00
  175.2000      0.748684071551E+00
  175.3000      0.809156147530E+00
  175.4000      0.816318264228E+00
  175.5000      0.784734297006E+00
  175.6000      0.774901904944E+00
  175.7000      0.757093786795E+00
  175.8000      0.683696939954E+00
  175.9000      0.611349224401E+00
  176.0000      0.580949919530E+00
  176.1000      0.546203649714E+00
  176.2000      0.492645681469E+00
  176.3000      0.475915545095E+00
  176.4000      0.496164904739E+00
  176.5000      0.503276408517E+00
  176.6000      0.501719627403E+00
  176.7000      0.522740710123E+00
  176.8000      0.546364087842E+00
  176.9000      0.535107281935E+00
  177.0000      0.512744687185E+00
  177.1000      0.508843099373E+00
  177.2000      0.501525067406E+00
  177.3000      0.467877428716E+00
  177.4000      0.460529182256E+00
  177.5000      0.508215317860E+00
  177.6000      0.554519117480E+00
  177.7000      0.587072625168E+00
  177.8000      0.680758123418E+00
  177.9000      0.818442060098E+00
  178.0000      0.891607666865E+00
  178.1000      0.931332259087E+00
  178.2000      0.101796874111E+01
  178.3000      0.107026226726E+01
  178.4000      0.997536573402E+00
  178.5000      0.912470324548E+00
  178.6000      0.873570806597E+00
  178.7000      0.775878105137E+00
  178.8000      0.621388586318E+00
  178.9000      0.549770693302E+00
  179.0000      0.559217355726E+00
  179.1000      0.565520019424E+00
  179.2000      0.627846958008E+00
  179.3000      0.794392949107E+00
  179.4000      0.101292106615E+01
  179.5000      0.123802948451E+01
  179.6000      0.149300530246E+01
  179.7000      0.171617559904E+01
  179.8000      0.190035895813E+01
  179.9000      0.205337994965E+01
  180.0000      0.216716392999E+01
