    0.1000      0.499014377124E+07
    0.2000      0.884222470816E+06
    0.3000      0.299960511139E+06
    0.4000      0.141513880894E+06
    0.5000      0.110123662787E+06
    0.6000      0.621101510605E+05
    0.7000      0.463387650657E+05
    0.8000      0.334757089397E+05
    0.9000      0.265800960598E+05
    1.0000      0.231346127520E+05
    1.1000      0.205249548268E+05
    1.2000      0.194527046402E+05
    1.3000      0.149679396617E+05
    1.4000      0.104761481499E+05
    1.5000      0.961349039144E+04
    1.6000      0.846844585927E+04
    1.7000      0.622469757533E+04
    1.8000      0.440974614016E+04
    1.9000      0.349474615774E+04
    2.0000      0.318606986997E+04
    2.1000      0.243711513836E+04
    2.2000      0.184475345040E+04
    2.3000      0.171810637534E+04
    2.4000      0.164501937242E+04
    2.5000      0.120330831225E+04
    2.6000      0.795994372839E+03
    2.7000      0.733426082048E+03
    2.8000      0.718812281171E+03
    2.9000      0.725375821917E+03
    3.0000      0.605508120191E+03
    3.1000      0.409936010503E+03
    3.2000      0.343851484815E+03
    3.3000      0.387136248676E+03
    3.4000      0.463200324057E+03
    3.5000      0.444306787142E+03
    3.6000      0.365161659000E+03
    3.7000      0.279780667035E+03
    3.8000      0.262337038040E+03
    3.9000      0.253911029839E+03
    4.0000      0.313067938073E+03
    4.1000      0.382008377768E+03
    4.2000      0.364957842883E+03
    4.3000      0.319738550513E+03
    4.4000      0.220025023742E+03
    4.5000      0.191272814211E+03
    4.6000      0.206037744506E+03
    4.7000      0.245930942551E+03
    4.8000      0.274679663204E+03
    4.9000      0.276418698330E+03
    5.0000      0.226411325552E+03
    5.1000      0.178548983180E+03
    5.2000      0.146933405468E+03
    5.3000      0.152884212280E+03
    5.4000      0.194720867481E+03
    5.5000      0.214006892708E+03
    5.6000      0.223011947422E+03
    5.7000      0.191152352340E+03
    5.8000      0.158497775326E+03
    5.9000      0.137676340616E+03
    6.0000      0.139369334088E+03
    6.1000      0.152327581036E+03
    6.2000      0.167025264574E+03
    6.3000      0.163851233033E+03
    6.4000      0.155717236073E+03
    6.5000      0.132109484586E+03
    6.6000      0.108662208283E+03
    6.7000      0.972691295758E+02
    6.8000      0.922672212430E+02
    6.9000      0.105237462927E+03
    7.0000      0.108721337128E+03
    7.1000      0.104660457731E+03
    7.2000      0.871663159455E+02
    7.3000      0.663071205141E+02
    7.4000      0.516315809411E+02
    7.5000      0.538688874608E+02
    7.6000      0.616566307446E+02
    7.7000      0.718202722975E+02
    7.8000      0.710655342748E+02
    7.9000      0.579145741917E+02
    8.0000      0.462509759237E+02
    8.1000      0.360966243628E+02
    8.2000      0.388636688085E+02
    8.3000      0.452514974858E+02
    8.4000      0.504880009042E+02
    8.5000      0.496435820546E+02
    8.6000      0.433653277647E+02
    8.7000      0.349237161972E+02
    8.8000      0.300342735169E+02
    8.9000      0.280077347060E+02
    9.0000      0.289049604699E+02
    9.1000      0.306318284592E+02
    9.2000      0.303977279062E+02
    9.3000      0.295072819504E+02
    9.4000      0.256335484873E+02
    9.5000      0.216371773246E+02
    9.6000      0.174869067329E+02
    9.7000      0.157645738682E+02
    9.8000      0.169484037087E+02
    9.9000      0.202104669025E+02
   10.0000      0.223701337484E+02
   10.1000      0.223586200809E+02
   10.2000      0.181266896008E+02
   10.3000      0.141190757175E+02
   10.4000      0.122029652940E+02
   10.5000      0.139194630318E+02
   10.6000      0.188036019641E+02
   10.7000      0.212363816317E+02
   10.8000      0.209922983249E+02
   10.9000      0.169362916217E+02
   11.0000      0.129977390574E+02
   11.1000      0.117873519668E+02
   11.2000      0.140282372774E+02
   11.3000      0.166709680962E+02
   11.4000      0.181429827729E+02
   11.5000      0.158726928990E+02
   11.6000      0.126806277877E+02
   11.7000      0.104066063476E+02
   11.8000      0.102943333031E+02
   11.9000      0.120491182913E+02
   12.0000      0.128497621641E+02
   12.1000      0.121975361882E+02
   12.2000      0.101443853884E+02
   12.3000      0.860773779778E+01
   12.4000      0.864998663148E+01
   12.5000      0.975025350493E+01
   12.6000      0.106698313782E+02
   12.7000      0.102891689207E+02
   12.8000      0.871878131013E+01
   12.9000      0.791238464082E+01
   13.0000      0.772912032868E+01
   13.1000      0.940628572044E+01
   13.2000      0.103731661624E+02
   13.3000      0.105417773170E+02
   13.4000      0.946753499086E+01
   13.5000      0.818487363694E+01
   13.6000      0.783797398828E+01
   13.7000      0.880049873951E+01
   13.8000      0.981777171281E+01
   13.9000      0.105805552479E+02
   14.0000      0.101853113072E+02
   14.1000      0.913255320298E+01
   14.2000      0.883907385520E+01
   14.3000      0.865821419860E+01
   14.4000      0.955957291416E+01
   14.5000      0.995836164422E+01
   14.6000      0.100611037254E+02
   14.7000      0.980796020778E+01
   14.8000      0.957068877040E+01
   14.9000      0.960007578474E+01
   15.0000      0.987407390389E+01
   15.1000      0.991499376602E+01
   15.2000      0.970696861290E+01
   15.3000      0.945960507810E+01
   15.4000      0.918920586422E+01
   15.5000      0.938100346470E+01
   15.6000      0.945885231156E+01
   15.7000      0.934022246140E+01
   15.8000      0.885090717742E+01
   15.9000      0.806717357932E+01
   16.0000      0.748881360193E+01
   16.1000      0.722312141232E+01
   16.2000      0.718689478879E+01
   16.3000      0.715734498328E+01
   16.4000      0.685609282541E+01
   16.5000      0.620684106763E+01
   16.6000      0.570607738979E+01
   16.7000      0.505859220481E+01
   16.8000      0.499701689531E+01
   16.9000      0.477111671387E+01
   17.0000      0.482666003183E+01
   17.1000      0.480423802070E+01
   17.2000      0.480128170480E+01
   17.3000      0.484176492031E+01
   17.4000      0.482531271292E+01
   17.5000      0.458098718440E+01
   17.6000      0.450637811112E+01
   17.7000      0.437076835971E+01
   17.8000      0.470057644249E+01
   17.9000      0.533360600714E+01
   18.0000      0.573111739729E+01
   18.1000      0.611756274309E+01
   18.2000      0.560552386669E+01
   18.3000      0.513989941389E+01
   18.4000      0.462902364465E+01
   18.5000      0.470569048044E+01
   18.6000      0.524200289176E+01
   18.7000      0.589267471002E+01
   18.8000      0.606305873297E+01
   18.9000      0.574659389267E+01
   19.0000      0.481807378922E+01
   19.1000      0.406214008845E+01
   19.2000      0.364454509622E+01
   19.3000      0.382895156912E+01
   19.4000      0.430679275675E+01
   19.5000      0.469143431569E+01
   19.6000      0.469317502244E+01
   19.7000      0.427380397858E+01
   19.8000      0.366136197390E+01
   19.9000      0.315687223592E+01
   20.0000      0.295642350577E+01
   20.1000      0.321083311224E+01
   20.2000      0.360414569451E+01
   20.3000      0.415106399126E+01
   20.4000      0.437707601488E+01
   20.5000      0.428861353280E+01
   20.6000      0.397362037925E+01
   20.7000      0.344678998025E+01
   20.8000      0.330427006237E+01
   20.9000      0.339439427682E+01
   21.0000      0.388473803766E+01
   21.1000      0.437446509342E+01
   21.2000      0.458886231479E+01
   21.3000      0.433682865576E+01
   21.4000      0.388168502729E+01
   21.5000      0.335185241070E+01
   21.6000      0.326388974552E+01
   21.7000      0.348536182582E+01
   21.8000      0.382211918225E+01
   21.9000      0.408049038863E+01
   22.0000      0.390158385083E+01
   22.1000      0.362281867140E+01
   22.2000      0.338135859887E+01
   22.3000      0.344130928577E+01
   22.4000      0.376255190993E+01
   22.5000      0.413872251494E+01
   22.6000      0.420768599191E+01
   22.7000      0.413167636619E+01
   22.8000      0.392011065405E+01
   22.9000      0.393986994861E+01
   23.0000      0.441673912585E+01
   23.1000      0.484200278934E+01
   23.2000      0.538356581408E+01
   23.3000      0.526882978991E+01
   23.4000      0.498036391278E+01
   23.5000      0.455547762353E+01
   23.6000      0.443998206908E+01
   23.7000      0.470436751924E+01
   23.8000      0.523226699019E+01
   23.9000      0.543655337963E+01
   24.0000      0.542719286115E+01
   24.1000      0.478097850219E+01
   24.2000      0.421929978939E+01
   24.3000      0.378975486328E+01
   24.4000      0.370843955434E+01
   24.5000      0.396878814020E+01
   24.6000      0.402690353797E+01
   24.7000      0.396804237743E+01
   24.8000      0.355698340023E+01
   24.9000      0.311547429199E+01
   25.0000      0.283156872679E+01
   25.1000      0.275433368914E+01
   25.2000      0.282825308336E+01
   25.3000      0.292240883056E+01
   25.4000      0.283610040716E+01
   25.5000      0.280768685560E+01
   25.6000      0.269483174306E+01
   25.7000      0.285357253618E+01
   25.8000      0.297283034702E+01
   25.9000      0.315553495361E+01
   26.0000      0.314401053161E+01
   26.1000      0.305208682857E+01
   26.2000      0.297105459424E+01
   26.3000      0.304769712004E+01
   26.4000      0.327451275435E+01
   26.5000      0.363349379422E+01
   26.6000      0.373683616811E+01
   26.7000      0.378349458838E+01
   26.8000      0.342046838840E+01
   26.9000      0.323040692030E+01
   27.0000      0.304212036012E+01
   27.1000      0.315811976000E+01
   27.2000      0.338543018145E+01
   27.3000      0.353464348077E+01
   27.4000      0.350620726826E+01
   27.5000      0.328886801298E+01
   27.6000      0.290433524274E+01
   27.7000      0.272350424617E+01
   27.8000      0.257347474360E+01
   27.9000      0.267860544864E+01
   28.0000      0.279348040618E+01
   28.1000      0.278198405862E+01
   28.2000      0.279163841382E+01
   28.3000      0.256241676760E+01
   28.4000      0.249409812440E+01
   28.5000      0.236398695489E+01
   28.6000      0.234801162523E+01
   28.7000      0.233682136553E+01
   28.8000      0.232278555198E+01
   28.9000      0.229814073865E+01
   29.0000      0.233887040846E+01
   29.1000      0.233670011941E+01
   29.2000      0.242935410674E+01
   29.3000      0.237023804592E+01
   29.4000      0.231510741635E+01
   29.5000      0.212668965190E+01
   29.6000      0.200643423965E+01
   29.7000      0.195122302352E+01
   29.8000      0.204794999050E+01
   29.9000      0.221194027774E+01
   30.0000      0.234114117930E+01
   30.1000      0.233288815859E+01
   30.2000      0.218079586425E+01
   30.3000      0.191735438037E+01
   30.4000      0.178336620814E+01
   30.5000      0.171263635857E+01
   30.6000      0.193461025974E+01
   30.7000      0.211078858835E+01
   30.8000      0.231590911558E+01
   30.9000      0.229638198819E+01
   31.0000      0.213948738348E+01
   31.1000      0.192717391476E+01
   31.2000      0.178725920411E+01
   31.3000      0.178617935205E+01
   31.4000      0.196650129470E+01
   31.5000      0.210805760603E+01
   31.6000      0.226016839743E+01
   31.7000      0.219440451756E+01
   31.8000      0.208404444353E+01
   31.9000      0.192113999935E+01
   32.0000      0.181903820248E+01
   32.1000      0.182661976097E+01
   32.2000      0.185622801124E+01
   32.3000      0.191117074168E+01
   32.4000      0.189994898015E+01
   32.5000      0.184967935934E+01
   32.6000      0.181978265930E+01
   32.7000      0.177602331875E+01
   32.8000      0.182421141192E+01
   32.9000      0.180108902672E+01
   33.0000      0.179079361131E+01
   33.1000      0.172491949897E+01
   33.2000      0.164921269719E+01
   33.3000      0.171747623070E+01
   33.4000      0.180011159454E+01
   33.5000      0.204363260042E+01
   33.6000      0.219126420406E+01
   33.7000      0.225543904927E+01
   33.8000      0.219085865345E+01
   33.9000      0.204393205947E+01
   34.0000      0.196523770665E+01
   34.1000      0.209183213548E+01
   34.2000      0.228076393056E+01
   34.3000      0.268521842752E+01
   34.4000      0.280581097620E+01
   34.5000      0.289858097281E+01
   34.6000      0.265565820475E+01
   34.7000      0.242770875229E+01
   34.8000      0.226326093545E+01
   34.9000      0.229985796534E+01
   35.0000      0.250358405843E+01
   35.1000      0.275613699087E+01
   35.2000      0.281531616824E+01
   35.3000      0.272758417693E+01
   35.4000      0.237140886541E+01
   35.5000      0.206390850124E+01
   35.6000      0.182312174180E+01
   35.7000      0.180439079236E+01
   35.8000      0.191246151031E+01
   35.9000      0.200976241619E+01
   36.0000      0.198825592770E+01
   36.1000      0.179007405184E+01
   36.2000      0.150573742305E+01
   36.3000      0.126077567506E+01
   36.4000      0.113768603131E+01
   36.5000      0.119093889025E+01
   36.6000      0.125856122900E+01
   36.7000      0.135658026606E+01
   36.8000      0.127230030662E+01
   36.9000      0.118703203596E+01
   37.0000      0.105118640167E+01
   37.1000      0.103116783779E+01
   37.2000      0.113234858372E+01
   37.3000      0.126834788796E+01
   37.4000      0.141005127228E+01
   37.5000      0.145267255081E+01
   37.6000      0.139330425086E+01
   37.7000      0.137237495732E+01
   37.8000      0.135408109965E+01
   37.9000      0.150072247454E+01
   38.0000      0.169428313501E+01
   38.1000      0.184754430371E+01
   38.2000      0.197809761568E+01
   38.3000      0.188260207915E+01
   38.4000      0.183490702739E+01
   38.5000      0.170929832456E+01
   38.6000      0.174220182665E+01
   38.7000      0.184203877864E+01
   38.8000      0.198457643596E+01
   38.9000      0.207582317188E+01
   39.0000      0.206921527390E+01
   39.1000      0.191786009624E+01
   39.2000      0.179103731792E+01
   39.3000      0.161359556566E+01
   39.4000      0.161553460718E+01
   39.5000      0.160446954918E+01
   39.6000      0.167982167027E+01
   39.7000      0.166490514042E+01
   39.8000      0.159955652031E+01
   39.9000      0.146869528516E+01
   40.0000      0.133306287879E+01
   40.1000      0.123482373207E+01
   40.2000      0.120339940574E+01
   40.3000      0.118754836685E+01
   40.4000      0.120696194374E+01
   40.5000      0.115191741245E+01
   40.6000      0.112812764867E+01
   40.7000      0.103918188123E+01
   40.8000      0.103242513476E+01
   40.9000      0.101096284675E+01
   41.0000      0.104237014893E+01
   41.1000      0.105220442443E+01
   41.2000      0.104369020804E+01
   41.3000      0.101348403671E+01
   41.4000      0.996542239041E+00
   41.5000      0.981144010038E+00
   41.6000      0.105281842893E+01
   41.7000      0.108159602463E+01
   41.8000      0.117992850243E+01
   41.9000      0.117090452594E+01
   42.0000      0.117937759940E+01
   42.1000      0.113105765299E+01
   42.2000      0.110445665794E+01
   42.3000      0.112051450595E+01
   42.4000      0.116062724048E+01
   42.5000      0.122732866116E+01
   42.6000      0.128406052036E+01
   42.7000      0.127957402337E+01
   42.8000      0.127712674527E+01
   42.9000      0.120540212828E+01
   43.0000      0.119285740508E+01
   43.1000      0.116795351825E+01
   43.2000      0.119166518451E+01
   43.3000      0.122459354467E+01
   43.4000      0.122911673441E+01
   43.5000      0.123920814679E+01
   43.6000      0.119899467378E+01
   43.7000      0.117532361736E+01
   43.8000      0.115410790242E+01
   43.9000      0.113747593891E+01
   44.0000      0.115774805143E+01
   44.1000      0.114336279300E+01
   44.2000      0.115144589990E+01
   44.3000      0.113350369752E+01
   44.4000      0.111299299961E+01
   44.5000      0.112913156190E+01
   44.6000      0.111413336009E+01
   44.7000      0.116174182024E+01
   44.8000      0.115308259295E+01
   44.9000      0.117025130880E+01
   45.0000      0.115328823846E+01
   45.1000      0.113401930545E+01
   45.2000      0.113558676542E+01
   45.3000      0.114671499547E+01
   45.4000      0.117689681302E+01
   45.5000      0.123275810027E+01
   45.6000      0.123635983869E+01
   45.7000      0.127757805093E+01
   45.8000      0.122863571439E+01
   45.9000      0.123846337206E+01
   46.0000      0.120214395862E+01
   46.1000      0.122445599839E+01
   46.2000      0.124748005021E+01
   46.3000      0.128497114169E+01
   46.4000      0.131215941427E+01
   46.5000      0.132122933734E+01
   46.6000      0.129432781061E+01
   46.7000      0.128138433129E+01
   46.8000      0.123357821937E+01
   46.9000      0.124980396938E+01
   47.0000      0.123170594762E+01
   47.1000      0.127325360090E+01
   47.2000      0.126674871036E+01
   47.3000      0.127733229943E+01
   47.4000      0.124999616102E+01
   47.5000      0.122176393124E+01
   47.6000      0.119317816703E+01
   47.7000      0.117796820844E+01
   47.8000      0.116877468209E+01
   47.9000      0.118920653252E+01
   48.0000      0.116942071431E+01
   48.1000      0.119532641676E+01
   48.2000      0.114266493468E+01
   48.3000      0.115530672532E+01
   48.4000      0.110783783623E+01
   48.5000      0.111974330119E+01
   48.6000      0.111434957591E+01
   48.7000      0.112711104629E+01
   48.8000      0.113487587330E+01
   48.9000      0.113876274842E+01
   49.0000      0.111503078336E+01
   49.1000      0.112706625911E+01
   49.2000      0.108371530109E+01
   49.3000      0.112730371941E+01
   49.4000      0.110403026507E+01
   49.5000      0.115462098363E+01
   49.6000      0.115358435957E+01
   49.7000      0.116387567058E+01
   49.8000      0.116165096982E+01
   49.9000      0.113968708049E+01
   50.0000      0.113464627408E+01
   50.1000      0.113629889787E+01
   50.2000      0.113752417048E+01
   50.3000      0.117671941597E+01
   50.4000      0.117093928415E+01
   50.5000      0.119851882623E+01
   50.6000      0.117337212232E+01
   50.7000      0.115833907055E+01
   50.8000      0.113723090228E+01
   50.9000      0.111011394284E+01
   51.0000      0.111901610739E+01
   51.1000      0.111222089873E+01
   51.2000      0.112939087905E+01
   51.3000      0.112800258398E+01
   51.4000      0.111232330969E+01
   51.5000      0.109438878240E+01
   51.6000      0.105095799152E+01
   51.7000      0.103081860042E+01
   51.8000      0.100228972595E+01
   51.9000      0.997904022974E+00
   52.0000      0.997635681253E+00
   52.1000      0.991453962608E+00
   52.2000      0.990841092293E+00
   52.3000      0.961829570555E+00
   52.4000      0.943213358158E+00
   52.5000      0.910215586418E+00
   52.6000      0.888702349870E+00
   52.7000      0.883044926092E+00
   52.8000      0.870650179878E+00
   52.9000      0.884894693494E+00
   53.0000      0.873181158461E+00
   53.1000      0.874106575697E+00
   53.2000      0.862141872502E+00
   53.3000      0.842058960258E+00
   53.4000      0.845481683522E+00
   53.5000      0.826822096571E+00
   53.6000      0.845960569282E+00
   53.7000      0.842738442503E+00
   53.8000      0.853543428407E+00
   53.9000      0.858577023736E+00
   54.0000      0.850662759172E+00
   54.1000      0.856302660983E+00
   54.2000      0.852098136948E+00
   54.3000      0.856491607253E+00
   54.4000      0.875521399144E+00
   54.5000      0.871352760851E+00
   54.6000      0.900022780245E+00
   54.7000      0.882128710132E+00
   54.8000      0.897794261331E+00
   54.9000      0.880241171323E+00
   55.0000      0.884183811716E+00
   55.1000      0.885742017852E+00
   55.2000      0.891758521357E+00
   55.3000      0.904491869731E+00
   55.4000      0.912234191906E+00
   55.5000      0.908273343454E+00
   55.6000      0.910299259585E+00
   55.7000      0.882448025967E+00
   55.8000      0.884839233881E+00
   55.9000      0.857090748632E+00
   56.0000      0.869448471947E+00
   56.1000      0.860608437251E+00
   56.2000      0.873020738367E+00
   56.3000      0.871731863179E+00
   56.4000      0.865309019092E+00
   56.5000      0.852461108575E+00
   56.6000      0.831270122032E+00
   56.7000      0.808851132476E+00
   56.8000      0.799420464670E+00
   56.9000      0.781445552025E+00
   57.0000      0.796132553171E+00
   57.1000      0.783472836031E+00
   57.2000      0.802569579042E+00
   57.3000      0.784986781265E+00
   57.4000      0.784355691627E+00
   57.5000      0.762334232690E+00
   57.6000      0.745824327517E+00
   57.7000      0.732624222047E+00
   57.8000      0.724820591379E+00
   57.9000      0.724599514974E+00
   58.0000      0.737884498917E+00
   58.1000      0.735719299717E+00
   58.2000      0.757347883239E+00
   58.3000      0.738804407962E+00
   58.4000      0.750889744707E+00
   58.5000      0.723807517202E+00
   58.6000      0.725533595440E+00
   58.7000      0.712152642388E+00
   58.8000      0.716216561069E+00
   58.9000      0.724357746811E+00
   59.0000      0.737130487137E+00
   59.1000      0.748339147195E+00
   59.2000      0.762858432601E+00
   59.3000      0.754470721298E+00
   59.4000      0.763924354644E+00
   59.5000      0.737692667159E+00
   59.6000      0.746787940119E+00
   59.7000      0.726671306539E+00
   59.8000      0.742546715231E+00
   59.9000      0.743834569431E+00
   60.0000      0.761032316374E+00
   60.1000      0.771315064751E+00
   60.2000      0.776881709551E+00
   60.3000      0.773614800467E+00
   60.4000      0.767786941971E+00
   60.5000      0.747406391117E+00
   60.6000      0.747751858346E+00
   60.7000      0.726992053397E+00
   60.8000      0.745325747103E+00
   60.9000      0.736230938820E+00
   61.0000      0.759790618750E+00
   61.1000      0.755655016922E+00
   61.2000      0.761861941998E+00
   61.3000      0.751312255639E+00
   61.4000      0.738005939395E+00
   61.5000      0.722330176401E+00
   61.6000      0.711724496765E+00
   61.7000      0.699713311273E+00
   61.8000      0.710147091999E+00
   61.9000      0.701789275933E+00
   62.0000      0.725220015474E+00
   62.1000      0.711393487399E+00
   62.2000      0.725196039824E+00
   62.3000      0.703507596117E+00
   62.4000      0.698856097014E+00
   62.5000      0.680256270931E+00
   62.6000      0.670620717363E+00
   62.7000      0.665346018137E+00
   62.8000      0.667769014364E+00
   62.9000      0.669875657153E+00
   63.0000      0.685275023070E+00
   63.1000      0.678018673151E+00
   63.2000      0.693496508648E+00
   63.3000      0.670151196844E+00
   63.4000      0.676632298057E+00
   63.5000      0.650531233879E+00
   63.6000      0.652200946465E+00
   63.7000      0.642124418657E+00
   63.8000      0.647716493991E+00
   63.9000      0.655013984827E+00
   64.0000      0.665035941347E+00
   64.1000      0.670552933196E+00
   64.2000      0.678436196214E+00
   64.3000      0.664736206683E+00
   64.4000      0.669168386046E+00
   64.5000      0.641829392676E+00
   64.6000      0.650501140731E+00
   64.7000      0.631398368882E+00
   64.8000      0.648545558182E+00
   64.9000      0.648711157116E+00
   65.0000      0.664844240917E+00
   65.1000      0.671542764864E+00
   65.2000      0.674086672144E+00
   65.3000      0.668469440203E+00
   65.4000      0.661354651477E+00
   65.5000      0.642209341277E+00
   65.6000      0.644795562164E+00
   65.7000      0.626855701523E+00
   65.8000      0.649004427876E+00
   65.9000      0.640983039880E+00
   66.0000      0.667370941159E+00
   66.1000      0.662255789811E+00
   66.2000      0.670197413009E+00
   66.3000      0.659470733934E+00
   66.4000      0.648461266606E+00
   66.5000      0.635801421203E+00
   66.6000      0.628761546642E+00
   66.7000      0.621966553355E+00
   66.8000      0.635952511967E+00
   66.9000      0.631513526881E+00
   67.0000      0.657060631330E+00
   67.1000      0.643700952996E+00
   67.2000      0.658985195719E+00
   67.3000      0.636195941248E+00
   67.4000      0.634686002942E+00
   67.5000      0.617172495930E+00
   67.6000      0.612301306370E+00
   67.7000      0.610891273943E+00
   67.8000      0.615851896417E+00
   67.9000      0.621032057124E+00
   68.0000      0.633880423563E+00
   68.1000      0.626356261560E+00
   68.2000      0.637704983564E+00
   68.3000      0.612989141348E+00
   68.4000      0.620311546123E+00
   68.5000      0.594714854608E+00
   68.6000      0.602297782689E+00
   68.7000      0.592792721610E+00
   68.8000      0.601427591828E+00
   68.9000      0.605806756871E+00
   69.0000      0.610763483275E+00
   69.1000      0.612058194973E+00
   69.2000      0.612348328532E+00
   69.3000      0.599374115435E+00
   69.4000      0.602481739821E+00
   69.5000      0.580579552331E+00
   69.6000      0.593482385895E+00
   69.7000      0.575522828040E+00
   69.8000      0.593914401903E+00
   69.9000      0.585879513004E+00
   70.0000      0.597479684712E+00
   70.1000      0.595096080979E+00
   70.2000      0.594146258980E+00
   70.3000      0.590243504041E+00
   70.4000      0.585057925917E+00
   70.5000      0.576315986798E+00
   70.6000      0.580298775285E+00
   70.7000      0.567492500540E+00
   70.8000      0.584304953491E+00
   70.9000      0.569752799846E+00
   71.0000      0.589636957703E+00
   71.1000      0.576228417156E+00
   71.2000      0.586758378871E+00
   71.3000      0.577535669153E+00
   71.4000      0.576238308814E+00
   71.5000      0.572178300675E+00
   71.6000      0.568054479442E+00
   71.7000      0.565842354972E+00
   71.8000      0.569685719296E+00
   71.9000      0.563384813883E+00
   72.0000      0.577588989346E+00
   72.1000      0.564075921742E+00
   72.2000      0.581397970788E+00
   72.3000      0.564247188237E+00
   72.4000      0.575371784270E+00
   72.5000      0.562428682891E+00
   72.6000      0.564404205718E+00
   72.7000      0.560543231326E+00
   72.8000      0.558572343135E+00
   72.9000      0.560488819198E+00
   73.0000      0.562400571076E+00
   73.1000      0.560989576576E+00
   73.2000      0.570214365615E+00
   73.3000      0.559002692255E+00
   73.4000      0.572384553470E+00
   73.5000      0.554193025386E+00
   73.6000      0.565715183338E+00
   73.7000      0.550626740476E+00
   73.8000      0.556682306383E+00
   73.9000      0.552499281182E+00
   74.0000      0.553958153482E+00
   74.1000      0.558248470707E+00
   74.2000      0.558708835449E+00
   74.3000      0.560813738418E+00
   74.4000      0.563829745947E+00
   74.5000      0.555414723380E+00
   74.6000      0.562813083119E+00
   74.7000      0.546324875429E+00
   74.8000      0.557336978047E+00
   74.9000      0.543400744311E+00
   75.0000      0.554302027141E+00
   75.1000      0.550726214987E+00
   75.2000      0.556462641562E+00
   75.3000      0.560623362212E+00
   75.4000      0.559132267886E+00
   75.5000      0.561635040207E+00
   75.6000      0.557372866597E+00
   75.7000      0.552241504923E+00
   75.8000      0.553633816499E+00
   75.9000      0.543496017018E+00
   76.0000      0.554612198250E+00
   76.1000      0.546140457638E+00
   76.2000      0.560976766900E+00
   76.3000      0.557404804679E+00
   76.4000      0.564712900723E+00
   76.5000      0.564299134035E+00
   76.6000      0.559524077136E+00
   76.7000      0.559826575277E+00
   76.8000      0.550957676831E+00
   76.9000      0.551537079488E+00
   77.0000      0.551019330520E+00
   77.1000      0.551253619850E+00
   77.2000      0.562284968651E+00
   77.3000      0.559505969288E+00
   77.4000      0.572584587915E+00
   77.5000      0.565448323018E+00
   77.6000      0.569374763467E+00
   77.7000      0.562217090460E+00
   77.8000      0.556427872446E+00
   77.9000      0.556476450551E+00
   78.0000      0.550293844741E+00
   78.1000      0.558721891684E+00
   78.2000      0.559573245694E+00
   78.3000      0.567772609141E+00
   78.4000      0.573532607121E+00
   78.5000      0.571621159782E+00
   78.6000      0.575524200610E+00
   78.7000      0.564347703147E+00
   78.8000      0.564220481527E+00
   78.9000      0.555678448692E+00
   79.0000      0.554945023870E+00
   79.1000      0.558773090207E+00
   79.2000      0.559445521209E+00
   79.3000      0.571830211261E+00
   79.4000      0.570909974742E+00
   79.5000      0.578929862199E+00
   79.6000      0.573787686422E+00
   79.7000      0.570440015573E+00
   79.8000      0.564779515604E+00
   79.9000      0.556412377994E+00
   80.0000      0.556766219768E+00
   80.1000      0.554502953998E+00
   80.2000      0.560785658067E+00
   80.3000      0.567341072123E+00
   80.4000      0.570770807007E+00
   80.5000      0.578788824221E+00
   80.6000      0.571839166085E+00
   80.7000      0.574381033617E+00
   80.8000      0.560949271366E+00
   80.9000      0.559713053240E+00
   81.0000      0.551781463554E+00
   81.1000      0.553025745737E+00
   81.2000      0.556670024894E+00
   81.3000      0.561689521131E+00
   81.4000      0.569461998207E+00
   81.5000      0.573107318643E+00
   81.6000      0.572688142646E+00
   81.7000      0.571595549329E+00
   81.8000      0.560418728428E+00
   81.9000      0.558883704963E+00
   82.0000      0.546787251057E+00
   82.1000      0.551373080032E+00
   82.2000      0.548257138876E+00
   82.3000      0.558051364822E+00
   82.4000      0.562208142818E+00
   82.5000      0.568478521902E+00
   82.6000      0.569903242312E+00
   82.7000      0.566830265403E+00
   82.8000      0.560431147931E+00
   82.9000      0.553288306088E+00
   83.0000      0.544676962216E+00
   83.1000      0.544137147333E+00
   83.2000      0.541141019452E+00
   83.3000      0.550167764683E+00
   83.4000      0.552097894526E+00
   83.5000      0.562001297735E+00
   83.6000      0.561074042104E+00
   83.7000      0.562026345183E+00
   83.8000      0.554563488902E+00
   83.9000      0.547448663685E+00
   84.0000      0.539350070807E+00
   84.1000      0.534160146273E+00
   84.2000      0.533100394235E+00
   84.3000      0.536308702900E+00
   84.4000      0.541136047273E+00
   84.5000      0.548202553158E+00
   84.6000      0.549866445721E+00
   84.7000      0.551843721666E+00
   84.8000      0.544891022935E+00
   84.9000      0.539941936771E+00
   85.0000      0.529674048585E+00
   85.1000      0.524727055357E+00
   85.2000      0.520766430896E+00
   85.3000      0.521910628977E+00
   85.4000      0.526421886768E+00
   85.5000      0.530969263063E+00
   85.6000      0.536331820723E+00
   85.7000      0.536611534490E+00
   85.8000      0.535042630382E+00
   85.9000      0.528583643336E+00
   86.0000      0.521357825208E+00
   86.1000      0.514244489884E+00
   86.2000      0.509362548855E+00
   86.3000      0.508628760602E+00
   86.4000      0.510608601621E+00
   86.5000      0.515385119433E+00
   86.6000      0.520192714295E+00
   86.7000      0.522610808714E+00
   86.8000      0.523526138838E+00
   86.9000      0.518132572743E+00
   87.0000      0.514489182302E+00
   87.1000      0.504650512148E+00
   87.2000      0.502318822020E+00
   87.3000      0.496091793560E+00
   87.4000      0.499475469566E+00
   87.5000      0.500239331616E+00
   87.6000      0.506277044221E+00
   87.7000      0.509333609450E+00
   87.8000      0.511225312644E+00
   87.9000      0.509882260440E+00
   88.0000      0.505823632939E+00
   88.1000      0.499099324814E+00
   88.2000      0.494941411621E+00
   88.3000      0.487786437320E+00
   88.4000      0.490118610537E+00
   88.5000      0.486775019669E+00
   88.6000      0.494855169999E+00
   88.7000      0.494120523833E+00
   88.8000      0.500494052027E+00
   88.9000      0.498380862510E+00
   89.0000      0.497384794228E+00
   89.1000      0.492897801167E+00
   89.2000      0.486879149366E+00
   89.3000      0.483103383214E+00
   89.4000      0.479355359240E+00
   89.5000      0.478777706457E+00
   89.6000      0.481370627183E+00
   89.7000      0.482043959778E+00
   89.8000      0.488071480680E+00
   89.9000      0.485903111690E+00
   90.0000      0.489546094661E+00
   90.1000      0.483808484034E+00
   90.2000      0.482547667703E+00
   90.3000      0.477468963738E+00
   90.4000      0.473553557649E+00
   90.5000      0.473760662972E+00
   90.6000      0.470645393127E+00
   90.7000      0.475796962394E+00
   90.8000      0.474658194980E+00
   90.9000      0.479523359797E+00
   91.0000      0.479361308286E+00
   91.1000      0.479225672592E+00
   91.2000      0.479021364748E+00
   91.3000      0.474471496872E+00
   91.4000      0.474086880753E+00
   91.5000      0.470283598241E+00
   91.6000      0.469490590082E+00
   91.7000      0.471061801597E+00
   91.8000      0.468836383466E+00
   91.9000      0.475683702625E+00
   92.0000      0.471214479413E+00
   92.1000      0.479005725247E+00
   92.2000      0.473193008914E+00
   92.3000      0.477494156859E+00
   92.4000      0.472758990720E+00
   92.5000      0.472693572937E+00
   92.6000      0.470834786993E+00
   92.7000      0.469277128838E+00
   92.8000      0.469502868479E+00
   92.9000      0.470270606322E+00
   93.0000      0.469575960706E+00
   93.1000      0.474395773279E+00
   93.2000      0.470121880669E+00
   93.3000      0.477675388669E+00
   93.4000      0.469908648495E+00
   93.5000      0.477192320367E+00
   93.6000      0.468837569294E+00
   93.7000      0.473451464464E+00
   93.8000      0.467958786592E+00
   93.9000      0.469671404654E+00
   94.0000      0.468324593647E+00
   94.1000      0.468983366248E+00
   94.2000      0.469838319588E+00
   94.3000      0.471823232542E+00
   94.4000      0.471087403164E+00
   94.5000      0.475526249501E+00
   94.6000      0.470492655594E+00
   94.7000      0.476635953230E+00
   94.8000      0.468078069680E+00
   94.9000      0.474173828089E+00
   95.0000      0.466108511652E+00
   95.1000      0.470733037721E+00
   95.2000      0.467247717533E+00
   95.3000      0.469892820764E+00
   95.4000      0.471475765927E+00
   95.5000      0.472383607266E+00
   95.6000      0.475258038497E+00
   95.7000      0.475306413510E+00
   95.8000      0.474795198513E+00
   95.9000      0.475521815869E+00
   96.0000      0.470391132793E+00
   96.1000      0.473301997124E+00
   96.2000      0.466778985346E+00
   96.3000      0.471804212251E+00
   96.4000      0.468302815301E+00
   96.5000      0.472995816514E+00
   96.6000      0.474012046070E+00
   96.7000      0.475129553580E+00
   96.8000      0.478379443286E+00
   96.9000      0.474976824133E+00
   97.0000      0.477153357776E+00
   97.1000      0.472061520380E+00
   97.2000      0.471925749567E+00
   97.3000      0.469570142371E+00
   97.4000      0.468350664003E+00
   97.5000      0.470622041466E+00
   97.6000      0.470024208124E+00
   97.7000      0.474260186658E+00
   97.8000      0.474762866291E+00
   97.9000      0.476076205008E+00
   98.0000      0.477241208899E+00
   98.1000      0.473122461814E+00
   98.2000      0.474928665145E+00
   98.3000      0.467647400992E+00
   98.4000      0.470711305533E+00
   98.5000      0.465100985598E+00
   98.6000      0.469342685206E+00
   98.7000      0.468154719100E+00
   98.8000      0.471858574721E+00
   98.9000      0.473356317918E+00
   99.0000      0.474489189030E+00
   99.1000      0.474608821670E+00
   99.2000      0.473387120649E+00
   99.3000      0.469966000725E+00
   99.4000      0.469454767651E+00
   99.5000      0.463978498390E+00
   99.6000      0.467243972856E+00
   99.7000      0.462605330424E+00
   99.8000      0.469160053989E+00
   99.9000      0.466459114433E+00
  100.0000      0.472238396946E+00
  100.1000      0.470306718728E+00
  100.2000      0.471715311234E+00
  100.3000      0.469305550993E+00
  100.4000      0.467023123447E+00
  100.5000      0.464419708093E+00
  100.6000      0.462656577553E+00
  100.7000      0.460753100531E+00
  100.8000      0.462775932916E+00
  100.9000      0.461312201486E+00
  101.0000      0.466226972552E+00
  101.1000      0.463880150403E+00
  101.2000      0.467989554947E+00
  101.3000      0.464265906902E+00
  101.4000      0.465084480285E+00
  101.5000      0.461393629516E+00
  101.6000      0.459831366363E+00
  101.7000      0.458133275752E+00
  101.8000      0.456942369564E+00
  101.9000      0.457463663962E+00
  102.0000      0.458206644337E+00
  102.1000      0.458944089832E+00
  102.2000      0.460810502145E+00
  102.3000      0.459513250108E+00
  102.4000      0.460766182384E+00
  102.5000      0.457312458652E+00
  102.6000      0.457302325543E+00
  102.7000      0.453921874166E+00
  102.8000      0.453425483679E+00
  102.9000      0.452449232008E+00
  103.0000      0.452315891616E+00
  103.1000      0.453730708647E+00
  103.2000      0.453756005252E+00
  103.3000      0.455155285725E+00
  103.4000      0.454612305075E+00
  103.5000      0.453698309170E+00
  103.6000      0.452698672738E+00
  103.7000      0.449707197308E+00
  103.8000      0.449362085887E+00
  103.9000      0.446744571419E+00
  104.0000      0.447640136079E+00
  104.1000      0.447355218706E+00
  104.2000      0.448319075268E+00
  104.3000      0.449809721308E+00
  104.4000      0.448945203515E+00
  104.5000      0.450020675735E+00
  104.6000      0.447112124584E+00
  104.7000      0.446493200042E+00
  104.8000      0.443752788695E+00
  104.9000      0.442225458536E+00
  105.0000      0.442051689307E+00
  105.1000      0.441145713594E+00
  105.2000      0.443276083319E+00
  105.3000      0.443444471240E+00
  105.4000      0.444909997502E+00
  105.5000      0.445461205416E+00
  105.6000      0.443608917493E+00
  105.7000      0.444105334936E+00
  105.8000      0.439397771850E+00
  105.9000      0.440391183799E+00
  106.0000      0.435946018203E+00
  106.1000      0.438027404670E+00
  106.2000      0.436476423463E+00
  106.3000      0.438996412482E+00
  106.4000      0.439996938863E+00
  106.5000      0.441362473337E+00
  106.6000      0.442155612130E+00
  106.7000      0.441682315380E+00
  106.8000      0.439859262233E+00
  106.9000      0.439086708344E+00
  107.0000      0.434691260036E+00
  107.1000      0.436323194912E+00
  107.2000      0.431398731171E+00
  107.3000      0.436534587930E+00
  107.4000      0.432924125883E+00
  107.5000      0.439405939397E+00
  107.6000      0.437230232953E+00
  107.7000      0.441209895507E+00
  107.8000      0.439421921915E+00
  107.9000      0.438994639828E+00
  108.0000      0.436973294554E+00
  108.1000      0.434250523884E+00
  108.2000      0.432349383361E+00
  108.3000      0.431620403152E+00
  108.4000      0.430137964257E+00
  108.5000      0.433785511917E+00
  108.6000      0.431999223324E+00
  108.7000      0.438266277090E+00
  108.8000      0.435140613485E+00
  108.9000      0.439907968763E+00
  109.0000      0.435809281441E+00
  109.1000      0.436385197804E+00
  109.2000      0.433542801685E+00
  109.3000      0.430679761464E+00
  109.4000      0.431374149842E+00
  109.5000      0.427964669749E+00
  109.6000      0.432105166761E+00
  109.7000      0.430397059183E+00
  109.8000      0.435104413096E+00
  109.9000      0.435208272733E+00
  110.0000      0.437122748963E+00
  110.1000      0.437692872616E+00
  110.2000      0.436008986746E+00
  110.3000      0.435779132245E+00
  110.4000      0.433188915134E+00
  110.5000      0.431698685279E+00
  110.6000      0.432234455162E+00
  110.7000      0.429431967456E+00
  110.8000      0.434991816709E+00
  110.9000      0.430721648405E+00
  111.0000      0.439357727678E+00
  111.1000      0.433663613916E+00
  111.2000      0.441215556087E+00
  111.3000      0.435107121495E+00
  111.4000      0.438674935408E+00
  111.5000      0.434070619210E+00
  111.6000      0.434124294879E+00
  111.7000      0.432400708485E+00
  111.8000      0.431813665747E+00
  111.9000      0.432198371248E+00
  112.0000      0.433556126603E+00
  112.1000      0.433312224955E+00
  112.2000      0.437159652582E+00
  112.3000      0.433869326127E+00
  112.4000      0.439006227160E+00
  112.5000      0.432892514767E+00
  112.6000      0.437635304563E+00
  112.7000      0.431599122232E+00
  112.8000      0.434593184449E+00
  112.9000      0.431913484160E+00
  113.0000      0.432347603394E+00
  113.1000      0.434199967882E+00
  113.2000      0.432040621902E+00
  113.3000      0.436845628868E+00
  113.4000      0.433134636811E+00
  113.5000      0.437896319452E+00
  113.6000      0.434475224907E+00
  113.7000      0.436854277357E+00
  113.8000      0.435274020739E+00
  113.9000      0.435011448967E+00
  114.0000      0.435360413974E+00
  114.1000      0.434254941741E+00
  114.2000      0.434924372937E+00
  114.3000      0.435449382742E+00
  114.4000      0.434135062991E+00
  114.5000      0.437719571190E+00
  114.6000      0.433030760864E+00
  114.7000      0.439253951937E+00
  114.8000      0.431858684911E+00
  114.9000      0.438931801736E+00
  115.0000      0.431324863113E+00
  115.1000      0.437193165895E+00
  115.2000      0.432026668541E+00
  115.3000      0.435295493747E+00
  115.4000      0.433497677846E+00
  115.5000      0.433960764318E+00
  115.6000      0.434276984409E+00
  115.7000      0.433101600906E+00
  115.8000      0.433359254979E+00
  115.9000      0.432672678159E+00
  116.0000      0.431406926426E+00
  116.1000      0.433007248097E+00
  116.2000      0.430111581911E+00
  116.3000      0.433949614467E+00
  116.4000      0.430378521041E+00
  116.5000      0.434290672021E+00
  116.6000      0.431532519709E+00
  116.7000      0.432835901218E+00
  116.8000      0.432384331994E+00
  116.9000      0.429961909234E+00
  117.0000      0.432592877745E+00
  117.1000      0.427555458350E+00
  117.2000      0.432602010392E+00
  117.3000      0.427214538013E+00
  117.4000      0.432608652373E+00
  117.5000      0.428696722211E+00
  117.6000      0.432208710027E+00
  117.7000      0.430228233091E+00
  117.8000      0.431043707137E+00
  117.9000      0.430169582929E+00
  118.0000      0.429402465154E+00
  118.1000      0.428292344647E+00
  118.2000      0.428108982623E+00
  118.3000      0.425736492388E+00
  118.4000      0.427878641978E+00
  118.5000      0.424020625809E+00
  118.6000      0.428613850660E+00
  118.7000      0.423846724124E+00
  118.8000      0.429190781816E+00
  118.9000      0.424508463106E+00
  119.0000      0.428154350367E+00
  119.1000      0.424606601075E+00
  119.2000      0.425070764928E+00
  119.3000      0.423570281080E+00
  119.4000      0.421363107698E+00
  119.5000      0.422252600138E+00
  119.6000      0.419350964491E+00
  119.7000      0.421786208976E+00
  119.8000      0.419968246607E+00
  119.9000      0.422072850595E+00
  120.0000      0.421662024858E+00
  120.1000      0.421829375197E+00
  120.2000      0.421949295239E+00
  120.3000      0.420254725726E+00
  120.4000      0.419910518456E+00
  120.5000      0.418215475983E+00
  120.6000      0.416921213583E+00
  120.7000      0.417325701906E+00
  120.8000      0.415037792799E+00
  120.9000      0.418093874496E+00
  121.0000      0.414940743231E+00
  121.1000      0.419329785502E+00
  121.2000      0.415588532199E+00
  121.3000      0.419252404919E+00
  121.4000      0.415532314438E+00
  121.5000      0.417104851949E+00
  121.6000      0.414244604029E+00
  121.7000      0.413824448636E+00
  121.8000      0.412422637035E+00
  121.9000      0.411240908177E+00
  122.0000      0.411208990048E+00
  122.1000      0.410568410131E+00
  122.2000      0.410978539305E+00
  122.3000      0.411338100655E+00
  122.4000      0.410893463290E+00
  122.5000      0.411706576661E+00
  122.6000      0.409788237257E+00
  122.7000      0.410207876957E+00
  122.8000      0.407560732607E+00
  122.9000      0.407261590389E+00
  123.0000      0.405550940604E+00
  123.1000      0.404740148624E+00
  123.2000      0.405162736871E+00
  123.3000      0.404066482040E+00
  123.4000      0.406205303785E+00
  123.5000      0.404800997902E+00
  123.6000      0.407029137697E+00
  123.7000      0.405266945601E+00
  123.8000      0.406218131093E+00
  123.9000      0.404410105617E+00
  124.0000      0.403986726547E+00
  124.1000      0.402678514961E+00
  124.2000      0.401876712821E+00
  124.3000      0.401311790571E+00
  124.4000      0.401162816721E+00
  124.5000      0.401008125364E+00
  124.6000      0.401741534027E+00
  124.7000      0.401255977493E+00
  124.8000      0.402299181680E+00
  124.9000      0.400909264283E+00
  125.0000      0.401464201157E+00
  125.1000      0.399304592730E+00
  125.2000      0.399095963834E+00
  125.3000      0.397010934586E+00
  125.4000      0.396466155040E+00
  125.5000      0.395444318297E+00
  125.6000      0.395156701110E+00
  125.7000      0.395392187189E+00
  125.8000      0.395550376942E+00
  125.9000      0.396103552243E+00
  126.0000      0.396386607464E+00
  126.1000      0.396031374216E+00
  126.2000      0.396141415414E+00
  126.3000      0.394527078300E+00
  126.4000      0.394590501634E+00
  126.5000      0.392643688677E+00
  126.6000      0.392906114741E+00
  126.7000      0.391936614650E+00
  126.8000      0.392303377512E+00
  126.9000      0.392813147893E+00
  127.0000      0.392782052945E+00
  127.1000      0.394147409861E+00
  127.2000      0.393344873490E+00
  127.3000      0.394392349144E+00
  127.4000      0.392985749948E+00
  127.5000      0.392984040611E+00
  127.6000      0.391547342897E+00
  127.7000      0.390665219465E+00
  127.8000      0.389820854315E+00
  127.9000      0.388931631257E+00
  128.0000      0.388835970581E+00
  128.1000      0.388859894963E+00
  128.2000      0.388966823393E+00
  128.3000      0.390131320671E+00
  128.4000      0.389380492407E+00
  128.5000      0.391216951706E+00
  128.6000      0.388806740159E+00
  128.7000      0.390692059211E+00
  128.8000      0.387027788021E+00
  128.9000      0.388729908321E+00
  129.0000      0.385371938807E+00
  129.1000      0.386882072797E+00
  129.2000      0.385440086522E+00
  129.3000      0.386460482580E+00
  129.4000      0.387227328834E+00
  129.5000      0.387249170927E+00
  129.6000      0.389072324871E+00
  129.7000      0.387955635843E+00
  129.8000      0.389261809413E+00
  129.9000      0.387702083062E+00
  130.0000      0.387638391176E+00
  130.1000      0.386625181380E+00
  130.2000      0.385515116246E+00
  130.3000      0.385517961834E+00
  130.4000      0.384413556927E+00
  130.5000      0.385003574586E+00
  130.6000      0.385062461706E+00
  130.7000      0.385169463439E+00
  130.8000      0.386932558657E+00
  130.9000      0.385460293126E+00
  131.0000      0.388616445305E+00
  131.1000      0.385020227316E+00
  131.2000      0.388688952162E+00
  131.3000      0.383619948893E+00
  131.4000      0.386974649254E+00
  131.5000      0.382209738823E+00
  131.6000      0.384762107661E+00
  131.7000      0.382278180080E+00
  131.8000      0.383622988330E+00
  131.9000      0.384120295136E+00
  132.0000      0.383881657344E+00
  132.1000      0.386312842911E+00
  132.2000      0.384519882824E+00
  132.3000      0.386960591945E+00
  132.4000      0.384537981471E+00
  132.5000      0.385623329246E+00
  132.6000      0.383876093765E+00
  132.7000      0.383524036978E+00
  132.8000      0.383171054784E+00
  132.9000      0.382300988596E+00
  133.0000      0.382830492086E+00
  133.1000      0.382749939692E+00
  133.2000      0.382885922636E+00
  133.3000      0.384586979001E+00
  133.4000      0.383083929266E+00
  133.5000      0.386792765438E+00
  133.6000      0.383089013950E+00
  133.7000      0.388023983409E+00
  133.8000      0.382560269084E+00
  133.9000      0.387413509172E+00
  134.0000      0.381735701025E+00
  134.1000      0.385259617632E+00
  134.2000      0.381502462548E+00
  134.3000      0.382957217626E+00
  134.4000      0.382602876122E+00
  134.5000      0.381681207637E+00
  134.6000      0.384533753719E+00
  134.7000      0.381520889976E+00
  134.8000      0.385819132568E+00
  134.9000      0.381716477306E+00
  135.0000      0.385432784810E+00
  135.1000      0.381770003412E+00
  135.2000      0.383764208733E+00
  135.3000      0.381662469525E+00
  135.4000      0.382079310888E+00
  135.5000      0.381534191819E+00
  135.6000      0.381414036945E+00
  135.7000      0.381374482210E+00
  135.8000      0.382119164145E+00
  135.9000      0.381331229365E+00
  136.0000      0.383956585082E+00
  136.1000      0.381572713411E+00
  136.2000      0.386075949288E+00
  136.3000      0.382002163329E+00
  136.4000      0.387156924714E+00
  136.5000      0.382168829118E+00
  136.6000      0.386194767773E+00
  136.7000      0.382018415869E+00
  136.8000      0.383449779524E+00
  136.9000      0.382037913880E+00
  137.0000      0.380320448696E+00
  137.1000      0.382732909362E+00
  137.2000      0.378223333985E+00
  137.3000      0.383765561811E+00
  137.4000      0.377671968437E+00
  137.5000      0.384348422687E+00
  137.6000      0.378344692419E+00
  137.7000      0.383935826343E+00
  137.8000      0.379555157473E+00
  137.9000      0.382702129416E+00
  138.0000      0.380543680587E+00
  138.1000      0.381128927121E+00
  138.2000      0.380761015873E+00
  138.3000      0.379904027848E+00
  138.4000      0.380340205127E+00
  138.5000      0.379775441226E+00
  138.6000      0.380061239511E+00
  138.7000      0.381141280417E+00
  138.8000      0.380572915786E+00
  138.9000      0.383287521548E+00
  139.0000      0.381573589074E+00
  139.1000      0.384514867322E+00
  139.2000      0.382183233266E+00
  139.3000      0.383426759043E+00
  139.4000      0.381896946005E+00
  139.5000      0.380112933724E+00
  139.6000      0.381100545036E+00
  139.7000      0.376160735904E+00
  139.8000      0.380485319312E+00
  139.9000      0.373445467313E+00
  140.0000      0.380455820777E+00
  140.1000      0.373172242399E+00
  140.2000      0.380882766547E+00
  140.3000      0.375213912912E+00
  140.4000      0.381224645278E+00
  140.5000      0.378298082509E+00
  140.6000      0.380708562887E+00
  140.7000      0.380532250854E+00
  140.8000      0.378908609244E+00
  140.9000      0.380843672994E+00
  141.0000      0.376492595816E+00
  141.1000      0.379680708873E+00
  141.2000      0.375003495885E+00
  141.3000      0.378592986034E+00
  141.4000      0.375603654333E+00
  141.5000      0.378581097979E+00
  141.6000      0.377752260447E+00
  141.7000      0.379335501809E+00
  141.8000      0.379582055171E+00
  141.9000      0.379750346348E+00
  142.0000      0.379335420081E+00
  142.1000      0.379072293074E+00
  142.2000      0.376702306823E+00
  142.3000      0.377410926464E+00
  142.4000      0.372922388901E+00
  142.5000      0.375590977375E+00
  142.6000      0.370097472983E+00
  142.7000      0.374667145078E+00
  142.8000      0.370040519889E+00
  142.9000      0.375206443437E+00
  143.0000      0.373014993276E+00
  143.1000      0.376512081705E+00
  143.2000      0.377259981544E+00
  143.3000      0.376931213665E+00
  143.4000      0.380107175415E+00
  143.5000      0.375227164750E+00
  143.6000      0.380011210778E+00
  143.7000      0.372056704733E+00
  143.8000      0.377687886001E+00
  143.9000      0.369484589539E+00
  144.0000      0.375024625510E+00
  144.1000      0.369222199428E+00
  144.2000      0.373505595961E+00
  144.3000      0.371267901102E+00
  144.4000      0.373238380477E+00
  144.5000      0.374089290303E+00
  144.6000      0.373496264082E+00
  144.7000      0.375850148279E+00
  144.8000      0.373268339218E+00
  144.9000      0.375275709808E+00
  145.0000      0.371940918386E+00
  145.1000      0.372560911575E+00
  145.2000      0.369914907347E+00
  145.3000      0.369409416592E+00
  145.4000      0.368532815018E+00
  145.5000      0.368171037103E+00
  145.6000      0.368998494843E+00
  145.7000      0.369845035723E+00
  145.8000      0.370814913720E+00
  145.9000      0.373046834718E+00
  146.0000      0.372074804671E+00
  146.1000      0.375224481491E+00
  146.2000      0.371243011019E+00
  146.3000      0.374825517655E+00
  146.4000      0.368699350526E+00
  146.5000      0.372296065857E+00
  146.6000      0.366214848330E+00
  146.7000      0.369133738112E+00
  146.8000      0.365399667107E+00
  146.9000      0.366743523415E+00
  147.0000      0.366771281136E+00
  147.1000      0.365849338161E+00
  147.2000      0.369695992427E+00
  147.3000      0.366364393121E+00
  147.4000      0.372622309487E+00
  147.5000      0.367214205628E+00
  147.6000      0.373552928752E+00
  147.7000      0.367051411375E+00
  147.8000      0.371526419961E+00
  147.9000      0.365661953912E+00
  148.0000      0.367638858830E+00
  148.1000      0.364326006770E+00
  148.2000      0.364395359994E+00
  148.3000      0.364542635532E+00
  148.4000      0.363506574062E+00
  148.5000      0.366193064104E+00
  148.6000      0.364524942654E+00
  148.7000      0.367780783071E+00
  148.8000      0.365906807257E+00
  148.9000      0.368078819776E+00
  149.0000      0.366476102601E+00
  149.1000      0.367016332347E+00
  149.2000      0.365970628900E+00
  149.3000      0.365351474719E+00
  149.4000      0.364639175974E+00
  149.5000      0.363874521892E+00
  149.6000      0.363038703993E+00
  149.7000      0.363371097154E+00
  149.8000      0.362128539604E+00
  149.9000      0.364328989337E+00
  150.0000      0.362420550951E+00
  150.1000      0.366061466297E+00
  150.2000      0.363228674128E+00
  150.3000      0.366831119711E+00
  150.4000      0.363297046819E+00
  150.5000      0.365333268645E+00
  150.6000      0.362314148454E+00
  150.7000      0.362172506245E+00
  150.8000      0.361402261136E+00
  150.9000      0.359282690839E+00
  151.0000      0.361665964395E+00
  151.1000      0.358028740819E+00
  151.2000      0.362961114991E+00
  151.3000      0.358432195249E+00
  151.4000      0.364296480821E+00
  151.5000      0.359803509345E+00
  151.6000      0.364888947039E+00
  151.7000      0.361470245991E+00
  151.8000      0.364460050902E+00
  151.9000      0.362705172880E+00
  152.0000      0.362820392207E+00
  152.1000      0.362749400437E+00
  152.2000      0.360168840470E+00
  152.3000      0.361638233254E+00
  152.4000      0.357639000831E+00
  152.5000      0.360364133607E+00
  152.6000      0.356577430203E+00
  152.7000      0.359785965766E+00
  152.8000      0.357212277228E+00
  152.9000      0.359736753520E+00
  153.0000      0.358418919073E+00
  153.1000      0.359476763718E+00
  153.2000      0.359011369049E+00
  153.3000      0.358887467153E+00
  153.4000      0.358912929567E+00
  153.5000      0.358572284578E+00
  153.6000      0.358693989732E+00
  153.7000      0.358830065525E+00
  153.8000      0.358600907376E+00
  153.9000      0.359310740785E+00
  154.0000      0.358572122489E+00
  154.1000      0.359621763876E+00
  154.2000      0.358674718563E+00
  154.3000      0.359635480361E+00
  154.4000      0.358949797211E+00
  154.5000      0.359098098150E+00
  154.6000      0.358997462597E+00
  154.7000      0.357547618986E+00
  154.8000      0.358295171425E+00
  154.9000      0.355110325902E+00
  155.0000      0.357033423155E+00
  155.1000      0.352972243860E+00
  155.2000      0.356077125331E+00
  155.3000      0.352452980791E+00
  155.4000      0.355970887959E+00
  155.5000      0.353777838050E+00
  155.6000      0.356457913788E+00
  155.7000      0.356088451127E+00
  155.8000      0.356984648791E+00
  155.9000      0.358338150848E+00
  156.0000      0.357216424391E+00
  156.1000      0.359794163669E+00
  156.2000      0.356942451634E+00
  156.3000      0.359944985412E+00
  156.4000      0.355968400031E+00
  156.5000      0.358606087384E+00
  156.6000      0.354512421768E+00
  156.7000      0.356319558787E+00
  156.8000      0.353370739493E+00
  156.9000      0.354173512871E+00
  157.0000      0.353209066701E+00
  157.1000      0.352937423785E+00
  157.2000      0.353828796950E+00
  157.3000      0.352618773906E+00
  157.4000      0.354517514905E+00
  157.5000      0.352911387843E+00
  157.6000      0.354931528852E+00
  157.7000      0.353616872249E+00
  157.8000      0.355196762481E+00
  157.9000      0.354476215352E+00
  158.0000      0.355365873562E+00
  158.1000      0.355076489914E+00
  158.2000      0.355317140918E+00
  158.3000      0.355239585400E+00
  158.4000      0.355136935618E+00
  158.5000      0.355179853097E+00
  158.6000      0.355063545966E+00
  158.7000      0.354975495654E+00
  158.8000      0.354940734900E+00
  158.9000      0.354241178675E+00
  159.0000      0.354241138673E+00
  159.1000      0.352781779477E+00
  159.2000      0.352865121766E+00
  159.3000      0.351292521654E+00
  159.4000      0.351478452313E+00
  159.5000      0.350809455618E+00
  159.6000      0.350779375066E+00
  159.7000      0.351559837773E+00
  159.8000      0.350848509005E+00
  159.9000      0.352917332531E+00
  160.0000      0.351506763665E+00
  160.1000      0.354353462235E+00
  160.2000      0.352739988284E+00
  160.3000      0.355684596796E+00
  160.4000      0.354238529583E+00
  160.5000      0.356367283895E+00
  160.6000      0.355028050732E+00
  160.7000      0.355486810912E+00
  160.8000      0.354342189574E+00
  160.9000      0.352942642814E+00
  161.0000      0.352690198269E+00
  161.1000      0.350025056236E+00
  161.2000      0.351349370337E+00
  161.3000      0.348237226367E+00
  161.4000      0.350873791311E+00
  161.5000      0.347966789545E+00
  161.6000      0.350852033327E+00
  161.7000      0.348801781581E+00
  161.8000      0.351099692700E+00
  161.9000      0.350536406953E+00
  162.0000      0.352039425011E+00
  162.1000      0.352950901055E+00
  162.2000      0.353497671507E+00
  162.3000      0.354956513801E+00
  162.4000      0.354154087016E+00
  162.5000      0.355165500153E+00
  162.6000      0.353049744095E+00
  162.7000      0.353524739553E+00
  162.8000      0.351013613962E+00
  162.9000      0.351472768136E+00
  163.0000      0.349670718210E+00
  163.1000      0.350193430188E+00
  163.2000      0.349453503468E+00
  163.3000      0.349587535865E+00
  163.4000      0.349590375160E+00
  163.5000      0.349327517907E+00
  163.6000      0.349756663986E+00
  163.7000      0.349830863788E+00
  163.8000      0.350443496009E+00
  163.9000      0.351285438832E+00
  164.0000      0.351558962207E+00
  164.1000      0.352552846986E+00
  164.2000      0.352008858387E+00
  164.3000      0.352323892812E+00
  164.4000      0.351308769037E+00
  164.5000      0.351022682982E+00
  164.6000      0.350547273261E+00
  164.7000      0.350279562612E+00
  164.8000      0.350852067333E+00
  164.9000      0.350564604923E+00
  165.0000      0.351698243991E+00
  165.1000      0.350674458785E+00
  165.2000      0.351783921025E+00
  165.3000      0.349837980398E+00
  165.4000      0.350984895277E+00
  165.5000      0.348964382274E+00
  165.6000      0.350209866153E+00
  165.7000      0.349080628284E+00
  165.8000      0.349674634627E+00
  165.9000      0.349721700367E+00
  166.0000      0.348778421585E+00
  166.1000      0.349975916409E+00
  166.2000      0.347764424928E+00
  166.3000      0.350228613390E+00
  166.4000      0.347969268278E+00
  166.5000      0.351432230082E+00
  166.6000      0.349793420491E+00
  166.7000      0.353066233243E+00
  166.8000      0.351678812817E+00
  166.9000      0.353363440050E+00
  167.0000      0.352032018233E+00
  167.1000      0.351660407628E+00
  167.2000      0.351200406935E+00
  167.3000      0.349188924782E+00
  167.4000      0.350478446283E+00
  167.5000      0.347253130381E+00
  167.6000      0.350011727793E+00
  167.7000      0.345958899962E+00
  167.8000      0.349119925467E+00
  167.9000      0.345321190256E+00
  168.0000      0.348220622934E+00
  168.1000      0.346238347398E+00
  168.2000      0.348699881876E+00
  168.3000      0.349152008145E+00
  168.4000      0.350643306684E+00
  168.5000      0.352574482378E+00
  168.6000      0.352196722306E+00
  168.7000      0.354300203690E+00
  168.8000      0.351822699743E+00
  168.9000      0.353745469387E+00
  169.0000      0.350051067458E+00
  169.1000      0.351976629717E+00
  169.2000      0.348289781588E+00
  169.3000      0.349825530658E+00
  169.4000      0.347018681811E+00
  169.5000      0.347413796025E+00
  169.6000      0.346180143671E+00
  169.7000      0.345490978713E+00
  169.8000      0.346401828303E+00
  169.9000      0.345554033989E+00
  170.0000      0.348356161275E+00
  170.1000      0.347902361161E+00
  170.2000      0.351215874894E+00
  170.3000      0.350745801375E+00
  170.4000      0.353095059979E+00
  170.5000      0.352129058156E+00
  170.6000      0.353082493442E+00
  170.7000      0.351908953850E+00
  170.8000      0.351793432112E+00
  170.9000      0.351031698054E+00
  171.0000      0.349959403351E+00
  171.1000      0.349799463443E+00
  171.2000      0.347753271012E+00
  171.3000      0.348070981867E+00
  171.4000      0.345766472952E+00
  171.5000      0.346570685111E+00
  171.6000      0.345281944772E+00
  171.7000      0.346537128066E+00
  171.8000      0.346781185194E+00
  171.9000      0.348091306387E+00
  172.0000      0.349107388523E+00
  172.1000      0.350088123929E+00
  172.2000      0.350871580678E+00
  172.3000      0.351595202301E+00
  172.4000      0.351845863731E+00
  172.5000      0.352425394438E+00
  172.6000      0.352192804738E+00
  172.7000      0.352235782962E+00
  172.8000      0.351356337394E+00
  172.9000      0.350512915506E+00
  173.0000      0.349031591608E+00
  173.1000      0.347877812791E+00
  173.2000      0.346573711887E+00
  173.3000      0.346097657054E+00
  173.4000      0.345914805767E+00
  173.5000      0.346095958385E+00
  173.6000      0.347278516517E+00
  173.7000      0.347047815780E+00
  173.8000      0.349303330763E+00
  173.9000      0.348103781209E+00
  174.0000      0.351158389662E+00
  174.1000      0.349630606778E+00
  174.2000      0.352887685128E+00
  174.3000      0.351645033201E+00
  174.4000      0.353737493219E+00
  174.5000      0.352498970439E+00
  174.6000      0.352284883254E+00
  174.7000      0.350977835438E+00
  174.8000      0.348928555511E+00
  174.9000      0.348704350557E+00
  175.0000      0.346252602188E+00
  175.1000      0.348229895911E+00
  175.2000      0.345767496540E+00
  175.3000      0.349315866705E+00
  175.4000      0.346192807994E+00
  175.5000      0.349672539010E+00
  175.6000      0.346449153288E+00
  175.7000      0.349178806314E+00
  175.8000      0.348130900206E+00
  175.9000      0.350141934705E+00
  176.0000      0.352412851405E+00
  176.1000      0.352610812838E+00
  176.2000      0.356326618059E+00
  176.3000      0.353021107294E+00
  176.4000      0.355853442854E+00
  176.5000      0.349649940929E+00
  176.6000      0.352021549280E+00
  176.7000      0.346179356337E+00
  176.8000      0.349691973050E+00
  176.9000      0.346548804079E+00
  177.0000      0.350037921303E+00
  177.1000      0.349010889408E+00
  177.2000      0.349186676725E+00
  177.3000      0.349784142057E+00
  177.4000      0.346055859660E+00
  177.5000      0.350464913918E+00
  177.6000      0.345887532651E+00
  177.7000      0.355451640831E+00
  177.8000      0.351627884509E+00
  177.9000      0.362227025071E+00
  178.0000      0.356802331862E+00
  178.1000      0.362046314771E+00
  178.2000      0.354158988477E+00
  178.3000      0.353361848036E+00
  178.4000      0.348446938903E+00
  178.5000      0.346767515374E+00
  178.6000      0.350985604056E+00
  178.7000      0.349992873800E+00
  178.8000      0.361147814584E+00
  178.9000      0.354727030157E+00
  179.0000      0.364824852158E+00
  179.1000      0.349555846554E+00
  179.2000      0.357449526036E+00
  179.3000      0.343320965105E+00
  179.4000      0.357805298321E+00
  179.5000      0.360509696667E+00
  179.6000      0.385445696224E+00
  179.7000      0.407584982989E+00
  179.8000      0.428217505234E+00
  179.9000      0.460938838370E+00
  180.0000      0.511963952648E+00
