    0.1000      0.445888019074E+07
    0.2000      0.123740893114E+07
    0.3000      0.484792670861E+06
    0.4000      0.181652587623E+06
    0.5000      0.930192752689E+05
    0.6000      0.890489057306E+05
    0.7000      0.642537294571E+05
    0.8000      0.254478286403E+05
    0.9000      0.218647230837E+05
    1.0000      0.241659833084E+05
    1.1000      0.179071560868E+05
    1.2000      0.109063748406E+05
    1.3000      0.104138944885E+05
    1.4000      0.108354520811E+05
    1.5000      0.959153006203E+04
    1.6000      0.830617865307E+04
    1.7000      0.713019741308E+04
    1.8000      0.574325101597E+04
    1.9000      0.495169537312E+04
    2.0000      0.536515987409E+04
    2.1000      0.572234438898E+04
    2.2000      0.491665004431E+04
    2.3000      0.381330490241E+04
    2.4000      0.332969090729E+04
    2.5000      0.380534308896E+04
    2.6000      0.417493568761E+04
    2.7000      0.409219853540E+04
    2.8000      0.364798410058E+04
    2.9000      0.313091118134E+04
    3.0000      0.284699992737E+04
    3.1000      0.257692322981E+04
    3.2000      0.247504588504E+04
    3.3000      0.233853837747E+04
    3.4000      0.209881784777E+04
    3.5000      0.178470362538E+04
    3.6000      0.149187295818E+04
    3.7000      0.142682048499E+04
    3.8000      0.144876708175E+04
    3.9000      0.138818109258E+04
    4.0000      0.118765853235E+04
    4.1000      0.943460063104E+03
    4.2000      0.830226097698E+03
    4.3000      0.871725031331E+03
    4.4000      0.971773806309E+03
    4.5000      0.102368117601E+04
    4.6000      0.941654667939E+03
    4.7000      0.790552117374E+03
    4.8000      0.660492350857E+03
    4.9000      0.596788446994E+03
    5.0000      0.606431973417E+03
    5.1000      0.608723312229E+03
    5.2000      0.615109818335E+03
    5.3000      0.613737312430E+03
    5.4000      0.581513210294E+03
    5.5000      0.535597316052E+03
    5.6000      0.456568140654E+03
    5.7000      0.394765024953E+03
    5.8000      0.344989241691E+03
    5.9000      0.306049782864E+03
    6.0000      0.309901368272E+03
    6.1000      0.316820048645E+03
    6.2000      0.317673845376E+03
    6.3000      0.292475419581E+03
    6.4000      0.251201597233E+03
    6.5000      0.224959508445E+03
    6.6000      0.196891449173E+03
    6.7000      0.178505816737E+03
    6.8000      0.166794526623E+03
    6.9000      0.151019887025E+03
    7.0000      0.138230692394E+03
    7.1000      0.126566297007E+03
    7.2000      0.126503296279E+03
    7.3000      0.132548617159E+03
    7.4000      0.130019578087E+03
    7.5000      0.119683971136E+03
    7.6000      0.100865466012E+03
    7.7000      0.796994562493E+02
    7.8000      0.657974249144E+02
    7.9000      0.615512477345E+02
    8.0000      0.664857717923E+02
    8.1000      0.728295082420E+02
    8.2000      0.740484516276E+02
    8.3000      0.717714362369E+02
    8.4000      0.653258643606E+02
    8.5000      0.571964401325E+02
    8.6000      0.510284393069E+02
    8.7000      0.462441541679E+02
    8.8000      0.438227380753E+02
    8.9000      0.415372420406E+02
    9.0000      0.401206736080E+02
    9.1000      0.413132263921E+02
    9.2000      0.410405257144E+02
    9.3000      0.402458734565E+02
    9.4000      0.394180299599E+02
    9.5000      0.373891243244E+02
    9.6000      0.359319359697E+02
    9.7000      0.342449187947E+02
    9.8000      0.338021171908E+02
    9.9000      0.343359613118E+02
   10.0000      0.328747474207E+02
   10.1000      0.321823038498E+02
   10.2000      0.320153671140E+02
   10.3000      0.307705713546E+02
   10.4000      0.301806674039E+02
   10.5000      0.291933759996E+02
   10.6000      0.285017399650E+02
   10.7000      0.278010290019E+02
   10.8000      0.263896932913E+02
   10.9000      0.272355157064E+02
   11.0000      0.280027435992E+02
   11.1000      0.275602080854E+02
   11.2000      0.275909182888E+02
   11.3000      0.264366512880E+02
   11.4000      0.250693873673E+02
   11.5000      0.234170844743E+02
   11.6000      0.221584235061E+02
   11.7000      0.229766576941E+02
   11.8000      0.230387194396E+02
   11.9000      0.232498704718E+02
   12.0000      0.242093759061E+02
   12.1000      0.239117025826E+02
   12.2000      0.233794793044E+02
   12.3000      0.221501725865E+02
   12.4000      0.213576599608E+02
   12.5000      0.216059146554E+02
   12.6000      0.213835848127E+02
   12.7000      0.226535662594E+02
   12.8000      0.244874071854E+02
   12.9000      0.252506268384E+02
   13.0000      0.255464976612E+02
   13.1000      0.246271799437E+02
   13.2000      0.238180937591E+02
   13.3000      0.230539379195E+02
   13.4000      0.223848518188E+02
   13.5000      0.239776920333E+02
   13.6000      0.259471462367E+02
   13.7000      0.275108608196E+02
   13.8000      0.290330213247E+02
   13.9000      0.291961745596E+02
   14.0000      0.285346774780E+02
   14.1000      0.265767812230E+02
   14.2000      0.243263085312E+02
   14.3000      0.234623477803E+02
   14.4000      0.224060385382E+02
   14.5000      0.223237901583E+02
   14.6000      0.238469832995E+02
   14.7000      0.249726273417E+02
   14.8000      0.259956987456E+02
   14.9000      0.263800401888E+02
   15.0000      0.258721051127E+02
   15.1000      0.248482612006E+02
   15.2000      0.225902765676E+02
   15.3000      0.208716592285E+02
   15.4000      0.200525535929E+02
   15.5000      0.190296363895E+02
   15.6000      0.193914121117E+02
   15.7000      0.206248528923E+02
   15.8000      0.215250893663E+02
   15.9000      0.224504745530E+02
   16.0000      0.226605166009E+02
   16.1000      0.223911768854E+02
   16.2000      0.215160126870E+02
   16.3000      0.199124533017E+02
   16.4000      0.192711727117E+02
   16.5000      0.190244381715E+02
   16.6000      0.189288086473E+02
   16.7000      0.200692956042E+02
   16.8000      0.212917163107E+02
   16.9000      0.221949768682E+02
   17.0000      0.226939351241E+02
   17.1000      0.224192861085E+02
   17.2000      0.219896330436E+02
   17.3000      0.208557615009E+02
   17.4000      0.196812272057E+02
   17.5000      0.194705772063E+02
   17.6000      0.192134479985E+02
   17.7000      0.193162679876E+02
   17.8000      0.198666784944E+02
   17.9000      0.200944115137E+02
   18.0000      0.201017055178E+02
   18.1000      0.193979756295E+02
   18.2000      0.185126617413E+02
   18.3000      0.177391235579E+02
   18.4000      0.165185889655E+02
   18.5000      0.158554690820E+02
   18.6000      0.156958810789E+02
   18.7000      0.155120775997E+02
   18.8000      0.155802628314E+02
   18.9000      0.154679141934E+02
   19.0000      0.153627287069E+02
   19.1000      0.150160142703E+02
   19.2000      0.141927255921E+02
   19.3000      0.137748660996E+02
   19.4000      0.133681666975E+02
   19.5000      0.129245018406E+02
   19.6000      0.129414632156E+02
   19.7000      0.130539555346E+02
   19.8000      0.133716478758E+02
   19.9000      0.135471365229E+02
   20.0000      0.135710964897E+02
   20.1000      0.138636951634E+02
   20.2000      0.136969527523E+02
   20.3000      0.134061752172E+02
   20.4000      0.134374846021E+02
   20.5000      0.132618618690E+02
   20.6000      0.131973478374E+02
   20.7000      0.132454584304E+02
   20.8000      0.133861949094E+02
   20.9000      0.137281143013E+02
   21.0000      0.137565441509E+02
   21.1000      0.138992170130E+02
   21.2000      0.141321387013E+02
   21.3000      0.138200973891E+02
   21.4000      0.135437943610E+02
   21.5000      0.132899815876E+02
   21.6000      0.127776155466E+02
   21.7000      0.123904598945E+02
   21.8000      0.120626119497E+02
   21.9000      0.119438284105E+02
   22.0000      0.119729429742E+02
   22.1000      0.118922615484E+02
   22.2000      0.120831203121E+02
   22.3000      0.121861166936E+02
   22.4000      0.119095111971E+02
   22.5000      0.117005970946E+02
   22.6000      0.112908777865E+02
   22.7000      0.106317433197E+02
   22.8000      0.100230158717E+02
   22.9000      0.942377947130E+01
   23.0000      0.903702345227E+01
   23.1000      0.877017336544E+01
   23.2000      0.864586575715E+01
   23.3000      0.890964830429E+01
   23.4000      0.912054183335E+01
   23.5000      0.926823990483E+01
   23.6000      0.949821919067E+01
   23.7000      0.944022730615E+01
   23.8000      0.917032385585E+01
   23.9000      0.871208763302E+01
   24.0000      0.812577616694E+01
   24.1000      0.762346430109E+01
   24.2000      0.704927004932E+01
   24.3000      0.674291788910E+01
   24.4000      0.682715541679E+01
   24.5000      0.695124183353E+01
   24.6000      0.732085373271E+01
   24.7000      0.780150487981E+01
   24.8000      0.815017987451E+01
   24.9000      0.834935641865E+01
   25.0000      0.817833119724E+01
   25.1000      0.787381243984E+01
   25.2000      0.737972363639E+01
   25.3000      0.658223973080E+01
   25.4000      0.603257002867E+01
   25.5000      0.565248840098E+01
   25.6000      0.538786171664E+01
   25.7000      0.551341096850E+01
   25.8000      0.584031156602E+01
   25.9000      0.636068757425E+01
   26.0000      0.682945854057E+01
   26.1000      0.708230988911E+01
   26.2000      0.732360555043E+01
   26.3000      0.713496693663E+01
   26.4000      0.659030341182E+01
   26.5000      0.608885287237E+01
   26.6000      0.541363765267E+01
   26.7000      0.479259383935E+01
   26.8000      0.443124173057E+01
   26.9000      0.430486136206E+01
   27.0000      0.452135399763E+01
   27.1000      0.480954318390E+01
   27.2000      0.521874089660E+01
   27.3000      0.572452749223E+01
   27.4000      0.585329329709E+01
   27.5000      0.578397797910E+01
   27.6000      0.557694236122E+01
   27.7000      0.501143147330E+01
   27.8000      0.437098167959E+01
   27.9000      0.377683265989E+01
   28.0000      0.328712283802E+01
   28.1000      0.303264364638E+01
   28.2000      0.294886722654E+01
   28.3000      0.312676825824E+01
   28.4000      0.344857437087E+01
   28.5000      0.367848769151E+01
   28.6000      0.391184919741E+01
   28.7000      0.402164939335E+01
   28.8000      0.385921050402E+01
   28.9000      0.361162767424E+01
   29.0000      0.329598179967E+01
   29.1000      0.290227555797E+01
   29.2000      0.260631758215E+01
   29.3000      0.243775100393E+01
   29.4000      0.237558613530E+01
   29.5000      0.245085572320E+01
   29.6000      0.260673820574E+01
   29.7000      0.280365103656E+01
   29.8000      0.298492336973E+01
   29.9000      0.308372674983E+01
   30.0000      0.315873044857E+01
   30.1000      0.316045116193E+01
   30.2000      0.305587450307E+01
   30.3000      0.300350255191E+01
   30.4000      0.294547828219E+01
   30.5000      0.283473413891E+01
   30.6000      0.283158255733E+01
   30.7000      0.285165837324E+01
   30.8000      0.283415665269E+01
   30.9000      0.288128139772E+01
   31.0000      0.292646695826E+01
   31.1000      0.295410082711E+01
   31.2000      0.298509665392E+01
   31.3000      0.299579455634E+01
   31.4000      0.304308315201E+01
   31.5000      0.305153424092E+01
   31.6000      0.302189879231E+01
   31.7000      0.307123857455E+01
   31.8000      0.305520465781E+01
   31.9000      0.298588448142E+01
   32.0000      0.300977863499E+01
   32.1000      0.297884190405E+01
   32.2000      0.291376877467E+01
   32.3000      0.292639401444E+01
   32.4000      0.291977778039E+01
   32.5000      0.292146777484E+01
   32.6000      0.293650760287E+01
   32.7000      0.295140266415E+01
   32.8000      0.301436956431E+01
   32.9000      0.300471735414E+01
   33.0000      0.299604880086E+01
   33.1000      0.306642872275E+01
   33.2000      0.302052639068E+01
   33.3000      0.297729950500E+01
   33.4000      0.301480193434E+01
   33.5000      0.296012682856E+01
   33.6000      0.291544959885E+01
   33.7000      0.290474619130E+01
   33.8000      0.287252933644E+01
   33.9000      0.286779610567E+01
   34.0000      0.282590184995E+01
   34.1000      0.283468572326E+01
   34.2000      0.288865087914E+01
   34.3000      0.284876547176E+01
   34.4000      0.287782419347E+01
   34.5000      0.293572386691E+01
   34.6000      0.288007549372E+01
   34.7000      0.285032132781E+01
   34.8000      0.280544374270E+01
   34.9000      0.269145059505E+01
   35.0000      0.257227431205E+01
   35.1000      0.242762738621E+01
   35.2000      0.231748338275E+01
   35.3000      0.222615289751E+01
   35.4000      0.213600925898E+01
   35.5000      0.214546271026E+01
   35.6000      0.218044348970E+01
   35.7000      0.220285550140E+01
   35.8000      0.226710182901E+01
   35.9000      0.229559055671E+01
   36.0000      0.225655685938E+01
   36.1000      0.217110586148E+01
   36.2000      0.202204381120E+01
   36.3000      0.182124194733E+01
   36.4000      0.160987181879E+01
   36.5000      0.142258799468E+01
   36.6000      0.127739498635E+01
   36.7000      0.122342114554E+01
   36.8000      0.126524410382E+01
   36.9000      0.136235570309E+01
   37.0000      0.152408415295E+01
   37.1000      0.169754446305E+01
   37.2000      0.182728589927E+01
   37.3000      0.189426571282E+01
   37.4000      0.186147195113E+01
   37.5000      0.177551303866E+01
   37.6000      0.161813130619E+01
   37.7000      0.140557929256E+01
   37.8000      0.128975655847E+01
   37.9000      0.121550474486E+01
   38.0000      0.118488417383E+01
   38.1000      0.132451890712E+01
   38.2000      0.151599090392E+01
   38.3000      0.171594601536E+01
   38.4000      0.194507793110E+01
   38.5000      0.210943877916E+01
   38.6000      0.220694081520E+01
   38.7000      0.218925068929E+01
   38.8000      0.208219547584E+01
   38.9000      0.198166389100E+01
   39.0000      0.180482051563E+01
   39.1000      0.164926717706E+01
   39.2000      0.162732065461E+01
   39.3000      0.161485051110E+01
   39.4000      0.166769476954E+01
   39.5000      0.181987483212E+01
   39.6000      0.195040379235E+01
   39.7000      0.206172248381E+01
   39.8000      0.212827971020E+01
   39.9000      0.212077550482E+01
   40.0000      0.205450015942E+01
   40.1000      0.190395532815E+01
   40.2000      0.173853282368E+01
   40.3000      0.159558050551E+01
   40.4000      0.144538327375E+01
   40.5000      0.136635402512E+01
   40.6000      0.136967701243E+01
   40.7000      0.139264622958E+01
   40.8000      0.146445844665E+01
   40.9000      0.156631708851E+01
   41.0000      0.162479006774E+01
   41.1000      0.165345465228E+01
   41.2000      0.165201218922E+01
   41.3000      0.158056988990E+01
   41.4000      0.147801594413E+01
   41.5000      0.137447561846E+01
   41.6000      0.126503374468E+01
   41.7000      0.118988019375E+01
   41.8000      0.115873112974E+01
   41.9000      0.117822704486E+01
   42.0000      0.124884362810E+01
   42.1000      0.132181672379E+01
   42.2000      0.142468692937E+01
   42.3000      0.153030194352E+01
   42.4000      0.155802066965E+01
   42.5000      0.158280742175E+01
   42.6000      0.159017484062E+01
   42.7000      0.151678451253E+01
   42.8000      0.146203715921E+01
   42.9000      0.142523136876E+01
   43.0000      0.137978824258E+01
   43.1000      0.137986364864E+01
   43.2000      0.140628437025E+01
   43.3000      0.147239645759E+01
   43.4000      0.155193304094E+01
   43.5000      0.160130426877E+01
   43.6000      0.168443969127E+01
   43.7000      0.173095661622E+01
   43.8000      0.170166523892E+01
   43.9000      0.170141143374E+01
   44.0000      0.166819735894E+01
   44.1000      0.158584281014E+01
   44.2000      0.154634422533E+01
   44.3000      0.151181099667E+01
   44.4000      0.148374052193E+01
   44.5000      0.148561818220E+01
   44.6000      0.149705074091E+01
   44.7000      0.153601464472E+01
   44.8000      0.155514740496E+01
   44.9000      0.155261032502E+01
   45.0000      0.157271911398E+01
   45.1000      0.154010746786E+01
   45.2000      0.147338806386E+01
   45.3000      0.143822717949E+01
   45.4000      0.136896661321E+01
   45.5000      0.129089691109E+01
   45.6000      0.126201124248E+01
   45.7000      0.123575987731E+01
   45.8000      0.122540055624E+01
   45.9000      0.125324898042E+01
   46.0000      0.129036950205E+01
   46.1000      0.133747757853E+01
   46.2000      0.137871276959E+01
   46.3000      0.140944126830E+01
   46.4000      0.143740284095E+01
   46.5000      0.142519063318E+01
   46.6000      0.139933115511E+01
   46.7000      0.138925065549E+01
   46.8000      0.134559946117E+01
   46.9000      0.131331913326E+01
   47.0000      0.133294340108E+01
   47.1000      0.133923575510E+01
   47.2000      0.136910402428E+01
   47.3000      0.145231881724E+01
   47.4000      0.151587744866E+01
   47.5000      0.157898011179E+01
   47.6000      0.165391696132E+01
   47.7000      0.169409862759E+01
   47.8000      0.171510286530E+01
   47.9000      0.171405816157E+01
   48.0000      0.169919230349E+01
   48.1000      0.169005403101E+01
   48.2000      0.165584140736E+01
   48.3000      0.164896084663E+01
   48.4000      0.168075374900E+01
   48.5000      0.167821629734E+01
   48.6000      0.170754359741E+01
   48.7000      0.176776972346E+01
   48.8000      0.176587521905E+01
   48.9000      0.176732469166E+01
   49.0000      0.177415261018E+01
   49.1000      0.172289443676E+01
   49.2000      0.167057593540E+01
   49.3000      0.162302205373E+01
   49.4000      0.157151999299E+01
   49.5000      0.154126487309E+01
   49.6000      0.151447310005E+01
   49.7000      0.152521371486E+01
   49.8000      0.155213187164E+01
   49.9000      0.154172181575E+01
   50.0000      0.155791071016E+01
   50.1000      0.155931425178E+01
   50.2000      0.148721035851E+01
   50.3000      0.142909077549E+01
   50.4000      0.136111205483E+01
   50.5000      0.125153314320E+01
   50.6000      0.118011098406E+01
   50.7000      0.113783728814E+01
   50.8000      0.111565767436E+01
   50.9000      0.113861230743E+01
   51.0000      0.118614608640E+01
   51.1000      0.126000243834E+01
   51.2000      0.132643912434E+01
   51.3000      0.135822884682E+01
   51.4000      0.138185635993E+01
   51.5000      0.135381068741E+01
   51.6000      0.126963579558E+01
   51.7000      0.118841304119E+01
   51.8000      0.109198771128E+01
   51.9000      0.996172907304E+00
   52.0000      0.956780615236E+00
   52.1000      0.962539143291E+00
   52.2000      0.101326720710E+01
   52.3000      0.112063903650E+01
   52.4000      0.125662330739E+01
   52.5000      0.139537784624E+01
   52.6000      0.151932075283E+01
   52.7000      0.160342250073E+01
   52.8000      0.163091878135E+01
   52.9000      0.160380261467E+01
   53.0000      0.152910229701E+01
   53.1000      0.142211246388E+01
   53.2000      0.131106143819E+01
   53.3000      0.121881612602E+01
   53.4000      0.117004709015E+01
   53.5000      0.117287205869E+01
   53.6000      0.122510914712E+01
   53.7000      0.133722832537E+01
   53.8000      0.146819812071E+01
   53.9000      0.158804795849E+01
   54.0000      0.171304868163E+01
   54.1000      0.178304913931E+01
   54.2000      0.177905327483E+01
   54.3000      0.175175964888E+01
   54.4000      0.166618528650E+01
   54.5000      0.153622870381E+01
   54.6000      0.142318948535E+01
   54.7000      0.132044161879E+01
   54.8000      0.125425191564E+01
   54.9000      0.123360720974E+01
   55.0000      0.125712748377E+01
   55.1000      0.134320520894E+01
   55.2000      0.142316675916E+01
   55.3000      0.150017660384E+01
   55.4000      0.159991574596E+01
   55.5000      0.162151375271E+01
   55.6000      0.159336800824E+01
   55.7000      0.156556086862E+01
   55.8000      0.146824661592E+01
   55.9000      0.135172106927E+01
   56.0000      0.126130711149E+01
   56.1000      0.117846245192E+01
   56.2000      0.113919821969E+01
   56.3000      0.113004667051E+01
   56.4000      0.116912756759E+01
   56.5000      0.125774244007E+01
   56.6000      0.131435609009E+01
   56.7000      0.138580274837E+01
   56.8000      0.146308762223E+01
   56.9000      0.144996508143E+01
   57.0000      0.141985106730E+01
   57.1000      0.138205922422E+01
   57.2000      0.128186360179E+01
   57.3000      0.119097760042E+01
   57.4000      0.112215009972E+01
   57.5000      0.107042275119E+01
   57.6000      0.106128121712E+01
   57.7000      0.107499850996E+01
   57.8000      0.113692750258E+01
   57.9000      0.121799836271E+01
   58.0000      0.126675165854E+01
   58.1000      0.133130276284E+01
   58.2000      0.136924899231E+01
   58.3000      0.133663316744E+01
   58.4000      0.130014937617E+01
   58.5000      0.124166075823E+01
   58.6000      0.114832938609E+01
   58.7000      0.107738842883E+01
   58.8000      0.102709713802E+01
   58.9000      0.100006872026E+01
   59.0000      0.101069994637E+01
   59.1000      0.104833287422E+01
   59.2000      0.111251818131E+01
   59.3000      0.117944510271E+01
   59.4000      0.123205272947E+01
   59.5000      0.127482769240E+01
   59.6000      0.128379687493E+01
   59.7000      0.125621795912E+01
   59.8000      0.121384424286E+01
   59.9000      0.115320836307E+01
   60.0000      0.108421537093E+01
   60.1000      0.103560846100E+01
   60.2000      0.100685099040E+01
   60.3000      0.995777798062E+00
   60.4000      0.102206999880E+01
   60.5000      0.106829089483E+01
   60.6000      0.111077410978E+01
   60.7000      0.116634803440E+01
   60.8000      0.121034440791E+01
   60.9000      0.121724804414E+01
   61.0000      0.121657536175E+01
   61.1000      0.119661972537E+01
   61.2000      0.114999721092E+01
   61.3000      0.110962515924E+01
   61.4000      0.107502929636E+01
   61.5000      0.105597159549E+01
   61.6000      0.105739743558E+01
   61.7000      0.107288265450E+01
   61.8000      0.112316257712E+01
   61.9000      0.117141097371E+01
   62.0000      0.120259691312E+01
   62.1000      0.125449703331E+01
   62.2000      0.127092581493E+01
   62.3000      0.124343925716E+01
   62.4000      0.122966585913E+01
   62.5000      0.118518114527E+01
   62.6000      0.111583324998E+01
   62.7000      0.107599234876E+01
   62.8000      0.104155712365E+01
   62.9000      0.102283444617E+01
   63.0000      0.103512347963E+01
   63.1000      0.106664498507E+01
   63.2000      0.112537652506E+01
   63.3000      0.117676201659E+01
   63.4000      0.122081859907E+01
   63.5000      0.127428607946E+01
   63.6000      0.127813939864E+01
   63.7000      0.125148224351E+01
   63.8000      0.123089361104E+01
   63.9000      0.116451470806E+01
   64.0000      0.108496268725E+01
   64.1000      0.103588711234E+01
   64.2000      0.981653739717E+00
   64.3000      0.946903367480E+00
   64.4000      0.954685212541E+00
   64.5000      0.979504823184E+00
   64.6000      0.102511546870E+01
   64.7000      0.108288763815E+01
   64.8000      0.113967027599E+01
   64.9000      0.119047113800E+01
   65.0000      0.121017441892E+01
   65.1000      0.120873922793E+01
   65.2000      0.119261872139E+01
   65.3000      0.113746739250E+01
   65.4000      0.107495948530E+01
   65.5000      0.102489428026E+01
   65.6000      0.961679161061E+00
   65.7000      0.919371885784E+00
   65.8000      0.915912556179E+00
   65.9000      0.914301085776E+00
   66.0000      0.934392526481E+00
   66.1000      0.983431765696E+00
   66.2000      0.101859146618E+01
   66.3000      0.104881624582E+01
   66.4000      0.107714340870E+01
   66.5000      0.107637342030E+01
   66.6000      0.105714446486E+01
   66.7000      0.102287352837E+01
   66.8000      0.976363444587E+00
   66.9000      0.931261369163E+00
   67.0000      0.879837412185E+00
   67.1000      0.849159666341E+00
   67.2000      0.845855594873E+00
   67.3000      0.836215274999E+00
   67.4000      0.857459777239E+00
   67.5000      0.905668398548E+00
   67.6000      0.925884725595E+00
   67.7000      0.958047919602E+00
   67.8000      0.997130346206E+00
   67.9000      0.992329175459E+00
   68.0000      0.982727713741E+00
   68.1000      0.969491774823E+00
   68.2000      0.930100546532E+00
   68.3000      0.892543552294E+00
   68.4000      0.855882675969E+00
   68.5000      0.831646785002E+00
   68.6000      0.823439247040E+00
   68.7000      0.813376793399E+00
   68.8000      0.838489348639E+00
   68.9000      0.877149027485E+00
   69.0000      0.892951689511E+00
   69.1000      0.937257755190E+00
   69.2000      0.979306756075E+00
   69.3000      0.980276877557E+00
   69.4000      0.993945076787E+00
   69.5000      0.998359177174E+00
   69.6000      0.970955615581E+00
   69.7000      0.951579504017E+00
   69.8000      0.930697673936E+00
   69.9000      0.908835831152E+00
   70.0000      0.896380863358E+00
   70.1000      0.887418218439E+00
   70.2000      0.901370035526E+00
   70.3000      0.917299638887E+00
   70.4000      0.926179955196E+00
   70.5000      0.959511484233E+00
   70.6000      0.980560692047E+00
   70.7000      0.979820106451E+00
   70.8000      0.993956393932E+00
   70.9000      0.990807638159E+00
   71.0000      0.965943731489E+00
   71.1000      0.951620305615E+00
   71.2000      0.929975782989E+00
   71.3000      0.901953116631E+00
   71.4000      0.885279892710E+00
   71.5000      0.873117223871E+00
   71.6000      0.867815620931E+00
   71.7000      0.869562276175E+00
   71.8000      0.875899498196E+00
   71.9000      0.888768831032E+00
   72.0000      0.897936833355E+00
   72.1000      0.903124044013E+00
   72.2000      0.908276206552E+00
   72.3000      0.902757050150E+00
   72.4000      0.889096567701E+00
   72.5000      0.876220154192E+00
   72.6000      0.856164393572E+00
   72.7000      0.832518102816E+00
   72.8000      0.819759012906E+00
   72.9000      0.807401447110E+00
   73.0000      0.795627925091E+00
   73.1000      0.803779033450E+00
   73.2000      0.813350702093E+00
   73.3000      0.818665171966E+00
   73.4000      0.843436036991E+00
   73.5000      0.863063427144E+00
   73.6000      0.869027018574E+00
   73.7000      0.886886486709E+00
   73.8000      0.894649772668E+00
   73.9000      0.887767163091E+00
   74.0000      0.885559601908E+00
   74.1000      0.876769418787E+00
   74.2000      0.866958428283E+00
   74.3000      0.856902570354E+00
   74.4000      0.847605764431E+00
   74.5000      0.857318253692E+00
   74.6000      0.859714279373E+00
   74.7000      0.863618796116E+00
   74.8000      0.898758497657E+00
   74.9000      0.915489179288E+00
   75.0000      0.925224052431E+00
   75.1000      0.964328052460E+00
   75.2000      0.976745264175E+00
   75.3000      0.974220961682E+00
   75.4000      0.990493766213E+00
   75.5000      0.983950438471E+00
   75.6000      0.966814250943E+00
   75.7000      0.957097100789E+00
   75.8000      0.940287733590E+00
   75.9000      0.929240616624E+00
   76.0000      0.914536811496E+00
   76.1000      0.907862768861E+00
   76.2000      0.922420146161E+00
   76.3000      0.919471196633E+00
   76.4000      0.926865080177E+00
   76.5000      0.958681964968E+00
   76.6000      0.959208013853E+00
   76.7000      0.961417870131E+00
   76.8000      0.980994294889E+00
   76.9000      0.966126944017E+00
   77.0000      0.946931352606E+00
   77.1000      0.938256087001E+00
   77.2000      0.908845603998E+00
   77.3000      0.880228021717E+00
   77.4000      0.859401343020E+00
   77.5000      0.839219230683E+00
   77.6000      0.828926079389E+00
   77.7000      0.820918690759E+00
   77.8000      0.825179174168E+00
   77.9000      0.839895474998E+00
   78.0000      0.843795115457E+00
   78.1000      0.855793827155E+00
   78.2000      0.870334925954E+00
   78.3000      0.861840435809E+00
   78.4000      0.853721132423E+00
   78.5000      0.844744093584E+00
   78.6000      0.814220528832E+00
   78.7000      0.786511414484E+00
   78.8000      0.766133785194E+00
   78.9000      0.737862491667E+00
   79.0000      0.721390611500E+00
   79.1000      0.721660668264E+00
   79.2000      0.723133820228E+00
   79.3000      0.736685149308E+00
   79.4000      0.763511102814E+00
   79.5000      0.785743023157E+00
   79.6000      0.807834536332E+00
   79.7000      0.829420406880E+00
   79.8000      0.836674764346E+00
   79.9000      0.834131581402E+00
   80.0000      0.823224022038E+00
   80.1000      0.802204852789E+00
   80.2000      0.777958466386E+00
   80.3000      0.749889323721E+00
   80.4000      0.729461002234E+00
   80.5000      0.721154547831E+00
   80.6000      0.712680435700E+00
   80.7000      0.723731466940E+00
   80.8000      0.752002828965E+00
   80.9000      0.769182635748E+00
   81.0000      0.799467079928E+00
   81.1000      0.837258063086E+00
   81.2000      0.846339766090E+00
   81.3000      0.855076474206E+00
   81.4000      0.862337515900E+00
   81.5000      0.838300780085E+00
   81.6000      0.812507844437E+00
   81.7000      0.789535905087E+00
   81.8000      0.754621637999E+00
   81.9000      0.729024643064E+00
   82.0000      0.714294506571E+00
   82.1000      0.710543550204E+00
   82.2000      0.721528195305E+00
   82.3000      0.736348335139E+00
   82.4000      0.767872146301E+00
   82.5000      0.803632772951E+00
   82.6000      0.820788411943E+00
   82.7000      0.845880639063E+00
   82.8000      0.862043251556E+00
   82.9000      0.843670689289E+00
   83.0000      0.830045410541E+00
   83.1000      0.810505685124E+00
   83.2000      0.763955778787E+00
   83.3000      0.732620011354E+00
   83.4000      0.711746456096E+00
   83.5000      0.684776835473E+00
   83.6000      0.681500351027E+00
   83.7000      0.695780788852E+00
   83.8000      0.714710885920E+00
   83.9000      0.747018602288E+00
   84.0000      0.782161855298E+00
   84.1000      0.816606627628E+00
   84.2000      0.842826980864E+00
   84.3000      0.850372665715E+00
   84.4000      0.853687146412E+00
   84.5000      0.839797097866E+00
   84.6000      0.802101107792E+00
   84.7000      0.773205011370E+00
   84.8000      0.739646790080E+00
   84.9000      0.694817893717E+00
   85.0000      0.677640296908E+00
   85.1000      0.671891530625E+00
   85.2000      0.664691863965E+00
   85.3000      0.687151679532E+00
   85.4000      0.719766758077E+00
   85.5000      0.745135346243E+00
   85.6000      0.781356421513E+00
   85.7000      0.812085819680E+00
   85.8000      0.826025800694E+00
   85.9000      0.831541600168E+00
   86.0000      0.822417434261E+00
   86.1000      0.802276422157E+00
   86.2000      0.772387963145E+00
   86.3000      0.735133451029E+00
   86.4000      0.707221423263E+00
   86.5000      0.680642522209E+00
   86.6000      0.657477463802E+00
   86.7000      0.658514689889E+00
   86.8000      0.665190940046E+00
   86.9000      0.673118311676E+00
   87.0000      0.701104809596E+00
   87.1000      0.725828282936E+00
   87.2000      0.739109658020E+00
   87.3000      0.758420130778E+00
   87.4000      0.765421056801E+00
   87.5000      0.754728331402E+00
   87.6000      0.744182333470E+00
   87.7000      0.725145711217E+00
   87.8000      0.696958103353E+00
   87.9000      0.674896901778E+00
   88.0000      0.656309232143E+00
   88.1000      0.641483142048E+00
   88.2000      0.637769618974E+00
   88.3000      0.642420548186E+00
   88.4000      0.653997754990E+00
   88.5000      0.670501858649E+00
   88.6000      0.687914114382E+00
   88.7000      0.706334171667E+00
   88.8000      0.718239411823E+00
   88.9000      0.721543978954E+00
   89.0000      0.723656205928E+00
   89.1000      0.715242516775E+00
   89.2000      0.697379761147E+00
   89.3000      0.686402391650E+00
   89.4000      0.670515699969E+00
   89.5000      0.650401175117E+00
   89.6000      0.647483711679E+00
   89.7000      0.645241672484E+00
   89.8000      0.640019506758E+00
   89.9000      0.653544792643E+00
   90.0000      0.666216561817E+00
   90.1000      0.670942559126E+00
   90.2000      0.687205794884E+00
   90.3000      0.698200978040E+00
   90.4000      0.698321966354E+00
   90.5000      0.702633597154E+00
   90.6000      0.701830395392E+00
   90.7000      0.695778738494E+00
   90.8000      0.690878954218E+00
   90.9000      0.684922380058E+00
   91.0000      0.684052329934E+00
   91.1000      0.681781651461E+00
   91.2000      0.679491695694E+00
   91.3000      0.689408376447E+00
   91.4000      0.692412261721E+00
   91.5000      0.691040347482E+00
   91.6000      0.704161663426E+00
   91.7000      0.705444543147E+00
   91.8000      0.697949355027E+00
   91.9000      0.706542112654E+00
   92.0000      0.704125730793E+00
   92.1000      0.693238566139E+00
   92.2000      0.700388591471E+00
   92.3000      0.701535789394E+00
   92.4000      0.696913403328E+00
   92.5000      0.708032710054E+00
   92.6000      0.715868261867E+00
   92.7000      0.718668042675E+00
   92.8000      0.728205449898E+00
   92.9000      0.732990681718E+00
   93.0000      0.733356817951E+00
   93.1000      0.730191501053E+00
   93.2000      0.721849444365E+00
   93.3000      0.715606898325E+00
   93.4000      0.701501682208E+00
   93.5000      0.686398210330E+00
   93.6000      0.685634660561E+00
   93.7000      0.677660672624E+00
   93.8000      0.672302760921E+00
   93.9000      0.689925672160E+00
   94.0000      0.698380801253E+00
   94.1000      0.705263545847E+00
   94.2000      0.732617724986E+00
   94.3000      0.744190632477E+00
   94.4000      0.745018693737E+00
   94.5000      0.757314050847E+00
   94.6000      0.751112657236E+00
   94.7000      0.731950195646E+00
   94.8000      0.719686435772E+00
   94.9000      0.697752736016E+00
   95.0000      0.673257079507E+00
   95.1000      0.657276892346E+00
   95.2000      0.645696172213E+00
   95.3000      0.644783906074E+00
   95.4000      0.649935509910E+00
   95.5000      0.664001337909E+00
   95.6000      0.691166404128E+00
   95.7000      0.711112403062E+00
   95.8000      0.730668440203E+00
   95.9000      0.755611869106E+00
   96.0000      0.758526694732E+00
   96.1000      0.751070213098E+00
   96.2000      0.745609176060E+00
   96.3000      0.717456280595E+00
   96.4000      0.682367472208E+00
   96.5000      0.658622668336E+00
   96.6000      0.626835278728E+00
   96.7000      0.600990528245E+00
   96.8000      0.598166340288E+00
   96.9000      0.600164305141E+00
   97.0000      0.612717499267E+00
   97.1000      0.645597446212E+00
   97.2000      0.679451077432E+00
   97.3000      0.712164001065E+00
   97.4000      0.747638206849E+00
   97.5000      0.770065881394E+00
   97.6000      0.777194731596E+00
   97.7000      0.772904434842E+00
   97.8000      0.751911575579E+00
   97.9000      0.718637894464E+00
   98.0000      0.677769255206E+00
   98.1000      0.635131376088E+00
   98.2000      0.600645318226E+00
   98.3000      0.571946974270E+00
   98.4000      0.558901059828E+00
   98.5000      0.570745246610E+00
   98.6000      0.589423443406E+00
   98.7000      0.622216599985E+00
   98.8000      0.675792556358E+00
   98.9000      0.717864443154E+00
   99.0000      0.754183059852E+00
   99.1000      0.794488306999E+00
   99.2000      0.804449071920E+00
   99.3000      0.793959911872E+00
   99.4000      0.781099840053E+00
   99.5000      0.741333713982E+00
   99.6000      0.689554986063E+00
   99.7000      0.647753080219E+00
   99.8000      0.602749212478E+00
   99.9000      0.567267819109E+00
  100.0000      0.554954256582E+00
  100.1000      0.557788383166E+00
  100.2000      0.579074029124E+00
  100.3000      0.616054903781E+00
  100.4000      0.662531998748E+00
  100.5000      0.714447394005E+00
  100.6000      0.756893691279E+00
  100.7000      0.789676056114E+00
  100.8000      0.811440895426E+00
  100.9000      0.806187177327E+00
  101.0000      0.784577045294E+00
  101.1000      0.755078154129E+00
  101.2000      0.705966908011E+00
  101.3000      0.655482482845E+00
  101.4000      0.618617371134E+00
  101.5000      0.582844039696E+00
  101.6000      0.563714834727E+00
  101.7000      0.573936514235E+00
  101.8000      0.592736404456E+00
  101.9000      0.626032846692E+00
  102.0000      0.680912383295E+00
  102.1000      0.729348864263E+00
  102.2000      0.771104944088E+00
  102.3000      0.813281799872E+00
  102.4000      0.830575342887E+00
  102.5000      0.825679758857E+00
  102.6000      0.811902206431E+00
  102.7000      0.775584001039E+00
  102.8000      0.725971703067E+00
  102.9000      0.679170865013E+00
  103.0000      0.632616233994E+00
  103.1000      0.596408796527E+00
  103.2000      0.577353362291E+00
  103.3000      0.576838191927E+00
  103.4000      0.598867594067E+00
  103.5000      0.632075037647E+00
  103.6000      0.677940645995E+00
  103.7000      0.735900282334E+00
  103.8000      0.780175029231E+00
  103.9000      0.816052048252E+00
  104.0000      0.847421682316E+00
  104.1000      0.846380995209E+00
  104.2000      0.826885001760E+00
  104.3000      0.803217889117E+00
  104.4000      0.753662830341E+00
  104.5000      0.698142454635E+00
  104.6000      0.656930838963E+00
  104.7000      0.612617418668E+00
  104.8000      0.581277932308E+00
  104.9000      0.579029663522E+00
  105.0000      0.586876402631E+00
  105.1000      0.609794994846E+00
  105.2000      0.654625951871E+00
  105.3000      0.700543879118E+00
  105.4000      0.744250831020E+00
  105.5000      0.787641148726E+00
  105.6000      0.814869639262E+00
  105.7000      0.823811564600E+00
  105.8000      0.818509227830E+00
  105.9000      0.794371241024E+00
  106.0000      0.756362017303E+00
  106.1000      0.710637460929E+00
  106.2000      0.662687438718E+00
  106.3000      0.621959581036E+00
  106.4000      0.587815840024E+00
  106.5000      0.568897222293E+00
  106.6000      0.573493242477E+00
  106.7000      0.585078839048E+00
  106.8000      0.610535036050E+00
  106.9000      0.656885525343E+00
  107.0000      0.692146438071E+00
  107.1000      0.723240724665E+00
  107.2000      0.762168724227E+00
  107.3000      0.771358846483E+00
  107.4000      0.762550059108E+00
  107.5000      0.757419801214E+00
  107.6000      0.722905712858E+00
  107.7000      0.675551541239E+00
  107.8000      0.642631969984E+00
  107.9000      0.598855988935E+00
  108.0000      0.558802473794E+00
  108.1000      0.544078064778E+00
  108.2000      0.535744170189E+00
  108.3000      0.540021153543E+00
  108.4000      0.563424862862E+00
  108.5000      0.593501317904E+00
  108.6000      0.629683618922E+00
  108.7000      0.663058745663E+00
  108.8000      0.691231883243E+00
  108.9000      0.714956876081E+00
  109.0000      0.716527569602E+00
  109.1000      0.706438361354E+00
  109.2000      0.693300971395E+00
  109.3000      0.655972553895E+00
  109.4000      0.614741910855E+00
  109.5000      0.585648404207E+00
  109.6000      0.544001361719E+00
  109.7000      0.511211052319E+00
  109.8000      0.505204847963E+00
  109.9000      0.495834555725E+00
  110.0000      0.498030277444E+00
  110.1000      0.527088602000E+00
  110.2000      0.549269455348E+00
  110.3000      0.572305938202E+00
  110.4000      0.609247167272E+00
  110.5000      0.629344777976E+00
  110.6000      0.637812834003E+00
  110.7000      0.648083629545E+00
  110.8000      0.639429941115E+00
  110.9000      0.618386762902E+00
  111.0000      0.597638616355E+00
  111.1000      0.568850714233E+00
  111.2000      0.539432407096E+00
  111.3000      0.514959255308E+00
  111.4000      0.496445229260E+00
  111.5000      0.489715933385E+00
  111.6000      0.487039558308E+00
  111.7000      0.494663160329E+00
  111.8000      0.516744563554E+00
  111.9000      0.531987062929E+00
  112.0000      0.550560388882E+00
  112.1000      0.578570934473E+00
  112.2000      0.587002574105E+00
  112.3000      0.590118578127E+00
  112.4000      0.599630840023E+00
  112.5000      0.586226333983E+00
  112.6000      0.566539103864E+00
  112.7000      0.557026177355E+00
  112.8000      0.532373088911E+00
  112.9000      0.507594272040E+00
  113.0000      0.498948280478E+00
  113.1000      0.485520839803E+00
  113.2000      0.476919456907E+00
  113.3000      0.484655436854E+00
  113.4000      0.491882867038E+00
  113.5000      0.502036599101E+00
  113.6000      0.520736892424E+00
  113.7000      0.536415804010E+00
  113.8000      0.549286330346E+00
  113.9000      0.560828383759E+00
  114.0000      0.566298686447E+00
  114.1000      0.566659726001E+00
  114.2000      0.561177065545E+00
  114.3000      0.551629401192E+00
  114.4000      0.541360914505E+00
  114.5000      0.527098106617E+00
  114.6000      0.514555763016E+00
  114.7000      0.508515513807E+00
  114.8000      0.501087155049E+00
  114.9000      0.498752646377E+00
  115.0000      0.506677089021E+00
  115.1000      0.511445269493E+00
  115.2000      0.518888978578E+00
  115.3000      0.535194375033E+00
  115.4000      0.543195781223E+00
  115.5000      0.548717821480E+00
  115.6000      0.560683206832E+00
  115.7000      0.561228362617E+00
  115.8000      0.556582980725E+00
  115.9000      0.558832162079E+00
  116.0000      0.551707863285E+00
  116.1000      0.540752043850E+00
  116.2000      0.539096320464E+00
  116.3000      0.532596840893E+00
  116.4000      0.524725832948E+00
  116.5000      0.527072640948E+00
  116.6000      0.527304859164E+00
  116.7000      0.526312883483E+00
  116.8000      0.533180736406E+00
  116.9000      0.537962070214E+00
  117.0000      0.539854455502E+00
  117.1000      0.545582135027E+00
  117.2000      0.548583881124E+00
  117.3000      0.548173647409E+00
  117.4000      0.548892572253E+00
  117.5000      0.547664798975E+00
  117.6000      0.545063212446E+00
  117.7000      0.542773514400E+00
  117.8000      0.540441275475E+00
  117.9000      0.540245423593E+00
  118.0000      0.539443762330E+00
  118.1000      0.539227374995E+00
  118.2000      0.543953708677E+00
  118.3000      0.545475402947E+00
  118.4000      0.545776449602E+00
  118.5000      0.552506970201E+00
  118.6000      0.552563358236E+00
  118.7000      0.548613382625E+00
  118.8000      0.552923209102E+00
  118.9000      0.549012678236E+00
  119.0000      0.539608225133E+00
  119.1000      0.541498959961E+00
  119.2000      0.536734940785E+00
  119.3000      0.526918979077E+00
  119.4000      0.531135392445E+00
  119.5000      0.531151665379E+00
  119.6000      0.526337872577E+00
  119.7000      0.535451372696E+00
  119.8000      0.541370887131E+00
  119.9000      0.541023204606E+00
  120.0000      0.550731645479E+00
  120.1000      0.556663685575E+00
  120.2000      0.555072306703E+00
  120.3000      0.558567881931E+00
  120.4000      0.558121707874E+00
  120.5000      0.551606282853E+00
  120.6000      0.547100486084E+00
  120.7000      0.540599266726E+00
  120.8000      0.532960717145E+00
  120.9000      0.526239126304E+00
  121.0000      0.520062243913E+00
  121.1000      0.518943849881E+00
  121.2000      0.517568970223E+00
  121.3000      0.516976960655E+00
  121.4000      0.525621321035E+00
  121.5000      0.530811220512E+00
  121.6000      0.533414917564E+00
  121.7000      0.546456121612E+00
  121.8000      0.551848099124E+00
  121.9000      0.549666938094E+00
  122.0000      0.557872613470E+00
  122.1000      0.556371348486E+00
  122.2000      0.544603146408E+00
  122.3000      0.544511750672E+00
  122.4000      0.536853430336E+00
  122.5000      0.520046181341E+00
  122.6000      0.517252867375E+00
  122.7000      0.511748858916E+00
  122.8000      0.500152529779E+00
  122.9000      0.502754435835E+00
  123.0000      0.505783562245E+00
  123.1000      0.504339957229E+00
  123.2000      0.513136238607E+00
  123.3000      0.521737610125E+00
  123.4000      0.525285323616E+00
  123.5000      0.532403221248E+00
  123.6000      0.536930819120E+00
  123.7000      0.536710326138E+00
  123.8000      0.534951502341E+00
  123.9000      0.529702230861E+00
  124.0000      0.523362858099E+00
  124.1000      0.514410363098E+00
  124.2000      0.503612930655E+00
  124.3000      0.497999455745E+00
  124.4000      0.491094390324E+00
  124.5000      0.483926734122E+00
  124.6000      0.487344749136E+00
  124.7000      0.489868350694E+00
  124.8000      0.490671723335E+00
  124.9000      0.503615221792E+00
  125.0000      0.513447993783E+00
  125.1000      0.516866053253E+00
  125.2000      0.530446402362E+00
  125.3000      0.537883612125E+00
  125.4000      0.534303196781E+00
  125.5000      0.538504884016E+00
  125.6000      0.536089510429E+00
  125.7000      0.521997439685E+00
  125.8000      0.515743190275E+00
  125.9000      0.506535810646E+00
  126.0000      0.489624710918E+00
  126.1000      0.482179402841E+00
  126.2000      0.476786347014E+00
  126.3000      0.468945056647E+00
  126.4000      0.470457170126E+00
  126.5000      0.475894296612E+00
  126.6000      0.481043372994E+00
  126.7000      0.491418506255E+00
  126.8000      0.503035286488E+00
  126.9000      0.513127948638E+00
  127.0000      0.522316564363E+00
  127.1000      0.528298179561E+00
  127.2000      0.531383981590E+00
  127.3000      0.529918819812E+00
  127.4000      0.523455678005E+00
  127.5000      0.515914648321E+00
  127.6000      0.504804281852E+00
  127.7000      0.490662708486E+00
  127.8000      0.480374675518E+00
  127.9000      0.470448654855E+00
  128.0000      0.460485963590E+00
  128.1000      0.458927553881E+00
  128.2000      0.460474474382E+00
  128.3000      0.462221073288E+00
  128.4000      0.473284333680E+00
  128.5000      0.486404432446E+00
  128.6000      0.495874692052E+00
  128.7000      0.511581949335E+00
  128.8000      0.525693193696E+00
  128.9000      0.530986513475E+00
  129.0000      0.538597736134E+00
  129.1000      0.542233024290E+00
  129.2000      0.535070496368E+00
  129.3000      0.529128984746E+00
  129.4000      0.520817460111E+00
  129.5000      0.504798988376E+00
  129.6000      0.492325978804E+00
  129.7000      0.481920821899E+00
  129.8000      0.469363000162E+00
  129.9000      0.462919572667E+00
  130.0000      0.461687472786E+00
  130.1000      0.461801695498E+00
  130.2000      0.467689744672E+00
  130.3000      0.478017595042E+00
  130.4000      0.488817638018E+00
  130.5000      0.501733097301E+00
  130.6000      0.515420311385E+00
  130.7000      0.526211070737E+00
  130.8000      0.535018996456E+00
  130.9000      0.541376456296E+00
  131.0000      0.542417782832E+00
  131.1000      0.539921302079E+00
  131.2000      0.534883653832E+00
  131.3000      0.525690356238E+00
  131.4000      0.514950077784E+00
  131.5000      0.504264676896E+00
  131.6000      0.493346522422E+00
  131.7000      0.484485366390E+00
  131.8000      0.478128654622E+00
  131.9000      0.475234582664E+00
  132.0000      0.476351589895E+00
  132.1000      0.479055808901E+00
  132.2000      0.485847565272E+00
  132.3000      0.495532720446E+00
  132.4000      0.502572420435E+00
  132.5000      0.511667609920E+00
  132.6000      0.521235952905E+00
  132.7000      0.523812721762E+00
  132.8000      0.526594564808E+00
  132.9000      0.529140949237E+00
  133.0000      0.523456011807E+00
  133.1000      0.518377085707E+00
  133.2000      0.514995499610E+00
  133.3000      0.505277998388E+00
  133.4000      0.497950746849E+00
  133.5000      0.495040719098E+00
  133.6000      0.488251304329E+00
  133.7000      0.484932600678E+00
  133.8000      0.487517893371E+00
  133.9000      0.486969842439E+00
  134.0000      0.488985110496E+00
  134.1000      0.496545850195E+00
  134.2000      0.499706834337E+00
  134.3000      0.503143265108E+00
  134.4000      0.511021819927E+00
  134.5000      0.512670761196E+00
  134.6000      0.512329322406E+00
  134.7000      0.515830669106E+00
  134.8000      0.512649163662E+00
  134.9000      0.506923062232E+00
  135.0000      0.505781615452E+00
  135.1000      0.499815621621E+00
  135.2000      0.492556554173E+00
  135.3000      0.490831871105E+00
  135.4000      0.487271804409E+00
  135.5000      0.484204634271E+00
  135.6000      0.485969103092E+00
  135.7000      0.487794245267E+00
  135.8000      0.490712460477E+00
  135.9000      0.495130149058E+00
  136.0000      0.499530988973E+00
  136.1000      0.504744600781E+00
  136.2000      0.507136340760E+00
  136.3000      0.508691502780E+00
  136.4000      0.511410584399E+00
  136.5000      0.508297365346E+00
  136.6000      0.504281406402E+00
  136.7000      0.503404541408E+00
  136.8000      0.495957701908E+00
  136.9000      0.488477098734E+00
  137.0000      0.487151071245E+00
  137.1000      0.479903249877E+00
  137.2000      0.473404280432E+00
  137.3000      0.475835342657E+00
  137.4000      0.472945926754E+00
  137.5000      0.470443513294E+00
  137.6000      0.478392643343E+00
  137.7000      0.480670567194E+00
  137.8000      0.481359469511E+00
  137.9000      0.492358406562E+00
  138.0000      0.496449675900E+00
  138.1000      0.496047402312E+00
  138.2000      0.504896329007E+00
  138.3000      0.506183707961E+00
  138.4000      0.500971910745E+00
  138.5000      0.504249958542E+00
  138.6000      0.501145020755E+00
  138.7000      0.491683499558E+00
  138.8000      0.490682214756E+00
  138.9000      0.486222788566E+00
  139.0000      0.477369130588E+00
  139.1000      0.476652367114E+00
  139.2000      0.475251182631E+00
  139.3000      0.471506883831E+00
  139.4000      0.474124774205E+00
  139.5000      0.477291007227E+00
  139.6000      0.479411292310E+00
  139.7000      0.484794876711E+00
  139.8000      0.490241942480E+00
  139.9000      0.495223710274E+00
  140.0000      0.499957725168E+00
  140.1000      0.503387314677E+00
  140.2000      0.507121569345E+00
  140.3000      0.507872773089E+00
  140.4000      0.506042631521E+00
  140.5000      0.506250521145E+00
  140.6000      0.502201852152E+00
  140.7000      0.495011787918E+00
  140.8000      0.493039434737E+00
  140.9000      0.487130896334E+00
  141.0000      0.477979019986E+00
  141.1000      0.477798713354E+00
  141.2000      0.474484478808E+00
  141.3000      0.467028557785E+00
  141.4000      0.471218125469E+00
  141.5000      0.472465491609E+00
  141.6000      0.467292080144E+00
  141.7000      0.474526768523E+00
  141.8000      0.478556488075E+00
  141.9000      0.473543917430E+00
  142.0000      0.480458509407E+00
  142.1000      0.484546197129E+00
  142.2000      0.478161508341E+00
  142.3000      0.482795037520E+00
  142.4000      0.485913482967E+00
  142.5000      0.478678378395E+00
  142.6000      0.481179248043E+00
  142.7000      0.483713784996E+00
  142.8000      0.476934233772E+00
  142.9000      0.478177585983E+00
  143.0000      0.480647571759E+00
  143.1000      0.475256429473E+00
  143.2000      0.476150290057E+00
  143.3000      0.479109297035E+00
  143.4000      0.475810531876E+00
  143.5000      0.477235426161E+00
  143.6000      0.480978330291E+00
  143.7000      0.479695487319E+00
  143.8000      0.481432336189E+00
  143.9000      0.484906764680E+00
  144.0000      0.484305005996E+00
  144.1000      0.485088463852E+00
  144.2000      0.486588590153E+00
  144.3000      0.485411203224E+00
  144.4000      0.484617472615E+00
  144.5000      0.483486310521E+00
  144.6000      0.481967415215E+00
  144.7000      0.480650392827E+00
  144.8000      0.477727474832E+00
  144.9000      0.476992333563E+00
  145.0000      0.476559373393E+00
  145.1000      0.472524431671E+00
  145.2000      0.472665299750E+00
  145.3000      0.473295837782E+00
  145.4000      0.467964667616E+00
  145.5000      0.468170649067E+00
  145.6000      0.469535325591E+00
  145.7000      0.463032017234E+00
  145.8000      0.462942278879E+00
  145.9000      0.465217975014E+00
  146.0000      0.458443192874E+00
  146.1000      0.458407175489E+00
  146.2000      0.462163498272E+00
  146.3000      0.456270548683E+00
  146.4000      0.456905692533E+00
  146.5000      0.462722481067E+00
  146.6000      0.458660332120E+00
  146.7000      0.460457203496E+00
  146.8000      0.468576479910E+00
  146.9000      0.466617877633E+00
  147.0000      0.469285569463E+00
  147.1000      0.478831957166E+00
  147.2000      0.477866590860E+00
  147.3000      0.479696596254E+00
  147.4000      0.488355864162E+00
  147.5000      0.486223151948E+00
  147.6000      0.485059387718E+00
  147.7000      0.490648144723E+00
  147.8000      0.486159396753E+00
  147.9000      0.481630736793E+00
  148.0000      0.484153844396E+00
  148.1000      0.478528022684E+00
  148.2000      0.472670162064E+00
  148.3000      0.474079003498E+00
  148.4000      0.469675128180E+00
  148.5000      0.465015358444E+00
  148.6000      0.467169260610E+00
  148.7000      0.465508225916E+00
  148.8000      0.463464520878E+00
  148.9000      0.467111653600E+00
  149.0000      0.468389628039E+00
  149.1000      0.469057044239E+00
  149.2000      0.473725537976E+00
  149.3000      0.476763518304E+00
  149.4000      0.478808784357E+00
  149.5000      0.482661013843E+00
  149.6000      0.485032146656E+00
  149.7000      0.486234908810E+00
  149.8000      0.487053738649E+00
  149.9000      0.486616045455E+00
  150.0000      0.485784881415E+00
  150.1000      0.483105308099E+00
  150.2000      0.479942380082E+00
  150.3000      0.478280047799E+00
  150.4000      0.474077234546E+00
  150.5000      0.470228666095E+00
  150.6000      0.469992593554E+00
  150.7000      0.466639015854E+00
  150.8000      0.463711127685E+00
  150.9000      0.465788282709E+00
  151.0000      0.464112144127E+00
  151.1000      0.462207820054E+00
  151.2000      0.465956437526E+00
  151.3000      0.465664029747E+00
  151.4000      0.464272894295E+00
  151.5000      0.468686901724E+00
  151.6000      0.469157593061E+00
  151.7000      0.467590937145E+00
  151.8000      0.471626930035E+00
  151.9000      0.471967731821E+00
  152.0000      0.469303115384E+00
  152.1000      0.472120509650E+00
  152.2000      0.471733150138E+00
  152.3000      0.467595368883E+00
  152.4000      0.469480857219E+00
  152.5000      0.469082682017E+00
  152.6000      0.464381909400E+00
  152.7000      0.466702103103E+00
  152.8000      0.467691025494E+00
  152.9000      0.463427157679E+00
  153.0000      0.466726635219E+00
  153.1000      0.469187324231E+00
  153.2000      0.464920259850E+00
  153.3000      0.468014911589E+00
  153.4000      0.470674024541E+00
  153.5000      0.465500124777E+00
  153.6000      0.467287844196E+00
  153.7000      0.469564218377E+00
  153.8000      0.463923028278E+00
  153.9000      0.464822559510E+00
  154.0000      0.467377508409E+00
  154.1000      0.462498532113E+00
  154.2000      0.463394364043E+00
  154.3000      0.466787113641E+00
  154.4000      0.463221331661E+00
  154.5000      0.464414814950E+00
  154.6000      0.468679558926E+00
  154.7000      0.466361254173E+00
  154.8000      0.467868747200E+00
  154.9000      0.472927424076E+00
  155.0000      0.471554564455E+00
  155.1000      0.473020977643E+00
  155.2000      0.478197644050E+00
  155.3000      0.476742206186E+00
  155.4000      0.476899463618E+00
  155.5000      0.480583527448E+00
  155.6000      0.477622166761E+00
  155.7000      0.475309485298E+00
  155.8000      0.476520700292E+00
  155.9000      0.472102022267E+00
  156.0000      0.468195278634E+00
  156.1000      0.468129752366E+00
  156.2000      0.464335067975E+00
  156.3000      0.461351272149E+00
  156.4000      0.462168709923E+00
  156.5000      0.460965808020E+00
  156.6000      0.460533646981E+00
  156.7000      0.463103525924E+00
  156.8000      0.464543800511E+00
  156.9000      0.466281837457E+00
  157.0000      0.469913307597E+00
  157.1000      0.472650884424E+00
  157.2000      0.475049220214E+00
  157.3000      0.478364779373E+00
  157.4000      0.480586099344E+00
  157.5000      0.481733951620E+00
  157.6000      0.483012125881E+00
  157.7000      0.482866406683E+00
  157.8000      0.481153709260E+00
  157.9000      0.479215838626E+00
  158.0000      0.476082275452E+00
  158.1000      0.471809874368E+00
  158.2000      0.467612922550E+00
  158.3000      0.463242412281E+00
  158.4000      0.459048931005E+00
  158.5000      0.455332159816E+00
  158.6000      0.452431180661E+00
  158.7000      0.450987588032E+00
  158.8000      0.449734119167E+00
  158.9000      0.449444582297E+00
  159.0000      0.451314920299E+00
  159.1000      0.452498049113E+00
  159.2000      0.454112240131E+00
  159.3000      0.458265664774E+00
  159.4000      0.460858066725E+00
  159.5000      0.463067864611E+00
  159.6000      0.468053424355E+00
  159.7000      0.470718168386E+00
  159.8000      0.471891775919E+00
  159.9000      0.475954813436E+00
  160.0000      0.477041738388E+00
  160.1000      0.475426878796E+00
  160.2000      0.477240141310E+00
  160.3000      0.476030831786E+00
  160.4000      0.471343549138E+00
  160.5000      0.471578339419E+00
  160.6000      0.469580739381E+00
  160.7000      0.463619867275E+00
  160.8000      0.464407849100E+00
  160.9000      0.463880713425E+00
  161.0000      0.458401468988E+00
  161.1000      0.460710555224E+00
  161.2000      0.462194608294E+00
  161.3000      0.457217683161E+00
  161.4000      0.460158667242E+00
  161.5000      0.462792885226E+00
  161.6000      0.457844927402E+00
  161.7000      0.460618142632E+00
  161.8000      0.464064690528E+00
  161.9000      0.459537580759E+00
  162.0000      0.462285230300E+00
  162.1000      0.466748453191E+00
  162.2000      0.463001883485E+00
  162.3000      0.465674860627E+00
  162.4000      0.470870200635E+00
  162.5000      0.467443155629E+00
  162.6000      0.469556028116E+00
  162.7000      0.475124554116E+00
  162.8000      0.471574337296E+00
  162.9000      0.472932620220E+00
  163.0000      0.478889975302E+00
  163.1000      0.474924659022E+00
  163.2000      0.475026515309E+00
  163.3000      0.480670489297E+00
  163.4000      0.475217482118E+00
  163.5000      0.472612506923E+00
  163.6000      0.476464683683E+00
  163.7000      0.468603944685E+00
  163.8000      0.462725752259E+00
  163.9000      0.464831883951E+00
  164.0000      0.456004048580E+00
  164.1000      0.448933517194E+00
  164.2000      0.451677142133E+00
  164.3000      0.444981258494E+00
  164.4000      0.439567063838E+00
  164.5000      0.445072579422E+00
  164.6000      0.442162602710E+00
  164.7000      0.439195830741E+00
  164.8000      0.447462245413E+00
  164.9000      0.447803111956E+00
  165.0000      0.446337272208E+00
  165.1000      0.456355072147E+00
  165.2000      0.458833260014E+00
  165.3000      0.457614403962E+00
  165.4000      0.468042365490E+00
  165.5000      0.471080003686E+00
  165.6000      0.468129298477E+00
  165.7000      0.476434804948E+00
  165.8000      0.477443541654E+00
  165.9000      0.470336104279E+00
  166.0000      0.474008365875E+00
  166.1000      0.471507275699E+00
  166.2000      0.460192086388E+00
  166.3000      0.459809176053E+00
  166.4000      0.455786282983E+00
  166.5000      0.443696249483E+00
  166.6000      0.442798040731E+00
  166.7000      0.440974781005E+00
  166.8000      0.431903636466E+00
  166.9000      0.433471764935E+00
  167.0000      0.435901695677E+00
  167.1000      0.431162655749E+00
  167.2000      0.435884990640E+00
  167.3000      0.442500109830E+00
  167.4000      0.441448177523E+00
  167.5000      0.448562306658E+00
  167.6000      0.458106382231E+00
  167.7000      0.458902767781E+00
  167.8000      0.466197962442E+00
  167.9000      0.475798422286E+00
  168.0000      0.475166180771E+00
  168.1000      0.479046864980E+00
  168.2000      0.485016094086E+00
  168.3000      0.480147873863E+00
  168.4000      0.478537904809E+00
  168.5000      0.479735279793E+00
  168.6000      0.471366954182E+00
  168.7000      0.466123324834E+00
  168.8000      0.465055746379E+00
  168.9000      0.456620912561E+00
  169.0000      0.451267177041E+00
  169.1000      0.450935451367E+00
  169.2000      0.444853308357E+00
  169.3000      0.441270949393E+00
  169.4000      0.443025095485E+00
  169.5000      0.439910016250E+00
  169.6000      0.438658426609E+00
  169.7000      0.443252172974E+00
  169.8000      0.443394238180E+00
  169.9000      0.444630336730E+00
  170.0000      0.451993542501E+00
  170.1000      0.454495201128E+00
  170.2000      0.456503656787E+00
  170.3000      0.463932160970E+00
  170.4000      0.465711193018E+00
  170.5000      0.465320969889E+00
  170.6000      0.469332002816E+00
  170.7000      0.468217654693E+00
  170.8000      0.464804005561E+00
  170.9000      0.465266636589E+00
  171.0000      0.462787115979E+00
  171.1000      0.459238191418E+00
  171.2000      0.458680771467E+00
  171.3000      0.457206799048E+00
  171.4000      0.455618222147E+00
  171.5000      0.455062517988E+00
  171.6000      0.454403261661E+00
  171.7000      0.454033589831E+00
  171.8000      0.452962980751E+00
  171.9000      0.452284854069E+00
  172.0000      0.452514769670E+00
  172.1000      0.451668950569E+00
  172.2000      0.451722768451E+00
  172.3000      0.453018109415E+00
  172.4000      0.453220666446E+00
  172.5000      0.453962172147E+00
  172.6000      0.455315653132E+00
  172.7000      0.455057135458E+00
  172.8000      0.454485040885E+00
  172.9000      0.454295185607E+00
  173.0000      0.452407545390E+00
  173.1000      0.450216514504E+00
  173.2000      0.449917225216E+00
  173.3000      0.448482308446E+00
  173.4000      0.446975954375E+00
  173.5000      0.449199297519E+00
  173.6000      0.449984035469E+00
  173.7000      0.449462049212E+00
  173.8000      0.453120524999E+00
  173.9000      0.454181411067E+00
  174.0000      0.452121269962E+00
  174.1000      0.454236669749E+00
  174.2000      0.453862924140E+00
  174.3000      0.450093834977E+00
  174.4000      0.451063937022E+00
  174.5000      0.451066698790E+00
  174.6000      0.448141991466E+00
  174.7000      0.449777684000E+00
  174.8000      0.451119001784E+00
  174.9000      0.448591648787E+00
  175.0000      0.449424904676E+00
  175.1000      0.449837359538E+00
  175.2000      0.444777425502E+00
  175.3000      0.443580846008E+00
  175.4000      0.443566049528E+00
  175.5000      0.437402534259E+00
  175.6000      0.438164724641E+00
  175.7000      0.443099153500E+00
  175.8000      0.440465775492E+00
  175.9000      0.446876495439E+00
  176.0000      0.458718249691E+00
  176.1000      0.459143336672E+00
  176.2000      0.467666184404E+00
  176.3000      0.481139674708E+00
  176.4000      0.479775176493E+00
  176.5000      0.484978382809E+00
  176.6000      0.495705085029E+00
  176.7000      0.491627999023E+00
  176.8000      0.493550056309E+00
  176.9000      0.502321980029E+00
  177.0000      0.497442636752E+00
  177.1000      0.496970842080E+00
  177.2000      0.503488106183E+00
  177.3000      0.495519964473E+00
  177.4000      0.489602930569E+00
  177.5000      0.492298344369E+00
  177.6000      0.479311641591E+00
  177.7000      0.468542438069E+00
  177.8000      0.473177225188E+00
  177.9000      0.461725483853E+00
  178.0000      0.453653602325E+00
  178.1000      0.469194312489E+00
  178.2000      0.465558897336E+00
  178.3000      0.461791398940E+00
  178.4000      0.484640743714E+00
  178.5000      0.483050285466E+00
  178.6000      0.475207897228E+00
  178.7000      0.492909965054E+00
  178.8000      0.487987697757E+00
  178.9000      0.477995163380E+00
  179.0000      0.491830816632E+00
  179.1000      0.496079320232E+00
  179.2000      0.505341233758E+00
  179.3000      0.528665100614E+00
  179.4000      0.555469049612E+00
  179.5000      0.596557765208E+00
  179.6000      0.622374993962E+00
  179.7000      0.654609620425E+00
  179.8000      0.712130549548E+00
  179.9000      0.699870281780E+00
  180.0000      0.732253227055E+00
