    0.1000      0.511031492725E+07
    0.2000      0.972505523889E+06
    0.3000      0.408199226435E+06
    0.4000      0.172031758472E+06
    0.5000      0.106456977894E+06
    0.6000      0.664314938349E+05
    0.7000      0.384809633042E+05
    0.8000      0.326041928859E+05
    0.9000      0.219255075144E+05
    1.0000      0.209408007103E+05
    1.1000      0.198692982797E+05
    1.2000      0.173926868075E+05
    1.3000      0.138631673073E+05
    1.4000      0.128395153543E+05
    1.5000      0.117531216276E+05
    1.6000      0.105042624760E+05
    1.7000      0.863944770372E+04
    1.8000      0.726499944585E+04
    1.9000      0.641042581155E+04
    2.0000      0.554133933391E+04
    2.1000      0.450450295257E+04
    2.2000      0.370982014165E+04
    2.3000      0.359844635139E+04
    2.4000      0.327119887029E+04
    2.5000      0.254475109970E+04
    2.6000      0.179051891524E+04
    2.7000      0.161046322460E+04
    2.8000      0.184403574544E+04
    2.9000      0.182804237502E+04
    3.0000      0.156869498872E+04
    3.1000      0.111189030865E+04
    3.2000      0.996065282926E+03
    3.3000      0.942527545762E+03
    3.4000      0.940391692224E+03
    3.5000      0.822301747648E+03
    3.6000      0.705251329862E+03
    3.7000      0.595958795994E+03
    3.8000      0.452838874424E+03
    3.9000      0.427165235550E+03
    4.0000      0.436007831167E+03
    4.1000      0.453115612480E+03
    4.2000      0.376403301966E+03
    4.3000      0.288443986841E+03
    4.4000      0.235555101900E+03
    4.5000      0.197654446605E+03
    4.6000      0.188916493240E+03
    4.7000      0.179793624485E+03
    4.8000      0.184005215938E+03
    4.9000      0.180700727702E+03
    5.0000      0.170974895908E+03
    5.1000      0.159751741191E+03
    5.2000      0.125183839648E+03
    5.3000      0.107011104613E+03
    5.4000      0.922897760810E+02
    5.5000      0.105239033998E+03
    5.6000      0.104213633510E+03
    5.7000      0.102378489815E+03
    5.8000      0.113441193060E+03
    5.9000      0.122961881373E+03
    6.0000      0.133179570117E+03
    6.1000      0.112720325078E+03
    6.2000      0.107619297486E+03
    6.3000      0.922444716874E+02
    6.4000      0.803624435291E+02
    6.5000      0.875710624563E+02
    6.6000      0.107327665039E+03
    6.7000      0.139483812673E+03
    6.8000      0.139422637809E+03
    6.9000      0.138734613429E+03
    7.0000      0.119575666754E+03
    7.1000      0.893456267850E+02
    7.2000      0.782675428252E+02
    7.3000      0.846934518182E+02
    7.4000      0.114572163786E+03
    7.5000      0.126996713268E+03
    7.6000      0.135349509542E+03
    7.7000      0.128584714911E+03
    7.8000      0.991204024384E+02
    7.9000      0.798956118249E+02
    8.0000      0.726188418995E+02
    8.1000      0.860224948193E+02
    8.2000      0.974899320493E+02
    8.3000      0.105506711703E+03
    8.4000      0.108418583146E+03
    8.5000      0.901214179223E+02
    8.6000      0.775458619952E+02
    8.7000      0.717492987333E+02
    8.8000      0.728758483440E+02
    8.9000      0.772259079499E+02
    9.0000      0.783130387060E+02
    9.1000      0.826124100307E+02
    9.2000      0.734657134906E+02
    9.3000      0.677781929350E+02
    9.4000      0.688102681363E+02
    9.5000      0.674905792233E+02
    9.6000      0.686401778616E+02
    9.7000      0.644966649123E+02
    9.8000      0.631411851994E+02
    9.9000      0.549764106787E+02
   10.0000      0.492769478150E+02
   10.1000      0.533638065389E+02
   10.2000      0.546837326378E+02
   10.3000      0.573581560157E+02
   10.4000      0.542293461935E+02
   10.5000      0.495897408219E+02
   10.6000      0.405138887278E+02
   10.7000      0.313869664210E+02
   10.8000      0.317198395390E+02
   10.9000      0.333045480363E+02
   11.0000      0.377538532441E+02
   11.1000      0.397079877334E+02
   11.2000      0.385276116956E+02
   11.3000      0.332711129920E+02
   11.4000      0.250823984018E+02
   11.5000      0.215459610318E+02
   11.6000      0.205564891151E+02
   11.7000      0.230419971791E+02
   11.8000      0.264601672034E+02
   11.9000      0.286355489297E+02
   12.0000      0.283843627971E+02
   12.1000      0.248816777877E+02
   12.2000      0.218684118519E+02
   12.3000      0.197296705383E+02
   12.4000      0.192136285307E+02
   12.5000      0.199025498548E+02
   12.6000      0.206165627819E+02
   12.7000      0.208048895757E+02
   12.8000      0.193294866627E+02
   12.9000      0.180307227944E+02
   13.0000      0.171147542877E+02
   13.1000      0.161769195790E+02
   13.2000      0.156878357122E+02
   13.3000      0.146550944659E+02
   13.4000      0.134128665429E+02
   13.5000      0.112117600919E+02
   13.6000      0.998593281619E+01
   13.7000      0.103786516133E+02
   13.8000      0.105155515813E+02
   13.9000      0.116859670975E+02
   14.0000      0.120276416493E+02
   14.1000      0.114004169167E+02
   14.2000      0.945569767673E+01
   14.3000      0.766022130137E+01
   14.4000      0.798260959044E+01
   14.5000      0.797987934527E+01
   14.6000      0.975721970400E+01
   14.7000      0.117330880219E+02
   14.8000      0.123276221402E+02
   14.9000      0.118689748469E+02
   15.0000      0.103705442176E+02
   15.1000      0.997334067499E+01
   15.2000      0.905747362247E+01
   15.3000      0.932122180489E+01
   15.4000      0.107024806234E+02
   15.5000      0.109573658479E+02
   15.6000      0.109931288817E+02
   15.7000      0.103202241029E+02
   15.8000      0.960990473070E+01
   15.9000      0.886988778419E+01
   16.0000      0.847751743735E+01
   16.1000      0.885078716790E+01
   16.2000      0.859474783338E+01
   16.3000      0.813117160518E+01
   16.4000      0.770051972234E+01
   16.5000      0.668445716394E+01
   16.6000      0.626940573630E+01
   16.7000      0.654554112847E+01
   16.8000      0.690606802830E+01
   16.9000      0.744679566511E+01
   17.0000      0.751121694907E+01
   17.1000      0.739358970715E+01
   17.2000      0.641289976486E+01
   17.3000      0.554094675906E+01
   17.4000      0.567978237319E+01
   17.5000      0.560398773146E+01
   17.6000      0.637515329107E+01
   17.7000      0.728806015665E+01
   17.8000      0.784106601467E+01
   17.9000      0.782223651826E+01
   18.0000      0.720234859943E+01
   18.1000      0.694130614412E+01
   18.2000      0.621038287833E+01
   18.3000      0.596650940531E+01
   18.4000      0.624581046265E+01
   18.5000      0.651357171585E+01
   18.6000      0.684005963348E+01
   18.7000      0.684748341899E+01
   18.8000      0.688166803013E+01
   18.9000      0.652436606992E+01
   19.0000      0.613486803317E+01
   19.1000      0.575941195558E+01
   19.2000      0.550530277471E+01
   19.3000      0.538785498496E+01
   19.4000      0.512417339839E+01
   19.5000      0.519994242326E+01
   19.6000      0.521554352072E+01
   19.7000      0.534006939072E+01
   19.8000      0.536999912887E+01
   19.9000      0.551812171438E+01
   20.0000      0.576303264777E+01
   20.1000      0.541618952733E+01
   20.2000      0.542179563687E+01
   20.3000      0.531756637118E+01
   20.4000      0.507945283455E+01
   20.5000      0.519417742893E+01
   20.6000      0.545722700855E+01
   20.7000      0.609652653396E+01
   20.8000      0.633431341129E+01
   20.9000      0.673119928354E+01
   21.0000      0.700432205872E+01
   21.1000      0.635052063455E+01
   21.2000      0.601517288846E+01
   21.3000      0.559427453980E+01
   21.4000      0.523779855028E+01
   21.5000      0.534346329321E+01
   21.6000      0.568733156639E+01
   21.7000      0.637181497249E+01
   21.8000      0.627618212253E+01
   21.9000      0.615807127976E+01
   22.0000      0.579967807408E+01
   22.1000      0.453592363401E+01
   22.2000      0.389715556141E+01
   22.3000      0.349111643173E+01
   22.4000      0.347221849246E+01
   22.5000      0.379211732621E+01
   22.6000      0.420148625215E+01
   22.7000      0.472266326796E+01
   22.8000      0.421231149208E+01
   22.9000      0.376025106059E+01
   23.0000      0.330628431822E+01
   23.1000      0.250703900958E+01
   23.2000      0.245164829920E+01
   23.3000      0.270865094270E+01
   23.4000      0.324902113321E+01
   23.5000      0.369034960479E+01
   23.6000      0.397566956362E+01
   23.7000      0.417770490449E+01
   23.8000      0.377360628747E+01
   23.9000      0.354657444419E+01
   24.0000      0.351197600396E+01
   24.1000      0.338047671525E+01
   24.2000      0.364188761308E+01
   24.3000      0.394312314460E+01
   24.4000      0.406345892446E+01
   24.5000      0.417771020212E+01
   24.6000      0.413102524698E+01
   24.7000      0.407185703195E+01
   24.8000      0.389651570780E+01
   24.9000      0.383352193673E+01
   25.0000      0.391940084809E+01
   25.1000      0.359836398118E+01
   25.2000      0.357876949266E+01
   25.3000      0.352376457851E+01
   25.4000      0.319049283212E+01
   25.5000      0.322409013889E+01
   25.6000      0.321906727972E+01
   25.7000      0.334151716662E+01
   25.8000      0.326874191678E+01
   25.9000      0.326773178739E+01
   26.0000      0.335413238340E+01
   26.1000      0.290316239261E+01
   26.2000      0.285758867071E+01
   26.3000      0.284373616652E+01
   26.4000      0.274158820921E+01
   26.5000      0.289449921559E+01
   26.6000      0.302938136774E+01
   26.7000      0.328006751300E+01
   26.8000      0.321150028091E+01
   26.9000      0.322921280549E+01
   27.0000      0.328842280999E+01
   27.1000      0.306229612834E+01
   27.2000      0.304239221404E+01
   27.3000      0.301918630673E+01
   27.4000      0.298427650391E+01
   27.5000      0.297167294115E+01
   27.6000      0.296930711975E+01
   27.7000      0.300188988012E+01
   27.8000      0.298526733382E+01
   27.9000      0.298429898558E+01
   28.0000      0.295526437161E+01
   28.1000      0.288558593615E+01
   28.2000      0.275298274593E+01
   28.3000      0.260298483426E+01
   28.4000      0.239250943456E+01
   28.5000      0.229130228733E+01
   28.6000      0.224704481215E+01
   28.7000      0.216187860916E+01
   28.8000      0.230928709871E+01
   28.9000      0.235386439651E+01
   29.0000      0.233020041335E+01
   29.1000      0.231198607338E+01
   29.2000      0.218722753711E+01
   29.3000      0.208271263821E+01
   29.4000      0.187323967686E+01
   29.5000      0.188549426167E+01
   29.6000      0.193667174806E+01
   29.7000      0.190975943611E+01
   29.8000      0.211840476839E+01
   29.9000      0.219883524365E+01
   30.0000      0.221813006841E+01
   30.1000      0.223959442427E+01
   30.2000      0.219239878618E+01
   30.3000      0.216276156850E+01
   30.4000      0.207381742610E+01
   30.5000      0.209751399322E+01
   30.6000      0.213511981683E+01
   30.7000      0.211980422417E+01
   30.8000      0.222579113354E+01
   30.9000      0.226982779429E+01
   31.0000      0.226345677842E+01
   31.1000      0.234993699165E+01
   31.2000      0.232759156518E+01
   31.3000      0.228022360035E+01
   31.4000      0.228894781227E+01
   31.5000      0.218812236245E+01
   31.6000      0.211448172995E+01
   31.7000      0.204383201995E+01
   31.8000      0.205166723706E+01
   31.9000      0.209299719778E+01
   32.0000      0.209806783157E+01
   32.1000      0.234836026371E+01
   32.2000      0.239480790306E+01
   32.3000      0.235587109516E+01
   32.4000      0.246017765417E+01
   32.5000      0.226964492994E+01
   32.6000      0.214001025180E+01
   32.7000      0.208105781464E+01
   32.8000      0.213817815302E+01
   32.9000      0.230828985826E+01
   33.0000      0.244105273427E+01
   33.1000      0.288329782313E+01
   33.2000      0.300501688975E+01
   33.3000      0.295266040312E+01
   33.4000      0.305075521233E+01
   33.5000      0.277620221807E+01
   33.6000      0.260310567227E+01
   33.7000      0.256449021239E+01
   33.8000      0.266939446360E+01
   33.9000      0.289745023753E+01
   34.0000      0.304387294476E+01
   34.1000      0.341557700376E+01
   34.2000      0.340618960175E+01
   34.3000      0.318165969083E+01
   34.4000      0.309110142016E+01
   34.5000      0.270149729106E+01
   34.6000      0.245309478539E+01
   34.7000      0.237653429290E+01
   34.8000      0.241088296476E+01
   34.9000      0.253323295553E+01
   35.0000      0.256467913957E+01
   35.1000      0.268613644508E+01
   35.2000      0.253430949471E+01
   35.3000      0.224294530300E+01
   35.4000      0.206855629434E+01
   35.5000      0.175337732163E+01
   35.6000      0.156584123453E+01
   35.7000      0.154177173125E+01
   35.8000      0.153417484815E+01
   35.9000      0.159874408786E+01
   36.0000      0.165272658802E+01
   36.1000      0.167063839510E+01
   36.2000      0.162547049487E+01
   36.3000      0.153106398307E+01
   36.4000      0.147080316841E+01
   36.5000      0.136062215193E+01
   36.6000      0.128421417370E+01
   36.7000      0.133493030078E+01
   36.8000      0.129226691354E+01
   36.9000      0.134803055899E+01
   37.0000      0.150726921150E+01
   37.1000      0.152229529969E+01
   37.2000      0.162489670931E+01
   37.3000      0.168992353284E+01
   37.4000      0.166369574230E+01
   37.5000      0.159304417011E+01
   37.6000      0.147177774324E+01
   37.7000      0.146546050309E+01
   37.8000      0.133455227624E+01
   37.9000      0.134890896145E+01
   38.0000      0.154084226609E+01
   38.1000      0.154421850700E+01
   38.2000      0.167406747811E+01
   38.3000      0.174756271830E+01
   38.4000      0.165696379786E+01
   38.5000      0.153510664573E+01
   38.6000      0.135679403518E+01
   38.7000      0.128518177653E+01
   38.8000      0.115927814255E+01
   38.9000      0.118153656728E+01
   39.0000      0.137158261226E+01
   39.1000      0.140471501601E+01
   39.2000      0.152576759377E+01
   39.3000      0.159543063071E+01
   39.4000      0.148382227772E+01
   39.5000      0.139116001054E+01
   39.6000      0.126906114986E+01
   39.7000      0.118679610776E+01
   39.8000      0.115776265353E+01
   39.9000      0.120982672620E+01
   40.0000      0.135687572524E+01
   40.1000      0.141505524652E+01
   40.2000      0.150161921597E+01
   40.3000      0.156350707901E+01
   40.4000      0.143772344111E+01
   40.5000      0.138625716627E+01
   40.6000      0.131847433302E+01
   40.7000      0.119170568867E+01
   40.8000      0.120895420560E+01
   40.9000      0.123381307914E+01
   41.0000      0.129139021062E+01
   41.1000      0.133335317670E+01
   41.2000      0.137012124260E+01
   41.3000      0.141159213835E+01
   41.4000      0.127332589765E+01
   41.5000      0.123509155926E+01
   41.6000      0.118486951138E+01
   41.7000      0.102355850353E+01
   41.8000      0.104712249062E+01
   41.9000      0.105352807069E+01
   42.0000      0.107031311102E+01
   42.1000      0.112729726544E+01
   42.2000      0.116683798382E+01
   42.3000      0.121646405955E+01
   42.4000      0.113136453920E+01
   42.5000      0.111466680842E+01
   42.6000      0.108903014702E+01
   42.7000      0.972019709843E+00
   42.8000      0.100877596129E+01
   42.9000      0.104150219429E+01
   43.0000      0.107452248832E+01
   43.1000      0.117436183774E+01
   43.2000      0.123820118001E+01
   43.3000      0.128291789319E+01
   43.4000      0.127501522519E+01
   43.5000      0.125240984640E+01
   43.6000      0.122229062819E+01
   43.7000      0.116497941596E+01
   43.8000      0.117962272404E+01
   43.9000      0.121593569846E+01
   44.0000      0.124108157040E+01
   44.1000      0.134402846701E+01
   44.2000      0.139057423417E+01
   44.3000      0.138032175926E+01
   44.4000      0.141276217405E+01
   44.5000      0.134402110763E+01
   44.6000      0.127092389013E+01
   44.7000      0.124113810558E+01
   44.8000      0.120121806325E+01
   44.9000      0.120803324556E+01
   45.0000      0.120161856318E+01
   45.1000      0.127645367028E+01
   45.2000      0.129293826109E+01
   45.3000      0.123647896862E+01
   45.4000      0.128934617701E+01
   45.5000      0.119919441325E+01
   45.6000      0.110871995324E+01
   45.7000      0.110591870987E+01
   45.8000      0.104349139101E+01
   45.9000      0.103942491435E+01
   46.0000      0.103283792968E+01
   46.1000      0.108838069487E+01
   46.2000      0.110386393083E+01
   46.3000      0.105669250114E+01
   46.4000      0.112097877493E+01
   46.5000      0.105976620591E+01
   46.6000      0.998611660892E+00
   46.7000      0.102789982697E+01
   46.8000      0.987162355440E+00
   46.9000      0.996602565644E+00
   47.0000      0.102140280148E+01
   47.1000      0.106082183823E+01
   47.2000      0.108884631104E+01
   47.3000      0.108307895899E+01
   47.4000      0.112858517171E+01
   47.5000      0.111111966011E+01
   47.6000      0.109143656952E+01
   47.7000      0.112913590417E+01
   47.8000      0.111876233239E+01
   47.9000      0.113654544726E+01
   48.0000      0.118738233915E+01
   48.1000      0.119762626723E+01
   48.2000      0.122513067454E+01
   48.3000      0.125644202226E+01
   48.4000      0.125349712369E+01
   48.5000      0.126537195356E+01
   48.6000      0.127476086099E+01
   48.7000      0.129033048214E+01
   48.8000      0.129863811534E+01
   48.9000      0.130969567284E+01
   49.0000      0.136177489386E+01
   49.1000      0.133799256799E+01
   49.2000      0.134830756992E+01
   49.3000      0.139421488454E+01
   49.4000      0.133616425253E+01
   49.5000      0.135297039994E+01
   49.6000      0.137070043234E+01
   49.7000      0.134576443803E+01
   49.8000      0.135808577540E+01
   49.9000      0.135554419020E+01
   50.0000      0.138853243417E+01
   50.1000      0.134718354179E+01
   50.2000      0.133949702668E+01
   50.3000      0.138103843540E+01
   50.4000      0.129005156355E+01
   50.5000      0.129450667910E+01
   50.6000      0.130396806093E+01
   50.7000      0.124062509202E+01
   50.8000      0.124766202570E+01
   50.9000      0.123704488108E+01
   51.0000      0.124829433291E+01
   51.1000      0.122127891241E+01
   51.2000      0.121601317313E+01
   51.3000      0.125359171466E+01
   51.4000      0.117591582114E+01
   51.5000      0.117325551802E+01
   51.6000      0.117530479269E+01
   51.7000      0.109988064454E+01
   51.8000      0.110221782590E+01
   51.9000      0.109530572850E+01
   52.0000      0.109498133237E+01
   52.1000      0.110447188542E+01
   52.2000      0.112125612165E+01
   52.3000      0.116026259111E+01
   52.4000      0.113265489799E+01
   52.5000      0.113382451606E+01
   52.6000      0.113211158902E+01
   52.7000      0.107153860392E+01
   52.8000      0.106507458463E+01
   52.9000      0.106025078467E+01
   53.0000      0.105160795747E+01
   53.1000      0.108596416354E+01
   53.2000      0.111860778575E+01
   53.3000      0.114951862682E+01
   53.4000      0.117036054134E+01
   53.5000      0.117158018993E+01
   53.6000      0.115768123000E+01
   53.7000      0.111925996145E+01
   53.8000      0.108995695764E+01
   53.9000      0.107017609338E+01
   54.0000      0.104776487397E+01
   54.1000      0.107264690170E+01
   54.2000      0.109836591845E+01
   54.3000      0.110826268462E+01
   54.4000      0.115194866681E+01
   54.5000      0.114771225609E+01
   54.6000      0.111862893288E+01
   54.7000      0.110386755139E+01
   54.8000      0.105142505689E+01
   54.9000      0.101128043034E+01
   55.0000      0.982154817164E+00
   55.1000      0.976518532385E+00
   55.2000      0.984135888786E+00
   55.3000      0.977884604229E+00
   55.4000      0.102198128302E+01
   55.5000      0.101921260340E+01
   55.6000      0.989489904314E+00
   55.7000      0.100296531901E+01
   55.8000      0.949064658377E+00
   55.9000      0.904556357995E+00
   56.0000      0.889856926702E+00
   56.1000      0.858991284426E+00
   56.2000      0.854755011841E+00
   56.3000      0.850912879063E+00
   56.4000      0.881575797635E+00
   56.5000      0.889443643838E+00
   56.6000      0.875942911223E+00
   56.7000      0.911260859315E+00
   56.8000      0.877172429545E+00
   56.9000      0.844885074225E+00
   57.0000      0.854958015202E+00
   57.1000      0.813136709910E+00
   57.2000      0.803819450456E+00
   57.3000      0.813565422141E+00
   57.4000      0.819969475626E+00
   57.5000      0.836978692615E+00
   57.6000      0.844646755947E+00
   57.7000      0.880544906025E+00
   57.8000      0.872802713851E+00
   57.9000      0.858113351482E+00
   58.0000      0.882580353277E+00
   58.1000      0.841989148192E+00
   58.2000      0.828173836195E+00
   58.3000      0.847205775271E+00
   58.4000      0.824929901668E+00
   58.5000      0.840885592418E+00
   58.6000      0.863664209226E+00
   58.7000      0.878922580448E+00
   58.8000      0.893479775558E+00
   58.9000      0.896431891565E+00
   59.0000      0.917724901301E+00
   59.1000      0.891089351191E+00
   59.2000      0.875059955448E+00
   59.3000      0.891823156436E+00
   59.4000      0.850097340087E+00
   59.5000      0.855021836264E+00
   59.6000      0.880591453394E+00
   59.7000      0.866983836424E+00
   59.8000      0.892740654998E+00
   59.9000      0.909684924499E+00
   60.0000      0.915420924240E+00
   60.1000      0.912343420068E+00
   60.2000      0.900637862798E+00
   60.3000      0.905321911147E+00
   60.4000      0.864327502875E+00
   60.5000      0.854368960532E+00
   60.6000      0.868193389759E+00
   60.7000      0.832950198395E+00
   60.8000      0.853029653801E+00
   60.9000      0.872947588293E+00
   61.0000      0.860037975858E+00
   61.1000      0.877598982127E+00
   61.2000      0.875402920760E+00
   61.3000      0.865760474442E+00
   61.4000      0.845613468546E+00
   61.5000      0.826733161202E+00
   61.6000      0.821142579685E+00
   61.7000      0.784639216981E+00
   61.8000      0.786172603646E+00
   61.9000      0.795704587449E+00
   62.0000      0.773076216408E+00
   62.1000      0.795662843798E+00
   62.2000      0.802449860925E+00
   62.3000      0.786431663823E+00
   62.4000      0.794799623780E+00
   62.5000      0.780658931727E+00
   62.6000      0.762214745423E+00
   62.7000      0.748129262991E+00
   62.8000      0.733265103049E+00
   62.9000      0.727508738358E+00
   63.0000      0.713674598656E+00
   63.1000      0.724083550929E+00
   63.2000      0.734075251355E+00
   63.3000      0.725696414758E+00
   63.4000      0.750991927729E+00
   63.5000      0.752029041883E+00
   63.6000      0.736076456210E+00
   63.7000      0.752646664093E+00
   63.8000      0.734908927505E+00
   63.9000      0.719019095451E+00
   64.0000      0.727243383802E+00
   64.1000      0.716804932926E+00
   64.2000      0.721093120581E+00
   64.3000      0.729234428602E+00
   64.4000      0.746688434967E+00
   64.5000      0.760345000009E+00
   64.6000      0.758642433614E+00
   64.7000      0.789668175383E+00
   64.8000      0.781537714158E+00
   64.9000      0.765221086552E+00
   65.0000      0.790360231157E+00
   65.1000      0.763276262652E+00
   65.2000      0.754848521378E+00
   65.3000      0.774529369218E+00
   65.4000      0.764285031198E+00
   65.5000      0.776828029873E+00
   65.6000      0.789512792358E+00
   65.7000      0.808206160974E+00
   65.8000      0.813759314139E+00
   65.9000      0.807319236228E+00
   66.0000      0.832176828886E+00
   66.1000      0.805588954316E+00
   66.2000      0.788437559777E+00
   66.3000      0.806287074200E+00
   66.4000      0.771769822590E+00
   66.5000      0.771448115870E+00
   66.6000      0.788083590684E+00
   66.7000      0.780913156438E+00
   66.8000      0.794933521126E+00
   66.9000      0.803738064045E+00
   67.0000      0.816350641759E+00
   67.1000      0.810039182614E+00
   67.2000      0.800008204840E+00
   67.3000      0.808161081855E+00
   67.4000      0.776030746024E+00
   67.5000      0.764959329631E+00
   67.6000      0.772911516674E+00
   67.7000      0.750446542358E+00
   67.8000      0.761378441984E+00
   67.9000      0.778212295593E+00
   68.0000      0.779736306736E+00
   68.1000      0.796762175272E+00
   68.2000      0.805619000896E+00
   68.3000      0.807370701203E+00
   68.4000      0.803298908437E+00
   68.5000      0.795185991973E+00
   68.6000      0.789873842720E+00
   68.7000      0.776034187080E+00
   68.8000      0.774537428327E+00
   68.9000      0.782250822347E+00
   69.0000      0.781869262395E+00
   69.1000      0.801081677910E+00
   69.2000      0.819762168954E+00
   69.3000      0.821952070849E+00
   69.4000      0.842553243195E+00
   69.5000      0.846420493787E+00
   69.6000      0.834198236839E+00
   69.7000      0.843242400862E+00
   69.8000      0.831760457937E+00
   69.9000      0.820879196326E+00
   70.0000      0.828883929083E+00
   70.1000      0.826627439188E+00
   70.2000      0.834014317004E+00
   70.3000      0.840736995064E+00
   70.4000      0.855289629976E+00
   70.5000      0.863952663045E+00
   70.6000      0.854316731677E+00
   70.7000      0.874183400804E+00
   70.8000      0.862900001537E+00
   70.9000      0.841635891322E+00
   71.0000      0.860736924794E+00
   71.1000      0.837708456435E+00
   71.2000      0.826548943558E+00
   71.3000      0.840896548865E+00
   71.4000      0.827163809971E+00
   71.5000      0.828514252740E+00
   71.6000      0.828021626833E+00
   71.7000      0.832342470583E+00
   71.8000      0.827185255427E+00
   71.9000      0.811153074154E+00
   72.0000      0.829315381098E+00
   72.1000      0.806623945240E+00
   72.2000      0.789753389886E+00
   72.3000      0.810104540861E+00
   72.4000      0.779115589400E+00
   72.5000      0.772536254907E+00
   72.6000      0.782514508147E+00
   72.7000      0.761748353885E+00
   72.8000      0.761292616628E+00
   72.9000      0.758694763308E+00
   73.0000      0.759576710690E+00
   73.1000      0.753340679333E+00
   73.2000      0.746112195417E+00
   73.3000      0.761881009821E+00
   73.4000      0.742154303656E+00
   73.5000      0.737041524929E+00
   73.6000      0.750797850338E+00
   73.7000      0.723714363050E+00
   73.8000      0.723725197600E+00
   73.9000      0.729285137086E+00
   74.0000      0.712175429691E+00
   74.1000      0.717794408658E+00
   74.2000      0.721096315342E+00
   74.3000      0.721766432707E+00
   74.4000      0.725599849602E+00
   74.5000      0.728016413468E+00
   74.6000      0.734851609901E+00
   74.7000      0.726966639624E+00
   74.8000      0.725822632908E+00
   74.9000      0.728073336428E+00
   75.0000      0.712335551127E+00
   75.1000      0.713831811549E+00
   75.2000      0.716020280505E+00
   75.3000      0.705637529409E+00
   75.4000      0.716770743638E+00
   75.5000      0.721871781630E+00
   75.6000      0.717889000383E+00
   75.7000      0.730971848099E+00
   75.8000      0.729674308022E+00
   75.9000      0.723055473998E+00
   76.0000      0.726498016022E+00
   76.1000      0.716431893841E+00
   76.2000      0.708782332923E+00
   76.3000      0.704710714566E+00
   76.4000      0.700386691468E+00
   76.5000      0.699999897393E+00
   76.6000      0.695166481745E+00
   76.7000      0.705959032745E+00
   76.8000      0.706323448073E+00
   76.9000      0.697716299076E+00
   77.0000      0.713781568329E+00
   77.1000      0.700230052419E+00
   77.2000      0.686030047846E+00
   77.3000      0.696146339222E+00
   77.4000      0.672944315254E+00
   77.5000      0.664003786748E+00
   77.6000      0.669487692313E+00
   77.7000      0.657340733647E+00
   77.8000      0.659572986783E+00
   77.9000      0.661738289206E+00
   78.0000      0.667966962235E+00
   78.1000      0.666140340525E+00
   78.2000      0.659436935289E+00
   78.3000      0.671948726108E+00
   78.4000      0.650733087304E+00
   78.5000      0.638780991185E+00
   78.6000      0.649440827338E+00
   78.7000      0.619535691606E+00
   78.8000      0.618049765664E+00
   78.9000      0.629415987607E+00
   79.0000      0.612583887210E+00
   79.1000      0.623771782061E+00
   79.2000      0.632302876153E+00
   79.3000      0.631103873718E+00
   79.4000      0.634581626875E+00
   79.5000      0.631910659535E+00
   79.6000      0.634948840154E+00
   79.7000      0.617364476969E+00
   79.8000      0.610704125102E+00
   79.9000      0.616034424909E+00
   80.0000      0.590341205165E+00
   80.1000      0.597183182813E+00
   80.2000      0.607834039775E+00
   80.3000      0.590680648819E+00
   80.4000      0.610285270324E+00
   80.5000      0.617868185668E+00
   80.6000      0.608335935218E+00
   80.7000      0.621052215597E+00
   80.8000      0.616886306654E+00
   80.9000      0.609567366373E+00
   81.0000      0.605498443228E+00
   81.1000      0.598986971814E+00
   81.2000      0.597308622921E+00
   81.3000      0.584840853487E+00
   81.4000      0.591575657852E+00
   81.5000      0.595997081077E+00
   81.6000      0.583298177105E+00
   81.7000      0.603082625769E+00
   81.8000      0.603442290859E+00
   81.9000      0.590908151555E+00
   82.0000      0.611158629487E+00
   82.1000      0.600864186526E+00
   82.2000      0.590322289235E+00
   82.3000      0.602394898811E+00
   82.4000      0.588722296286E+00
   82.5000      0.584393731229E+00
   82.6000      0.587295128935E+00
   82.7000      0.582814180177E+00
   82.8000      0.583190312016E+00
   82.9000      0.579341118532E+00
   83.0000      0.590025817506E+00
   83.1000      0.587087075041E+00
   83.2000      0.580630789796E+00
   83.3000      0.601929187506E+00
   83.4000      0.588367816657E+00
   83.5000      0.583535972523E+00
   83.6000      0.604029241866E+00
   83.7000      0.581037908559E+00
   83.8000      0.580613541656E+00
   83.9000      0.592105672467E+00
   84.0000      0.572168226781E+00
   84.1000      0.576832186425E+00
   84.2000      0.581065013277E+00
   84.3000      0.578197932552E+00
   84.4000      0.582563998607E+00
   84.5000      0.584994932304E+00
   84.6000      0.598707803729E+00
   84.7000      0.590931220786E+00
   84.8000      0.593406200058E+00
   84.9000      0.609328115381E+00
   85.0000      0.584510579551E+00
   85.1000      0.589482998338E+00
   85.2000      0.598033022985E+00
   85.3000      0.569591036791E+00
   85.4000      0.582338251619E+00
   85.5000      0.586803147642E+00
   85.6000      0.573254184999E+00
   85.7000      0.590901563605E+00
   85.8000      0.595377866222E+00
   85.9000      0.597973998771E+00
   86.0000      0.605163960080E+00
   86.1000      0.607771819258E+00
   86.2000      0.612443425863E+00
   86.3000      0.598897564491E+00
   86.4000      0.601772677358E+00
   86.5000      0.600584892108E+00
   86.6000      0.576838893589E+00
   86.7000      0.589846532557E+00
   86.8000      0.587457745111E+00
   86.9000      0.572522567617E+00
   87.0000      0.598048355569E+00
   87.1000      0.597043982286E+00
   87.2000      0.594758621653E+00
   87.3000      0.617789182300E+00
   87.4000      0.612288244137E+00
   87.5000      0.610993737038E+00
   87.6000      0.615256943893E+00
   87.7000      0.605162227573E+00
   87.8000      0.598354197691E+00
   87.9000      0.587647358335E+00
   88.0000      0.586959115510E+00
   88.1000      0.580419607843E+00
   88.2000      0.572572088925E+00
   88.3000      0.591818265664E+00
   88.4000      0.587383528855E+00
   88.5000      0.589305229293E+00
   88.6000      0.616746691386E+00
   88.7000      0.604033993191E+00
   88.8000      0.606226424627E+00
   88.9000      0.620449231993E+00
   89.0000      0.595202316430E+00
   89.1000      0.592088832089E+00
   89.2000      0.590203416634E+00
   89.3000      0.569075271608E+00
   89.4000      0.568179961487E+00
   89.5000      0.566352953098E+00
   89.6000      0.567787704610E+00
   89.7000      0.571111343459E+00
   89.8000      0.577795693322E+00
   89.9000      0.594978282922E+00
   90.0000      0.587727136515E+00
   90.1000      0.594465307212E+00
   90.2000      0.604437655513E+00
   90.3000      0.576745944424E+00
   90.4000      0.579354631530E+00
   90.5000      0.575262049006E+00
   90.6000      0.542998259941E+00
   90.7000      0.551958173621E+00
   90.8000      0.547583089377E+00
   90.9000      0.534049415653E+00
   91.0000      0.553194218684E+00
   91.1000      0.556404583152E+00
   91.2000      0.560819877810E+00
   91.3000      0.572734626073E+00
   91.4000      0.575336725425E+00
   91.5000      0.577217232369E+00
   91.6000      0.565426673100E+00
   91.7000      0.564367494217E+00
   91.8000      0.554708592684E+00
   91.9000      0.529506540302E+00
   92.0000      0.538378232164E+00
   92.1000      0.527729706208E+00
   92.2000      0.513590384911E+00
   92.3000      0.541031507369E+00
   92.4000      0.536356123168E+00
   92.5000      0.539323089379E+00
   92.6000      0.569365708281E+00
   92.7000      0.562027245164E+00
   92.8000      0.565755698432E+00
   92.9000      0.575267080009E+00
   93.0000      0.560320469956E+00
   93.1000      0.553514377299E+00
   93.2000      0.543491810744E+00
   93.3000      0.535958584271E+00
   93.4000      0.526545500837E+00
   93.5000      0.520117315021E+00
   93.6000      0.536473606614E+00
   93.7000      0.532074013822E+00
   93.8000      0.541521615421E+00
   93.9000      0.571948431665E+00
   94.0000      0.562492164539E+00
   94.1000      0.575297317951E+00
   94.2000      0.592681912594E+00
   94.3000      0.567811942394E+00
   94.4000      0.571168429696E+00
   94.5000      0.567384362142E+00
   94.6000      0.540494812274E+00
   94.7000      0.541417920953E+00
   94.8000      0.535803962359E+00
   94.9000      0.530205829386E+00
   95.0000      0.537827923517E+00
   95.1000      0.545806631947E+00
   95.2000      0.560673158856E+00
   95.3000      0.564194255537E+00
   95.4000      0.577557646620E+00
   95.5000      0.588316055878E+00
   95.6000      0.572103837948E+00
   95.7000      0.579452135100E+00
   95.8000      0.572479245813E+00
   95.9000      0.544026529739E+00
   96.0000      0.551683554822E+00
   96.1000      0.538875670443E+00
   96.2000      0.521670131670E+00
   96.3000      0.539570379893E+00
   96.4000      0.534924707360E+00
   96.5000      0.536778321822E+00
   96.6000      0.556788885591E+00
   96.7000      0.557183149116E+00
   96.8000      0.562818044660E+00
   96.9000      0.567707553583E+00
   97.0000      0.565279748650E+00
   97.1000      0.560292404487E+00
   97.2000      0.548604265828E+00
   97.3000      0.548074420425E+00
   97.4000      0.535278745319E+00
   97.5000      0.523365365485E+00
   97.6000      0.534792452737E+00
   97.7000      0.523024009996E+00
   97.8000      0.523239297109E+00
   97.9000      0.543902382816E+00
   98.0000      0.532846952881E+00
   98.1000      0.540745890725E+00
   98.2000      0.555967164102E+00
   98.3000      0.540762382996E+00
   98.4000      0.546071480161E+00
   98.5000      0.547733455295E+00
   98.6000      0.532029355380E+00
   98.7000      0.532551721061E+00
   98.8000      0.527717181431E+00
   98.9000      0.521461687821E+00
   99.0000      0.519966405432E+00
   99.1000      0.519184741082E+00
   99.2000      0.524276645024E+00
   99.3000      0.518864194624E+00
   99.4000      0.524220581542E+00
   99.5000      0.531285754047E+00
   99.6000      0.518036142464E+00
   99.7000      0.526574421780E+00
   99.8000      0.527110431810E+00
   99.9000      0.509278095700E+00
  100.0000      0.520376286208E+00
  100.1000      0.514825175224E+00
  100.2000      0.501154137737E+00
  100.3000      0.514371218371E+00
  100.4000      0.507184283849E+00
  100.5000      0.501798133907E+00
  100.6000      0.512504423090E+00
  100.7000      0.506340872487E+00
  100.8000      0.505751121717E+00
  100.9000      0.508822599974E+00
  101.0000      0.505775232464E+00
  101.1000      0.504763427734E+00
  101.2000      0.500770866879E+00
  101.3000      0.504032297437E+00
  101.4000      0.500151574328E+00
  101.5000      0.494881668076E+00
  101.6000      0.505918572296E+00
  101.7000      0.498688613964E+00
  101.8000      0.497363187259E+00
  101.9000      0.512634129415E+00
  102.0000      0.501626658545E+00
  102.1000      0.504769070142E+00
  102.2000      0.517175334182E+00
  102.3000      0.502963896540E+00
  102.4000      0.507915793532E+00
  102.5000      0.513069590664E+00
  102.6000      0.499990632603E+00
  102.7000      0.505184410922E+00
  102.8000      0.505696050632E+00
  102.9000      0.500198234908E+00
  103.0000      0.504920087829E+00
  103.1000      0.506082677935E+00
  103.2000      0.509213094077E+00
  103.3000      0.509625770366E+00
  103.4000      0.512651917317E+00
  103.5000      0.517475040439E+00
  103.6000      0.509013544504E+00
  103.7000      0.512952141776E+00
  103.8000      0.513073526822E+00
  103.9000      0.498346507261E+00
  104.0000      0.505540040016E+00
  104.1000      0.501810069488E+00
  104.2000      0.489567552427E+00
  104.3000      0.502129201698E+00
  104.4000      0.497388637513E+00
  104.5000      0.491944765011E+00
  104.6000      0.505194485137E+00
  104.7000      0.498656984756E+00
  104.8000      0.496529785906E+00
  104.9000      0.503084929969E+00
  105.0000      0.494648534952E+00
  105.1000      0.492080706104E+00
  105.2000      0.490975159334E+00
  105.3000      0.485560333868E+00
  105.4000      0.482768585102E+00
  105.5000      0.479478131401E+00
  105.6000      0.482267555666E+00
  105.7000      0.479473139436E+00
  105.8000      0.478720977049E+00
  105.9000      0.488693488016E+00
  106.0000      0.483068896674E+00
  106.1000      0.485077212581E+00
  106.2000      0.495579830706E+00
  106.3000      0.484123120039E+00
  106.4000      0.487022436287E+00
  106.5000      0.492214891064E+00
  106.6000      0.476840363895E+00
  106.7000      0.480956526462E+00
  106.8000      0.481543243215E+00
  106.9000      0.469874984055E+00
  107.0000      0.477691610709E+00
  107.1000      0.478845251754E+00
  107.2000      0.476703309235E+00
  107.3000      0.486587811459E+00
  107.4000      0.489533791149E+00
  107.5000      0.492827001449E+00
  107.6000      0.496609721673E+00
  107.7000      0.497307137310E+00
  107.8000      0.497008952031E+00
  107.9000      0.489842269886E+00
  108.0000      0.488614616502E+00
  108.1000      0.483453388641E+00
  108.2000      0.472416824259E+00
  108.3000      0.477041987417E+00
  108.4000      0.473134024469E+00
  108.5000      0.468406579273E+00
  108.6000      0.482246567096E+00
  108.7000      0.480346673723E+00
  108.8000      0.481643577586E+00
  108.9000      0.496344047441E+00
  109.0000      0.489713080310E+00
  109.1000      0.489672789619E+00
  109.2000      0.495854216970E+00
  109.3000      0.482543619484E+00
  109.4000      0.479630541305E+00
  109.5000      0.478521953465E+00
  109.6000      0.466590390488E+00
  109.7000      0.465811686018E+00
  109.8000      0.464957675311E+00
  109.9000      0.462453619804E+00
  110.0000      0.465214954702E+00
  110.1000      0.467903603006E+00
  110.2000      0.473564404115E+00
  110.3000      0.474125840257E+00
  110.4000      0.477941759843E+00
  110.5000      0.484051662703E+00
  110.6000      0.476677110239E+00
  110.7000      0.479683951281E+00
  110.8000      0.480802643706E+00
  110.9000      0.467044111064E+00
  111.0000      0.471559811596E+00
  111.1000      0.468751049130E+00
  111.2000      0.456435264253E+00
  111.3000      0.465956156302E+00
  111.4000      0.463196076096E+00
  111.5000      0.458300346521E+00
  111.6000      0.471413152511E+00
  111.7000      0.469440562449E+00
  111.8000      0.470051354476E+00
  111.9000      0.479862304010E+00
  112.0000      0.476257353169E+00
  112.1000      0.476359861379E+00
  112.2000      0.478069383968E+00
  112.3000      0.473432484254E+00
  112.4000      0.470933878470E+00
  112.5000      0.467569192754E+00
  112.6000      0.467002666466E+00
  112.7000      0.463986400343E+00
  112.8000      0.461801139469E+00
  112.9000      0.468159054544E+00
  113.0000      0.464610150653E+00
  113.1000      0.465683721924E+00
  113.2000      0.475283634071E+00
  113.3000      0.468015681032E+00
  113.4000      0.470738862761E+00
  113.5000      0.477924008954E+00
  113.6000      0.466074994611E+00
  113.7000      0.470021060690E+00
  113.8000      0.472848184030E+00
  113.9000      0.460321233228E+00
  114.0000      0.466626649846E+00
  114.1000      0.466565739901E+00
  114.2000      0.458100758602E+00
  114.3000      0.466094534723E+00
  114.4000      0.464805955200E+00
  114.5000      0.461613022022E+00
  114.6000      0.467783702729E+00
  114.7000      0.466003456473E+00
  114.8000      0.465595857962E+00
  114.9000      0.466494101291E+00
  115.0000      0.465385849061E+00
  115.1000      0.464726544536E+00
  115.2000      0.460521204323E+00
  115.3000      0.462666530864E+00
  115.4000      0.460556963443E+00
  115.5000      0.454942377067E+00
  115.6000      0.462293885164E+00
  115.7000      0.458219774172E+00
  115.8000      0.454438770411E+00
  115.9000      0.465239524359E+00
  116.0000      0.457774087075E+00
  116.1000      0.456352966108E+00
  116.2000      0.466307981287E+00
  116.3000      0.455214737742E+00
  116.4000      0.456095084187E+00
  116.5000      0.462727777438E+00
  116.6000      0.451166232118E+00
  116.7000      0.454842938756E+00
  116.8000      0.458373121434E+00
  116.9000      0.450235800483E+00
  117.0000      0.455401770335E+00
  117.1000      0.456398591629E+00
  117.2000      0.452819537763E+00
  117.3000      0.456078834638E+00
  117.4000      0.455497641891E+00
  117.5000      0.455497854891E+00
  117.6000      0.454597291125E+00
  117.7000      0.454962305066E+00
  117.8000      0.456953878297E+00
  117.9000      0.452110066649E+00
  118.0000      0.455836099883E+00
  118.1000      0.457378909234E+00
  118.2000      0.450075349015E+00
  118.3000      0.457634910418E+00
  118.4000      0.456366360408E+00
  118.5000      0.448965773864E+00
  118.6000      0.459432634518E+00
  118.7000      0.454702296867E+00
  118.8000      0.449662808297E+00
  118.9000      0.460959091945E+00
  119.0000      0.453292485569E+00
  119.1000      0.451310931104E+00
  119.2000      0.460430547269E+00
  119.3000      0.451120446924E+00
  119.4000      0.451547126438E+00
  119.5000      0.456902714029E+00
  119.6000      0.448880591827E+00
  119.7000      0.451107006533E+00
  119.8000      0.453460494863E+00
  119.9000      0.449541278938E+00
  120.0000      0.451693267436E+00
  120.1000      0.451940650617E+00
  120.2000      0.451923713531E+00
  120.3000      0.450597831755E+00
  120.4000      0.449665147239E+00
  120.5000      0.451716660194E+00
  120.6000      0.445619593506E+00
  120.7000      0.446419432908E+00
  120.8000      0.449523142177E+00
  120.9000      0.440730264410E+00
  121.0000      0.446098482436E+00
  121.1000      0.448625506693E+00
  121.2000      0.439321162061E+00
  121.3000      0.448528804432E+00
  121.4000      0.447702303702E+00
  121.5000      0.439158861269E+00
  121.6000      0.449499064103E+00
  121.7000      0.444617291185E+00
  121.8000      0.438705068670E+00
  121.9000      0.448323013062E+00
  122.0000      0.441431402252E+00
  122.1000      0.439208405300E+00
  122.2000      0.446450746058E+00
  122.3000      0.439646073862E+00
  122.4000      0.439822194576E+00
  122.5000      0.443455013725E+00
  122.6000      0.438689488492E+00
  122.7000      0.439702021955E+00
  122.8000      0.440794384046E+00
  122.9000      0.440247520051E+00
  123.0000      0.440842491769E+00
  123.1000      0.441150707228E+00
  123.2000      0.444509301856E+00
  123.3000      0.441932868002E+00
  123.4000      0.441832574554E+00
  123.5000      0.446150472299E+00
  123.6000      0.438438662815E+00
  123.7000      0.439408169681E+00
  123.8000      0.443152725220E+00
  123.9000      0.432639192268E+00
  124.0000      0.437919755153E+00
  124.1000      0.441037295742E+00
  124.2000      0.431398804053E+00
  124.3000      0.441195415731E+00
  124.4000      0.441764821059E+00
  124.5000      0.433928604690E+00
  124.6000      0.444300418116E+00
  124.7000      0.440409200731E+00
  124.8000      0.434496484436E+00
  124.9000      0.442400271756E+00
  125.0000      0.435988522415E+00
  125.1000      0.433123426168E+00
  125.2000      0.438192711582E+00
  125.3000      0.432831445184E+00
  125.4000      0.432599313716E+00
  125.5000      0.434786091693E+00
  125.6000      0.432160706335E+00
  125.7000      0.432335443659E+00
  125.8000      0.432202767314E+00
  125.9000      0.432947823977E+00
  126.0000      0.432097077129E+00
  126.1000      0.431554909131E+00
  126.2000      0.435541940070E+00
  126.3000      0.432513093084E+00
  126.4000      0.432585117717E+00
  126.5000      0.437575442626E+00
  126.6000      0.430735457868E+00
  126.7000      0.431660707399E+00
  126.8000      0.435461021253E+00
  126.9000      0.425638497696E+00
  127.0000      0.429436403315E+00
  127.1000      0.432141294055E+00
  127.2000      0.422845723965E+00
  127.3000      0.431137266005E+00
  127.4000      0.432336457125E+00
  127.5000      0.425247010177E+00
  127.6000      0.435370853186E+00
  127.7000      0.432785664208E+00
  127.8000      0.427083381216E+00
  127.9000      0.434850953349E+00
  128.0000      0.428535532610E+00
  128.1000      0.424591838112E+00
  128.2000      0.429086968186E+00
  128.3000      0.422943758574E+00
  128.4000      0.421988221139E+00
  128.5000      0.424446349991E+00
  128.6000      0.421815209205E+00
  128.7000      0.422700535033E+00
  128.8000      0.423601231806E+00
  128.9000      0.424676733211E+00
  129.0000      0.424572968183E+00
  129.1000      0.424211379544E+00
  129.2000      0.427672842197E+00
  129.3000      0.424712695528E+00
  129.4000      0.424118941931E+00
  129.5000      0.428392155235E+00
  129.6000      0.422164924853E+00
  129.7000      0.422661276113E+00
  129.8000      0.426459029476E+00
  129.9000      0.418111391478E+00
  130.0000      0.421352121058E+00
  130.1000      0.424355188276E+00
  130.2000      0.416344456402E+00
  130.3000      0.423328709717E+00
  130.4000      0.424997469042E+00
  130.5000      0.418730046139E+00
  130.6000      0.427698241558E+00
  130.7000      0.426216494803E+00
  130.8000      0.421108042342E+00
  130.9000      0.428725972108E+00
  131.0000      0.423449754295E+00
  131.1000      0.419404297784E+00
  131.2000      0.424323864690E+00
  131.3000      0.417714685730E+00
  131.4000      0.415868839146E+00
  131.5000      0.418861400005E+00
  131.6000      0.413999016312E+00
  131.7000      0.414300554538E+00
  131.8000      0.415907128508E+00
  131.9000      0.413944292160E+00
  132.0000      0.414668028977E+00
  132.1000      0.415080711328E+00
  132.2000      0.415815116692E+00
  132.3000      0.415282219846E+00
  132.4000      0.415204987869E+00
  132.5000      0.417764148831E+00
  132.6000      0.414781629880E+00
  132.7000      0.415061587150E+00
  132.8000      0.418006543962E+00
  132.9000      0.412274031632E+00
  133.0000      0.414128901711E+00
  133.1000      0.416562712785E+00
  133.2000      0.409715942111E+00
  133.3000      0.414780905336E+00
  133.4000      0.416382008345E+00
  133.5000      0.410518104373E+00
  133.6000      0.418570469252E+00
  133.7000      0.418061504572E+00
  133.8000      0.413463609453E+00
  133.9000      0.421678862330E+00
  134.0000      0.417695414386E+00
  134.1000      0.414018485442E+00
  134.2000      0.420202136888E+00
  134.3000      0.413815309487E+00
  134.4000      0.411780704841E+00
  134.5000      0.416011834014E+00
  134.6000      0.409811471972E+00
  134.7000      0.409832046312E+00
  134.8000      0.412513579643E+00
  134.9000      0.407896960926E+00
  135.0000      0.409128687347E+00
  135.1000      0.410419048516E+00
  135.2000      0.407825470890E+00
  135.3000      0.409417342876E+00
  135.4000      0.409996342838E+00
  135.5000      0.409613219787E+00
  135.6000      0.410618857767E+00
  135.7000      0.410770052451E+00
  135.8000      0.411483337097E+00
  135.9000      0.410203560617E+00
  136.0000      0.409950833016E+00
  136.1000      0.410353384283E+00
  136.2000      0.406504556951E+00
  136.3000      0.407593454346E+00
  136.4000      0.407904746756E+00
  136.5000      0.403725844471E+00
  136.6000      0.408337748860E+00
  136.7000      0.408529962565E+00
  136.8000      0.405504496013E+00
  136.9000      0.412682541423E+00
  137.0000      0.410764048667E+00
  137.1000      0.408223114324E+00
  137.2000      0.414908468474E+00
  137.3000      0.409673924145E+00
  137.4000      0.407572487495E+00
  137.5000      0.412471645539E+00
  137.6000      0.405410373488E+00
  137.7000      0.404765988213E+00
  137.8000      0.408116746456E+00
  137.9000      0.401157380297E+00
  138.0000      0.402236156294E+00
  138.1000      0.404148595301E+00
  138.2000      0.398414749714E+00
  138.3000      0.401206470407E+00
  138.4000      0.402362164317E+00
  138.5000      0.399051251856E+00
  138.6000      0.403513373287E+00
  138.7000      0.404337729766E+00
  138.8000      0.403291081856E+00
  138.9000      0.407461548861E+00
  139.0000      0.406778050519E+00
  139.1000      0.405926546258E+00
  139.2000      0.407244757013E+00
  139.3000      0.405062432000E+00
  139.4000      0.403941500842E+00
  139.5000      0.403236367717E+00
  139.6000      0.402657377340E+00
  139.7000      0.402740189887E+00
  139.8000      0.402520252867E+00
  139.9000      0.405357802836E+00
  140.0000      0.405821110270E+00
  140.1000      0.405763996476E+00
  140.2000      0.409580672226E+00
  140.3000      0.407461065702E+00
  140.4000      0.406075418784E+00
  140.5000      0.408468414483E+00
  140.6000      0.403329773750E+00
  140.7000      0.401543570908E+00
  140.8000      0.402976410975E+00
  140.9000      0.396898520618E+00
  141.0000      0.396643793851E+00
  141.1000      0.397993566673E+00
  141.2000      0.392363779367E+00
  141.3000      0.394543815572E+00
  141.4000      0.395941850803E+00
  141.5000      0.391728567360E+00
  141.6000      0.397000171575E+00
  141.7000      0.398394178516E+00
  141.8000      0.396194105566E+00
  141.9000      0.403570204905E+00
  142.0000      0.403301530542E+00
  142.1000      0.401591647543E+00
  142.2000      0.407431325622E+00
  142.3000      0.403248013958E+00
  142.4000      0.400468512944E+00
  142.5000      0.402964880245E+00
  142.6000      0.396756072434E+00
  142.7000      0.394943504270E+00
  142.8000      0.396681582033E+00
  142.9000      0.393101080729E+00
  143.0000      0.394574620933E+00
  143.1000      0.397479345197E+00
  143.2000      0.397351929269E+00
  143.3000      0.400079626167E+00
  143.4000      0.402102121163E+00
  143.5000      0.402155625633E+00
  143.6000      0.402814446693E+00
  143.7000      0.402126326148E+00
  143.8000      0.400657171604E+00
  143.9000      0.399051987452E+00
  144.0000      0.396726040771E+00
  144.1000      0.394811606026E+00
  144.2000      0.392607370554E+00
  144.3000      0.390816355280E+00
  144.4000      0.389959357596E+00
  144.5000      0.388622590539E+00
  144.6000      0.389515064036E+00
  144.7000      0.390730369578E+00
  144.8000      0.391346424151E+00
  144.9000      0.395988816745E+00
  145.0000      0.398267292733E+00
  145.1000      0.399702232009E+00
  145.2000      0.405516785617E+00
  145.3000      0.404883767133E+00
  145.4000      0.404001259132E+00
  145.5000      0.406943746848E+00
  145.6000      0.400959242073E+00
  145.7000      0.397421302204E+00
  145.8000      0.397449698649E+00
  145.9000      0.389110769357E+00
  146.0000      0.386819892609E+00
  146.1000      0.387340508018E+00
  146.2000      0.381215347835E+00
  146.3000      0.383166686109E+00
  146.4000      0.385574011716E+00
  146.5000      0.382741667700E+00
  146.6000      0.388175048334E+00
  146.7000      0.390815029443E+00
  146.8000      0.389681417759E+00
  146.9000      0.396044091186E+00
  147.0000      0.396571637837E+00
  147.1000      0.395230092243E+00
  147.2000      0.399959902897E+00
  147.3000      0.396967885901E+00
  147.4000      0.394446901652E+00
  147.5000      0.396476639833E+00
  147.6000      0.391184481113E+00
  147.7000      0.388989576996E+00
  147.8000      0.390365521218E+00
  147.9000      0.386618923354E+00
  148.0000      0.387465515484E+00
  148.1000      0.390546091027E+00
  148.2000      0.390086063626E+00
  148.3000      0.393410377445E+00
  148.4000      0.396662021148E+00
  148.5000      0.396680936336E+00
  148.6000      0.398864633027E+00
  148.7000      0.399005953448E+00
  148.8000      0.396690230500E+00
  148.9000      0.396003061749E+00
  149.0000      0.392796977091E+00
  149.1000      0.389069022443E+00
  149.2000      0.386973900571E+00
  149.3000      0.383179165216E+00
  149.4000      0.380626385185E+00
  149.5000      0.379086371953E+00
  149.6000      0.377830674771E+00
  149.7000      0.378048926889E+00
  149.8000      0.378395004160E+00
  149.9000      0.381621467799E+00
  150.0000      0.384153316106E+00
  150.1000      0.386214471582E+00
  150.2000      0.392513103004E+00
  150.3000      0.394080494439E+00
  150.4000      0.395391827620E+00
  150.5000      0.400488913598E+00
  150.6000      0.397900333658E+00
  150.7000      0.396811214245E+00
  150.8000      0.398675178624E+00
  150.9000      0.393148376812E+00
  151.0000      0.391602055890E+00
  151.1000      0.392281953164E+00
  151.2000      0.387408026107E+00
  151.3000      0.387739629656E+00
  151.4000      0.388740451011E+00
  151.5000      0.385137051093E+00
  151.6000      0.387015045823E+00
  151.7000      0.387246812017E+00
  151.8000      0.383517290498E+00
  151.9000      0.386493432540E+00
  152.0000      0.385135500098E+00
  152.1000      0.381490914527E+00
  152.2000      0.386124200122E+00
  152.3000      0.383074046905E+00
  152.4000      0.380410473985E+00
  152.5000      0.385958886831E+00
  152.6000      0.381067821540E+00
  152.7000      0.379973490582E+00
  152.8000      0.385398103378E+00
  152.9000      0.380446934670E+00
  153.0000      0.382386246318E+00
  153.1000      0.388223651219E+00
  153.2000      0.385802811105E+00
  153.3000      0.390772424771E+00
  153.4000      0.396043515220E+00
  153.5000      0.394767100383E+00
  153.6000      0.398911690362E+00
  153.7000      0.400010797926E+00
  153.8000      0.396092616295E+00
  153.9000      0.396504206916E+00
  154.0000      0.392507534695E+00
  154.1000      0.386324937318E+00
  154.2000      0.385425363521E+00
  154.3000      0.379881166805E+00
  154.4000      0.375337960758E+00
  154.5000      0.376493336858E+00
  154.6000      0.372445315687E+00
  154.7000      0.371487022361E+00
  154.8000      0.374847194411E+00
  154.9000      0.373322616840E+00
  155.0000      0.375734563560E+00
  155.1000      0.380487863997E+00
  155.2000      0.382184302900E+00
  155.3000      0.386653849360E+00
  155.4000      0.391397591585E+00
  155.5000      0.394525342580E+00
  155.6000      0.397100462295E+00
  155.7000      0.398413456069E+00
  155.8000      0.398680379341E+00
  155.9000      0.395932272920E+00
  156.0000      0.392630834087E+00
  156.1000      0.389608247252E+00
  156.2000      0.384234655385E+00
  156.3000      0.380700218563E+00
  156.4000      0.378857690412E+00
  156.5000      0.376009399404E+00
  156.6000      0.376276740750E+00
  156.7000      0.377470807416E+00
  156.8000      0.377286382181E+00
  156.9000      0.380403639030E+00
  157.0000      0.381852207134E+00
  157.1000      0.381473884045E+00
  157.2000      0.385641897401E+00
  157.3000      0.385085500027E+00
  157.4000      0.383951310210E+00
  157.5000      0.388883320112E+00
  157.6000      0.385632702123E+00
  157.7000      0.384169560007E+00
  157.8000      0.388502631645E+00
  157.9000      0.382040284916E+00
  158.0000      0.380511715547E+00
  158.1000      0.383318244487E+00
  158.2000      0.375851421926E+00
  158.3000      0.376775351851E+00
  158.4000      0.380197570109E+00
  158.5000      0.375857172616E+00
  158.6000      0.381403974484E+00
  158.7000      0.386072593724E+00
  158.8000      0.384482630423E+00
  158.9000      0.391871811625E+00
  159.0000      0.393754112256E+00
  159.1000      0.390537820880E+00
  159.2000      0.395875679868E+00
  159.3000      0.391920435138E+00
  159.4000      0.386068792287E+00
  159.5000      0.389770157014E+00
  159.6000      0.381600080858E+00
  159.7000      0.376349329769E+00
  159.8000      0.380556399396E+00
  159.9000      0.371192821074E+00
  160.0000      0.369419176020E+00
  160.1000      0.374698962631E+00
  160.2000      0.366849885413E+00
  160.3000      0.370083556459E+00
  160.4000      0.376651683485E+00
  160.5000      0.372734495070E+00
  160.6000      0.380768677868E+00
  160.7000      0.387490332940E+00
  160.8000      0.386317933897E+00
  160.9000      0.394998141019E+00
  161.0000      0.397529469553E+00
  161.1000      0.394313564758E+00
  161.2000      0.398718019228E+00
  161.3000      0.394032483096E+00
  161.4000      0.387094911085E+00
  161.5000      0.387590970134E+00
  161.6000      0.378396942575E+00
  161.7000      0.371603908434E+00
  161.8000      0.372429213220E+00
  161.9000      0.363918341147E+00
  162.0000      0.361637564065E+00
  162.1000      0.365536916024E+00
  162.2000      0.361201094923E+00
  162.3000      0.364975480146E+00
  162.4000      0.372099265435E+00
  162.5000      0.372887286455E+00
  162.6000      0.381076050033E+00
  162.7000      0.388944787827E+00
  162.8000      0.391873896804E+00
  162.9000      0.399208791330E+00
  163.0000      0.402607575993E+00
  163.1000      0.401991281550E+00
  163.2000      0.403254678981E+00
  163.3000      0.399058518805E+00
  163.4000      0.393098017460E+00
  163.5000      0.389063880896E+00
  163.6000      0.380668687517E+00
  163.7000      0.373704725648E+00
  163.8000      0.369539413389E+00
  163.9000      0.363032487762E+00
  164.0000      0.359567199383E+00
  164.1000      0.358528330234E+00
  164.2000      0.357376126953E+00
  164.3000      0.358271183196E+00
  164.4000      0.360826648371E+00
  164.5000      0.365702717064E+00
  164.6000      0.369530422121E+00
  164.7000      0.374848609509E+00
  164.8000      0.383423337470E+00
  164.9000      0.386818740027E+00
  165.0000      0.391762350019E+00
  165.1000      0.398551429331E+00
  165.2000      0.397676532379E+00
  165.3000      0.398794566587E+00
  165.4000      0.400127157967E+00
  165.5000      0.394931123766E+00
  165.6000      0.392656330658E+00
  165.7000      0.390093747025E+00
  165.8000      0.383709421263E+00
  165.9000      0.381106539198E+00
  166.0000      0.377511338041E+00
  166.1000      0.371748915884E+00
  166.2000      0.371465045913E+00
  166.3000      0.367951021781E+00
  166.4000      0.363730700510E+00
  166.5000      0.368251121664E+00
  166.6000      0.365128252838E+00
  166.7000      0.364067602971E+00
  166.8000      0.373756895307E+00
  166.9000      0.369712897294E+00
  167.0000      0.371615520316E+00
  167.1000      0.382404714323E+00
  167.2000      0.375610264167E+00
  167.3000      0.379274912473E+00
  167.4000      0.387707368581E+00
  167.5000      0.380481379548E+00
  167.6000      0.386832749370E+00
  167.7000      0.393355593728E+00
  167.8000      0.388970890136E+00
  167.9000      0.397029577604E+00
  168.0000      0.400028308833E+00
  168.1000      0.395314802087E+00
  168.2000      0.400166597478E+00
  168.3000      0.395524466226E+00
  168.4000      0.386438456496E+00
  168.5000      0.388018246113E+00
  168.6000      0.377206953459E+00
  168.7000      0.367829420316E+00
  168.8000      0.372647185913E+00
  168.9000      0.360758232192E+00
  169.0000      0.357041027365E+00
  169.1000      0.366959783619E+00
  169.2000      0.355016829215E+00
  169.3000      0.357768872737E+00
  169.4000      0.369129845686E+00
  169.5000      0.358752933758E+00
  169.6000      0.368941032268E+00
  169.7000      0.381316008231E+00
  169.8000      0.377461480517E+00
  169.9000      0.394842586426E+00
  170.0000      0.406089838564E+00
  170.1000      0.405439100748E+00
  170.2000      0.420496035168E+00
  170.3000      0.420825802860E+00
  170.4000      0.412643181113E+00
  170.5000      0.416934813204E+00
  170.6000      0.402591876896E+00
  170.7000      0.387464847373E+00
  170.8000      0.387791598579E+00
  170.9000      0.368368478034E+00
  171.0000      0.358027440716E+00
  171.1000      0.364084051630E+00
  171.2000      0.347062180830E+00
  171.3000      0.346333585834E+00
  171.4000      0.356362402970E+00
  171.5000      0.342189805893E+00
  171.6000      0.350070044215E+00
  171.7000      0.361674136901E+00
  171.8000      0.355202412085E+00
  171.9000      0.373811094533E+00
  172.0000      0.388754495609E+00
  172.1000      0.392140736198E+00
  172.2000      0.415887805518E+00
  172.3000      0.425447713995E+00
  172.4000      0.425357331791E+00
  172.5000      0.438576491930E+00
  172.6000      0.429041417959E+00
  172.7000      0.415020822815E+00
  172.8000      0.415286928478E+00
  172.9000      0.390882096751E+00
  173.0000      0.374303438254E+00
  173.1000      0.376281289115E+00
  173.2000      0.352748727302E+00
  173.3000      0.348124346717E+00
  173.4000      0.357953307876E+00
  173.5000      0.340553860917E+00
  173.6000      0.347405900595E+00
  173.7000      0.358699320037E+00
  173.8000      0.347652530306E+00
  173.9000      0.362864294000E+00
  174.0000      0.374657194313E+00
  174.1000      0.374410114889E+00
  174.2000      0.396954033698E+00
  174.3000      0.408476714735E+00
  174.4000      0.413279944588E+00
  174.5000      0.432245882652E+00
  174.6000      0.431049569082E+00
  174.7000      0.425103633579E+00
  174.8000      0.430259396258E+00
  174.9000      0.409790876691E+00
  175.0000      0.393561290800E+00
  175.1000      0.394058510931E+00
  175.2000      0.366866589003E+00
  175.3000      0.357997561184E+00
  175.4000      0.367019588566E+00
  175.5000      0.345470467427E+00
  175.6000      0.351840761973E+00
  175.7000      0.366064601192E+00
  175.8000      0.351304508293E+00
  175.9000      0.367533387634E+00
  176.0000      0.379464856834E+00
  176.1000      0.373370185203E+00
  176.2000      0.395157585788E+00
  176.3000      0.404251464153E+00
  176.4000      0.406589896172E+00
  176.5000      0.427200298880E+00
  176.6000      0.427768234721E+00
  176.7000      0.426010793044E+00
  176.8000      0.435033291842E+00
  176.9000      0.417992687203E+00
  177.0000      0.404067321673E+00
  177.1000      0.404310527362E+00
  177.2000      0.374457905750E+00
  177.3000      0.360498278633E+00
  177.4000      0.366508977080E+00
  177.5000      0.337670813462E+00
  177.6000      0.339373007598E+00
  177.7000      0.355974675970E+00
  177.8000      0.336712534959E+00
  177.9000      0.357807036943E+00
  178.0000      0.379244284609E+00
  178.1000      0.374747250415E+00
  178.2000      0.410238437292E+00
  178.3000      0.429074568389E+00
  178.4000      0.435930017027E+00
  178.5000      0.469512418056E+00
  178.6000      0.469973738456E+00
  178.7000      0.467210314899E+00
  178.8000      0.479241394709E+00
  178.9000      0.447393562307E+00
  179.0000      0.424116330218E+00
  179.1000      0.425910847384E+00
  179.2000      0.376528290702E+00
  179.3000      0.358663877445E+00
  179.4000      0.389927848707E+00
  179.5000      0.345994234205E+00
  179.6000      0.359129075447E+00
  179.7000      0.432003818189E+00
  179.8000      0.380941060406E+00
  179.9000      0.417685839849E+00
  180.0000      0.844652946753E+00
