    0.1000      0.493375177389E+07
    0.2000      0.895395257273E+06
    0.3000      0.277325985882E+06
    0.4000      0.137641617449E+06
    0.5000      0.108594234464E+06
    0.6000      0.627151462990E+05
    0.7000      0.472804832996E+05
    0.8000      0.342156390410E+05
    0.9000      0.290114573733E+05
    1.0000      0.240923585767E+05
    1.1000      0.213597679283E+05
    1.2000      0.185298580234E+05
    1.3000      0.127147165425E+05
    1.4000      0.989726331440E+04
    1.5000      0.934004682811E+04
    1.6000      0.714763127337E+04
    1.7000      0.470298185641E+04
    1.8000      0.368505629490E+04
    1.9000      0.315875771948E+04
    2.0000      0.268955645168E+04
    2.1000      0.202523609297E+04
    2.2000      0.160254100002E+04
    2.3000      0.155841858101E+04
    2.4000      0.120454163095E+04
    2.5000      0.913621162727E+03
    2.6000      0.841531334376E+03
    2.7000      0.730481445994E+03
    2.8000      0.682519877253E+03
    2.9000      0.591580262587E+03
    3.0000      0.471703099182E+03
    3.1000      0.420591990168E+03
    3.2000      0.449832583980E+03
    3.3000      0.472487289804E+03
    3.4000      0.426022252061E+03
    3.5000      0.358567269512E+03
    3.6000      0.295175344959E+03
    3.7000      0.305525185766E+03
    3.8000      0.308484322154E+03
    3.9000      0.368235656898E+03
    4.0000      0.403974311623E+03
    4.1000      0.346682119904E+03
    4.2000      0.295361265852E+03
    4.3000      0.221055061617E+03
    4.4000      0.227497432238E+03
    4.5000      0.258543264560E+03
    4.6000      0.287427155181E+03
    4.7000      0.300934309814E+03
    4.8000      0.257880317747E+03
    4.9000      0.203261841388E+03
    5.0000      0.168504123222E+03
    5.1000      0.178825556722E+03
    5.2000      0.212597547679E+03
    5.3000      0.239695389390E+03
    5.4000      0.224699974973E+03
    5.5000      0.196099721701E+03
    5.6000      0.157395234119E+03
    5.7000      0.148086092086E+03
    5.8000      0.156470930087E+03
    5.9000      0.162308517608E+03
    6.0000      0.168549969324E+03
    6.1000      0.151425439904E+03
    6.2000      0.142224019272E+03
    6.3000      0.121679709015E+03
    6.4000      0.105644307361E+03
    6.5000      0.965783956150E+02
    6.6000      0.935367648780E+02
    6.7000      0.100491481034E+03
    6.8000      0.102257029578E+03
    6.9000      0.936794882785E+02
    7.0000      0.751991187942E+02
    7.1000      0.578716478164E+02
    7.2000      0.492324958799E+02
    7.3000      0.600613035785E+02
    7.4000      0.698606288244E+02
    7.5000      0.746282686187E+02
    7.6000      0.638817532553E+02
    7.7000      0.457301162119E+02
    7.8000      0.372855970247E+02
    7.9000      0.371801903707E+02
    8.0000      0.474277185455E+02
    8.1000      0.525921579274E+02
    8.2000      0.494897660038E+02
    8.3000      0.400413205502E+02
    8.4000      0.306567338022E+02
    8.5000      0.269076392867E+02
    8.6000      0.275414580041E+02
    8.7000      0.293493995316E+02
    8.8000      0.298241990898E+02
    8.9000      0.285864857344E+02
    9.0000      0.264892214602E+02
    9.1000      0.237913707600E+02
    9.2000      0.201623498654E+02
    9.3000      0.176334652896E+02
    9.4000      0.170123162585E+02
    9.5000      0.200714758439E+02
    9.6000      0.243428959428E+02
    9.7000      0.257213204580E+02
    9.8000      0.233880660703E+02
    9.9000      0.176497976658E+02
   10.0000      0.142705949675E+02
   10.1000      0.156096061283E+02
   10.2000      0.202682685318E+02
   10.3000      0.243345838115E+02
   10.4000      0.234563863267E+02
   10.5000      0.184824198828E+02
   10.6000      0.132905987877E+02
   10.7000      0.117156230773E+02
   10.8000      0.136780632739E+02
   10.9000      0.170099692454E+02
   11.0000      0.170329569640E+02
   11.1000      0.146905114518E+02
   11.2000      0.109411892119E+02
   11.3000      0.907038383487E+01
   11.4000      0.966144614294E+01
   11.5000      0.107077300075E+02
   11.6000      0.112624226522E+02
   11.7000      0.101706509141E+02
   11.8000      0.940585095456E+01
   11.9000      0.917694092596E+01
   12.0000      0.996235794853E+01
   12.1000      0.101222291508E+02
   12.2000      0.946668967619E+01
   12.3000      0.847378482075E+01
   12.4000      0.839983095660E+01
   12.5000      0.935025986486E+01
   12.6000      0.109687662231E+02
   12.7000      0.108627218887E+02
   12.8000      0.995991877403E+01
   12.9000      0.810350928916E+01
   13.0000      0.732975408793E+01
   13.1000      0.850546090857E+01
   13.2000      0.941850100998E+01
   13.3000      0.107419663424E+02
   13.4000      0.969918867156E+01
   13.5000      0.879223111841E+01
   13.6000      0.804407198009E+01
   13.7000      0.830288627931E+01
   13.8000      0.938490550806E+01
   13.9000      0.989491757607E+01
   14.0000      0.100036114744E+02
   14.1000      0.977538909773E+01
   14.2000      0.987002383537E+01
   14.3000      0.103418271407E+02
   14.4000      0.106985776057E+02
   14.5000      0.104115991050E+02
   14.6000      0.980539419317E+01
   14.7000      0.935714633616E+01
   14.8000      0.966764053772E+01
   14.9000      0.103209644481E+02
   15.0000      0.105926394515E+02
   15.1000      0.976162857182E+01
   15.2000      0.835500208041E+01
   15.3000      0.698187460474E+01
   15.4000      0.676518589118E+01
   15.5000      0.721321717481E+01
   15.6000      0.775926932833E+01
   15.7000      0.742854082666E+01
   15.8000      0.627788427958E+01
   15.9000      0.506404345997E+01
   16.0000      0.457953243342E+01
   16.1000      0.487514180776E+01
   16.2000      0.559821133734E+01
   16.3000      0.567697092507E+01
   16.4000      0.540153461377E+01
   16.5000      0.484732881245E+01
   16.6000      0.471198757146E+01
   16.7000      0.534620533451E+01
   16.8000      0.560012766626E+01
   16.9000      0.603216681926E+01
   17.0000      0.533893077018E+01
   17.1000      0.514687585222E+01
   17.2000      0.510400420605E+01
   17.3000      0.564372215370E+01
   17.4000      0.626427185425E+01
   17.5000      0.608224303248E+01
   17.6000      0.542504582117E+01
   17.7000      0.450881280295E+01
   17.8000      0.416955245104E+01
   17.9000      0.462197467567E+01
   18.0000      0.533475448863E+01
   18.1000      0.557916668045E+01
   18.2000      0.511113159865E+01
   18.3000      0.398659917675E+01
   18.4000      0.339002898566E+01
   18.5000      0.335384098705E+01
   18.6000      0.428266942410E+01
   18.7000      0.497165644196E+01
   18.8000      0.525660488190E+01
   18.9000      0.461931221238E+01
   19.0000      0.386318397311E+01
   19.1000      0.349691477182E+01
   19.2000      0.379073515245E+01
   19.3000      0.462762453873E+01
   19.4000      0.517951201035E+01
   19.5000      0.525923463426E+01
   19.6000      0.478471711073E+01
   19.7000      0.416756141811E+01
   19.8000      0.388386510182E+01
   19.9000      0.401141764297E+01
   20.0000      0.422378204398E+01
   20.1000      0.456378410504E+01
   20.2000      0.430376034726E+01
   20.3000      0.420695045576E+01
   20.4000      0.378489875311E+01
   20.5000      0.364725618732E+01
   20.6000      0.356748656094E+01
   20.7000      0.342927640476E+01
   20.8000      0.345245030147E+01
   20.9000      0.337566166016E+01
   21.0000      0.353897073450E+01
   21.1000      0.373513723393E+01
   21.2000      0.393088681162E+01
   21.3000      0.397996408581E+01
   21.4000      0.386694641823E+01
   21.5000      0.373199416842E+01
   21.6000      0.373755608019E+01
   21.7000      0.407441794042E+01
   21.8000      0.451988267190E+01
   21.9000      0.505561635298E+01
   22.0000      0.529521104531E+01
   22.1000      0.520805318690E+01
   22.2000      0.507231331892E+01
   22.3000      0.470532426145E+01
   22.4000      0.490003061014E+01
   22.5000      0.498983207349E+01
   22.6000      0.548488249691E+01
   22.7000      0.570561747702E+01
   22.8000      0.570563685943E+01
   22.9000      0.548914787754E+01
   23.0000      0.499682880988E+01
   23.1000      0.464878539640E+01
   23.2000      0.443344892243E+01
   23.3000      0.443232489217E+01
   23.4000      0.461072390840E+01
   23.5000      0.470307148426E+01
   23.6000      0.459818637127E+01
   23.7000      0.436406144260E+01
   23.8000      0.377777931404E+01
   23.9000      0.349338617024E+01
   24.0000      0.307532882484E+01
   24.1000      0.320472507604E+01
   24.2000      0.328169558722E+01
   24.3000      0.352626720138E+01
   24.4000      0.357275658128E+01
   24.5000      0.338096268751E+01
   24.6000      0.311378060731E+01
   24.7000      0.276120644539E+01
   24.8000      0.267465421027E+01
   24.9000      0.275962076703E+01
   25.0000      0.305635002979E+01
   25.1000      0.337288317310E+01
   25.2000      0.352603129345E+01
   25.3000      0.352445574066E+01
   25.4000      0.334333935751E+01
   25.5000      0.315060735852E+01
   25.6000      0.313940228947E+01
   25.7000      0.315662978407E+01
   25.8000      0.352374731857E+01
   25.9000      0.362008591660E+01
   26.0000      0.392074694885E+01
   26.1000      0.378356212839E+01
   26.2000      0.370878746290E+01
   26.3000      0.347487940884E+01
   26.4000      0.327762239421E+01
   26.5000      0.327719443626E+01
   26.6000      0.327076820478E+01
   26.7000      0.343461652362E+01
   26.8000      0.348856947998E+01
   26.9000      0.342893211511E+01
   27.0000      0.324760501048E+01
   27.1000      0.293655217719E+01
   27.2000      0.264183220036E+01
   27.3000      0.253630424696E+01
   27.4000      0.243945782661E+01
   27.5000      0.266367817476E+01
   27.6000      0.260958818593E+01
   27.7000      0.269467655668E+01
   27.8000      0.240758495880E+01
   27.9000      0.220799576724E+01
   28.0000      0.197510210490E+01
   28.1000      0.190449622818E+01
   28.2000      0.202597550323E+01
   28.3000      0.214078412373E+01
   28.4000      0.228909017271E+01
   28.5000      0.224844982247E+01
   28.6000      0.215560681841E+01
   28.7000      0.203658693810E+01
   28.8000      0.196946524290E+01
   28.9000      0.204022912739E+01
   29.0000      0.213188226247E+01
   29.1000      0.221792715268E+01
   29.2000      0.228589025805E+01
   29.3000      0.218163444184E+01
   29.4000      0.224396069750E+01
   29.5000      0.209794528404E+01
   29.6000      0.222801584195E+01
   29.7000      0.213029029729E+01
   29.8000      0.216291550293E+01
   29.9000      0.207079433814E+01
   30.0000      0.198151685396E+01
   30.1000      0.198255434930E+01
   30.2000      0.195068858978E+01
   30.3000      0.201925321107E+01
   30.4000      0.199795722566E+01
   30.5000      0.192675836917E+01
   30.6000      0.181023253364E+01
   30.7000      0.167457235004E+01
   30.8000      0.163054868524E+01
   30.9000      0.168650260806E+01
   31.0000      0.177990476636E+01
   31.1000      0.192847637411E+01
   31.2000      0.191963222348E+01
   31.3000      0.193423757008E+01
   31.4000      0.178488723510E+01
   31.5000      0.180045909411E+01
   31.6000      0.178049451548E+01
   31.7000      0.197656557660E+01
   31.8000      0.212970435194E+01
   31.9000      0.231591222863E+01
   32.0000      0.239577433551E+01
   32.1000      0.237736689170E+01
   32.2000      0.233273107064E+01
   32.3000      0.229526180589E+01
   32.4000      0.231606435093E+01
   32.5000      0.246488581475E+01
   32.6000      0.256387426665E+01
   32.7000      0.272048560880E+01
   32.8000      0.271640730950E+01
   32.9000      0.263206911323E+01
   33.0000      0.255181283918E+01
   33.1000      0.233980632721E+01
   33.2000      0.239734083601E+01
   33.3000      0.228460489649E+01
   33.4000      0.243127388737E+01
   33.5000      0.235670206919E+01
   33.6000      0.232367440871E+01
   33.7000      0.216293843796E+01
   33.8000      0.196609194082E+01
   33.9000      0.183561500637E+01
   34.0000      0.173335916911E+01
   34.1000      0.171657479629E+01
   34.2000      0.172225074994E+01
   34.3000      0.167184005449E+01
   34.4000      0.161614006456E+01
   34.5000      0.148547660328E+01
   34.6000      0.139975274080E+01
   34.7000      0.134568294101E+01
   34.8000      0.133243605929E+01
   34.9000      0.138377565744E+01
   35.0000      0.137009059370E+01
   35.1000      0.141982786452E+01
   35.2000      0.135746746761E+01
   35.3000      0.141751091393E+01
   35.4000      0.139710372576E+01
   35.5000      0.149777630150E+01
   35.6000      0.152735153776E+01
   35.7000      0.158143868431E+01
   35.8000      0.159312744447E+01
   35.9000      0.160141202375E+01
   36.0000      0.162481014404E+01
   36.1000      0.170240310054E+01
   36.2000      0.174195556259E+01
   36.3000      0.185596218296E+01
   36.4000      0.181323348368E+01
   36.5000      0.184008110479E+01
   36.6000      0.175155600151E+01
   36.7000      0.172339204327E+01
   36.8000      0.175229372032E+01
   36.9000      0.173278210788E+01
   37.0000      0.184740598529E+01
   37.1000      0.176459843360E+01
   37.2000      0.178712789097E+01
   37.3000      0.163366489517E+01
   37.4000      0.157234523073E+01
   37.5000      0.149136601433E+01
   37.6000      0.147678150461E+01
   37.7000      0.149216263919E+01
   37.8000      0.150531318447E+01
   37.9000      0.146980050471E+01
   38.0000      0.143104404703E+01
   38.1000      0.131108338267E+01
   38.2000      0.127425873523E+01
   38.3000      0.119578217879E+01
   38.4000      0.122564328596E+01
   38.5000      0.123091105609E+01
   38.6000      0.125831780204E+01
   38.7000      0.126892759512E+01
   38.8000      0.122455564165E+01
   38.9000      0.121943711380E+01
   39.0000      0.115699627965E+01
   39.1000      0.118581938722E+01
   39.2000      0.117278264150E+01
   39.3000      0.122691428655E+01
   39.4000      0.124193956360E+01
   39.5000      0.126425797744E+01
   39.6000      0.126598423427E+01
   39.7000      0.126003372846E+01
   39.8000      0.125229435346E+01
   39.9000      0.127093473701E+01
   40.0000      0.125621540283E+01
   40.1000      0.130792154522E+01
   40.2000      0.126607565810E+01
   40.3000      0.131695468970E+01
   40.4000      0.126355240177E+01
   40.5000      0.129939510042E+01
   40.6000      0.128157159209E+01
   40.7000      0.129560364096E+01
   40.8000      0.131033876542E+01
   40.9000      0.128095326096E+01
   41.0000      0.128660810344E+01
   41.1000      0.123586725683E+01
   41.2000      0.123983828998E+01
   41.3000      0.123536189003E+01
   41.4000      0.126236885638E+01
   41.5000      0.129902132865E+01
   41.6000      0.130953688354E+01
   41.7000      0.130340535419E+01
   41.8000      0.127487330082E+01
   41.9000      0.122123219669E+01
   42.0000      0.123606493848E+01
   42.1000      0.121574554181E+01
   42.2000      0.131896798858E+01
   42.3000      0.132321983541E+01
   42.4000      0.140716073579E+01
   42.5000      0.135734695058E+01
   42.6000      0.134401047026E+01
   42.7000      0.128424902697E+01
   42.8000      0.126513985728E+01
   42.9000      0.129985267703E+01
   43.0000      0.134438250066E+01
   43.1000      0.141402128252E+01
   43.2000      0.143820175703E+01
   43.3000      0.141054202469E+01
   43.4000      0.137177814851E+01
   43.5000      0.129385774819E+01
   43.6000      0.128423927662E+01
   43.7000      0.128889155810E+01
   43.8000      0.132314281722E+01
   43.9000      0.138277246672E+01
   44.0000      0.134550691252E+01
   44.1000      0.136049670996E+01
   44.2000      0.124323739047E+01
   44.3000      0.124329300391E+01
   44.4000      0.117591279119E+01
   44.5000      0.121607016007E+01
   44.6000      0.122475521782E+01
   44.7000      0.124143641898E+01
   44.8000      0.122866164406E+01
   44.9000      0.118193513581E+01
   45.0000      0.113862626811E+01
   45.1000      0.111652384882E+01
   45.2000      0.111069512963E+01
   45.3000      0.115424810318E+01
   45.4000      0.115903624182E+01
   45.5000      0.118263050910E+01
   45.6000      0.114088419826E+01
   45.7000      0.111603829451E+01
   45.8000      0.108867977306E+01
   45.9000      0.109114805973E+01
   46.0000      0.114237201252E+01
   46.1000      0.116974467142E+01
   46.2000      0.122611161061E+01
   46.3000      0.119535004879E+01
   46.4000      0.118881141423E+01
   46.5000      0.112730452010E+01
   46.6000      0.112574534767E+01
   46.7000      0.113641396258E+01
   46.8000      0.118850588680E+01
   46.9000      0.124127444770E+01
   47.0000      0.126908500830E+01
   47.1000      0.124862215349E+01
   47.2000      0.121804837882E+01
   47.3000      0.113847998349E+01
   47.4000      0.114556586543E+01
   47.5000      0.110834330055E+01
   47.6000      0.118855458513E+01
   47.7000      0.118719184886E+01
   47.8000      0.123016839630E+01
   47.9000      0.119304086833E+01
   48.0000      0.113811761454E+01
   48.1000      0.109289511812E+01
   48.2000      0.102728197675E+01
   48.3000      0.104186127052E+01
   48.4000      0.103248524209E+01
   48.5000      0.106741090524E+01
   48.6000      0.106467184711E+01
   48.7000      0.104293030728E+01
   48.8000      0.100587525698E+01
   48.9000      0.955377671803E+00
   49.0000      0.919313880935E+00
   49.1000      0.914758295245E+00
   49.2000      0.895567880515E+00
   49.3000      0.932508362305E+00
   49.4000      0.895004238607E+00
   49.5000      0.924994962168E+00
   49.6000      0.867825394260E+00
   49.7000      0.884604485212E+00
   49.8000      0.849334805291E+00
   49.9000      0.862780931433E+00
   50.0000      0.857868838515E+00
   50.1000      0.855617081285E+00
   50.2000      0.857057670977E+00
   50.3000      0.844845816666E+00
   50.4000      0.849953142168E+00
   50.5000      0.859079651698E+00
   50.6000      0.868613701894E+00
   50.7000      0.895746760006E+00
   50.8000      0.885230754075E+00
   50.9000      0.896051919046E+00
   51.0000      0.866889435333E+00
   51.1000      0.862888459049E+00
   51.2000      0.865275736185E+00
   51.3000      0.870092304732E+00
   51.4000      0.920837761435E+00
   51.5000      0.914842997223E+00
   51.6000      0.959665499412E+00
   51.7000      0.913668296954E+00
   51.8000      0.918380430387E+00
   51.9000      0.869383459910E+00
   52.0000      0.871528945151E+00
   52.1000      0.873731819350E+00
   52.2000      0.899601572262E+00
   52.3000      0.925240807654E+00
   52.4000      0.940023023125E+00
   52.5000      0.921096643024E+00
   52.6000      0.907739182792E+00
   52.7000      0.850611342155E+00
   52.8000      0.853123786844E+00
   52.9000      0.820196814163E+00
   53.0000      0.858968935472E+00
   53.1000      0.860710481205E+00
   53.2000      0.883966411062E+00
   53.3000      0.879244856432E+00
   53.4000      0.848763349088E+00
   53.5000      0.833061815508E+00
   53.6000      0.787770691984E+00
   53.7000      0.794502557339E+00
   53.8000      0.781666588325E+00
   53.9000      0.807047773640E+00
   54.0000      0.812694148722E+00
   54.1000      0.816976966274E+00
   54.2000      0.808617673516E+00
   54.3000      0.787851883068E+00
   54.4000      0.771297768061E+00
   54.5000      0.763367540030E+00
   54.6000      0.755028271615E+00
   54.7000      0.776586443270E+00
   54.8000      0.764417697538E+00
   54.9000      0.794319296997E+00
   55.0000      0.764584341775E+00
   55.1000      0.786320902367E+00
   55.2000      0.755142956616E+00
   55.3000      0.771362257603E+00
   55.4000      0.759484180690E+00
   55.5000      0.768792421873E+00
   55.6000      0.771437978793E+00
   55.7000      0.768753921288E+00
   55.8000      0.771057960215E+00
   55.9000      0.767197512061E+00
   56.0000      0.765198617319E+00
   56.1000      0.775477647305E+00
   56.2000      0.767895512251E+00
   56.3000      0.786154093003E+00
   56.4000      0.770032314064E+00
   56.5000      0.778053151224E+00
   56.6000      0.763932195831E+00
   56.7000      0.758239007737E+00
   56.8000      0.765738170031E+00
   56.9000      0.753716193721E+00
   57.0000      0.781781964903E+00
   57.1000      0.762822796359E+00
   57.2000      0.786330793862E+00
   57.3000      0.759471597610E+00
   57.4000      0.763883026255E+00
   57.5000      0.743241354875E+00
   57.6000      0.741195064458E+00
   57.7000      0.739745098003E+00
   57.8000      0.745311923760E+00
   57.9000      0.750361247488E+00
   58.0000      0.759107583934E+00
   58.1000      0.746542003096E+00
   58.2000      0.752120885110E+00
   58.3000      0.721137021486E+00
   58.4000      0.731029736530E+00
   58.5000      0.704210655624E+00
   58.6000      0.723689792185E+00
   58.7000      0.714451154599E+00
   58.8000      0.730008581178E+00
   58.9000      0.729555287397E+00
   59.0000      0.725251477745E+00
   59.1000      0.723126123478E+00
   59.2000      0.705037801277E+00
   59.3000      0.704034936960E+00
   59.4000      0.693271670289E+00
   59.5000      0.697524459875E+00
   59.6000      0.702735045567E+00
   59.7000      0.705457832204E+00
   59.8000      0.714960478151E+00
   59.9000      0.708580588968E+00
   60.0000      0.708830899134E+00
   60.1000      0.699855525667E+00
   60.2000      0.690505381418E+00
   60.3000      0.693795641662E+00
   60.4000      0.681831025010E+00
   60.5000      0.701416334831E+00
   60.6000      0.689149612901E+00
   60.7000      0.712220015116E+00
   60.8000      0.697603580831E+00
   60.9000      0.709281929963E+00
   61.0000      0.694560060756E+00
   61.1000      0.693999357355E+00
   61.2000      0.686456573833E+00
   61.3000      0.685007099057E+00
   61.4000      0.686684418317E+00
   61.5000      0.692700139034E+00
   61.6000      0.694031299711E+00
   61.7000      0.704734526532E+00
   61.8000      0.694059713089E+00
   61.9000      0.703226487397E+00
   62.0000      0.682093615101E+00
   62.1000      0.689736990040E+00
   62.2000      0.672916966966E+00
   62.3000      0.681802475120E+00
   62.4000      0.679851141461E+00
   62.5000      0.685939533564E+00
   62.6000      0.693070980689E+00
   62.7000      0.688271896459E+00
   62.8000      0.691937161147E+00
   62.9000      0.677795957625E+00
   63.0000      0.675380255956E+00
   63.1000      0.665563921399E+00
   63.2000      0.664070324299E+00
   63.3000      0.667754823072E+00
   63.4000      0.669537469851E+00
   63.5000      0.678245231773E+00
   63.6000      0.677360809920E+00
   63.7000      0.675704482436E+00
   63.8000      0.670764544640E+00
   63.9000      0.656627863313E+00
   64.0000      0.657341783353E+00
   64.1000      0.642516914508E+00
   64.2000      0.656160855649E+00
   64.3000      0.648038774149E+00
   64.4000      0.665778141662E+00
   64.5000      0.658841677578E+00
   64.6000      0.665162228920E+00
   64.7000      0.653921046751E+00
   64.8000      0.647424550099E+00
   64.9000      0.637810196952E+00
   65.0000      0.632737286198E+00
   65.1000      0.632264056576E+00
   65.2000      0.638343367622E+00
   65.3000      0.641005159439E+00
   65.4000      0.651615799540E+00
   65.5000      0.643706865329E+00
   65.6000      0.648696862392E+00
   65.7000      0.628993634057E+00
   65.8000      0.630452603561E+00
   65.9000      0.613990138193E+00
   66.0000      0.620237229800E+00
   66.1000      0.618510846939E+00
   66.2000      0.627354907124E+00
   66.3000      0.633524290703E+00
   66.4000      0.633310522990E+00
   66.5000      0.633576295914E+00
   66.6000      0.621906898106E+00
   66.7000      0.614989001810E+00
   66.8000      0.605561177051E+00
   66.9000      0.601354231573E+00
   67.0000      0.606179582961E+00
   67.1000      0.607900679053E+00
   67.2000      0.620115316658E+00
   67.3000      0.619302999207E+00
   67.4000      0.622172762924E+00
   67.5000      0.614328817594E+00
   67.6000      0.603571458498E+00
   67.7000      0.598636866576E+00
   67.8000      0.585999435830E+00
   67.9000      0.595195126950E+00
   68.0000      0.589857556730E+00
   68.1000      0.607665847468E+00
   68.2000      0.604442222153E+00
   68.3000      0.613788088198E+00
   68.4000      0.604717688701E+00
   68.5000      0.599449449392E+00
   68.6000      0.588695491994E+00
   68.7000      0.581335615290E+00
   68.8000      0.579009302052E+00
   68.9000      0.583022930996E+00
   69.0000      0.587429490965E+00
   69.1000      0.600058824452E+00
   69.2000      0.597008351933E+00
   69.3000      0.606390991282E+00
   69.4000      0.588740055981E+00
   69.5000      0.592365081204E+00
   69.6000      0.571536674141E+00
   69.7000      0.577687938239E+00
   69.8000      0.569549257378E+00
   69.9000      0.581122338769E+00
   70.0000      0.585780434633E+00
   70.1000      0.593221189896E+00
   70.2000      0.596792798566E+00
   70.3000      0.592290568089E+00
   70.4000      0.586564697192E+00
   70.5000      0.578044064375E+00
   70.6000      0.569304099893E+00
   70.7000      0.571770086358E+00
   70.8000      0.568183808845E+00
   70.9000      0.583415133296E+00
   71.0000      0.582323362496E+00
   71.1000      0.595725242942E+00
   71.2000      0.590153345629E+00
   71.3000      0.589328609103E+00
   71.4000      0.582126428973E+00
   71.5000      0.571304852829E+00
   71.6000      0.573432359971E+00
   71.7000      0.565175978885E+00
   71.8000      0.579367020230E+00
   71.9000      0.577580752736E+00
   72.0000      0.591833701788E+00
   72.1000      0.590126596433E+00
   72.2000      0.591972128634E+00
   72.3000      0.586625479432E+00
   72.4000      0.578987495219E+00
   72.5000      0.574919239800E+00
   72.6000      0.571909475116E+00
   72.7000      0.573004583835E+00
   72.8000      0.582120399474E+00
   72.9000      0.582287378733E+00
   73.0000      0.597188856358E+00
   73.1000      0.587358965928E+00
   73.2000      0.598742051535E+00
   73.3000      0.580431500376E+00
   73.4000      0.587561550125E+00
   73.5000      0.572990883954E+00
   73.6000      0.580571157504E+00
   73.7000      0.578223999852E+00
   73.8000      0.586317986384E+00
   73.9000      0.591224735000E+00
   74.0000      0.594862533552E+00
   74.1000      0.595841180260E+00
   74.2000      0.594396134977E+00
   74.3000      0.587363552573E+00
   74.4000      0.588275373254E+00
   74.5000      0.578410623134E+00
   74.6000      0.588302132476E+00
   74.7000      0.580990283236E+00
   74.8000      0.596181163014E+00
   74.9000      0.591118187347E+00
   75.0000      0.600973204568E+00
   75.1000      0.596356324036E+00
   75.2000      0.595323230715E+00
   75.3000      0.593283697617E+00
   75.4000      0.586213419965E+00
   75.5000      0.590071627573E+00
   75.6000      0.585261956133E+00
   75.7000      0.592907672788E+00
   75.8000      0.593128524312E+00
   75.9000      0.597384579557E+00
   76.0000      0.599558071657E+00
   76.1000      0.596347139470E+00
   76.2000      0.597495461304E+00
   76.3000      0.591154922618E+00
   76.4000      0.591143048340E+00
   76.5000      0.589756227375E+00
   76.6000      0.588443653764E+00
   76.7000      0.595129567525E+00
   76.8000      0.590352162574E+00
   76.9000      0.600983754625E+00
   77.0000      0.591490253909E+00
   77.1000      0.600255099919E+00
   77.2000      0.589135506940E+00
   77.3000      0.594028828036E+00
   77.4000      0.586728257122E+00
   77.5000      0.589193004690E+00
   77.6000      0.587828279080E+00
   77.7000      0.589334280229E+00
   77.8000      0.590403811322E+00
   77.9000      0.591432696577E+00
   78.0000      0.589666483476E+00
   78.1000      0.591292871809E+00
   78.2000      0.584770498054E+00
   78.3000      0.588896650416E+00
   78.4000      0.579835859795E+00
   78.5000      0.586885830737E+00
   78.6000      0.578516456576E+00
   78.7000      0.585937718204E+00
   78.8000      0.579907875930E+00
   78.9000      0.584109959316E+00
   79.0000      0.580552814944E+00
   79.1000      0.580267173162E+00
   79.2000      0.578745631088E+00
   79.3000      0.575991597996E+00
   79.4000      0.575526921403E+00
   79.5000      0.573484123911E+00
   79.6000      0.572417432356E+00
   79.7000      0.572843404080E+00
   79.8000      0.569781174809E+00
   79.9000      0.572230174707E+00
   80.0000      0.567353986712E+00
   80.1000      0.570025024577E+00
   80.2000      0.565109368926E+00
   80.3000      0.566118227973E+00
   80.4000      0.563123969194E+00
   80.5000      0.561551738528E+00
   80.6000      0.561226184488E+00
   80.7000      0.557610192180E+00
   80.8000      0.559154039023E+00
   80.9000      0.555013763043E+00
   81.0000      0.556695402591E+00
   81.1000      0.553339272023E+00
   81.2000      0.553560640467E+00
   81.3000      0.551302389470E+00
   81.4000      0.549656399438E+00
   81.5000      0.548112626903E+00
   81.6000      0.545679436482E+00
   81.7000      0.544423980735E+00
   81.8000      0.542763576894E+00
   81.9000      0.541399354943E+00
   82.0000      0.541044343329E+00
   82.1000      0.539013594538E+00
   82.2000      0.539138545778E+00
   82.3000      0.536122204552E+00
   82.4000      0.535766782180E+00
   82.5000      0.532323307278E+00
   82.6000      0.531515942444E+00
   82.7000      0.528765435246E+00
   82.8000      0.528088370019E+00
   82.9000      0.526496355358E+00
   83.0000      0.525918891377E+00
   83.1000      0.524792466443E+00
   83.2000      0.523615983721E+00
   83.3000      0.522133565703E+00
   83.4000      0.520106145611E+00
   83.5000      0.518473431423E+00
   83.6000      0.516295127076E+00
   83.7000      0.515340920487E+00
   83.8000      0.513734726482E+00
   83.9000      0.513527288758E+00
   84.0000      0.512304229526E+00
   84.1000      0.511848128871E+00
   84.2000      0.510421053457E+00
   84.3000      0.508927152865E+00
   84.4000      0.507451758090E+00
   84.5000      0.505367703858E+00
   84.6000      0.504638629586E+00
   84.7000      0.503006409137E+00
   84.8000      0.503111971667E+00
   84.9000      0.502272671017E+00
   85.0000      0.502030302072E+00
   85.1000      0.501545253254E+00
   85.2000      0.499791821995E+00
   85.3000      0.499485202055E+00
   85.4000      0.496636047312E+00
   85.5000      0.496917065301E+00
   85.6000      0.494677195277E+00
   85.7000      0.495466645241E+00
   85.8000      0.495015516217E+00
   85.9000      0.494975801581E+00
   86.0000      0.495952077994E+00
   86.1000      0.493640392974E+00
   86.2000      0.495039679049E+00
   86.3000      0.490875587167E+00
   86.4000      0.492324160718E+00
   86.5000      0.488691316722E+00
   86.6000      0.490260498085E+00
   86.7000      0.489159790041E+00
   86.8000      0.490308072551E+00
   86.9000      0.491204378800E+00
   87.0000      0.490948058176E+00
   87.1000      0.491427114423E+00
   87.2000      0.490017131719E+00
   87.3000      0.488401578125E+00
   87.4000      0.488105332528E+00
   87.5000      0.484788416402E+00
   87.6000      0.487965263443E+00
   87.7000      0.484114437880E+00
   87.8000      0.490385329643E+00
   87.9000      0.486246838300E+00
   88.0000      0.492351650501E+00
   88.1000      0.487674871276E+00
   88.2000      0.490656626903E+00
   88.3000      0.486353007776E+00
   88.4000      0.486485295893E+00
   88.5000      0.484485739833E+00
   88.6000      0.484513912902E+00
   88.7000      0.485269612932E+00
   88.8000      0.487134835392E+00
   88.9000      0.488036664696E+00
   89.0000      0.491291111000E+00
   89.1000      0.488789173546E+00
   89.2000      0.492328688777E+00
   89.3000      0.485791747225E+00
   89.4000      0.489915468336E+00
   89.5000      0.482560133125E+00
   89.6000      0.488146046377E+00
   89.7000      0.483699304154E+00
   89.8000      0.489756472035E+00
   89.9000      0.488791792019E+00
   90.0000      0.492406091889E+00
   90.1000      0.492568171140E+00
   90.2000      0.492137323144E+00
   90.3000      0.491404719428E+00
   90.4000      0.489193060961E+00
   90.5000      0.487717667176E+00
   90.6000      0.488033720580E+00
   90.7000      0.486594179198E+00
   90.8000      0.491323731997E+00
   90.9000      0.489284663133E+00
   91.0000      0.495996661796E+00
   91.1000      0.492101401386E+00
   91.2000      0.496839542558E+00
   91.3000      0.491775548637E+00
   91.4000      0.493009860818E+00
   91.5000      0.489796096371E+00
   91.6000      0.489045137156E+00
   91.7000      0.490036240230E+00
   91.8000      0.489211115201E+00
   91.9000      0.493187254542E+00
   92.0000      0.492545573101E+00
   92.1000      0.495609702620E+00
   92.2000      0.494641061621E+00
   92.3000      0.494071180000E+00
   92.4000      0.493356575524E+00
   92.5000      0.490048948748E+00
   92.6000      0.491024661512E+00
   92.7000      0.488026520380E+00
   92.8000      0.490805131531E+00
   92.9000      0.490062451814E+00
   93.0000      0.492402191251E+00
   93.1000      0.493485040665E+00
   93.2000      0.492698989988E+00
   93.3000      0.494340004544E+00
   93.4000      0.490153960953E+00
   93.5000      0.492024989512E+00
   93.6000      0.487027134322E+00
   93.7000      0.489460512197E+00
   93.8000      0.486558298422E+00
   93.9000      0.489063522045E+00
   94.0000      0.488814104512E+00
   94.1000      0.489912129825E+00
   94.2000      0.490547375633E+00
   94.3000      0.489511001613E+00
   94.4000      0.489179575756E+00
   94.5000      0.487424194534E+00
   94.6000      0.485793329549E+00
   94.7000      0.485808160074E+00
   94.8000      0.483478394026E+00
   94.9000      0.486272853883E+00
   95.0000      0.483433952483E+00
   95.1000      0.487487093299E+00
   95.2000      0.483899638922E+00
   95.3000      0.486837777275E+00
   95.4000      0.482940310559E+00
   95.5000      0.483873195904E+00
   95.6000      0.481010173517E+00
   95.7000      0.480873629742E+00
   95.8000      0.479912024902E+00
   95.9000      0.479875791400E+00
   96.0000      0.479959653190E+00
   96.1000      0.480225737404E+00
   96.2000      0.479486799545E+00
   96.3000      0.479779399948E+00
   96.4000      0.477291183849E+00
   96.5000      0.477816313996E+00
   96.6000      0.474440072566E+00
   96.7000      0.475674283966E+00
   96.8000      0.472901720474E+00
   96.9000      0.474570039839E+00
   97.0000      0.472950204190E+00
   97.1000      0.473884085730E+00
   97.2000      0.472860716685E+00
   97.3000      0.472206026145E+00
   97.4000      0.471173130765E+00
   97.5000      0.469476353897E+00
   97.6000      0.468460469621E+00
   97.7000      0.467205165519E+00
   97.8000      0.466440184322E+00
   97.9000      0.466508704314E+00
   98.0000      0.465785258408E+00
   98.1000      0.466585998228E+00
   98.2000      0.465437681688E+00
   98.3000      0.465603172066E+00
   98.4000      0.464113075149E+00
   98.5000      0.462904187868E+00
   98.6000      0.461978254742E+00
   98.7000      0.459876162500E+00
   98.8000      0.460414362171E+00
   98.9000      0.458412874997E+00
   99.0000      0.460189387556E+00
   99.1000      0.458737917747E+00
   99.2000      0.460333451272E+00
   99.3000      0.459135752246E+00
   99.4000      0.459226870547E+00
   99.5000      0.457953760865E+00
   99.6000      0.456700759927E+00
   99.7000      0.455523162809E+00
   99.8000      0.454516317225E+00
   99.9000      0.453664244738E+00
  100.0000      0.454396687244E+00
  100.1000      0.453372745841E+00
  100.2000      0.455866025264E+00
  100.3000      0.453596361485E+00
  100.4000      0.456607922638E+00
  100.5000      0.452666111241E+00
  100.6000      0.455050223767E+00
  100.7000      0.450534898563E+00
  100.8000      0.452106980694E+00
  100.9000      0.448917238153E+00
  101.0000      0.450041973322E+00
  101.1000      0.449130730289E+00
  101.2000      0.449935042400E+00
  101.3000      0.450363055069E+00
  101.4000      0.450751487904E+00
  101.5000      0.450497854810E+00
  101.6000      0.450840707433E+00
  101.7000      0.448478415019E+00
  101.8000      0.449838504717E+00
  101.9000      0.445491598292E+00
  102.0000      0.448827105581E+00
  102.1000      0.443782713387E+00
  102.2000      0.448858896681E+00
  102.3000      0.444482940705E+00
  102.4000      0.449661829170E+00
  102.5000      0.446621740221E+00
  102.6000      0.449901094001E+00
  102.7000      0.448141476348E+00
  102.8000      0.448680583032E+00
  102.9000      0.447851557569E+00
  103.0000      0.446739701729E+00
  103.1000      0.446455805806E+00
  103.2000      0.446006036682E+00
  103.3000      0.445655826312E+00
  103.4000      0.447702875430E+00
  103.5000      0.446241176923E+00
  103.6000      0.450846912279E+00
  103.7000      0.447254057925E+00
  103.8000      0.452910888693E+00
  103.9000      0.447254212496E+00
  104.0000      0.452251297338E+00
  104.1000      0.446252721514E+00
  104.2000      0.449789122146E+00
  104.3000      0.445907574715E+00
  104.4000      0.448035220422E+00
  104.5000      0.447549584558E+00
  104.6000      0.448484186761E+00
  104.7000      0.450318343655E+00
  104.8000      0.450256490710E+00
  104.9000      0.451743998554E+00
  105.0000      0.451387302478E+00
  105.1000      0.450310464265E+00
  105.2000      0.451131738545E+00
  105.3000      0.447205664057E+00
  105.4000      0.450645484139E+00
  105.5000      0.445309776820E+00
  105.6000      0.451397704868E+00
  105.7000      0.446432657854E+00
  105.8000      0.453226930248E+00
  105.9000      0.449611312892E+00
  106.0000      0.454288686933E+00
  106.1000      0.452154890237E+00
  106.2000      0.453071817984E+00
  106.3000      0.452349826469E+00
  106.4000      0.450371029819E+00
  106.5000      0.451056729969E+00
  106.6000      0.448926301115E+00
  106.7000      0.450526176587E+00
  106.8000      0.450750899911E+00
  106.9000      0.451704600674E+00
  107.0000      0.454818229586E+00
  107.1000      0.453094358140E+00
  107.2000      0.457796856164E+00
  107.3000      0.452635243237E+00
  107.4000      0.457370094111E+00
  107.5000      0.450499354743E+00
  107.6000      0.454603711930E+00
  107.7000      0.449311691007E+00
  107.8000      0.452638086830E+00
  107.9000      0.451193550398E+00
  108.0000      0.453153689804E+00
  108.1000      0.454994165081E+00
  108.2000      0.454708159273E+00
  108.3000      0.457154903080E+00
  108.4000      0.454806718077E+00
  108.5000      0.455448813106E+00
  108.6000      0.453085754149E+00
  108.7000      0.451387868571E+00
  108.8000      0.451746873887E+00
  108.9000      0.448597501258E+00
  109.0000      0.452792403144E+00
  109.1000      0.449050921890E+00
  109.2000      0.455412407628E+00
  109.3000      0.451299513808E+00
  109.4000      0.456608080597E+00
  109.5000      0.452396462348E+00
  109.6000      0.454394678056E+00
  109.7000      0.451169471242E+00
  109.8000      0.450084013614E+00
  109.9000      0.449274693616E+00
  110.0000      0.447154154857E+00
  110.1000      0.449039666353E+00
  110.2000      0.447802516770E+00
  110.3000      0.450576587016E+00
  110.4000      0.450729914155E+00
  110.5000      0.451447458738E+00
  110.6000      0.452521459423E+00
  110.7000      0.449416146858E+00
  110.8000      0.451230863901E+00
  110.9000      0.445284740215E+00
  111.0000      0.448295231378E+00
  111.1000      0.442421508644E+00
  111.2000      0.446635145811E+00
  111.3000      0.443191812797E+00
  111.4000      0.447134575973E+00
  111.5000      0.446228553937E+00
  111.6000      0.447659523928E+00
  111.7000      0.447768813023E+00
  111.8000      0.445785428223E+00
  111.9000      0.445646072312E+00
  112.0000      0.441915628031E+00
  112.1000      0.441433215927E+00
  112.2000      0.439003903147E+00
  112.3000      0.438443973199E+00
  112.4000      0.439210428914E+00
  112.5000      0.438081173030E+00
  112.6000      0.441410533685E+00
  112.7000      0.438648865654E+00
  112.8000      0.442332354831E+00
  112.9000      0.437638091340E+00
  113.0000      0.439940097062E+00
  113.1000      0.434649788228E+00
  113.2000      0.435417569856E+00
  113.3000      0.431768203251E+00
  113.4000      0.431853820216E+00
  113.5000      0.431175243281E+00
  113.6000      0.431148845256E+00
  113.7000      0.432646598142E+00
  113.8000      0.432266493879E+00
  113.9000      0.433587756841E+00
  114.0000      0.432503647513E+00
  114.1000      0.431658953145E+00
  114.2000      0.430420133898E+00
  114.3000      0.427317929386E+00
  114.4000      0.427329556725E+00
  114.5000      0.423508362457E+00
  114.6000      0.425689645779E+00
  114.7000      0.422643370205E+00
  114.8000      0.426156035813E+00
  114.9000      0.424074087449E+00
  115.0000      0.426709610572E+00
  115.1000      0.424857295358E+00
  115.2000      0.424941665896E+00
  115.3000      0.422966019439E+00
  115.4000      0.420853815026E+00
  115.5000      0.419321332367E+00
  115.6000      0.416933759821E+00
  115.7000      0.416494481951E+00
  115.8000      0.415499549649E+00
  115.9000      0.415800020658E+00
  116.0000      0.416352263932E+00
  116.1000      0.416085480278E+00
  116.2000      0.417165960386E+00
  116.3000      0.415264802474E+00
  116.4000      0.415923131165E+00
  116.5000      0.412630602159E+00
  116.6000      0.412779582203E+00
  116.7000      0.409529204695E+00
  116.8000      0.409687491068E+00
  116.9000      0.407937798076E+00
  117.0000      0.408395713012E+00
  117.1000      0.408462758120E+00
  117.2000      0.408810618578E+00
  117.3000      0.409666968874E+00
  117.4000      0.409211777841E+00
  117.5000      0.409407351095E+00
  117.6000      0.408055482525E+00
  117.7000      0.406962743868E+00
  117.8000      0.405560420414E+00
  117.9000      0.403786242142E+00
  118.0000      0.403414587483E+00
  118.1000      0.402001949222E+00
  118.2000      0.402866362171E+00
  118.3000      0.402217937353E+00
  118.4000      0.403308467795E+00
  118.5000      0.403013837452E+00
  118.6000      0.402989861987E+00
  118.7000      0.402564314984E+00
  118.8000      0.401000588556E+00
  118.9000      0.400515172451E+00
  119.0000      0.398224500311E+00
  119.1000      0.398124501007E+00
  119.2000      0.396331956022E+00
  119.3000      0.396770935209E+00
  119.4000      0.396122446258E+00
  119.5000      0.396632420410E+00
  119.6000      0.396922650397E+00
  119.7000      0.396795879825E+00
  119.8000      0.397365358240E+00
  119.9000      0.396338625942E+00
  120.0000      0.396613963792E+00
  120.1000      0.395181853523E+00
  120.2000      0.394965003575E+00
  120.3000      0.394082392043E+00
  120.4000      0.393450974874E+00
  120.5000      0.393872523683E+00
  120.6000      0.392890085470E+00
  120.7000      0.394566891989E+00
  120.8000      0.393192556484E+00
  120.9000      0.395214732729E+00
  121.0000      0.393515087987E+00
  121.1000      0.394772376943E+00
  121.2000      0.393173694503E+00
  121.3000      0.393139963371E+00
  121.4000      0.392355925356E+00
  121.5000      0.391275326623E+00
  121.6000      0.391762724309E+00
  121.7000      0.390253945757E+00
  121.8000      0.391678192045E+00
  121.9000      0.390279136794E+00
  122.0000      0.391671138633E+00
  122.1000      0.390721598598E+00
  122.2000      0.391182664954E+00
  122.3000      0.390972365628E+00
  122.4000      0.390200003080E+00
  122.5000      0.390940823534E+00
  122.6000      0.389271382447E+00
  122.7000      0.390800719643E+00
  122.8000      0.388940663140E+00
  122.9000      0.390619313459E+00
  123.0000      0.389332144143E+00
  123.1000      0.390314656358E+00
  123.2000      0.390229687658E+00
  123.3000      0.389836905710E+00
  123.4000      0.391251229876E+00
  123.5000      0.389299842072E+00
  123.6000      0.391970078967E+00
  123.7000      0.388907955607E+00
  123.8000      0.392134497847E+00
  123.9000      0.388856055527E+00
  124.0000      0.391766978079E+00
  124.1000      0.389236406912E+00
  124.2000      0.391048489882E+00
  124.3000      0.389837415066E+00
  124.4000      0.390183467231E+00
  124.5000      0.390210488506E+00
  124.6000      0.389388877276E+00
  124.7000      0.390115041202E+00
  124.8000      0.389034509677E+00
  124.9000      0.389724228861E+00
  125.0000      0.389518480496E+00
  125.1000      0.389322757256E+00
  125.2000      0.390739764350E+00
  125.3000      0.388893941800E+00
  125.4000      0.391988590069E+00
  125.5000      0.388194791358E+00
  125.6000      0.392569917251E+00
  125.7000      0.387363000283E+00
  125.8000      0.392424145351E+00
  125.9000      0.387074201551E+00
  126.0000      0.392082147533E+00
  126.1000      0.387847386866E+00
  126.2000      0.391951721580E+00
  126.3000      0.389421035449E+00
  126.4000      0.391885008271E+00
  126.5000      0.390852976656E+00
  126.6000      0.391571749783E+00
  126.7000      0.391265025732E+00
  126.8000      0.390994907132E+00
  126.9000      0.390507251418E+00
  127.0000      0.390532286784E+00
  127.1000      0.389127051252E+00
  127.2000      0.390720638060E+00
  127.3000      0.387985600122E+00
  127.4000      0.391792823002E+00
  127.5000      0.387694836472E+00
  127.6000      0.393367707870E+00
  127.7000      0.388106182635E+00
  127.8000      0.394431560374E+00
  127.9000      0.388492722177E+00
  128.0000      0.393997594030E+00
  128.1000      0.388330247571E+00
  128.2000      0.392146013402E+00
  128.3000      0.388003969715E+00
  128.4000      0.390131968139E+00
  128.5000      0.388454285375E+00
  128.6000      0.389339941078E+00
  128.7000      0.389909280150E+00
  128.8000      0.389994511602E+00
  128.9000      0.391397783449E+00
  129.0000      0.391048094971E+00
  129.1000      0.391573394236E+00
  129.2000      0.391416380628E+00
  129.3000      0.390029503838E+00
  129.4000      0.390938207803E+00
  129.5000      0.387734103147E+00
  129.6000      0.390321408208E+00
  129.7000      0.386167796561E+00
  129.8000      0.390305228031E+00
  129.9000      0.386278154490E+00
  130.0000      0.390921925520E+00
  130.1000      0.387840180661E+00
  130.2000      0.391433886109E+00
  130.3000      0.389645625856E+00
  130.4000      0.390802478886E+00
  130.5000      0.390407593936E+00
  130.6000      0.388706755313E+00
  130.7000      0.389785054049E+00
  130.8000      0.386122855363E+00
  130.9000      0.388739693397E+00
  131.0000      0.384726763454E+00
  131.1000      0.388447552120E+00
  131.2000      0.385398743168E+00
  131.3000      0.388996776912E+00
  131.4000      0.387236906314E+00
  131.5000      0.389260279956E+00
  131.6000      0.388432488961E+00
  131.7000      0.388193416767E+00
  131.8000      0.387915298502E+00
  131.9000      0.386104621675E+00
  132.0000      0.386182560121E+00
  132.1000      0.384380856170E+00
  132.2000      0.384544502520E+00
  132.3000      0.384274475311E+00
  132.4000      0.383877012160E+00
  132.5000      0.385841260905E+00
  132.6000      0.384053816727E+00
  132.7000      0.387981061128E+00
  132.8000      0.384185201482E+00
  132.9000      0.389159185809E+00
  133.0000      0.383455301724E+00
  133.1000      0.388456723964E+00
  133.2000      0.381839164274E+00
  133.3000      0.386280516163E+00
  133.4000      0.380345642117E+00
  133.5000      0.384040659063E+00
  133.6000      0.380132174546E+00
  133.7000      0.382947820540E+00
  133.8000      0.381290433640E+00
  133.9000      0.382871891034E+00
  134.0000      0.382559431809E+00
  134.1000      0.382719147098E+00
  134.2000      0.382479256292E+00
  134.3000      0.381737645708E+00
  134.4000      0.380805594996E+00
  134.5000      0.380376868722E+00
  134.6000      0.378606379518E+00
  134.7000      0.379668338415E+00
  134.8000      0.377184541470E+00
  134.9000      0.380119516004E+00
  135.0000      0.377002764917E+00
  135.1000      0.381223662773E+00
  135.2000      0.377616852552E+00
  135.3000      0.381935561559E+00
  135.4000      0.378166570510E+00
  135.5000      0.381386426295E+00
  135.6000      0.378047485401E+00
  135.7000      0.379442184091E+00
  135.8000      0.377251496822E+00
  135.9000      0.376859579670E+00
  136.0000      0.376404009453E+00
  136.1000      0.374795509700E+00
  136.2000      0.376109055487E+00
  136.3000      0.373931034445E+00
  136.4000      0.376269273179E+00
  136.5000      0.373889084382E+00
  136.6000      0.376090292031E+00
  136.7000      0.373789506067E+00
  136.8000      0.374996781112E+00
  136.9000      0.373228180950E+00
  137.0000      0.373347669754E+00
  137.1000      0.372612312295E+00
  137.2000      0.372094746349E+00
  137.3000      0.372452720589E+00
  137.4000      0.371809704473E+00
  137.5000      0.372667608021E+00
  137.6000      0.372266839942E+00
  137.7000      0.372686647897E+00
  137.8000      0.372820754835E+00
  137.9000      0.372062840542E+00
  138.0000      0.372991677394E+00
  138.1000      0.370784113730E+00
  138.2000      0.372599389601E+00
  138.3000      0.369191259239E+00
  138.4000      0.371756322618E+00
  138.5000      0.367750203731E+00
  138.6000      0.370732566009E+00
  138.7000      0.366870022821E+00
  138.8000      0.369779657092E+00
  138.9000      0.366573044024E+00
  139.0000      0.368834754312E+00
  139.1000      0.366475989257E+00
  139.2000      0.367682003697E+00
  139.3000      0.366186275333E+00
  139.4000      0.366430021469E+00
  139.5000      0.365836328913E+00
  139.6000      0.365677654499E+00
  139.7000      0.365867630631E+00
  139.8000      0.365892395210E+00
  139.9000      0.366332735734E+00
  140.0000      0.366738497535E+00
  140.1000      0.366610812817E+00
  140.2000      0.367287212598E+00
  140.3000      0.366039639977E+00
  140.4000      0.366888757251E+00
  140.5000      0.364650130019E+00
  140.6000      0.365695867521E+00
  140.7000      0.363102287760E+00
  140.8000      0.364305564278E+00
  140.9000      0.362070839616E+00
  141.0000      0.363203752880E+00
  141.1000      0.361774112611E+00
  141.2000      0.362506328162E+00
  141.3000      0.362012102909E+00
  141.4000      0.362035311725E+00
  141.5000      0.362278428945E+00
  141.6000      0.361419027785E+00
  141.7000      0.362067277905E+00
  141.8000      0.360466251985E+00
  141.9000      0.361291613838E+00
  142.0000      0.359538891889E+00
  142.1000      0.360565942510E+00
  142.2000      0.359432922483E+00
  142.3000      0.360626520861E+00
  142.4000      0.360459569864E+00
  142.5000      0.361435086656E+00
  142.6000      0.361831763980E+00
  142.7000      0.362005186316E+00
  142.8000      0.362201023908E+00
  142.9000      0.361393828307E+00
  143.0000      0.360924898076E+00
  143.1000      0.359654965873E+00
  143.2000      0.358613771331E+00
  143.3000      0.357766264131E+00
  143.4000      0.356498650571E+00
  143.5000      0.356729392081E+00
  143.6000      0.355501426720E+00
  143.7000      0.356949689893E+00
  143.8000      0.355793238831E+00
  143.9000      0.358071563908E+00
  144.0000      0.356820925740E+00
  144.1000      0.359199869222E+00
  144.2000      0.357601278670E+00
  144.3000      0.359304907304E+00
  144.4000      0.357362530331E+00
  144.5000      0.358108659568E+00
  144.6000      0.356326792101E+00
  144.7000      0.356474417532E+00
  144.8000      0.355563401794E+00
  144.9000      0.355743917768E+00
  145.0000      0.355915251319E+00
  145.1000      0.356354660891E+00
  145.2000      0.356939237146E+00
  145.3000      0.357396370241E+00
  145.4000      0.357378855164E+00
  145.5000      0.357604193846E+00
  145.6000      0.356395307256E+00
  145.7000      0.356529492711E+00
  145.8000      0.354319094058E+00
  145.9000      0.354781471299E+00
  146.0000      0.352233007009E+00
  146.1000      0.353376310609E+00
  146.2000      0.351245058442E+00
  146.3000      0.353140310597E+00
  146.4000      0.351965662131E+00
  146.5000      0.354237076772E+00
  146.6000      0.354101048029E+00
  146.7000      0.355877624621E+00
  146.8000      0.356357324951E+00
  146.9000      0.356618682956E+00
  147.0000      0.357218371824E+00
  147.1000      0.355561383658E+00
  147.2000      0.356227544991E+00
  147.3000      0.353269274262E+00
  147.4000      0.354396779008E+00
  147.5000      0.351355082550E+00
  147.6000      0.353183748120E+00
  147.7000      0.350931425180E+00
  147.8000      0.353097229987E+00
  147.9000      0.351791124127E+00
  148.0000      0.353614727151E+00
  148.1000      0.352940857016E+00
  148.2000      0.353904048656E+00
  148.3000      0.353478820559E+00
  148.4000      0.353527217715E+00
  148.5000      0.353086582491E+00
  148.6000      0.352572762998E+00
  148.7000      0.351981874279E+00
  148.8000      0.351622099378E+00
  148.9000      0.350952805156E+00
  149.0000      0.351629020851E+00
  149.1000      0.350892879526E+00
  149.2000      0.353054362397E+00
  149.3000      0.351878884694E+00
  149.4000      0.355155061294E+00
  149.5000      0.352909432678E+00
  149.6000      0.356347598827E+00
  149.7000      0.352781494219E+00
  149.8000      0.355608971271E+00
  149.9000      0.351366964393E+00
  150.0000      0.353376460315E+00
  150.1000      0.349687402746E+00
  150.2000      0.350966433893E+00
  150.3000      0.348907451983E+00
  150.4000      0.349453324293E+00
  150.5000      0.349516166894E+00
  150.6000      0.349183349677E+00
  150.7000      0.351302050273E+00
  150.8000      0.349927728002E+00
  150.9000      0.353547750783E+00
  151.0000      0.350977226270E+00
  151.1000      0.355153258280E+00
  151.2000      0.351429427442E+00
  151.3000      0.355227954053E+00
  151.4000      0.350879688084E+00
  151.5000      0.353821451181E+00
  151.6000      0.349865906744E+00
  151.7000      0.352017566165E+00
  151.8000      0.349410102281E+00
  151.9000      0.350945131223E+00
  152.0000      0.349869821061E+00
  152.1000      0.350746128190E+00
  152.2000      0.350643857444E+00
  152.3000      0.350858901116E+00
  152.4000      0.350997598400E+00
  152.5000      0.350857056625E+00
  152.6000      0.350713546569E+00
  152.7000      0.350753862563E+00
  152.8000      0.350018789160E+00
  152.9000      0.350728022124E+00
  153.0000      0.349225429374E+00
  153.1000      0.350900217142E+00
  153.2000      0.348698771377E+00
  153.3000      0.351427703290E+00
  153.4000      0.348869189392E+00
  153.5000      0.352314032964E+00
  153.6000      0.349780501162E+00
  153.7000      0.353029420593E+00
  153.8000      0.350817426931E+00
  153.9000      0.352722400577E+00
  154.0000      0.351228842256E+00
  154.1000      0.351061589641E+00
  154.2000      0.350964815044E+00
  154.3000      0.348733430874E+00
  154.4000      0.350687463954E+00
  154.5000      0.346781255565E+00
  154.6000      0.350903771841E+00
  154.7000      0.345737942534E+00
  154.8000      0.351563316153E+00
  154.9000      0.345631503554E+00
  155.0000      0.352383407856E+00
  155.1000      0.346345055498E+00
  155.2000      0.353095683172E+00
  155.3000      0.347660531805E+00
  155.4000      0.353376167813E+00
  155.5000      0.349080062488E+00
  155.6000      0.352803631488E+00
  155.7000      0.349986079034E+00
  155.8000      0.351276677956E+00
  155.9000      0.350233453257E+00
  156.0000      0.349385024332E+00
  156.1000      0.350224365274E+00
  156.2000      0.347898976542E+00
  156.3000      0.350248254904E+00
  156.4000      0.347069027085E+00
  156.5000      0.350185298794E+00
  156.6000      0.346737324401E+00
  156.7000      0.349929696560E+00
  156.8000      0.346877181018E+00
  156.9000      0.349732146115E+00
  157.0000      0.347650299844E+00
  157.1000      0.349864030470E+00
  157.2000      0.348863481269E+00
  157.3000      0.350109118815E+00
  157.4000      0.349807690459E+00
  157.5000      0.350050808038E+00
  157.6000      0.349968598643E+00
  157.7000      0.349744177256E+00
  157.8000      0.349471696700E+00
  157.9000      0.349567852384E+00
  158.0000      0.348617576328E+00
  158.1000      0.349605784989E+00
  158.2000      0.347502342528E+00
  158.3000      0.349669237647E+00
  158.4000      0.346301669962E+00
  158.5000      0.349774263819E+00
  158.6000      0.345511938535E+00
  158.7000      0.350156310891E+00
  158.8000      0.345548448408E+00
  158.9000      0.350715995886E+00
  159.0000      0.346209844981E+00
  159.1000      0.350827915437E+00
  159.2000      0.346947833317E+00
  159.3000      0.350050826865E+00
  159.4000      0.347670127590E+00
  159.5000      0.348718785921E+00
  159.6000      0.348753303740E+00
  159.7000      0.347416823961E+00
  159.8000      0.350211826662E+00
  159.9000      0.346235923138E+00
  160.0000      0.351471231211E+00
  160.1000      0.345013839452E+00
  160.2000      0.352089069070E+00
  160.3000      0.343944418249E+00
  160.4000      0.352136590557E+00
  160.5000      0.343411474918E+00
  160.6000      0.351729539908E+00
  160.7000      0.343439527896E+00
  160.8000      0.350735726384E+00
  160.9000      0.343832906801E+00
  161.0000      0.349253502759E+00
  161.1000      0.344763767064E+00
  161.2000      0.347935991770E+00
  161.3000      0.346620727794E+00
  161.4000      0.347329913518E+00
  161.5000      0.349123585419E+00
  161.6000      0.347101292191E+00
  161.7000      0.351142391409E+00
  161.8000      0.346446382959E+00
  161.9000      0.351741866353E+00
  162.0000      0.345178702663E+00
  162.1000      0.351031442518E+00
  162.2000      0.343889790077E+00
  162.3000      0.349710120947E+00
  162.4000      0.343125617185E+00
  162.5000      0.348272285673E+00
  162.6000      0.343041083170E+00
  162.7000      0.347098778856E+00
  162.8000      0.343840825975E+00
  162.9000      0.346764113537E+00
  163.0000      0.345720338968E+00
  163.1000      0.347458190133E+00
  163.2000      0.348067709411E+00
  163.3000      0.348337497205E+00
  163.4000      0.349463078256E+00
  163.5000      0.348234956423E+00
  163.6000      0.349015421190E+00
  163.7000      0.347018922752E+00
  163.8000      0.347291907551E+00
  163.9000      0.345656608389E+00
  164.0000      0.345545630789E+00
  164.1000      0.344984911807E+00
  164.2000      0.344492668751E+00
  164.3000      0.345067644836E+00
  164.4000      0.344270779698E+00
  164.5000      0.345730672257E+00
  164.6000      0.344994326282E+00
  164.7000      0.346860566036E+00
  164.8000      0.346524177175E+00
  164.9000      0.347863554867E+00
  165.0000      0.347965515038E+00
  165.1000      0.347645969551E+00
  165.2000      0.348313477274E+00
  165.3000      0.345792899165E+00
  165.4000      0.347689311036E+00
  165.5000      0.343322323626E+00
  165.6000      0.347231039390E+00
  165.7000      0.341679276616E+00
  165.8000      0.347629663715E+00
  165.9000      0.341317950004E+00
  166.0000      0.348430271969E+00
  166.1000      0.341793889690E+00
  166.2000      0.348911453540E+00
  166.3000      0.342788749935E+00
  166.4000      0.348868897922E+00
  166.5000      0.344230721023E+00
  166.6000      0.348185133562E+00
  166.7000      0.345662875748E+00
  166.8000      0.346450667132E+00
  166.9000      0.346482082101E+00
  167.0000      0.343722615032E+00
  167.1000      0.346916741116E+00
  167.2000      0.341120575408E+00
  167.3000      0.347896693781E+00
  167.4000      0.339848431856E+00
  167.5000      0.349644471776E+00
  167.6000      0.339870197813E+00
  167.7000      0.351124117368E+00
  167.8000      0.340257383952E+00
  167.9000      0.351276387605E+00
  168.0000      0.340606840563E+00
  168.1000      0.350142221250E+00
  168.2000      0.341306925813E+00
  168.3000      0.348316283444E+00
  168.4000      0.342532622320E+00
  168.5000      0.346006140694E+00
  168.6000      0.343939630752E+00
  168.7000      0.343359608270E+00
  168.8000      0.345500869152E+00
  168.9000      0.341153239071E+00
  169.0000      0.347670485743E+00
  169.1000      0.340160906225E+00
  169.2000      0.350255254288E+00
  169.3000      0.340021956225E+00
  169.4000      0.351947788980E+00
  169.5000      0.339675636303E+00
  169.6000      0.351680824136E+00
  169.7000      0.338942943888E+00
  169.8000      0.349906181415E+00
  169.9000      0.338801339825E+00
  170.0000      0.347856921122E+00
  170.1000      0.339949011160E+00
  170.2000      0.346040717682E+00
  170.3000      0.341989268815E+00
  170.4000      0.344259682321E+00
  170.5000      0.344332470078E+00
  170.6000      0.342667006837E+00
  170.7000      0.346935102355E+00
  170.8000      0.341694800996E+00
  170.9000      0.349513218122E+00
  171.0000      0.341015808021E+00
  171.1000      0.350901776097E+00
  171.2000      0.339753109400E+00
  171.3000      0.350231931993E+00
  171.4000      0.338039396978E+00
  171.5000      0.348312103779E+00
  171.6000      0.337343213930E+00
  171.7000      0.346804097261E+00
  171.8000      0.338681470891E+00
  171.9000      0.346214479876E+00
  172.0000      0.341334206451E+00
  172.1000      0.345686695682E+00
  172.2000      0.343962377713E+00
  172.3000      0.344639308432E+00
  172.4000      0.346150365280E+00
  172.5000      0.343399719671E+00
  172.6000      0.347944931927E+00
  172.7000      0.342062496372E+00
  172.8000      0.348687755997E+00
  172.9000      0.340105972331E+00
  173.0000      0.347728277779E+00
  173.1000      0.337838874834E+00
  173.2000      0.346013873658E+00
  173.3000      0.337008239964E+00
  173.4000      0.345438424550E+00
  173.5000      0.338809315022E+00
  173.6000      0.346366819183E+00
  173.7000      0.342059388360E+00
  173.8000      0.347130843702E+00
  173.9000      0.344559424912E+00
  174.0000      0.346386011101E+00
  174.1000      0.345664577603E+00
  174.2000      0.344616556152E+00
  174.3000      0.346154621585E+00
  174.4000      0.342681073409E+00
  174.5000      0.346143512549E+00
  174.6000      0.340436731161E+00
  174.7000      0.345051407614E+00
  174.8000      0.338083652347E+00
  174.9000      0.343676775471E+00
  175.0000      0.337464840339E+00
  175.1000      0.344097136656E+00
  175.2000      0.340005065092E+00
  175.3000      0.346607666469E+00
  175.4000      0.344018394088E+00
  175.5000      0.348604773697E+00
  175.6000      0.346216314334E+00
  175.7000      0.347833355655E+00
  175.8000      0.345739717661E+00
  175.9000      0.345176230383E+00
  176.0000      0.344555310513E+00
  176.1000      0.342691517502E+00
  176.2000      0.343871627378E+00
  176.3000      0.340596520595E+00
  176.4000      0.342883663621E+00
  176.5000      0.338525510552E+00
  176.6000      0.341826562441E+00
  176.7000      0.338298760173E+00
  176.8000      0.343140020101E+00
  176.9000      0.341972033872E+00
  177.0000      0.347435816798E+00
  177.1000      0.347387468762E+00
  177.2000      0.350873472048E+00
  177.3000      0.349440703697E+00
  177.4000      0.349635891640E+00
  177.5000      0.346704484478E+00
  177.6000      0.345266839656E+00
  177.7000      0.343225903113E+00
  177.8000      0.342073752334E+00
  177.9000      0.342210805958E+00
  178.0000      0.340746288877E+00
  178.1000      0.341969153197E+00
  178.2000      0.339232436400E+00
  178.3000      0.341087055775E+00
  178.4000      0.339257365645E+00
  178.5000      0.343259432661E+00
  178.6000      0.345427595554E+00
  178.7000      0.351262094183E+00
  178.8000      0.355676043222E+00
  178.9000      0.358798450103E+00
  179.0000      0.359440130858E+00
  179.1000      0.356346316710E+00
  179.2000      0.351255525161E+00
  179.3000      0.345923624974E+00
  179.4000      0.341556230524E+00
  179.5000      0.341734814221E+00
  179.6000      0.345721977959E+00
  179.7000      0.351712987168E+00
  179.8000      0.364519752835E+00
  179.9000      0.367284881948E+00
  180.0000      0.488642792590E+00
