    0.1000      0.483051789358E+07
    0.2000      0.889449336253E+06
    0.3000      0.259728983505E+06
    0.4000      0.139596541262E+06
    0.5000      0.105395255074E+06
    0.6000      0.635006756765E+05
    0.7000      0.472632217299E+05
    0.8000      0.353122844783E+05
    0.9000      0.322514231292E+05
    1.0000      0.255994026893E+05
    1.1000      0.214729631581E+05
    1.2000      0.162628950613E+05
    1.3000      0.110454152986E+05
    1.4000      0.991329440474E+04
    1.5000      0.799310628192E+04
    1.6000      0.520848154065E+04
    1.7000      0.370933737194E+04
    1.8000      0.328989514259E+04
    1.9000      0.297760895985E+04
    2.0000      0.220827418096E+04
    2.1000      0.170110861565E+04
    2.2000      0.152929092561E+04
    2.3000      0.129124151514E+04
    2.4000      0.105815428668E+04
    2.5000      0.897341033258E+03
    2.6000      0.779764896402E+03
    2.7000      0.663471221917E+03
    2.8000      0.602967235595E+03
    2.9000      0.544882123815E+03
    3.0000      0.476351007004E+03
    3.1000      0.505064970662E+03
    3.2000      0.488740616704E+03
    3.3000      0.439771057383E+03
    3.4000      0.377234149093E+03
    3.5000      0.308573548211E+03
    3.6000      0.337601497491E+03
    3.7000      0.359510951635E+03
    3.8000      0.426577060409E+03
    3.9000      0.429739845123E+03
    4.0000      0.328712322447E+03
    4.1000      0.271854685433E+03
    4.2000      0.230840659571E+03
    4.3000      0.273483693059E+03
    4.4000      0.314707148897E+03
    4.5000      0.314551983251E+03
    4.6000      0.288012650016E+03
    4.7000      0.217083923352E+03
    4.8000      0.187327910555E+03
    4.9000      0.192303132922E+03
    5.0000      0.226060533008E+03
    5.1000      0.247291175126E+03
    5.2000      0.231514741476E+03
    5.3000      0.199165265155E+03
    5.4000      0.166514136271E+03
    5.5000      0.155069411380E+03
    5.6000      0.159491014410E+03
    5.7000      0.165996501838E+03
    5.8000      0.162573290786E+03
    5.9000      0.154999143726E+03
    6.0000      0.134788811321E+03
    6.1000      0.117095104171E+03
    6.2000      0.977849513780E+02
    6.3000      0.900181884634E+02
    6.4000      0.997498329799E+02
    6.5000      0.101683007153E+03
    6.6000      0.103591320991E+03
    6.7000      0.826064040663E+02
    6.8000      0.628958379159E+02
    6.9000      0.551963127478E+02
    7.0000      0.581943351897E+02
    7.1000      0.764207341954E+02
    7.2000      0.778468087295E+02
    7.3000      0.698740344435E+02
    7.4000      0.520358888239E+02
    7.5000      0.402748230517E+02
    7.6000      0.433843533045E+02
    7.7000      0.494089851493E+02
    7.8000      0.542668669134E+02
    7.9000      0.479449737041E+02
    8.0000      0.382580439582E+02
    8.1000      0.299590428570E+02
    8.2000      0.267112672774E+02
    8.3000      0.267645115046E+02
    8.4000      0.265481910162E+02
    8.5000      0.263505341201E+02
    8.6000      0.258922401845E+02
    8.7000      0.251510024729E+02
    8.8000      0.226704657701E+02
    8.9000      0.187320715366E+02
    9.0000      0.159815020711E+02
    9.1000      0.179251195235E+02
    9.2000      0.227447589017E+02
    9.3000      0.274346000771E+02
    9.4000      0.265678316585E+02
    9.5000      0.211144361115E+02
    9.6000      0.160206094322E+02
    9.7000      0.151978217671E+02
    9.8000      0.196208901281E+02
    9.9000      0.239313813083E+02
   10.0000      0.239406563263E+02
   10.1000      0.193611408842E+02
   10.2000      0.139085237617E+02
   10.3000      0.115092758037E+02
   10.4000      0.131835848562E+02
   10.5000      0.153931222999E+02
   10.6000      0.160142927600E+02
   10.7000      0.141307158130E+02
   10.8000      0.115272132594E+02
   10.9000      0.104728164588E+02
   11.0000      0.102727493137E+02
   11.1000      0.106840098619E+02
   11.2000      0.106225435849E+02
   11.3000      0.106172594698E+02
   11.4000      0.112222574565E+02
   11.5000      0.118116694459E+02
   11.6000      0.115074486533E+02
   11.7000      0.100301940347E+02
   11.8000      0.844705523077E+01
   11.9000      0.831847559605E+01
   12.0000      0.991236032860E+01
   12.1000      0.118430593897E+02
   12.2000      0.120114447367E+02
   12.3000      0.103949877655E+02
   12.4000      0.787643611964E+01
   12.5000      0.701615739701E+01
   12.6000      0.828106519707E+01
   12.7000      0.100510454186E+02
   12.8000      0.114922890694E+02
   12.9000      0.103055660644E+02
   13.0000      0.904022676856E+01
   13.1000      0.790125879185E+01
   13.2000      0.816827310931E+01
   13.3000      0.958086651451E+01
   13.4000      0.992624990133E+01
   13.5000      0.103634479292E+02
   13.6000      0.954170767914E+01
   13.7000      0.949479953990E+01
   13.8000      0.954465554709E+01
   13.9000      0.951693632127E+01
   14.0000      0.946494550856E+01
   14.1000      0.884055510493E+01
   14.2000      0.894657680119E+01
   14.3000      0.919113501621E+01
   14.4000      0.975278670462E+01
   14.5000      0.967539590486E+01
   14.6000      0.888569742786E+01
   14.7000      0.787155709761E+01
   14.8000      0.724751642291E+01
   14.9000      0.745249155607E+01
   15.0000      0.805176093309E+01
   15.1000      0.837311781567E+01
   15.2000      0.798924617674E+01
   15.3000      0.704492029395E+01
   15.4000      0.607670530553E+01
   15.5000      0.561189762760E+01
   15.6000      0.563164888619E+01
   15.7000      0.591399215490E+01
   15.8000      0.606107335929E+01
   15.9000      0.586056343673E+01
   16.0000      0.541308237216E+01
   16.1000      0.488788208812E+01
   16.2000      0.442298693244E+01
   16.3000      0.437484166157E+01
   16.4000      0.443708561691E+01
   16.5000      0.486169457133E+01
   16.6000      0.512781312341E+01
   16.7000      0.517314981959E+01
   16.8000      0.510789653705E+01
   16.9000      0.475735496465E+01
   17.0000      0.484128435844E+01
   17.1000      0.496237535709E+01
   17.2000      0.539483311828E+01
   17.3000      0.575744915516E+01
   17.4000      0.589788115979E+01
   17.5000      0.599992660036E+01
   17.6000      0.594233080568E+01
   17.7000      0.597054956659E+01
   17.8000      0.594338248035E+01
   17.9000      0.587967923639E+01
   18.0000      0.583277453673E+01
   18.1000      0.588171098539E+01
   18.2000      0.604012830122E+01
   18.3000      0.614738928910E+01
   18.4000      0.602079405169E+01
   18.5000      0.555839365579E+01
   18.6000      0.500599400191E+01
   18.7000      0.469531213449E+01
   18.8000      0.469364842380E+01
   18.9000      0.507783660516E+01
   19.0000      0.510255529199E+01
   19.1000      0.487165952011E+01
   19.2000      0.415789244032E+01
   19.3000      0.347230834354E+01
   19.4000      0.338331964904E+01
   19.5000      0.348847123086E+01
   19.6000      0.407763841930E+01
   19.7000      0.404834255480E+01
   19.8000      0.376416109807E+01
   19.9000      0.321703222757E+01
   20.0000      0.279756907501E+01
   20.1000      0.309553551634E+01
   20.2000      0.350848554464E+01
   20.3000      0.412367509606E+01
   20.4000      0.423621804114E+01
   20.5000      0.402324784696E+01
   20.6000      0.378425135332E+01
   20.7000      0.374621905096E+01
   20.8000      0.420109191137E+01
   20.9000      0.481826763401E+01
   21.0000      0.534667598309E+01
   21.1000      0.554946387146E+01
   21.2000      0.543146498151E+01
   21.3000      0.524984522861E+01
   21.4000      0.522942728016E+01
   21.5000      0.546246807230E+01
   21.6000      0.582581529733E+01
   21.7000      0.617047504539E+01
   21.8000      0.621619386665E+01
   21.9000      0.607625352267E+01
   22.0000      0.570487658467E+01
   22.1000      0.535073792103E+01
   22.2000      0.518213153539E+01
   22.3000      0.505213020655E+01
   22.4000      0.519368703765E+01
   22.5000      0.508080803215E+01
   22.6000      0.497928362978E+01
   22.7000      0.458156642771E+01
   22.8000      0.409193430398E+01
   22.9000      0.372799126928E+01
   23.0000      0.336827057747E+01
   23.1000      0.340871794369E+01
   23.2000      0.339206294206E+01
   23.3000      0.353039765323E+01
   23.4000      0.347398255824E+01
   23.5000      0.328045268806E+01
   23.6000      0.302709739096E+01
   23.7000      0.273983658681E+01
   23.8000      0.269205574462E+01
   23.9000      0.281597978149E+01
   24.0000      0.315369350292E+01
   24.1000      0.348677058855E+01
   24.2000      0.366224315934E+01
   24.3000      0.358207182616E+01
   24.4000      0.332228004684E+01
   24.5000      0.308175230512E+01
   24.6000      0.306309594201E+01
   24.7000      0.333449901804E+01
   24.8000      0.374612818375E+01
   24.9000      0.404259609193E+01
   25.0000      0.404621358207E+01
   25.1000      0.368189418270E+01
   25.2000      0.328509886585E+01
   25.3000      0.294632714704E+01
   25.4000      0.301603961611E+01
   25.5000      0.324421132363E+01
   25.6000      0.349130846185E+01
   25.7000      0.355318966872E+01
   25.8000      0.320759313504E+01
   25.9000      0.287344033481E+01
   26.0000      0.241302170839E+01
   26.1000      0.235624109823E+01
   26.2000      0.238653826804E+01
   26.3000      0.257461377816E+01
   26.4000      0.269777867867E+01
   26.5000      0.260178082819E+01
   26.6000      0.248739881809E+01
   26.7000      0.221077255416E+01
   26.8000      0.211273094280E+01
   26.9000      0.202657389044E+01
   27.0000      0.212159049805E+01
   27.1000      0.224888555491E+01
   27.2000      0.240119682322E+01
   27.3000      0.249126480931E+01
   27.4000      0.246029665468E+01
   27.5000      0.233930938031E+01
   27.6000      0.217885830306E+01
   27.7000      0.209749789416E+01
   27.8000      0.217299989649E+01
   27.9000      0.234677389411E+01
   28.0000      0.255835734797E+01
   28.1000      0.261471406285E+01
   28.2000      0.250512577307E+01
   28.3000      0.230446236778E+01
   28.4000      0.207532555686E+01
   28.5000      0.210622744688E+01
   28.6000      0.214842351393E+01
   28.7000      0.239523006745E+01
   28.8000      0.241124039415E+01
   28.9000      0.237024293142E+01
   29.0000      0.219992443449E+01
   29.1000      0.199873254387E+01
   29.2000      0.201867173304E+01
   29.3000      0.199033443825E+01
   29.4000      0.216615515083E+01
   29.5000      0.214334205709E+01
   29.6000      0.216255670516E+01
   29.7000      0.209293874494E+01
   29.8000      0.206351760074E+01
   29.9000      0.210353132233E+01
   30.0000      0.211283106737E+01
   30.1000      0.214202457185E+01
   30.2000      0.209628735587E+01
   30.3000      0.209615116518E+01
   30.4000      0.213094352364E+01
   30.5000      0.224506434996E+01
   30.6000      0.234229269414E+01
   30.7000      0.237129817365E+01
   30.8000      0.229117327949E+01
   30.9000      0.216592829458E+01
   31.0000      0.210189154266E+01
   31.1000      0.216457512808E+01
   31.2000      0.230382439203E+01
   31.3000      0.246860924220E+01
   31.4000      0.243664256754E+01
   31.5000      0.235486647989E+01
   31.6000      0.210735001661E+01
   31.7000      0.202414143437E+01
   31.8000      0.203132752303E+01
   31.9000      0.214147896502E+01
   32.0000      0.231580489316E+01
   32.1000      0.222793723207E+01
   32.2000      0.219051374980E+01
   32.3000      0.190043701824E+01
   32.4000      0.185784164472E+01
   32.5000      0.181516786161E+01
   32.6000      0.191657981762E+01
   32.7000      0.202412348142E+01
   32.8000      0.195279364322E+01
   32.9000      0.191310218963E+01
   33.0000      0.171616316903E+01
   33.1000      0.171528800355E+01
   33.2000      0.170918395974E+01
   33.3000      0.180882814959E+01
   33.4000      0.184421784063E+01
   33.5000      0.179957529805E+01
   33.6000      0.171833421610E+01
   33.7000      0.163968982820E+01
   33.8000      0.165670400931E+01
   33.9000      0.173229170599E+01
   34.0000      0.181317935470E+01
   34.1000      0.182934094583E+01
   34.2000      0.175279486861E+01
   34.3000      0.165753517551E+01
   34.4000      0.159329724174E+01
   34.5000      0.163319261311E+01
   34.6000      0.172570950473E+01
   34.7000      0.180139004626E+01
   34.8000      0.181884613853E+01
   34.9000      0.170272968745E+01
   35.0000      0.162872093192E+01
   35.1000      0.150708008954E+01
   35.2000      0.157315597614E+01
   35.3000      0.159954713858E+01
   35.4000      0.169466528931E+01
   35.5000      0.168630742775E+01
   35.6000      0.160004444480E+01
   35.7000      0.154101020965E+01
   35.8000      0.141790954367E+01
   35.9000      0.147288902738E+01
   36.0000      0.144425959631E+01
   36.1000      0.152744900788E+01
   36.2000      0.148894124077E+01
   36.3000      0.146461140439E+01
   36.4000      0.141669714175E+01
   36.5000      0.137219196764E+01
   36.6000      0.139143528891E+01
   36.7000      0.137540636755E+01
   36.8000      0.139045821268E+01
   36.9000      0.135370376302E+01
   37.0000      0.133553326270E+01
   37.1000      0.132771318642E+01
   37.2000      0.134751498795E+01
   37.3000      0.137582735260E+01
   37.4000      0.138819807195E+01
   37.5000      0.135167039657E+01
   37.6000      0.132008536193E+01
   37.7000      0.126301081743E+01
   37.8000      0.129933559003E+01
   37.9000      0.132233072932E+01
   38.0000      0.141205238273E+01
   38.1000      0.142089844820E+01
   38.2000      0.140984665744E+01
   38.3000      0.135210362355E+01
   38.4000      0.128860634051E+01
   38.5000      0.131638659909E+01
   38.6000      0.133338107481E+01
   38.7000      0.145617855680E+01
   38.8000      0.146322161706E+01
   38.9000      0.150160973706E+01
   39.0000      0.142293088410E+01
   39.1000      0.138866344084E+01
   39.2000      0.137099125608E+01
   39.3000      0.140078928987E+01
   39.4000      0.148815505571E+01
   39.5000      0.152005641568E+01
   39.6000      0.155666890739E+01
   39.7000      0.150213930894E+01
   39.8000      0.147291633337E+01
   39.9000      0.143855138262E+01
   40.0000      0.146025837699E+01
   40.1000      0.150111384190E+01
   40.2000      0.153796362935E+01
   40.3000      0.154263510707E+01
   40.4000      0.151415072763E+01
   40.5000      0.146615779567E+01
   40.6000      0.144319940991E+01
   40.7000      0.143259341767E+01
   40.8000      0.146094883371E+01
   40.9000      0.146102313962E+01
   41.0000      0.145998354015E+01
   41.1000      0.140931761237E+01
   41.2000      0.136910231324E+01
   41.3000      0.133240606251E+01
   41.4000      0.132096208661E+01
   41.5000      0.134173076512E+01
   41.6000      0.132473024740E+01
   41.7000      0.133378553895E+01
   41.8000      0.125584817486E+01
   41.9000      0.124184473428E+01
   42.0000      0.117496749961E+01
   42.1000      0.119699370961E+01
   42.2000      0.119941629426E+01
   42.3000      0.121941332478E+01
   42.4000      0.122646103288E+01
   42.5000      0.117553133449E+01
   42.6000      0.116082337405E+01
   42.7000      0.110076717854E+01
   42.8000      0.112642513817E+01
   42.9000      0.113286863204E+01
   43.0000      0.118358716171E+01
   43.1000      0.120066699828E+01
   43.2000      0.119683610975E+01
   43.3000      0.117148718300E+01
   43.4000      0.114091721022E+01
   43.5000      0.113025934100E+01
   43.6000      0.115446675629E+01
   43.7000      0.118510179762E+01
   43.8000      0.123215750760E+01
   43.9000      0.123785021522E+01
   44.0000      0.123305533157E+01
   44.1000      0.120119879378E+01
   44.2000      0.117260192929E+01
   44.3000      0.117356508612E+01
   44.4000      0.117540778513E+01
   44.5000      0.121776389161E+01
   44.6000      0.121655697279E+01
   44.7000      0.123488233312E+01
   44.8000      0.119004944101E+01
   44.9000      0.117411777678E+01
   45.0000      0.112521210234E+01
   45.1000      0.112208219986E+01
   45.2000      0.111108204383E+01
   45.3000      0.111979261213E+01
   45.4000      0.112265233982E+01
   45.5000      0.110057177951E+01
   45.6000      0.108925484019E+01
   45.7000      0.103725556356E+01
   45.8000      0.102760034422E+01
   45.9000      0.985799987927E+00
   46.0000      0.991997449362E+00
   46.1000      0.975404252528E+00
   46.2000      0.979910961218E+00
   46.3000      0.971093516060E+00
   46.4000      0.958300696928E+00
   46.5000      0.943179922655E+00
   46.6000      0.924432568274E+00
   46.7000      0.906153367759E+00
   46.8000      0.902686007385E+00
   46.9000      0.891234162236E+00
   47.0000      0.906941609223E+00
   47.1000      0.905090816232E+00
   47.2000      0.918382121052E+00
   47.3000      0.919567358588E+00
   47.4000      0.907504821480E+00
   47.5000      0.913378551915E+00
   47.6000      0.883980675784E+00
   47.7000      0.909514220730E+00
   47.8000      0.889386783179E+00
   47.9000      0.932016730740E+00
   48.0000      0.924469693248E+00
   48.1000      0.951849046326E+00
   48.2000      0.941573247216E+00
   48.3000      0.935296708721E+00
   48.4000      0.929143758990E+00
   48.5000      0.911255255963E+00
   48.6000      0.929647261557E+00
   48.7000      0.920891655499E+00
   48.8000      0.953365842035E+00
   48.9000      0.941705012143E+00
   49.0000      0.956867273865E+00
   49.1000      0.932338700428E+00
   49.2000      0.926495330542E+00
   49.3000      0.907786555536E+00
   49.4000      0.902703184648E+00
   49.5000      0.903669012681E+00
   49.6000      0.905688374282E+00
   49.7000      0.909706011424E+00
   49.8000      0.907738429648E+00
   49.9000      0.895745811390E+00
   50.0000      0.889123665387E+00
   50.1000      0.866655266174E+00
   50.2000      0.864713675805E+00
   50.3000      0.849238495642E+00
   50.4000      0.850918319921E+00
   50.5000      0.851738098132E+00
   50.6000      0.844413746580E+00
   50.7000      0.859281735987E+00
   50.8000      0.833306099228E+00
   50.9000      0.853163599020E+00
   51.0000      0.813488976129E+00
   51.1000      0.831373383703E+00
   51.2000      0.799249793346E+00
   51.3000      0.814801208524E+00
   51.4000      0.809694094974E+00
   51.5000      0.817400908353E+00
   51.6000      0.832768326182E+00
   51.7000      0.818080332230E+00
   51.8000      0.832123018102E+00
   51.9000      0.797088391726E+00
   52.0000      0.807568840071E+00
   52.1000      0.781457990100E+00
   52.2000      0.801090235801E+00
   52.3000      0.801101742633E+00
   52.4000      0.820580314660E+00
   52.5000      0.825469729173E+00
   52.6000      0.821704835074E+00
   52.7000      0.811173126063E+00
   52.8000      0.793122195778E+00
   52.9000      0.782704901332E+00
   53.0000      0.783388248096E+00
   53.1000      0.788849327968E+00
   53.2000      0.809247492520E+00
   53.3000      0.811471555530E+00
   53.4000      0.819351874019E+00
   53.5000      0.801748335091E+00
   53.6000      0.787905400756E+00
   53.7000      0.774814819511E+00
   53.8000      0.761609989133E+00
   53.9000      0.780266538550E+00
   54.0000      0.772293057444E+00
   54.1000      0.806576542406E+00
   54.2000      0.783143129963E+00
   54.3000      0.801965339018E+00
   54.4000      0.764591057522E+00
   54.5000      0.768206162515E+00
   54.6000      0.748816595775E+00
   54.7000      0.752243856756E+00
   54.8000      0.764720878635E+00
   54.9000      0.761438865229E+00
   55.0000      0.783829843050E+00
   55.1000      0.760894363464E+00
   55.2000      0.773657273125E+00
   55.3000      0.743446855186E+00
   55.4000      0.751634551730E+00
   55.5000      0.737505230418E+00
   55.6000      0.747724256604E+00
   55.7000      0.750648578975E+00
   55.8000      0.755687270411E+00
   55.9000      0.758499649804E+00
   56.0000      0.754449013247E+00
   56.1000      0.748994378889E+00
   56.2000      0.745989191660E+00
   56.3000      0.737731353132E+00
   56.4000      0.744559806991E+00
   56.5000      0.738252174834E+00
   56.6000      0.749637725163E+00
   56.7000      0.745430200067E+00
   56.8000      0.749926095735E+00
   56.9000      0.749868624344E+00
   57.0000      0.741841318901E+00
   57.1000      0.750367407314E+00
   57.2000      0.732111182090E+00
   57.3000      0.750499203284E+00
   57.4000      0.728659471116E+00
   57.5000      0.751988236930E+00
   57.6000      0.733347852224E+00
   57.7000      0.751925422135E+00
   57.8000      0.740347082436E+00
   57.9000      0.745454626446E+00
   58.0000      0.742742269841E+00
   58.1000      0.733999292409E+00
   58.2000      0.741638038586E+00
   58.3000      0.727042402859E+00
   58.4000      0.742816356374E+00
   58.5000      0.729714147261E+00
   58.6000      0.744744090975E+00
   58.7000      0.734434174223E+00
   58.8000      0.740213730085E+00
   58.9000      0.732634736698E+00
   59.0000      0.730635693353E+00
   59.1000      0.727603646491E+00
   59.2000      0.726334599584E+00
   59.3000      0.726374654698E+00
   59.4000      0.730126992800E+00
   59.5000      0.726492297631E+00
   59.6000      0.732742518289E+00
   59.7000      0.721868717077E+00
   59.8000      0.727879155022E+00
   59.9000      0.715578450269E+00
   60.0000      0.720380044878E+00
   60.1000      0.715366307270E+00
   60.2000      0.715612531990E+00
   60.3000      0.720413396039E+00
   60.4000      0.711305103231E+00
   60.5000      0.722728061865E+00
   60.6000      0.704729397704E+00
   60.7000      0.719093986376E+00
   60.8000      0.699302442477E+00
   60.9000      0.713141916086E+00
   61.0000      0.698833036079E+00
   61.1000      0.707525943644E+00
   61.2000      0.701232567342E+00
   61.3000      0.701443511995E+00
   61.4000      0.702068199206E+00
   61.5000      0.694974123606E+00
   61.6000      0.700006383004E+00
   61.7000      0.690038093239E+00
   61.8000      0.696015409377E+00
   61.9000      0.687229360389E+00
   62.0000      0.690929527329E+00
   62.1000      0.685377140108E+00
   62.2000      0.685890059232E+00
   62.3000      0.683504223324E+00
   62.4000      0.682244213839E+00
   62.5000      0.680732107374E+00
   62.6000      0.679679571586E+00
   62.7000      0.675865849731E+00
   62.8000      0.676781657327E+00
   62.9000      0.669446071977E+00
   63.0000      0.673617908424E+00
   63.1000      0.664395036546E+00
   63.2000      0.671081434359E+00
   63.3000      0.662387378422E+00
   63.4000      0.667939970083E+00
   63.5000      0.661471051321E+00
   63.6000      0.661914056187E+00
   63.7000      0.659378826452E+00
   63.8000      0.653931087436E+00
   63.9000      0.656944048515E+00
   64.0000      0.647870670825E+00
   64.1000      0.655628761273E+00
   64.2000      0.645308612845E+00
   64.3000      0.653817365093E+00
   64.4000      0.643709580484E+00
   64.5000      0.648945039112E+00
   64.6000      0.640908900838E+00
   64.7000      0.642083513051E+00
   64.8000      0.638167155089E+00
   64.9000      0.636926812275E+00
   65.0000      0.636980094929E+00
   65.1000      0.634595863458E+00
   65.2000      0.635749306485E+00
   65.3000      0.632694785071E+00
   65.4000      0.632251349308E+00
   65.5000      0.629647660443E+00
   65.6000      0.627485760282E+00
   65.7000      0.626755018001E+00
   65.8000      0.624264712922E+00
   65.9000      0.625080016612E+00
   66.0000      0.623107509949E+00
   66.1000      0.623217695582E+00
   66.2000      0.622217311200E+00
   66.3000      0.619767121711E+00
   66.4000      0.620840378277E+00
   66.5000      0.615816217238E+00
   66.6000      0.619894060436E+00
   66.7000      0.613162417058E+00
   66.8000      0.619381099368E+00
   66.9000      0.611765583475E+00
   67.0000      0.617869624897E+00
   67.1000      0.610794891420E+00
   67.2000      0.615009312866E+00
   67.3000      0.610654593126E+00
   67.4000      0.612220022784E+00
   67.5000      0.611819365500E+00
   67.6000      0.610231734825E+00
   67.7000      0.612869316438E+00
   67.8000      0.608232642480E+00
   67.9000      0.612118324659E+00
   68.0000      0.606323988984E+00
   68.1000      0.610434924573E+00
   68.2000      0.606297151977E+00
   68.3000      0.609899524133E+00
   68.4000      0.608403909182E+00
   68.5000      0.610193186482E+00
   68.6000      0.609753283179E+00
   68.7000      0.609303740456E+00
   68.8000      0.608233309167E+00
   68.9000      0.607790645530E+00
   69.0000      0.606045280368E+00
   69.1000      0.608773129716E+00
   69.2000      0.606416702963E+00
   69.3000      0.612535978055E+00
   69.4000      0.608363087868E+00
   69.5000      0.614742732450E+00
   69.6000      0.608497002593E+00
   69.7000      0.612459594724E+00
   69.8000      0.607367134188E+00
   69.9000      0.608916589312E+00
   70.0000      0.609356973728E+00
   70.1000      0.608769002832E+00
   70.2000      0.615252313992E+00
   70.3000      0.610910262592E+00
   70.4000      0.619560766612E+00
   70.5000      0.610652545153E+00
   70.6000      0.618092125155E+00
   70.7000      0.608114214991E+00
   70.8000      0.614422448060E+00
   70.9000      0.608833510649E+00
   71.0000      0.614553516121E+00
   71.1000      0.614733060038E+00
   71.2000      0.617720525947E+00
   71.3000      0.619867209536E+00
   71.4000      0.618039708984E+00
   71.5000      0.618709545613E+00
   71.6000      0.614578239071E+00
   71.7000      0.614575246390E+00
   71.8000      0.613466894241E+00
   71.9000      0.614677833965E+00
   72.0000      0.618049731711E+00
   72.1000      0.619169653359E+00
   72.2000      0.622657694274E+00
   72.3000      0.621347862759E+00
   72.4000      0.620593709043E+00
   72.5000      0.618706166922E+00
   72.6000      0.614404869637E+00
   72.7000      0.617129145851E+00
   72.8000      0.612283710091E+00
   72.9000      0.621256291594E+00
   73.0000      0.615900183384E+00
   73.1000      0.626252370295E+00
   73.2000      0.618479627256E+00
   73.3000      0.624476980756E+00
   73.4000      0.615919611967E+00
   73.5000      0.617121938821E+00
   73.6000      0.613269031281E+00
   73.7000      0.612700638912E+00
   73.8000      0.616310407630E+00
   73.9000      0.614535582819E+00
   74.0000      0.621635249627E+00
   74.1000      0.616450180991E+00
   74.2000      0.621151019190E+00
   74.3000      0.613000399501E+00
   74.4000      0.614315662851E+00
   74.5000      0.608006255548E+00
   74.6000      0.609130748756E+00
   74.7000      0.608136648125E+00
   74.8000      0.610276176644E+00
   74.9000      0.611888704933E+00
   75.0000      0.612586326413E+00
   75.1000      0.611439547211E+00
   75.2000      0.609568882543E+00
   75.3000      0.604600911823E+00
   75.4000      0.603409163721E+00
   75.5000      0.598324993043E+00
   75.6000      0.601059080013E+00
   75.7000      0.598354389688E+00
   75.8000      0.602934363541E+00
   75.9000      0.600934440266E+00
   76.0000      0.602040111288E+00
   76.1000      0.599011987442E+00
   76.2000      0.594826863191E+00
   76.3000      0.592957843519E+00
   76.4000      0.586869965917E+00
   76.5000      0.589362388481E+00
   76.6000      0.584656824753E+00
   76.7000      0.590290910465E+00
   76.8000      0.586158280874E+00
   76.9000      0.589916653755E+00
   77.0000      0.584383659271E+00
   77.1000      0.583595685391E+00
   77.2000      0.578041549291E+00
   77.3000      0.575186736972E+00
   77.4000      0.572973951828E+00
   77.5000      0.571400524133E+00
   77.6000      0.572680974301E+00
   77.7000      0.571952105022E+00
   77.8000      0.572838043649E+00
   77.9000      0.570394414803E+00
   78.0000      0.568056076958E+00
   78.1000      0.563981216748E+00
   78.2000      0.560237713965E+00
   78.3000      0.557484088137E+00
   78.4000      0.555767374687E+00
   78.5000      0.555586766220E+00
   78.6000      0.555993204990E+00
   78.7000      0.555781354197E+00
   78.8000      0.555404695851E+00
   78.9000      0.552407347741E+00
   79.0000      0.549975123683E+00
   79.1000      0.545359698104E+00
   79.2000      0.542978537384E+00
   79.3000      0.540240324855E+00
   79.4000      0.539834412100E+00
   79.5000      0.539935255592E+00
   79.6000      0.540057803302E+00
   79.7000      0.540350195579E+00
   79.8000      0.538288907727E+00
   79.9000      0.536503377477E+00
   80.0000      0.532497745347E+00
   80.1000      0.529758088415E+00
   80.2000      0.526982668991E+00
   80.3000      0.525634130337E+00
   80.4000      0.525894182672E+00
   80.5000      0.525731155485E+00
   80.6000      0.527063886762E+00
   80.7000      0.525674028218E+00
   80.8000      0.525182218555E+00
   80.9000      0.521771319032E+00
   81.0000      0.519505262200E+00
   81.1000      0.516377492429E+00
   81.2000      0.514859392742E+00
   81.3000      0.514242144664E+00
   81.4000      0.514698543560E+00
   81.5000      0.515453665541E+00
   81.6000      0.516357534529E+00
   81.7000      0.515314927350E+00
   81.8000      0.515107296118E+00
   81.9000      0.511190171857E+00
   82.0000      0.510858169351E+00
   82.1000      0.506361354511E+00
   82.2000      0.507916058370E+00
   82.3000      0.505464147335E+00
   82.4000      0.508495959985E+00
   82.5000      0.508127369069E+00
   82.6000      0.509511590084E+00
   82.7000      0.509706095280E+00
   82.8000      0.507123360232E+00
   82.9000      0.507752160553E+00
   83.0000      0.502380674167E+00
   83.1000      0.505015877661E+00
   83.2000      0.499955988914E+00
   83.3000      0.505085848049E+00
   83.4000      0.501854856007E+00
   83.5000      0.507162374705E+00
   83.6000      0.504860369879E+00
   83.7000      0.507304980654E+00
   83.8000      0.505014880962E+00
   83.9000      0.504171042024E+00
   84.0000      0.502757813999E+00
   84.1000      0.501111579992E+00
   84.2000      0.501814322603E+00
   84.3000      0.501758138168E+00
   84.4000      0.503754393474E+00
   84.5000      0.505206684742E+00
   84.6000      0.505883856646E+00
   84.7000      0.507274635731E+00
   84.8000      0.505220237682E+00
   84.9000      0.505961337640E+00
   85.0000      0.502881904493E+00
   85.1000      0.503730885661E+00
   85.2000      0.502779852991E+00
   85.3000      0.503793442748E+00
   85.4000      0.506369156101E+00
   85.5000      0.505699928666E+00
   85.6000      0.510570088385E+00
   85.7000      0.506262252285E+00
   85.8000      0.511648612842E+00
   85.9000      0.504354977309E+00
   86.0000      0.509830246797E+00
   86.1000      0.502824144156E+00
   86.2000      0.508555416950E+00
   86.3000      0.504757533105E+00
   86.4000      0.509624964632E+00
   86.5000      0.509179188777E+00
   86.6000      0.510966518150E+00
   86.7000      0.512091752523E+00
   86.8000      0.509952010959E+00
   86.9000      0.511513832391E+00
   87.0000      0.507457176968E+00
   87.1000      0.509743542702E+00
   87.2000      0.506889877651E+00
   87.3000      0.509942749365E+00
   87.4000      0.509491561030E+00
   87.5000      0.511885718100E+00
   87.6000      0.512446254503E+00
   87.7000      0.512661495731E+00
   87.8000      0.512459646585E+00
   87.9000      0.511105500944E+00
   88.0000      0.509940159758E+00
   88.1000      0.509613791942E+00
   88.2000      0.508170294959E+00
   88.3000      0.510796029372E+00
   88.4000      0.508800238333E+00
   88.5000      0.513683536503E+00
   88.6000      0.509913498956E+00
   88.7000      0.514800884450E+00
   88.8000      0.509128426627E+00
   88.9000      0.512648855607E+00
   89.0000      0.507176819969E+00
   89.1000      0.509497626007E+00
   89.2000      0.506896590759E+00
   89.3000      0.508185349862E+00
   89.4000      0.509100470247E+00
   89.5000      0.508448854019E+00
   89.6000      0.511156062472E+00
   89.7000      0.507753040767E+00
   89.8000      0.510318089457E+00
   89.9000      0.505213116421E+00
   90.0000      0.507258988744E+00
   90.1000      0.502971405394E+00
   90.2000      0.505000943267E+00
   90.3000      0.503103919221E+00
   90.4000      0.504821686697E+00
   90.5000      0.504484703523E+00
   90.6000      0.504799723732E+00
   90.7000      0.504109869643E+00
   90.8000      0.502853833027E+00
   90.9000      0.501107864265E+00
   91.0000      0.499836511415E+00
   91.1000      0.497871009274E+00
   91.2000      0.498286744324E+00
   91.3000      0.496761231896E+00
   91.4000      0.498678145952E+00
   91.5000      0.497002021322E+00
   91.6000      0.498561578435E+00
   91.7000      0.496019365504E+00
   91.8000      0.495882074652E+00
   91.9000      0.493201018086E+00
   92.0000      0.491830923602E+00
   92.1000      0.490720063252E+00
   92.2000      0.489245800511E+00
   92.3000      0.490322798411E+00
   92.4000      0.488812683963E+00
   92.5000      0.490699328284E+00
   92.6000      0.488330256140E+00
   92.7000      0.489185306189E+00
   92.8000      0.485938430097E+00
   92.9000      0.485429239255E+00
   93.0000      0.482717387873E+00
   93.1000      0.481929852871E+00
   93.2000      0.481073326410E+00
   93.3000      0.480719512188E+00
   93.4000      0.481259212020E+00
   93.5000      0.480750422512E+00
   93.6000      0.480918887402E+00
   93.7000      0.479478160173E+00
   93.8000      0.478293485370E+00
   93.9000      0.476363561370E+00
   94.0000      0.474678684199E+00
   94.1000      0.473504693009E+00
   94.2000      0.472771463058E+00
   94.3000      0.472647049854E+00
   94.4000      0.473137025071E+00
   94.5000      0.472750399081E+00
   94.6000      0.473520713988E+00
   94.7000      0.471438259711E+00
   94.8000      0.471849047017E+00
   94.9000      0.468321676496E+00
   95.0000      0.468853418904E+00
   95.1000      0.465660072655E+00
   95.2000      0.466884785530E+00
   95.3000      0.465449421259E+00
   95.4000      0.466663632800E+00
   95.5000      0.466824363403E+00
   95.6000      0.466390058400E+00
   95.7000      0.467186562311E+00
   95.8000      0.464328896074E+00
   95.9000      0.465484176352E+00
   96.0000      0.461294696839E+00
   96.1000      0.463321374046E+00
   96.2000      0.459693325538E+00
   96.3000      0.462614537271E+00
   96.4000      0.460441684951E+00
   96.5000      0.463072395207E+00
   96.6000      0.461831061976E+00
   96.7000      0.462792468658E+00
   96.8000      0.461705506161E+00
   96.9000      0.460986549734E+00
   97.0000      0.460015311822E+00
   97.1000      0.459130414363E+00
   97.2000      0.458553184543E+00
   97.3000      0.459096108571E+00
   97.4000      0.458499677123E+00
   97.5000      0.460786869983E+00
   97.6000      0.459080984309E+00
   97.7000      0.462263991241E+00
   97.8000      0.458899436532E+00
   97.9000      0.462038619205E+00
   98.0000      0.457966165824E+00
   98.1000      0.460594285745E+00
   98.2000      0.457758468833E+00
   98.3000      0.459453616713E+00
   98.4000      0.459336038611E+00
   98.5000      0.459250004393E+00
   98.6000      0.461974995825E+00
   98.7000      0.459255906766E+00
   98.8000      0.463952692109E+00
   98.9000      0.458707098730E+00
   99.0000      0.464383370992E+00
   99.1000      0.458005127338E+00
   99.2000      0.463888455308E+00
   99.3000      0.458262282932E+00
   99.4000      0.463547523961E+00
   99.5000      0.459891337676E+00
   99.6000      0.463657411459E+00
   99.7000      0.462055054578E+00
   99.8000      0.463761386197E+00
   99.9000      0.463550689915E+00
  100.0000      0.463605004074E+00
  100.1000      0.463943034980E+00
  100.2000      0.463617804989E+00
  100.3000      0.463694124500E+00
  100.4000      0.464376701995E+00
  100.5000      0.463439376400E+00
  100.6000      0.465865949500E+00
  100.7000      0.463445590424E+00
  100.8000      0.467438810521E+00
  100.9000      0.463724798604E+00
  101.0000      0.468385268178E+00
  101.1000      0.464349986991E+00
  101.2000      0.468399393200E+00
  101.3000      0.465464226130E+00
  101.4000      0.467614812302E+00
  101.5000      0.467072582226E+00
  101.6000      0.466434499039E+00
  101.7000      0.468959931821E+00
  101.8000      0.465377397835E+00
  101.9000      0.470779121611E+00
  102.0000      0.464892346196E+00
  102.1000      0.472130451386E+00
  102.2000      0.465124288023E+00
  102.3000      0.472626237562E+00
  102.4000      0.465850948176E+00
  102.5000      0.472088861799E+00
  102.6000      0.466731271966E+00
  102.7000      0.470811968656E+00
  102.8000      0.467616580723E+00
  102.9000      0.469533267613E+00
  103.0000      0.468528127967E+00
  103.1000      0.468948000328E+00
  103.2000      0.469311938672E+00
  103.3000      0.469148055580E+00
  103.4000      0.469475892281E+00
  103.5000      0.469601483471E+00
  103.6000      0.468590910851E+00
  103.7000      0.469758542070E+00
  103.8000      0.466906886874E+00
  103.9000      0.469606342408E+00
  104.0000      0.465385855978E+00
  104.1000      0.469482212062E+00
  104.2000      0.464908494616E+00
  104.3000      0.469366049772E+00
  104.4000      0.465442773401E+00
  104.5000      0.468620064797E+00
  104.6000      0.466149000173E+00
  104.7000      0.466661651300E+00
  104.8000      0.466334820709E+00
  104.9000      0.463825009829E+00
  105.0000      0.466119908207E+00
  105.1000      0.461280943003E+00
  105.2000      0.466016167231E+00
  105.3000      0.459963929971E+00
  105.4000      0.466003204279E+00
  105.5000      0.459694282012E+00
  105.6000      0.465331280625E+00
  105.7000      0.459495494360E+00
  105.8000      0.463367069804E+00
  105.9000      0.458701162659E+00
  106.0000      0.460472754798E+00
  106.1000      0.457553864713E+00
  106.2000      0.457823555830E+00
  106.3000      0.456661686643E+00
  106.4000      0.456302319679E+00
  106.5000      0.456045617586E+00
  106.6000      0.455680075694E+00
  106.7000      0.454965218402E+00
  106.8000      0.454970682625E+00
  106.9000      0.452767147413E+00
  107.0000      0.453529749069E+00
  107.1000      0.449770896384E+00
  107.2000      0.451647226153E+00
  107.3000      0.447109404636E+00
  107.4000      0.449994303986E+00
  107.5000      0.445626545114E+00
  107.6000      0.448642727700E+00
  107.7000      0.445054591510E+00
  107.8000      0.446887563645E+00
  107.9000      0.444400697523E+00
  108.0000      0.444117927132E+00
  108.1000      0.443058839759E+00
  108.2000      0.440671259553E+00
  108.3000      0.441334875045E+00
  108.4000      0.437605170311E+00
  108.5000      0.439843664959E+00
  108.6000      0.435638309516E+00
  108.7000      0.438619698013E+00
  108.8000      0.434491039325E+00
  108.9000      0.437049869409E+00
  109.0000      0.433318715771E+00
  109.1000      0.434650688985E+00
  109.2000      0.431637694797E+00
  109.3000      0.431707020658E+00
  109.4000      0.429686526059E+00
  109.5000      0.429035990954E+00
  109.6000      0.427942544053E+00
  109.7000      0.427185840917E+00
  109.8000      0.426468957522E+00
  109.9000      0.425957169554E+00
  110.0000      0.424846514784E+00
  110.1000      0.424702372629E+00
  110.2000      0.422710404311E+00
  110.3000      0.423010028515E+00
  110.4000      0.420241298354E+00
  110.5000      0.421025687813E+00
  110.6000      0.418039220000E+00
  110.7000      0.419122728910E+00
  110.8000      0.416521020436E+00
  110.9000      0.417385698226E+00
  111.0000      0.415528483707E+00
  111.1000      0.415548391770E+00
  111.2000      0.414570304718E+00
  111.3000      0.413421606030E+00
  111.4000      0.413354337852E+00
  111.5000      0.411216597353E+00
  111.6000      0.411964594050E+00
  111.7000      0.409342596668E+00
  111.8000      0.410569681667E+00
  111.9000      0.407973494008E+00
  112.0000      0.409153947570E+00
  112.1000      0.406940750123E+00
  112.2000      0.407622914031E+00
  112.3000      0.406003944890E+00
  112.4000      0.406042921433E+00
  112.5000      0.405066407215E+00
  112.6000      0.404624316350E+00
  112.7000      0.404098340381E+00
  112.8000      0.403488543217E+00
  112.9000      0.403005040771E+00
  113.0000      0.402564569003E+00
  113.1000      0.401705408281E+00
  113.2000      0.401729966252E+00
  113.3000      0.400308665876E+00
  113.4000      0.400962711097E+00
  113.5000      0.399103596861E+00
  113.6000      0.400291720651E+00
  113.7000      0.398320298212E+00
  113.8000      0.399629858579E+00
  113.9000      0.397918349048E+00
  114.0000      0.398739052573E+00
  114.1000      0.397644485932E+00
  114.2000      0.397443759417E+00
  114.3000      0.397320315067E+00
  114.4000      0.395908849377E+00
  114.5000      0.397044067249E+00
  114.6000      0.394629966843E+00
  114.7000      0.397028008831E+00
  114.8000      0.394019601736E+00
  114.9000      0.397206974877E+00
  115.0000      0.393979967320E+00
  115.1000      0.397125847607E+00
  115.2000      0.394005860006E+00
  115.3000      0.396377486299E+00
  115.4000      0.393779660234E+00
  115.5000      0.395151671506E+00
  115.6000      0.393541487727E+00
  115.7000      0.394180262498E+00
  115.8000      0.393719702807E+00
  115.9000      0.394029091164E+00
  116.0000      0.394257861933E+00
  116.1000      0.394524304133E+00
  116.2000      0.394520688476E+00
  116.3000      0.394997136178E+00
  116.4000      0.393960838173E+00
  116.5000      0.395061378182E+00
  116.6000      0.392777808477E+00
  116.7000      0.395007896666E+00
  116.8000      0.391801979265E+00
  116.9000      0.395369691471E+00
  117.0000      0.391720238311E+00
  117.1000      0.396177635505E+00
  117.2000      0.392455382214E+00
  117.3000      0.396775097696E+00
  117.4000      0.393324551945E+00
  117.5000      0.396443323060E+00
  117.6000      0.393804309236E+00
  117.7000      0.395197157864E+00
  117.8000      0.394092779022E+00
  117.9000      0.393879667994E+00
  118.0000      0.394818971889E+00
  118.1000      0.393390413280E+00
  118.2000      0.396171906348E+00
  118.3000      0.393827596964E+00
  118.4000      0.397474865299E+00
  118.5000      0.394480209091E+00
  118.6000      0.397807355099E+00
  118.7000      0.394698133351E+00
  118.8000      0.397018537937E+00
  118.9000      0.394644841783E+00
  119.0000      0.395946075164E+00
  119.1000      0.395033075672E+00
  119.2000      0.395577403241E+00
  119.3000      0.396153313511E+00
  119.4000      0.396109623882E+00
  119.5000      0.397379043711E+00
  119.6000      0.396912517467E+00
  119.7000      0.397752607853E+00
  119.8000      0.397345836339E+00
  119.9000      0.396966178215E+00
  120.0000      0.397485972259E+00
  120.1000      0.395657367029E+00
  120.2000      0.397978455740E+00
  120.3000      0.394772327609E+00
  120.4000      0.399203108692E+00
  120.5000      0.394697928681E+00
  120.6000      0.400698257907E+00
  120.7000      0.395012055884E+00
  120.8000      0.401509920136E+00
  120.9000      0.395078143960E+00
  121.0000      0.401108245973E+00
  121.1000      0.394851083624E+00
  121.2000      0.399906245042E+00
  121.3000      0.394956580812E+00
  121.4000      0.398840875207E+00
  121.5000      0.395900935735E+00
  121.6000      0.398444864792E+00
  121.7000      0.397354339075E+00
  121.8000      0.398406019289E+00
  121.9000      0.398381244734E+00
  122.0000      0.398112032068E+00
  122.1000      0.398348313204E+00
  122.2000      0.397501395272E+00
  122.3000      0.397499918914E+00
  122.4000      0.397160163544E+00
  122.5000      0.396615091001E+00
  122.6000      0.397597958267E+00
  122.7000      0.396166518027E+00
  122.8000      0.398614957950E+00
  122.9000      0.395930585026E+00
  123.0000      0.399426462751E+00
  123.1000      0.395434322049E+00
  123.2000      0.399362533684E+00
  123.3000      0.394627133957E+00
  123.4000      0.398452815008E+00
  123.5000      0.394007736433E+00
  123.6000      0.397303550427E+00
  123.7000      0.394131483184E+00
  123.8000      0.396405038804E+00
  123.9000      0.394995496228E+00
  124.0000      0.395669162526E+00
  124.1000      0.395933637796E+00
  124.2000      0.394677661489E+00
  124.3000      0.396229842591E+00
  124.4000      0.393307806571E+00
  124.5000      0.395799325076E+00
  124.6000      0.392032262319E+00
  124.7000      0.395143470257E+00
  124.8000      0.391486307710E+00
  124.9000      0.394688903492E+00
  125.0000      0.391742792886E+00
  125.1000      0.394293781273E+00
  125.2000      0.392194005848E+00
  125.3000      0.393462787660E+00
  125.4000      0.392172039103E+00
  125.5000      0.392034217203E+00
  125.6000      0.391548463157E+00
  125.7000      0.390495022491E+00
  125.8000      0.390726083956E+00
  125.9000      0.389524325787E+00
  126.0000      0.390093423597E+00
  126.1000      0.389343550170E+00
  126.2000      0.389537155503E+00
  126.3000      0.389536880962E+00
  126.4000      0.388588929722E+00
  126.5000      0.389464972199E+00
  126.6000      0.387012740541E+00
  126.7000      0.388898744313E+00
  126.8000      0.385172351830E+00
  126.9000      0.388192660563E+00
  127.0000      0.383797200924E+00
  127.1000      0.387800461052E+00
  127.2000      0.383296296942E+00
  127.3000      0.387687931457E+00
  127.4000      0.383333710581E+00
  127.5000      0.387271034000E+00
  127.6000      0.383191568026E+00
  127.7000      0.386027776922E+00
  127.8000      0.382507348829E+00
  127.9000      0.384140466617E+00
  128.0000      0.381601247077E+00
  128.1000      0.382366986907E+00
  128.2000      0.381048358990E+00
  128.3000      0.381310329690E+00
  128.4000      0.380948376007E+00
  128.5000      0.380876547906E+00
  128.6000      0.380758104930E+00
  128.7000      0.380433973140E+00
  128.8000      0.379844735648E+00
  128.9000      0.379518351784E+00
  129.0000      0.378154050033E+00
  129.1000      0.378311687182E+00
  129.2000      0.376340402316E+00
  129.3000      0.377431190118E+00
  129.4000      0.375184346233E+00
  129.5000      0.377254593049E+00
  129.6000      0.374876929213E+00
  129.7000      0.377432209331E+00
  129.8000      0.374858890907E+00
  129.9000      0.377161379611E+00
  130.0000      0.374393409350E+00
  130.1000      0.375957614757E+00
  130.2000      0.373339854216E+00
  130.3000      0.374148066714E+00
  130.4000      0.372272876915E+00
  130.5000      0.372576038652E+00
  130.6000      0.371837182179E+00
  130.7000      0.371761929556E+00
  130.8000      0.372022364086E+00
  130.9000      0.371436912677E+00
  131.0000      0.372117922186E+00
  131.1000      0.370888745115E+00
  131.2000      0.371413965502E+00
  131.3000      0.369730428895E+00
  131.4000      0.369888906593E+00
  131.5000      0.368312563927E+00
  131.6000      0.368259447897E+00
  131.7000      0.367370417344E+00
  131.8000      0.367319257167E+00
  131.9000      0.367300756291E+00
  132.0000      0.367218033761E+00
  132.1000      0.367710739743E+00
  132.2000      0.367363791436E+00
  132.3000      0.367743327877E+00
  132.4000      0.367006577438E+00
  132.5000      0.366862550403E+00
  132.6000      0.366004890062E+00
  132.7000      0.365344401717E+00
  132.8000      0.364938583229E+00
  132.9000      0.364007139011E+00
  133.0000      0.364506314990E+00
  133.1000      0.363396514010E+00
  133.2000      0.364792498870E+00
  133.3000      0.363319674657E+00
  133.4000      0.365156072272E+00
  133.5000      0.363095187853E+00
  133.6000      0.364855481513E+00
  133.7000      0.362282454532E+00
  133.8000      0.363709772374E+00
  133.9000      0.361118772200E+00
  134.0000      0.362279853832E+00
  134.1000      0.360288817449E+00
  134.2000      0.361327449647E+00
  134.3000      0.360288722921E+00
  134.4000      0.361164515955E+00
  134.5000      0.360909208167E+00
  134.6000      0.361394643956E+00
  134.7000      0.361405632453E+00
  134.8000      0.361323170951E+00
  134.9000      0.361112693022E+00
  135.0000      0.360650477360E+00
  135.1000      0.360052857989E+00
  135.2000      0.359739915699E+00
  135.3000      0.358844873723E+00
  135.4000      0.359269239560E+00
  135.5000      0.358119089790E+00
  135.6000      0.359525335907E+00
  135.7000      0.357958988364E+00
  135.8000      0.360176134989E+00
  135.9000      0.357920165752E+00
  136.0000      0.360536989078E+00
  136.1000      0.357543441719E+00
  136.2000      0.360202264501E+00
  136.3000      0.356782737151E+00
  136.4000      0.359313593555E+00
  136.5000      0.356090992230E+00
  136.6000      0.358418572735E+00
  136.7000      0.355978814913E+00
  136.8000      0.357971602585E+00
  136.9000      0.356589610129E+00
  137.0000      0.357950505972E+00
  137.1000      0.357488585190E+00
  137.2000      0.357921209843E+00
  137.3000      0.358039876379E+00
  137.4000      0.357476783322E+00
  137.5000      0.357886772981E+00
  137.6000      0.356667419877E+00
  137.7000      0.357237537104E+00
  137.8000      0.355947798552E+00
  137.9000      0.356555119510E+00
  138.0000      0.355785780226E+00
  138.1000      0.356173231505E+00
  138.2000      0.356255553457E+00
  138.3000      0.356021723430E+00
  138.4000      0.357054518084E+00
  138.5000      0.355827731618E+00
  138.6000      0.357704142474E+00
  138.7000      0.355347771463E+00
  138.8000      0.357932599578E+00
  138.9000      0.354640008246E+00
  139.0000      0.357752661875E+00
  139.1000      0.354024904929E+00
  139.2000      0.357470422214E+00
  139.3000      0.353879884232E+00
  139.4000      0.357304299108E+00
  139.5000      0.354312595376E+00
  139.6000      0.357243327953E+00
  139.7000      0.355069953913E+00
  139.8000      0.357012513339E+00
  139.9000      0.355753397893E+00
  140.0000      0.356432755541E+00
  140.1000      0.356126557844E+00
  140.2000      0.355562686221E+00
  140.3000      0.356211356922E+00
  140.4000      0.354707485414E+00
  140.5000      0.356188130798E+00
  140.6000      0.354193077522E+00
  140.7000      0.356201986954E+00
  140.8000      0.354228042058E+00
  140.9000      0.356298189042E+00
  141.0000      0.354775064981E+00
  141.1000      0.356309930834E+00
  141.2000      0.355558291012E+00
  141.3000      0.356018537599E+00
  141.4000      0.356220463922E+00
  141.5000      0.355269374031E+00
  141.6000      0.356583625074E+00
  141.7000      0.354261925671E+00
  141.8000      0.356747337097E+00
  141.9000      0.353343288545E+00
  142.0000      0.356921434171E+00
  142.1000      0.352884848657E+00
  142.2000      0.357204019213E+00
  142.3000      0.352948294616E+00
  142.4000      0.357484307476E+00
  142.5000      0.353428361470E+00
  142.6000      0.357541993379E+00
  142.7000      0.354019332609E+00
  142.8000      0.357150167994E+00
  142.9000      0.354500831602E+00
  143.0000      0.356287026184E+00
  143.1000      0.354791325451E+00
  143.2000      0.355203235230E+00
  143.3000      0.355090737405E+00
  143.4000      0.354362387192E+00
  143.5000      0.355592241367E+00
  143.6000      0.354054365659E+00
  143.7000      0.356238983212E+00
  143.8000      0.354201657505E+00
  143.9000      0.356662496266E+00
  144.0000      0.354459080212E+00
  144.1000      0.356487825092E+00
  144.2000      0.354567903766E+00
  144.3000      0.355650501105E+00
  144.4000      0.354580882212E+00
  144.5000      0.354439735362E+00
  144.6000      0.354749194614E+00
  144.7000      0.353323133852E+00
  144.8000      0.355377496094E+00
  144.9000      0.352690805472E+00
  145.0000      0.356471727682E+00
  145.1000      0.352572232248E+00
  145.2000      0.357706054456E+00
  145.3000      0.352661931896E+00
  145.4000      0.358450805464E+00
  145.5000      0.352487748320E+00
  145.6000      0.358307198850E+00
  145.7000      0.351996455689E+00
  145.8000      0.357403757340E+00
  145.9000      0.351510456156E+00
  146.0000      0.356292403638E+00
  146.1000      0.351571803449E+00
  146.2000      0.355512707266E+00
  146.3000      0.352311150854E+00
  146.4000      0.355133393847E+00
  146.5000      0.353452856884E+00
  146.6000      0.354930679025E+00
  146.7000      0.354443982698E+00
  146.8000      0.354514123869E+00
  146.9000      0.354835727311E+00
  147.0000      0.353794936117E+00
  147.1000      0.354561971190E+00
  147.2000      0.353006016591E+00
  147.3000      0.353939120154E+00
  147.4000      0.352682081375E+00
  147.5000      0.353463046738E+00
  147.6000      0.353176261338E+00
  147.7000      0.353287071410E+00
  147.8000      0.354311893532E+00
  147.9000      0.353094933511E+00
  148.0000      0.355452708551E+00
  148.1000      0.352388917846E+00
  148.2000      0.356048017267E+00
  148.3000      0.351046060618E+00
  148.4000      0.356026789201E+00
  148.5000      0.349438191905E+00
  148.6000      0.355787258858E+00
  148.7000      0.348232521997E+00
  148.8000      0.355802837202E+00
  148.9000      0.347869948119E+00
  149.0000      0.356233389209E+00
  149.1000      0.348399665563E+00
  149.2000      0.356856357983E+00
  149.3000      0.349361694493E+00
  149.4000      0.357045858927E+00
  149.5000      0.350088035459E+00
  149.6000      0.356360880789E+00
  149.7000      0.350242818225E+00
  149.8000      0.354839953393E+00
  149.9000      0.349978033227E+00
  150.0000      0.353098286269E+00
  150.1000      0.349879441090E+00
  150.2000      0.351877031519E+00
  150.3000      0.350268538297E+00
  150.4000      0.351409712783E+00
  150.5000      0.350994516826E+00
  150.6000      0.351505410215E+00
  150.7000      0.351602519362E+00
  150.8000      0.351704869088E+00
  150.9000      0.351617190645E+00
  151.0000      0.351709031042E+00
  151.1000      0.350928022930E+00
  151.2000      0.351548844636E+00
  151.3000      0.349766153833E+00
  151.4000      0.351523923582E+00
  151.5000      0.348634983601E+00
  151.6000      0.352008232809E+00
  151.7000      0.347924320142E+00
  151.8000      0.353004847916E+00
  151.9000      0.347586600760E+00
  152.0000      0.354075142840E+00
  152.1000      0.347229459310E+00
  152.2000      0.354610943834E+00
  152.3000      0.346519414184E+00
  152.4000      0.354368545686E+00
  152.5000      0.345577308136E+00
  152.6000      0.353583390404E+00
  152.7000      0.344800167232E+00
  152.8000      0.352681082992E+00
  152.9000      0.344621700342E+00
  153.0000      0.352061379253E+00
  153.1000      0.345241480814E+00
  153.2000      0.351777141395E+00
  153.3000      0.346438083907E+00
  153.4000      0.351564767801E+00
  153.5000      0.347738415189E+00
  153.6000      0.351019353539E+00
  153.7000      0.348577080057E+00
  153.8000      0.349837554915E+00
  153.9000      0.348715506972E+00
  154.0000      0.348241951490E+00
  154.1000      0.348452795170E+00
  154.2000      0.346793456643E+00
  154.3000      0.348216033751E+00
  154.4000      0.345941117908E+00
  154.5000      0.348257159810E+00
  154.6000      0.345827568629E+00
  154.7000      0.348523419555E+00
  154.8000      0.346240586013E+00
  154.9000      0.348728394428E+00
  155.0000      0.346825622137E+00
  155.1000      0.348579874923E+00
  155.2000      0.347253205934E+00
  155.3000      0.347894506667E+00
  155.4000      0.347357335229E+00
  155.5000      0.346784651483E+00
  155.6000      0.347289442565E+00
  155.7000      0.345654710526E+00
  155.8000      0.347317918228E+00
  155.9000      0.344876139732E+00
  156.0000      0.347547889629E+00
  156.1000      0.344565418793E+00
  156.2000      0.347828444133E+00
  156.3000      0.344555586212E+00
  156.4000      0.347854548261E+00
  156.5000      0.344613768180E+00
  156.6000      0.347457288377E+00
  156.7000      0.344669022243E+00
  156.8000      0.346658097954E+00
  156.9000      0.344742998410E+00
  157.0000      0.345564259169E+00
  157.1000      0.344943416162E+00
  157.2000      0.344431076303E+00
  157.3000      0.345483403291E+00
  157.4000      0.343540053245E+00
  157.5000      0.346421556942E+00
  157.6000      0.342925420850E+00
  157.7000      0.347507355617E+00
  157.8000      0.342385191061E+00
  157.9000      0.348352573637E+00
  158.0000      0.341696238737E+00
  158.1000      0.348682101620E+00
  158.2000      0.340810069059E+00
  158.3000      0.348493252348E+00
  158.4000      0.339904086580E+00
  158.5000      0.348003076866E+00
  158.6000      0.339250160035E+00
  158.7000      0.347482673158E+00
  158.8000      0.339094979507E+00
  158.9000      0.347157194558E+00
  159.0000      0.339563456712E+00
  159.1000      0.347060756264E+00
  159.2000      0.340488921224E+00
  159.3000      0.346925515545E+00
  159.4000      0.341431306680E+00
  159.5000      0.346385189172E+00
  159.6000      0.341994348243E+00
  159.7000      0.345308829560E+00
  159.8000      0.342084091495E+00
  159.9000      0.343897701991E+00
  160.0000      0.341899963465E+00
  160.1000      0.342556552772E+00
  160.2000      0.341778250290E+00
  160.3000      0.341690098953E+00
  160.4000      0.341984917954E+00
  160.5000      0.341493106474E+00
  160.6000      0.342528881673E+00
  160.7000      0.341835486268E+00
  160.8000      0.343117391745E+00
  160.9000      0.342325322117E+00
  161.0000      0.343309654008E+00
  161.1000      0.342542143637E+00
  161.2000      0.342817501376E+00
  161.3000      0.342335167567E+00
  161.4000      0.341758159141E+00
  161.5000      0.341938414682E+00
  161.6000      0.340597166633E+00
  161.7000      0.341750142177E+00
  161.8000      0.339808537797E+00
  161.9000      0.342005356911E+00
  162.0000      0.339592004559E+00
  162.1000      0.342639458360E+00
  162.2000      0.339819568344E+00
  162.3000      0.343326144182E+00
  162.4000      0.340121142096E+00
  162.5000      0.343607774488E+00
  162.6000      0.340099075312E+00
  162.7000      0.343168309906E+00
  162.8000      0.339652006619E+00
  162.9000      0.342109977409E+00
  163.0000      0.339118658240E+00
  163.1000      0.340908229388E+00
  163.2000      0.339020488880E+00
  163.3000      0.340037354097E+00
  163.4000      0.339642687840E+00
  163.5000      0.339641310553E+00
  163.6000      0.340848110162E+00
  163.7000      0.339502486988E+00
  163.8000      0.342194122069E+00
  163.9000      0.339218500348E+00
  164.0000      0.343176169302E+00
  164.1000      0.338441933004E+00
  164.2000      0.343492446865E+00
  164.3000      0.337132188958E+00
  164.4000      0.343251833693E+00
  164.5000      0.335678575015E+00
  164.6000      0.342932621371E+00
  164.7000      0.334693762971E+00
  164.8000      0.343013399874E+00
  164.9000      0.334565037174E+00
  165.0000      0.343568330688E+00
  165.1000      0.335171531708E+00
  165.2000      0.344214063826E+00
  165.3000      0.336016321236E+00
  165.4000      0.344413329642E+00
  165.5000      0.336585945315E+00
  165.6000      0.343819723316E+00
  165.7000      0.336639453657E+00
  165.8000      0.342463427541E+00
  165.9000      0.336336408978E+00
  166.0000      0.340770765045E+00
  166.1000      0.336178206751E+00
  166.2000      0.339371233403E+00
  166.3000      0.336687916417E+00
  166.4000      0.338688245832E+00
  166.5000      0.337971465223E+00
  166.6000      0.338611668699E+00
  166.7000      0.339575046968E+00
  166.8000      0.338607869120E+00
  166.9000      0.340822386686E+00
  167.0000      0.338170796287E+00
  167.1000      0.341290549487E+00
  167.2000      0.337166616394E+00
  167.3000      0.341013455506E+00
  167.4000      0.335861998477E+00
  167.5000      0.340398497846E+00
  167.6000      0.334774905496E+00
  167.7000      0.340013885707E+00
  167.8000      0.334429030576E+00
  167.9000      0.340259691559E+00
  168.0000      0.334998452325E+00
  168.1000      0.341023666383E+00
  168.2000      0.336082524783E+00
  168.3000      0.341683382885E+00
  168.4000      0.336950148499E+00
  168.5000      0.341592085667E+00
  168.6000      0.337106174201E+00
  168.7000      0.340597512129E+00
  168.8000      0.336613984649E+00
  168.9000      0.339097693118E+00
  169.0000      0.335943359149E+00
  169.1000      0.337724786549E+00
  169.2000      0.335648128541E+00
  169.3000      0.337030492749E+00
  169.4000      0.336109492190E+00
  169.5000      0.337242291512E+00
  169.6000      0.337284761609E+00
  169.7000      0.338053522456E+00
  169.8000      0.338581388244E+00
  169.9000      0.338714179358E+00
  170.0000      0.339187771581E+00
  170.1000      0.338584542541E+00
  170.2000      0.338723548325E+00
  170.3000      0.337673362027E+00
  170.4000      0.337536208776E+00
  170.5000      0.336572278464E+00
  170.6000      0.336354872329E+00
  170.7000      0.335944898487E+00
  170.8000      0.335784013748E+00
  170.9000      0.336165726720E+00
  171.0000      0.336076012177E+00
  171.1000      0.337227984034E+00
  171.2000      0.337045228823E+00
  171.3000      0.338672130396E+00
  171.4000      0.338026788273E+00
  171.5000      0.339671623509E+00
  171.6000      0.338201251122E+00
  171.7000      0.339565195193E+00
  171.8000      0.337274558623E+00
  171.9000      0.338442860819E+00
  172.0000      0.335790747252E+00
  172.1000      0.337058529962E+00
  172.2000      0.334652127346E+00
  172.3000      0.336165435714E+00
  172.4000      0.334445342691E+00
  172.5000      0.336078869940E+00
  172.6000      0.335260602924E+00
  172.7000      0.336714154700E+00
  172.8000      0.336805497956E+00
  172.9000      0.337637171546E+00
  173.0000      0.338415935318E+00
  173.1000      0.338076438266E+00
  173.2000      0.339257974182E+00
  173.3000      0.337365554045E+00
  173.4000      0.338976501149E+00
  173.5000      0.335619276433E+00
  173.6000      0.338108369237E+00
  173.7000      0.333730613326E+00
  173.8000      0.337581604269E+00
  173.9000      0.332570979352E+00
  174.0000      0.337890953376E+00
  174.1000      0.332410804595E+00
  174.2000      0.338946023767E+00
  174.3000      0.333081479134E+00
  174.4000      0.340412671495E+00
  174.5000      0.334204687973E+00
  174.6000      0.341759616802E+00
  174.7000      0.335099141470E+00
  174.8000      0.342209299037E+00
  174.9000      0.335023694876E+00
  175.0000      0.341282509702E+00
  175.1000      0.333951243299E+00
  175.2000      0.339441386454E+00
  175.3000      0.332793646598E+00
  175.4000      0.337729361594E+00
  175.5000      0.332520914949E+00
  175.6000      0.336753843182E+00
  175.7000      0.333341197171E+00
  175.8000      0.336420455699E+00
  175.9000      0.334958290452E+00
  176.0000      0.336496893304E+00
  176.1000      0.337084268906E+00
  176.2000      0.336746603216E+00
  176.3000      0.339227119575E+00
  176.4000      0.336526635589E+00
  176.5000      0.340537808893E+00
  176.6000      0.335116139288E+00
  176.7000      0.340632590626E+00
  176.8000      0.332744347308E+00
  176.9000      0.340276097993E+00
  177.0000      0.330600177334E+00
  177.1000      0.340545684416E+00
  177.2000      0.329519086831E+00
  177.3000      0.341587214699E+00
  177.4000      0.329339674120E+00
  177.5000      0.342881194809E+00
  177.6000      0.329771835350E+00
  177.7000      0.344282964130E+00
  177.8000      0.330895135352E+00
  177.9000      0.345752124599E+00
  178.0000      0.332255613788E+00
  178.1000      0.346378178090E+00
  178.2000      0.332592094639E+00
  178.3000      0.345076437390E+00
  178.4000      0.331482146008E+00
  178.5000      0.342337607719E+00
  178.6000      0.330383482312E+00
  178.7000      0.339868747265E+00
  178.8000      0.330862973612E+00
  178.9000      0.338228535936E+00
  179.0000      0.332653315443E+00
  179.1000      0.336442713708E+00
  179.2000      0.335022240966E+00
  179.3000      0.334555849924E+00
  179.4000      0.339305246807E+00
  179.5000      0.334495234231E+00
  179.6000      0.347944367158E+00
  179.7000      0.336611539938E+00
  179.8000      0.362505623400E+00
  179.9000      0.336698494275E+00
  180.0000      0.523096055846E+00
