    0.1000      0.419870905211E+07
    0.2000      0.172782023080E+07
    0.3000      0.535895344255E+06
    0.4000      0.286010078342E+06
    0.5000      0.171615036144E+06
    0.6000      0.711618183389E+05
    0.7000      0.290795077737E+05
    0.8000      0.353258218296E+05
    0.9000      0.445956360542E+05
    1.0000      0.318382654547E+05
    1.1000      0.144849114379E+05
    1.2000      0.103570431869E+05
    1.3000      0.155733776763E+05
    1.4000      0.176438455532E+05
    1.5000      0.126658422785E+05
    1.6000      0.683399945776E+04
    1.7000      0.543062422266E+04
    1.8000      0.768242315314E+04
    1.9000      0.906143291318E+04
    2.0000      0.699039064905E+04
    2.1000      0.382196551866E+04
    2.2000      0.242601273023E+04
    2.3000      0.305934647314E+04
    2.4000      0.428717139807E+04
    2.5000      0.439856562369E+04
    2.6000      0.328011063791E+04
    2.7000      0.220249275581E+04
    2.8000      0.181703550253E+04
    2.9000      0.207635688088E+04
    3.0000      0.256140546174E+04
    3.1000      0.270187485480E+04
    3.2000      0.250010545018E+04
    3.3000      0.218746752099E+04
    3.4000      0.174412497850E+04
    3.5000      0.133876934657E+04
    3.6000      0.114309683386E+04
    3.7000      0.111028290500E+04
    3.8000      0.124602206980E+04
    3.9000      0.142571219442E+04
    4.0000      0.137416400481E+04
    4.1000      0.110339627043E+04
    4.2000      0.783599262405E+03
    4.3000      0.530506505028E+03
    4.4000      0.483746925709E+03
    4.5000      0.645078251349E+03
    4.6000      0.828147473669E+03
    4.7000      0.934097369667E+03
    4.8000      0.940491480741E+03
    4.9000      0.823305477566E+03
    5.0000      0.661406563604E+03
    5.1000      0.558835655278E+03
    5.2000      0.527056007357E+03
    5.3000      0.579194968241E+03
    5.4000      0.707139911841E+03
    5.5000      0.818260614220E+03
    5.6000      0.852015086212E+03
    5.7000      0.815453743850E+03
    5.8000      0.712217261419E+03
    5.9000      0.590026443871E+03
    6.0000      0.527793839336E+03
    6.1000      0.538196477506E+03
    6.2000      0.597976815063E+03
    6.3000      0.685826902356E+03
    6.4000      0.742025629751E+03
    6.5000      0.721547169815E+03
    6.6000      0.645827837232E+03
    6.7000      0.547953839124E+03
    6.8000      0.462227662673E+03
    6.9000      0.435549966545E+03
    7.0000      0.468540834409E+03
    7.1000      0.518684570466E+03
    7.2000      0.559710465225E+03
    7.3000      0.571627228380E+03
    7.4000      0.537301055362E+03
    7.5000      0.475456461795E+03
    7.6000      0.414423700836E+03
    7.7000      0.364196111474E+03
    7.8000      0.339985254623E+03
    7.9000      0.350635964336E+03
    8.0000      0.375032415276E+03
    8.1000      0.390630687792E+03
    8.2000      0.390772868045E+03
    8.3000      0.371156512053E+03
    8.4000      0.338965608720E+03
    8.5000      0.313279726208E+03
    8.6000      0.301978491030E+03
    8.7000      0.301924338446E+03
    8.8000      0.311214590935E+03
    8.9000      0.322328367633E+03
    9.0000      0.324646980656E+03
    9.1000      0.315654625058E+03
    9.2000      0.299145304296E+03
    9.3000      0.280653693299E+03
    9.4000      0.267682496198E+03
    9.5000      0.263446449834E+03
    9.6000      0.265232486492E+03
    9.7000      0.267833466444E+03
    9.8000      0.265271557693E+03
    9.9000      0.253739976422E+03
   10.0000      0.235254069607E+03
   10.1000      0.214152458930E+03
   10.2000      0.195937968508E+03
   10.3000      0.185543022110E+03
   10.4000      0.182138663964E+03
   10.5000      0.180341506525E+03
   10.6000      0.176745740577E+03
   10.7000      0.168286712054E+03
   10.8000      0.153238945536E+03
   10.9000      0.135234441710E+03
   11.0000      0.119323014455E+03
   11.1000      0.107709474469E+03
   11.2000      0.102966649128E+03
   11.3000      0.104639481088E+03
   11.4000      0.106570294293E+03
   11.5000      0.103968411812E+03
   11.6000      0.965429738851E+02
   11.7000      0.844836126534E+02
   11.8000      0.708715156300E+02
   11.9000      0.612365815913E+02
   12.0000      0.573658712191E+02
   12.1000      0.582279398589E+02
   12.2000      0.635813643959E+02
   12.3000      0.700686834427E+02
   12.4000      0.722553707046E+02
   12.5000      0.686382152743E+02
   12.6000      0.607848493614E+02
   12.7000      0.504703986821E+02
   12.8000      0.412914714458E+02
   12.9000      0.364095469075E+02
   13.0000      0.354516495608E+02
   13.1000      0.370296661358E+02
   13.2000      0.404193486752E+02
   13.3000      0.435263067793E+02
   13.4000      0.442545126775E+02
   13.5000      0.428754946070E+02
   13.6000      0.407122486768E+02
   13.7000      0.385652205613E+02
   13.8000      0.370843061552E+02
   13.9000      0.363751924785E+02
   14.0000      0.355645078171E+02
   14.1000      0.338215205831E+02
   14.2000      0.311818878114E+02
   14.3000      0.280232996831E+02
   14.4000      0.247355329422E+02
   14.5000      0.223023702925E+02
   14.6000      0.218533084371E+02
   14.7000      0.232391146555E+02
   14.8000      0.252466622167E+02
   14.9000      0.270191084066E+02
   15.0000      0.278201618670E+02
   15.1000      0.269097866253E+02
   15.2000      0.245539820985E+02
   15.3000      0.216503819240E+02
   15.4000      0.185651153046E+02
   15.5000      0.160189631064E+02
   15.6000      0.149900832889E+02
   15.7000      0.151040945949E+02
   15.8000      0.152780745798E+02
   15.9000      0.154904304539E+02
   16.0000      0.157705599517E+02
   16.1000      0.156959094375E+02
   16.2000      0.154725471001E+02
   16.3000      0.154878167630E+02
   16.4000      0.153312571999E+02
   16.5000      0.150665429402E+02
   16.6000      0.151733961541E+02
   16.7000      0.151586728970E+02
   16.8000      0.143777141328E+02
   16.9000      0.135093819255E+02
   17.0000      0.131673198823E+02
   17.1000      0.131619142291E+02
   17.2000      0.135389859585E+02
   17.3000      0.145155023717E+02
   17.4000      0.155944541043E+02
   17.5000      0.164647484422E+02
   17.6000      0.172185218393E+02
   17.7000      0.174683442303E+02
   17.8000      0.168099627288E+02
   17.9000      0.159185552871E+02
   18.0000      0.153974587951E+02
   18.1000      0.149802736193E+02
   18.2000      0.145572777600E+02
   18.3000      0.145214687699E+02
   18.4000      0.147335728983E+02
   18.5000      0.148723439820E+02
   18.6000      0.150198090788E+02
   18.7000      0.151307920223E+02
   18.8000      0.149474345385E+02
   18.9000      0.147838884428E+02
   19.0000      0.148821880780E+02
   19.1000      0.147778243194E+02
   19.2000      0.142184620555E+02
   19.3000      0.136132186474E+02
   19.4000      0.130096434599E+02
   19.5000      0.121909334962E+02
   19.6000      0.113944875567E+02
   19.7000      0.108901669167E+02
   19.8000      0.105860961212E+02
   19.9000      0.105955520100E+02
   20.0000      0.109739506489E+02
   20.1000      0.112599736611E+02
   20.2000      0.111863857126E+02
   20.3000      0.110397891239E+02
   20.4000      0.108285683192E+02
   20.5000      0.103264468854E+02
   20.6000      0.975764819723E+01
   20.7000      0.943380301840E+01
   20.8000      0.929767816275E+01
   20.9000      0.935183134512E+01
   21.0000      0.962923557655E+01
   21.1000      0.982087708983E+01
   21.2000      0.975257063968E+01
   21.3000      0.964704077262E+01
   21.4000      0.949355390502E+01
   21.5000      0.905406474773E+01
   21.6000      0.851798944519E+01
   21.7000      0.821383493491E+01
   21.8000      0.810913275127E+01
   21.9000      0.815530568569E+01
   22.0000      0.847499335790E+01
   22.1000      0.897131083979E+01
   22.2000      0.952446087271E+01
   22.3000      0.102364170010E+02
   22.4000      0.110128227448E+02
   22.5000      0.114971228226E+02
   22.6000      0.116995695622E+02
   22.7000      0.118164633324E+02
   22.8000      0.116992852773E+02
   22.9000      0.111821282037E+02
   23.0000      0.105053498655E+02
   23.1000      0.985962129026E+01
   23.2000      0.926894931257E+01
   23.3000      0.889498018096E+01
   23.4000      0.886964587592E+01
   23.5000      0.905143636570E+01
   23.6000      0.945304764771E+01
   23.7000      0.101876666605E+02
   23.8000      0.110067887598E+02
   23.9000      0.115531426505E+02
   24.0000      0.118988932891E+02
   24.1000      0.121214400788E+02
   24.2000      0.120129979367E+02
   24.3000      0.115061332049E+02
   24.4000      0.108095398317E+02
   24.5000      0.999444964179E+01
   24.6000      0.911952040131E+01
   24.7000      0.837905954603E+01
   24.8000      0.783629225428E+01
   24.9000      0.740783828843E+01
   25.0000      0.723438476283E+01
   25.1000      0.742008772553E+01
   25.2000      0.773685690413E+01
   25.3000      0.798208881886E+01
   25.4000      0.824697689756E+01
   25.5000      0.850104478362E+01
   25.6000      0.854676238426E+01
   25.7000      0.835537150144E+01
   25.8000      0.803158676633E+01
   25.9000      0.757127663977E+01
   26.0000      0.702563858109E+01
   26.1000      0.651257425445E+01
   26.2000      0.602938741753E+01
   26.3000      0.554778501811E+01
   26.4000      0.519665711981E+01
   26.5000      0.501834151178E+01
   26.6000      0.488725861629E+01
   26.7000      0.476808491280E+01
   26.8000      0.474120802189E+01
   26.9000      0.476832327412E+01
   27.0000      0.477386533244E+01
   27.1000      0.477360572555E+01
   27.2000      0.477648058947E+01
   27.3000      0.475706485725E+01
   27.4000      0.475915957745E+01
   27.5000      0.481058808195E+01
   27.6000      0.486703854027E+01
   27.7000      0.492780749934E+01
   27.8000      0.502481990806E+01
   27.9000      0.511399776087E+01
   28.0000      0.514882905289E+01
   28.1000      0.513086295204E+01
   28.2000      0.502017105222E+01
   28.3000      0.479677086994E+01
   28.4000      0.454148174019E+01
   28.5000      0.429979866854E+01
   28.6000      0.404029693137E+01
   28.7000      0.383317136547E+01
   28.8000      0.379171608103E+01
   28.9000      0.390633025524E+01
   29.0000      0.413665139781E+01
   29.1000      0.450175617873E+01
   29.2000      0.493688070902E+01
   29.3000      0.535342246549E+01
   29.4000      0.575934049536E+01
   29.5000      0.610229098442E+01
   29.6000      0.621269164486E+01
   29.7000      0.610673261010E+01
   29.8000      0.593361685003E+01
   29.9000      0.565988300391E+01
   30.0000      0.519999407589E+01
   30.1000      0.471378886155E+01
   30.2000      0.435874151271E+01
   30.3000      0.411096659228E+01
   30.4000      0.398594341963E+01
   30.5000      0.406805021584E+01
   30.6000      0.429634368430E+01
   30.7000      0.462693618023E+01
   30.8000      0.511060208995E+01
   30.9000      0.563367734772E+01
   31.0000      0.597511268082E+01
   31.1000      0.618310191076E+01
   31.2000      0.636231719396E+01
   31.3000      0.635971072176E+01
   31.4000      0.606639247738E+01
   31.5000      0.567008647245E+01
   31.6000      0.528662583722E+01
   31.7000      0.487206816278E+01
   31.8000      0.449671808943E+01
   31.9000      0.428035455075E+01
   32.0000      0.419729974024E+01
   32.1000      0.428261753154E+01
   32.2000      0.461843846010E+01
   32.3000      0.507749577247E+01
   32.4000      0.549023637486E+01
   32.5000      0.593251014263E+01
   32.6000      0.642023207571E+01
   32.7000      0.673800917592E+01
   32.8000      0.680037163531E+01
   32.9000      0.674248593103E+01
   33.0000      0.658210734063E+01
   33.1000      0.627786082683E+01
   33.2000      0.592945806445E+01
   33.3000      0.562143095244E+01
   33.4000      0.535265631105E+01
   33.5000      0.523614607706E+01
   33.6000      0.536312826709E+01
   33.7000      0.561589429450E+01
   33.8000      0.592067444721E+01
   33.9000      0.637739255065E+01
   34.0000      0.693832338196E+01
   34.1000      0.740262110124E+01
   34.2000      0.772792376408E+01
   34.3000      0.796096327922E+01
   34.4000      0.803626795652E+01
   34.5000      0.793427166969E+01
   34.6000      0.773219449711E+01
   34.7000      0.742516975656E+01
   34.8000      0.702802876317E+01
   34.9000      0.670790939813E+01
   35.0000      0.653302061825E+01
   35.1000      0.639994699913E+01
   35.2000      0.634103660678E+01
   35.3000      0.648804473112E+01
   35.4000      0.677843321319E+01
   35.5000      0.707757120307E+01
   35.6000      0.739534808658E+01
   35.7000      0.771710957354E+01
   35.8000      0.794962403418E+01
   35.9000      0.809454462903E+01
   36.0000      0.816276776458E+01
   36.1000      0.805199857217E+01
   36.2000      0.778013156911E+01
   36.3000      0.750489080009E+01
   36.4000      0.722050307292E+01
   36.5000      0.682420928182E+01
   36.6000      0.642564227303E+01
   36.7000      0.617001534347E+01
   36.8000      0.600513280388E+01
   36.9000      0.588333321691E+01
   37.0000      0.587754304121E+01
   37.1000      0.597229370453E+01
   37.2000      0.611148430847E+01
   37.3000      0.632887053042E+01
   37.4000      0.658616198249E+01
   37.5000      0.673979698042E+01
   37.6000      0.681617927372E+01
   37.7000      0.691600496160E+01
   37.8000      0.693644074009E+01
   37.9000      0.675874234020E+01
   38.0000      0.650379677573E+01
   38.1000      0.626846201061E+01
   38.2000      0.597938263013E+01
   38.3000      0.563571974733E+01
   38.4000      0.534215443982E+01
   38.5000      0.510376719409E+01
   38.6000      0.492254426404E+01
   38.7000      0.487175810980E+01
   38.8000      0.492051277975E+01
   38.9000      0.497162917308E+01
   39.0000      0.509247208206E+01
   39.1000      0.534333059274E+01
   39.2000      0.558110357538E+01
   39.3000      0.570675391867E+01
   39.4000      0.581995612301E+01
   39.5000      0.593766557561E+01
   39.6000      0.594839642840E+01
   39.7000      0.584936481118E+01
   39.8000      0.571211426295E+01
   39.9000      0.552150164656E+01
   40.0000      0.529213090244E+01
   40.1000      0.509417533702E+01
   40.2000      0.490495590795E+01
   40.3000      0.469128268431E+01
   40.4000      0.455600944723E+01
   40.5000      0.454542002257E+01
   40.6000      0.455172246455E+01
   40.7000      0.454875714132E+01
   40.8000      0.463088946994E+01
   40.9000      0.477895377457E+01
   41.0000      0.489967563311E+01
   41.1000      0.500007478043E+01
   41.2000      0.510208468665E+01
   41.3000      0.516250273859E+01
   41.4000      0.518831143171E+01
   41.5000      0.520788971651E+01
   41.6000      0.516756347265E+01
   41.7000      0.505278915865E+01
   41.8000      0.495187921948E+01
   41.9000      0.487375891015E+01
   42.0000      0.473837458541E+01
   42.1000      0.457047470650E+01
   42.2000      0.444971604130E+01
   42.3000      0.435399224115E+01
   42.4000      0.424728827272E+01
   42.5000      0.416680176793E+01
   42.6000      0.411712146363E+01
   42.7000      0.407711867468E+01
   42.8000      0.408404695961E+01
   42.9000      0.414605194015E+01
   43.0000      0.419376114844E+01
   43.1000      0.423273358943E+01
   43.2000      0.432907615731E+01
   43.3000      0.444317306497E+01
   43.4000      0.449192818872E+01
   43.5000      0.450329211077E+01
   43.6000      0.451145280982E+01
   43.7000      0.447020775173E+01
   43.8000      0.436202153783E+01
   43.9000      0.421909384734E+01
   44.0000      0.402792589908E+01
   44.1000      0.379646899440E+01
   44.2000      0.359189660677E+01
   44.3000      0.341907505986E+01
   44.4000      0.323028758762E+01
   44.5000      0.308289735411E+01
   44.6000      0.305408743578E+01
   44.7000      0.309425744732E+01
   44.8000      0.314265692867E+01
   44.9000      0.324439694246E+01
   45.0000      0.340863773042E+01
   45.1000      0.356567208477E+01
   45.2000      0.368673134459E+01
   45.3000      0.377466874737E+01
   45.4000      0.378552290309E+01
   45.5000      0.371407894544E+01
   45.6000      0.360230449062E+01
   45.7000      0.342778945361E+01
   45.8000      0.315507798795E+01
   45.9000      0.286573164451E+01
   46.0000      0.263489474177E+01
   46.1000      0.242220815665E+01
   46.2000      0.221407906736E+01
   46.3000      0.209607049874E+01
   46.4000      0.209240848293E+01
   46.5000      0.214791983768E+01
   46.6000      0.225135645477E+01
   46.7000      0.241370500254E+01
   46.8000      0.259177316274E+01
   46.9000      0.275809876820E+01
   47.0000      0.291212302745E+01
   47.1000      0.300633285649E+01
   47.2000      0.299804499401E+01
   47.3000      0.293056964242E+01
   47.4000      0.282944595744E+01
   47.5000      0.264816272584E+01
   47.6000      0.239266349913E+01
   47.7000      0.214629318122E+01
   47.8000      0.193579605665E+01
   47.9000      0.173661360188E+01
   48.0000      0.157497462067E+01
   48.1000      0.149483433291E+01
   48.2000      0.148851094655E+01
   48.3000      0.154303525345E+01
   48.4000      0.166113277199E+01
   48.5000      0.181719287855E+01
   48.6000      0.198044436625E+01
   48.7000      0.215193718582E+01
   48.8000      0.231489191739E+01
   48.9000      0.242084994873E+01
   49.0000      0.245936751841E+01
   49.1000      0.245460961102E+01
   49.2000      0.240037590187E+01
   49.3000      0.227855559637E+01
   49.4000      0.211190585900E+01
   49.5000      0.193297182562E+01
   49.6000      0.175168763965E+01
   49.7000      0.157960092704E+01
   49.8000      0.144058024816E+01
   49.9000      0.134619964855E+01
   50.0000      0.130210741332E+01
   50.1000      0.131508026194E+01
   50.2000      0.138139789761E+01
   50.3000      0.148566651863E+01
   50.4000      0.161880559850E+01
   50.5000      0.176844173734E+01
   50.6000      0.191512107151E+01
   50.7000      0.204169998088E+01
   50.8000      0.213772798467E+01
   50.9000      0.218978748131E+01
   51.0000      0.219345145881E+01
   51.1000      0.215207409963E+01
   51.2000      0.206868721150E+01
   51.3000      0.194719837555E+01
   51.4000      0.180439091846E+01
   51.5000      0.165527109245E+01
   51.6000      0.151213433748E+01
   51.7000      0.138981701892E+01
   51.8000      0.130148471896E+01
   51.9000      0.124801209183E+01
   52.0000      0.123642288122E+01
   52.1000      0.127375246069E+01
   52.2000      0.134879244641E+01
   52.3000      0.144136960681E+01
   52.4000      0.155049423817E+01
   52.5000      0.167125558282E+01
   52.6000      0.177945151135E+01
   52.7000      0.185556819136E+01
   52.8000      0.190194795646E+01
   52.9000      0.191478548989E+01
   53.0000      0.188488849129E+01
   53.1000      0.181476104318E+01
   53.2000      0.171523348847E+01
   53.3000      0.159153862238E+01
   53.4000      0.145761398566E+01
   53.5000      0.133083186559E+01
   53.6000      0.121846580650E+01
   53.7000      0.112553361499E+01
   53.8000      0.106921152945E+01
   53.9000      0.105700810318E+01
   54.0000      0.108032028171E+01
   54.1000      0.113320612195E+01
   54.2000      0.121703837548E+01
   54.3000      0.132124313037E+01
   54.4000      0.142901939105E+01
   54.5000      0.152913852834E+01
   54.6000      0.161305566301E+01
   54.7000      0.166981231419E+01
   54.8000      0.169335412223E+01
   54.9000      0.168132586357E+01
   55.0000      0.163425570742E+01
   55.1000      0.155766350303E+01
   55.2000      0.145951478273E+01
   55.3000      0.134810607163E+01
   55.4000      0.123819810364E+01
   55.5000      0.114409963248E+01
   55.6000      0.106959591306E+01
   55.7000      0.102089534534E+01
   55.8000      0.101327950678E+01
   55.9000      0.104889766489E+01
   56.0000      0.111300302048E+01
   56.1000      0.120146463716E+01
   56.2000      0.131685029534E+01
   56.3000      0.144436642263E+01
   56.4000      0.156314650556E+01
   56.5000      0.166696194601E+01
   56.6000      0.174766318331E+01
   56.7000      0.179262179661E+01
   56.8000      0.180227129762E+01
   56.9000      0.177989535802E+01
   57.0000      0.171550550892E+01
   57.1000      0.161718528985E+01
   57.2000      0.151454207094E+01
   57.3000      0.141509386148E+01
   57.4000      0.130720623936E+01
   57.5000      0.121338920883E+01
   57.6000      0.116738534178E+01
   57.7000      0.116309168796E+01
   57.8000      0.118226969259E+01
   57.9000      0.123942274001E+01
   58.0000      0.134228708757E+01
   58.1000      0.146855295697E+01
   58.2000      0.160099973647E+01
   58.3000      0.173630050861E+01
   58.4000      0.185528906565E+01
   58.5000      0.194368850928E+01
   58.6000      0.200475563315E+01
   58.7000      0.202780333267E+01
   58.8000      0.199116046453E+01
   58.9000      0.191187297381E+01
   59.0000      0.181840221382E+01
   59.1000      0.170240979231E+01
   59.2000      0.155582967916E+01
   59.3000      0.141658174891E+01
   59.4000      0.131377326967E+01
   59.5000      0.123708301158E+01
   59.6000      0.118516982022E+01
   59.7000      0.118160893429E+01
   59.8000      0.122746878150E+01
   59.9000      0.130748746919E+01
   60.0000      0.141731348699E+01
   60.1000      0.154719616819E+01
   60.2000      0.167248970199E+01
   60.3000      0.178713721624E+01
   60.4000      0.188978891039E+01
   60.5000      0.195373227309E+01
   60.6000      0.195882805785E+01
   60.7000      0.192438992186E+01
   60.8000      0.186160049833E+01
   60.9000      0.175350928155E+01
   61.0000      0.160427661598E+01
   61.1000      0.144917845306E+01
   61.2000      0.130377803950E+01
   61.3000      0.116653115408E+01
   61.4000      0.105290076813E+01
   61.5000      0.982102938517E+00
   61.6000      0.954791098371E+00
   61.7000      0.972412343685E+00
   61.8000      0.103765603418E+01
   61.9000      0.113536345587E+01
   62.0000      0.124878838356E+01
   62.1000      0.137770320414E+01
   62.2000      0.151023273101E+01
   62.3000      0.161557713452E+01
   62.4000      0.168126023542E+01
   62.5000      0.171477022209E+01
   62.6000      0.170903322555E+01
   62.7000      0.165085622312E+01
   62.8000      0.154957703821E+01
   62.9000      0.142229027205E+01
   63.0000      0.127659692715E+01
   63.1000      0.112488869207E+01
   63.2000      0.986294541316E+00
   63.3000      0.870274704353E+00
   63.4000      0.786186435594E+00
   63.5000      0.749954492799E+00
   63.6000      0.764425120119E+00
   63.7000      0.816934016934E+00
   63.8000      0.904834594533E+00
   63.9000      0.102811913995E+01
   64.0000      0.116923515033E+01
   64.1000      0.130619963109E+01
   64.2000      0.143067906196E+01
   64.3000      0.153180651173E+01
   64.4000      0.159533344585E+01
   64.5000      0.161800860314E+01
   64.6000      0.160013284605E+01
   64.7000      0.153450931916E+01
   64.8000      0.143029008062E+01
   64.9000      0.131105257631E+01
   65.0000      0.118371289648E+01
   65.1000      0.104551545391E+01
   65.2000      0.920728566005E+00
   65.3000      0.836823054891E+00
   65.4000      0.790863136591E+00
   65.5000      0.774992349761E+00
   65.6000      0.804309503161E+00
   65.7000      0.883161819842E+00
   65.8000      0.993892486533E+00
   65.9000      0.112457365508E+01
   66.0000      0.126968062936E+01
   66.1000      0.140904179018E+01
   66.2000      0.152978250551E+01
   66.3000      0.163192013452E+01
   66.4000      0.169872853139E+01
   66.5000      0.170719456571E+01
   66.6000      0.167279180164E+01
   66.7000      0.161758727154E+01
   66.8000      0.152588666705E+01
   66.9000      0.138876273967E+01
   67.0000      0.124753273560E+01
   67.1000      0.113175208645E+01
   67.2000      0.102592800851E+01
   67.3000      0.930527576138E+00
   67.4000      0.881973412894E+00
   67.5000      0.889782322090E+00
   67.6000      0.933995081443E+00
   67.7000      0.101203783259E+01
   67.8000      0.112788281262E+01
   67.9000      0.126287857016E+01
   68.0000      0.140369997134E+01
   68.1000      0.154670857382E+01
   68.2000      0.166656363683E+01
   68.3000      0.173922732902E+01
   68.4000      0.178009699863E+01
   68.5000      0.179663549742E+01
   68.6000      0.175750524391E+01
   68.7000      0.165905594942E+01
   68.8000      0.154788619854E+01
   68.9000      0.144035547113E+01
   69.0000      0.131210112228E+01
   69.1000      0.117751746478E+01
   69.2000      0.108389961322E+01
   69.3000      0.103642780512E+01
   69.4000      0.101463156630E+01
   69.5000      0.102869830806E+01
   69.6000      0.109251908645E+01
   69.7000      0.119039674271E+01
   69.8000      0.130828313010E+01
   69.9000      0.144248297172E+01
   70.0000      0.157163480911E+01
   70.1000      0.167760506411E+01
   70.2000      0.176789749457E+01
   70.3000      0.183579311910E+01
   70.4000      0.185025637859E+01
   70.5000      0.181482007973E+01
   70.6000      0.176321641951E+01
   70.7000      0.169410064500E+01
   70.8000      0.158616126364E+01
   70.9000      0.146308685899E+01
   71.0000      0.136342378333E+01
   71.1000      0.128405382672E+01
   71.2000      0.121246492220E+01
   71.3000      0.116909394945E+01
   71.4000      0.116963635111E+01
   71.5000      0.120222805423E+01
   71.6000      0.125804132800E+01
   71.7000      0.133863395106E+01
   71.8000      0.143215037845E+01
   71.9000      0.152674504911E+01
   72.0000      0.162136309213E+01
   72.1000      0.170480741470E+01
   72.2000      0.175656147148E+01
   72.3000      0.177953405058E+01
   72.4000      0.178541391730E+01
   72.5000      0.176421874631E+01
   72.6000      0.170513147957E+01
   72.7000      0.162679131411E+01
   72.8000      0.154726025116E+01
   72.9000      0.146236419756E+01
   73.0000      0.137199670325E+01
   73.1000      0.129535948793E+01
   73.2000      0.124301652674E+01
   73.3000      0.121150649420E+01
   73.4000      0.120103449867E+01
   73.5000      0.121682306728E+01
   73.6000      0.125544585855E+01
   73.7000      0.131059415996E+01
   73.8000      0.137701067672E+01
   73.9000      0.144737394983E+01
   74.0000      0.151241566874E+01
   74.1000      0.156703588296E+01
   74.2000      0.160563181161E+01
   74.3000      0.162265454437E+01
   74.4000      0.161622176614E+01
   74.5000      0.158765134176E+01
   74.6000      0.153786527929E+01
   74.7000      0.147256728270E+01
   74.8000      0.139950522991E+01
   74.9000      0.132338621899E+01
   75.0000      0.124935967512E+01
   75.1000      0.118781033886E+01
   75.2000      0.114480972014E+01
   75.3000      0.112015207579E+01
   75.4000      0.111515742750E+01
   75.5000      0.113171078426E+01
   75.6000      0.116501621937E+01
   75.7000      0.120986540861E+01
   75.8000      0.126268892992E+01
   75.9000      0.131397580786E+01
   76.0000      0.135396451810E+01
   76.1000      0.138385008216E+01
   76.2000      0.140254610245E+01
   76.3000      0.139739998067E+01
   76.4000      0.136618863484E+01
   76.5000      0.132415928833E+01
   76.6000      0.127557533738E+01
   76.7000      0.121049956584E+01
   76.8000      0.113617660624E+01
   76.9000      0.107317197286E+01
   77.0000      0.102369723783E+01
   77.1000      0.979002399352E+00
   77.2000      0.946465987896E+00
   77.3000      0.936222646927E+00
   77.4000      0.942592372886E+00
   77.5000      0.958309515003E+00
   77.6000      0.984358010147E+00
   77.7000      0.101558211813E+01
   77.8000      0.104453581444E+01
   77.9000      0.107184141913E+01
   78.0000      0.109440907893E+01
   78.1000      0.109987026332E+01
   78.2000      0.108939018461E+01
   78.3000      0.107459550238E+01
   78.4000      0.105190159513E+01
   78.5000      0.101057944838E+01
   78.6000      0.961428473367E+00
   78.7000      0.919721556041E+00
   78.8000      0.880924440845E+00
   78.9000      0.838533829849E+00
   79.0000      0.804215076488E+00
   79.1000      0.785926254843E+00
   79.2000      0.777854726233E+00
   79.3000      0.777212556902E+00
   79.4000      0.788237008299E+00
   79.5000      0.807857656849E+00
   79.6000      0.832386066529E+00
   79.7000      0.862554381654E+00
   79.8000      0.894163888473E+00
   79.9000      0.918506222895E+00
   80.0000      0.937910095747E+00
   80.1000      0.956033269837E+00
   80.2000      0.965409425451E+00
   80.3000      0.960005165740E+00
   80.4000      0.947789676857E+00
   80.5000      0.933204297863E+00
   80.6000      0.911843116464E+00
   80.7000      0.884543845655E+00
   80.8000      0.859254004855E+00
   80.9000      0.837769326342E+00
   81.0000      0.821220546815E+00
   81.1000      0.814406436827E+00
   81.2000      0.817806116745E+00
   81.3000      0.827831154265E+00
   81.4000      0.848945647910E+00
   81.5000      0.883863077676E+00
   81.6000      0.923288566243E+00
   81.7000      0.960005920227E+00
   81.8000      0.999409882433E+00
   81.9000      0.104049720633E+01
   82.0000      0.107119735568E+01
   82.1000      0.108741160148E+01
   82.2000      0.109548124929E+01
   82.3000      0.109448990418E+01
   82.4000      0.107972820450E+01
   82.5000      0.105463109588E+01
   82.6000      0.102478026615E+01
   82.7000      0.991298847751E+00
   82.8000      0.959104376895E+00
   82.9000      0.934570330646E+00
   83.0000      0.916699356372E+00
   83.1000      0.905463510925E+00
   83.2000      0.908993827825E+00
   83.3000      0.928441911755E+00
   83.4000      0.953276172587E+00
   83.5000      0.980626994006E+00
   83.6000      0.101684765492E+01
   83.7000      0.105710558916E+01
   83.8000      0.108766364787E+01
   83.9000      0.110711628550E+01
   84.0000      0.112134508640E+01
   84.1000      0.112613909023E+01
   84.2000      0.111401937304E+01
   84.3000      0.108889673386E+01
   84.4000      0.105736864886E+01
   84.5000      0.101970436615E+01
   84.6000      0.976589417415E+00
   84.7000      0.933960591417E+00
   84.8000      0.895476580366E+00
   84.9000      0.863023395536E+00
   85.0000      0.839975271793E+00
   85.1000      0.828071730318E+00
   85.2000      0.824478745721E+00
   85.3000      0.829456924664E+00
   85.4000      0.844981809784E+00
   85.5000      0.867339565204E+00
   85.6000      0.889106950977E+00
   85.7000      0.910149711097E+00
   85.8000      0.932095924974E+00
   85.9000      0.949644891717E+00
   86.0000      0.955847516337E+00
   86.1000      0.953181968673E+00
   86.2000      0.945193083361E+00
   86.3000      0.928613891341E+00
   86.4000      0.900191141651E+00
   86.5000      0.865604560759E+00
   86.6000      0.829886426683E+00
   86.7000      0.792283557905E+00
   86.8000      0.753038059844E+00
   86.9000      0.718255233742E+00
   87.0000      0.691206940043E+00
   87.1000      0.671906822789E+00
   87.2000      0.661682492708E+00
   87.3000      0.662573593655E+00
   87.4000      0.672636143379E+00
   87.5000      0.691377935933E+00
   87.6000      0.719194536184E+00
   87.7000      0.751561990264E+00
   87.8000      0.781710551093E+00
   87.9000      0.810605512303E+00
   88.0000      0.838729202223E+00
   88.1000      0.857739858334E+00
   88.2000      0.861540049556E+00
   88.3000      0.856381709206E+00
   88.4000      0.845329729155E+00
   88.5000      0.821801681807E+00
   88.6000      0.785475199826E+00
   88.7000      0.747094710254E+00
   88.8000      0.710953551177E+00
   88.9000      0.674558290762E+00
   89.0000      0.641823787028E+00
   89.1000      0.619922366588E+00
   89.2000      0.609003961219E+00
   89.3000      0.609271751464E+00
   89.4000      0.623316088834E+00
   89.5000      0.647224250137E+00
   89.6000      0.675296373116E+00
   89.7000      0.710811475533E+00
   89.8000      0.753208830841E+00
   89.9000      0.789319955991E+00
   90.0000      0.813563807175E+00
   90.1000      0.835125947071E+00
   90.2000      0.853002935426E+00
   90.3000      0.853397091286E+00
   90.4000      0.837333513909E+00
   90.5000      0.818619443046E+00
   90.6000      0.797103237283E+00
   90.7000      0.764649030965E+00
   90.8000      0.727732695786E+00
   90.9000      0.696930626699E+00
   91.0000      0.671225703838E+00
   91.1000      0.649119522310E+00
   91.2000      0.635852981598E+00
   91.3000      0.631404320164E+00
   91.4000      0.633659080362E+00
   91.5000      0.646781404834E+00
   91.6000      0.670199835083E+00
   91.7000      0.693516202320E+00
   91.8000      0.716471967181E+00
   91.9000      0.747436698363E+00
   92.0000      0.780593445420E+00
   92.1000      0.801996236148E+00
   92.2000      0.815721357674E+00
   92.3000      0.831346988580E+00
   92.4000      0.841570880673E+00
   92.5000      0.836640630174E+00
   92.6000      0.823996589857E+00
   92.7000      0.810733007799E+00
   92.8000      0.792330263072E+00
   92.9000      0.767108564628E+00
   93.0000      0.741896585242E+00
   93.1000      0.718820172934E+00
   93.2000      0.698195414335E+00
   93.3000      0.684322714704E+00
   93.4000      0.678664369242E+00
   93.5000      0.677755560151E+00
   93.6000      0.685056483202E+00
   93.7000      0.704970301652E+00
   93.8000      0.731900944435E+00
   93.9000      0.758991832048E+00
   94.0000      0.789778685613E+00
   94.1000      0.825015627675E+00
   94.2000      0.856642215241E+00
   94.3000      0.879826324805E+00
   94.4000      0.897090891046E+00
   94.5000      0.906918204506E+00
   94.6000      0.906495116267E+00
   94.7000      0.897424351864E+00
   94.8000      0.881078786880E+00
   94.9000      0.856351115087E+00
   95.0000      0.828358619327E+00
   95.1000      0.803005709549E+00
   95.2000      0.778744299110E+00
   95.3000      0.754735863418E+00
   95.4000      0.739020586307E+00
   95.5000      0.735121612614E+00
   95.6000      0.737483736829E+00
   95.7000      0.744472234395E+00
   95.8000      0.760650226873E+00
   95.9000      0.784018604145E+00
   96.0000      0.808678871084E+00
   96.1000      0.833468974101E+00
   96.2000      0.857531612045E+00
   96.3000      0.876613992332E+00
   96.4000      0.890601696014E+00
   96.5000      0.900665345405E+00
   96.6000      0.901922723958E+00
   96.7000      0.892297517203E+00
   96.8000      0.879421197941E+00
   96.9000      0.865879723324E+00
   97.0000      0.844397773998E+00
   97.1000      0.816081597829E+00
   97.2000      0.792245073841E+00
   97.3000      0.774074569236E+00
   97.4000      0.753580661612E+00
   97.5000      0.733455498007E+00
   97.6000      0.722875816294E+00
   97.7000      0.720204265506E+00
   97.8000      0.718866581036E+00
   97.9000      0.721180906384E+00
   98.0000      0.730777919566E+00
   98.1000      0.744289387331E+00
   98.2000      0.758275991826E+00
   98.3000      0.773433268174E+00
   98.4000      0.787964631459E+00
   98.5000      0.799385136342E+00
   98.6000      0.808373432988E+00
   98.7000      0.814261911698E+00
   98.8000      0.812537664652E+00
   98.9000      0.804060216926E+00
   99.0000      0.793804070982E+00
   99.1000      0.780879828091E+00
   99.2000      0.760639098227E+00
   99.3000      0.737418072298E+00
   99.4000      0.718694563888E+00
   99.5000      0.703009035894E+00
   99.6000      0.685489804557E+00
   99.7000      0.671350465024E+00
   99.8000      0.667147063969E+00
   99.9000      0.668984892354E+00
  100.0000      0.670451087519E+00
  100.1000      0.675566965587E+00
  100.2000      0.688286676851E+00
  100.3000      0.702322177404E+00
  100.4000      0.710864969263E+00
  100.5000      0.717761433871E+00
  100.6000      0.725789687266E+00
  100.7000      0.729322104449E+00
  100.8000      0.724489167809E+00
  100.9000      0.716289241865E+00
  101.0000      0.707202638874E+00
  101.1000      0.694781756373E+00
  101.2000      0.679509705742E+00
  101.3000      0.665339351139E+00
  101.4000      0.652329531177E+00
  101.5000      0.641215709700E+00
  101.6000      0.635093281387E+00
  101.7000      0.632752802481E+00
  101.8000      0.630043579637E+00
  101.9000      0.630989164176E+00
  102.0000      0.639462453795E+00
  102.1000      0.647694685190E+00
  102.2000      0.649251445959E+00
  102.3000      0.652789642517E+00
  102.4000      0.662515424534E+00
  102.5000      0.666568233905E+00
  102.6000      0.659940880119E+00
  102.7000      0.655286093318E+00
  102.8000      0.656186938398E+00
  102.9000      0.650528320355E+00
  103.0000      0.636703474846E+00
  103.1000      0.627146113214E+00
  103.2000      0.623001704169E+00
  103.3000      0.615306874808E+00
  103.4000      0.605428059000E+00
  103.5000      0.600703157421E+00
  103.6000      0.599492699957E+00
  103.7000      0.598611432136E+00
  103.8000      0.600625195671E+00
  103.9000      0.605216632190E+00
  104.0000      0.609653282392E+00
  104.1000      0.617386367102E+00
  104.2000      0.629999244792E+00
  104.3000      0.640006670200E+00
  104.4000      0.645707790729E+00
  104.5000      0.655603659314E+00
  104.6000      0.668951853038E+00
  104.7000      0.674385627503E+00
  104.8000      0.672899936385E+00
  104.9000      0.675341568954E+00
  105.0000      0.679159614311E+00
  105.1000      0.673549369846E+00
  105.2000      0.662619971140E+00
  105.3000      0.656918705981E+00
  105.4000      0.653418398796E+00
  105.5000      0.644402481750E+00
  105.6000      0.635171880046E+00
  105.7000      0.633360898094E+00
  105.8000      0.635818665048E+00
  105.9000      0.637356872560E+00
  106.0000      0.641545335926E+00
  106.1000      0.651720036864E+00
  106.2000      0.664591886365E+00
  106.3000      0.676338834842E+00
  106.4000      0.688183043005E+00
  106.5000      0.700592406330E+00
  106.6000      0.711152116120E+00
  106.7000      0.717713970099E+00
  106.8000      0.721152495153E+00
  106.9000      0.721737782434E+00
  107.0000      0.718910517886E+00
  107.1000      0.712599653609E+00
  107.2000      0.704428541377E+00
  107.3000      0.694997320153E+00
  107.4000      0.685092868119E+00
  107.5000      0.675957504145E+00
  107.6000      0.668530979092E+00
  107.7000      0.662015111672E+00
  107.8000      0.657722777898E+00
  107.9000      0.657529820191E+00
  108.0000      0.659954992796E+00
  108.1000      0.661815131833E+00
  108.2000      0.665652772642E+00
  108.3000      0.674242781127E+00
  108.4000      0.683196687823E+00
  108.5000      0.687726709339E+00
  108.6000      0.692949901476E+00
  108.7000      0.702661363325E+00
  108.8000      0.709875999168E+00
  108.9000      0.709531524793E+00
  109.0000      0.709447910102E+00
  109.1000      0.713645715016E+00
  109.2000      0.713420919642E+00
  109.3000      0.704836585064E+00
  109.4000      0.697640880503E+00
  109.5000      0.695273641996E+00
  109.6000      0.688663045668E+00
  109.7000      0.675857168285E+00
  109.8000      0.667339867973E+00
  109.9000      0.665547051502E+00
  110.0000      0.661957128674E+00
  110.1000      0.655898645693E+00
  110.2000      0.656480044813E+00
  110.3000      0.664357970592E+00
  110.4000      0.671603462663E+00
  110.5000      0.677591516947E+00
  110.6000      0.688406346836E+00
  110.7000      0.702660468815E+00
  110.8000      0.713501684026E+00
  110.9000      0.720652185109E+00
  111.0000      0.727814618929E+00
  111.1000      0.733163464131E+00
  111.2000      0.732802995318E+00
  111.3000      0.728029748054E+00
  111.4000      0.721152360625E+00
  111.5000      0.711545156299E+00
  111.6000      0.699771263916E+00
  111.7000      0.688271178946E+00
  111.8000      0.676485783582E+00
  111.9000      0.664590239840E+00
  112.0000      0.657137682229E+00
  112.1000      0.655196703500E+00
  112.2000      0.652779602491E+00
  112.3000      0.650416438217E+00
  112.4000      0.656043488438E+00
  112.5000      0.667471431738E+00
  112.6000      0.673045745602E+00
  112.7000      0.675171130130E+00
  112.8000      0.685442675712E+00
  112.9000      0.698559973611E+00
  113.0000      0.699841976406E+00
  113.1000      0.695543131538E+00
  113.2000      0.699992891180E+00
  113.3000      0.705205611584E+00
  113.4000      0.696341884781E+00
  113.5000      0.683468846518E+00
  113.6000      0.681000761373E+00
  113.7000      0.678930427797E+00
  113.8000      0.664356157259E+00
  113.9000      0.648934463238E+00
  114.0000      0.644340109265E+00
  114.1000      0.640527607009E+00
  114.2000      0.628578497367E+00
  114.3000      0.619195210140E+00
  114.4000      0.619510470809E+00
  114.5000      0.621394833158E+00
  114.6000      0.620387089771E+00
  114.7000      0.623841518580E+00
  114.8000      0.633800972798E+00
  114.9000      0.645001757312E+00
  115.0000      0.656048095145E+00
  115.1000      0.669166943624E+00
  115.2000      0.682165823274E+00
  115.3000      0.693511658442E+00
  115.4000      0.704189311094E+00
  115.5000      0.712032962149E+00
  115.6000      0.713183787650E+00
  115.7000      0.711002875012E+00
  115.8000      0.709116049318E+00
  115.9000      0.702929119388E+00
  116.0000      0.689139423496E+00
  116.1000      0.675918025701E+00
  116.2000      0.668489320813E+00
  116.3000      0.659757707561E+00
  116.4000      0.646530467235E+00
  116.5000      0.639593531288E+00
  116.6000      0.643254140183E+00
  116.7000      0.646515483902E+00
  116.8000      0.645350295197E+00
  116.9000      0.651591293267E+00
  117.0000      0.667422357323E+00
  117.1000      0.678418111961E+00
  117.2000      0.680943439845E+00
  117.3000      0.688422841789E+00
  117.4000      0.701909835468E+00
  117.5000      0.706241683874E+00
  117.6000      0.700278024129E+00
  117.7000      0.698877447834E+00
  117.8000      0.702232736928E+00
  117.9000      0.696383315292E+00
  118.0000      0.682968788876E+00
  118.1000      0.676081372890E+00
  118.2000      0.674265677489E+00
  118.3000      0.665543194577E+00
  118.4000      0.652886029978E+00
  118.5000      0.647119191079E+00
  118.6000      0.645522070579E+00
  118.7000      0.639598153493E+00
  118.8000      0.632744269000E+00
  118.9000      0.631493732349E+00
  119.0000      0.633149302522E+00
  119.1000      0.633508063209E+00
  119.2000      0.635443466098E+00
  119.3000      0.641150929137E+00
  119.4000      0.648696904432E+00
  119.5000      0.657161167159E+00
  119.6000      0.667375671781E+00
  119.7000      0.677486907878E+00
  119.8000      0.686541088262E+00
  119.9000      0.695837010315E+00
  120.0000      0.704290841253E+00
  120.1000      0.707879741013E+00
  120.2000      0.707643962019E+00
  120.3000      0.707189865781E+00
  120.4000      0.704883114988E+00
  120.5000      0.696538338392E+00
  120.6000      0.685850120738E+00
  120.7000      0.678564392245E+00
  120.8000      0.672450411271E+00
  120.9000      0.662749808713E+00
  121.0000      0.654550135727E+00
  121.1000      0.654059828200E+00
  121.2000      0.656672893946E+00
  121.3000      0.655603158361E+00
  121.4000      0.656479930093E+00
  121.5000      0.665229543481E+00
  121.6000      0.674334839341E+00
  121.7000      0.675594792895E+00
  121.8000      0.676433843117E+00
  121.9000      0.683408050711E+00
  122.0000      0.687338390276E+00
  122.1000      0.680735425810E+00
  122.2000      0.674107083614E+00
  122.3000      0.674685683878E+00
  122.4000      0.672214103365E+00
  122.5000      0.660501259102E+00
  122.6000      0.651722950224E+00
  122.7000      0.651941879240E+00
  122.8000      0.649842370867E+00
  122.9000      0.640438271236E+00
  123.0000      0.635431948964E+00
  123.1000      0.638426874813E+00
  123.2000      0.638196620432E+00
  123.3000      0.631553157667E+00
  123.4000      0.628872006504E+00
  123.5000      0.631957690917E+00
  123.6000      0.631808462403E+00
  123.7000      0.627467963709E+00
  123.8000      0.627015869117E+00
  123.9000      0.630733820135E+00
  124.0000      0.632480428526E+00
  124.1000      0.632573213246E+00
  124.2000      0.635504852022E+00
  124.3000      0.640048317966E+00
  124.4000      0.642994180998E+00
  124.5000      0.645053823322E+00
  124.6000      0.646836924449E+00
  124.7000      0.646703463899E+00
  124.8000      0.645429834672E+00
  124.9000      0.644472188503E+00
  125.0000      0.641327821680E+00
  125.1000      0.635414784522E+00
  125.2000      0.632080527921E+00
  125.3000      0.632742738370E+00
  125.4000      0.631170618133E+00
  125.5000      0.627674087887E+00
  125.6000      0.630953677011E+00
  125.7000      0.640278682262E+00
  125.8000      0.644676780300E+00
  125.9000      0.645179664975E+00
  126.0000      0.652764476263E+00
  126.1000      0.663811296515E+00
  126.2000      0.664068063105E+00
  126.3000      0.656991683352E+00
  126.4000      0.656130478634E+00
  126.5000      0.656303525151E+00
  126.6000      0.643208993616E+00
  126.7000      0.624158519263E+00
  126.8000      0.614293619414E+00
  126.9000      0.607319452976E+00
  127.0000      0.590267291929E+00
  127.1000      0.572562521242E+00
  127.2000      0.567659323073E+00
  127.3000      0.567547387229E+00
  127.4000      0.560716051051E+00
  127.5000      0.556046382178E+00
  127.6000      0.562867750626E+00
  127.7000      0.572252495162E+00
  127.8000      0.575125221803E+00
  127.9000      0.579035554741E+00
  128.0000      0.589679772518E+00
  128.1000      0.599680566296E+00
  128.2000      0.603693900067E+00
  128.3000      0.607746506277E+00
  128.4000      0.614679264778E+00
  128.5000      0.619733446619E+00
  128.6000      0.620797707266E+00
  128.7000      0.621457622958E+00
  128.8000      0.621835307574E+00
  128.9000      0.619862474685E+00
  129.0000      0.615857135809E+00
  129.1000      0.610536194944E+00
  129.2000      0.602082627327E+00
  129.3000      0.591996603345E+00
  129.4000      0.583291930162E+00
  129.5000      0.574195546246E+00
  129.6000      0.562034478679E+00
  129.7000      0.552626480833E+00
  129.8000      0.550967467868E+00
  129.9000      0.551512879080E+00
  130.0000      0.550084482149E+00
  130.1000      0.555606331395E+00
  130.2000      0.572512538139E+00
  130.3000      0.589549581396E+00
  130.4000      0.600611913362E+00
  130.5000      0.616806791911E+00
  130.6000      0.640784102637E+00
  130.7000      0.656845980203E+00
  130.8000      0.659657019343E+00
  130.9000      0.663480981799E+00
  131.0000      0.670443203679E+00
  131.1000      0.664488726786E+00
  131.2000      0.644250514423E+00
  131.3000      0.626762355393E+00
  131.4000      0.613925625684E+00
  131.5000      0.591871832478E+00
  131.6000      0.562744739537E+00
  131.7000      0.542330785964E+00
  131.8000      0.530426316152E+00
  131.9000      0.515363070435E+00
  132.0000      0.499970454843E+00
  132.1000      0.495040718766E+00
  132.2000      0.497948238904E+00
  132.3000      0.499936590699E+00
  132.4000      0.503331872248E+00
  132.5000      0.513757559921E+00
  132.6000      0.528218872472E+00
  132.7000      0.541848359997E+00
  132.8000      0.556391902265E+00
  132.9000      0.573745875670E+00
  133.0000      0.591818405714E+00
  133.1000      0.608686252222E+00
  133.2000      0.624812731182E+00
  133.3000      0.639220381908E+00
  133.4000      0.650505781326E+00
  133.5000      0.658292405177E+00
  133.6000      0.662003832002E+00
  133.7000      0.659412657633E+00
  133.8000      0.650745487231E+00
  133.9000      0.638102645782E+00
  134.0000      0.621654273893E+00
  134.1000      0.599601245129E+00
  134.2000      0.574937010563E+00
  134.3000      0.552926593858E+00
  134.4000      0.533946370136E+00
  134.5000      0.515186489148E+00
  134.6000      0.501141008828E+00
  134.7000      0.498230400679E+00
  134.8000      0.503454454989E+00
  134.9000      0.509938771994E+00
  135.0000      0.522045938402E+00
  135.1000      0.545430665302E+00
  135.2000      0.572115642400E+00
  135.3000      0.591990673578E+00
  135.4000      0.610988145701E+00
  135.5000      0.635075604875E+00
  135.6000      0.654003656403E+00
  135.7000      0.658765319961E+00
  135.8000      0.659055057880E+00
  135.9000      0.661914017350E+00
  136.0000      0.657683983332E+00
  136.1000      0.640851655964E+00
  136.2000      0.623031228517E+00
  136.3000      0.610079896556E+00
  136.4000      0.593465461927E+00
  136.5000      0.570329419701E+00
  136.6000      0.550370481993E+00
  136.7000      0.536422748370E+00
  136.8000      0.521910031283E+00
  136.9000      0.505922874902E+00
  137.0000      0.494832418759E+00
  137.1000      0.489513089325E+00
  137.2000      0.486585732486E+00
  137.3000      0.486521848743E+00
  137.4000      0.492597203823E+00
  137.5000      0.504726747841E+00
  137.6000      0.521363821016E+00
  137.7000      0.542197489757E+00
  137.8000      0.567352543964E+00
  137.9000      0.595359376442E+00
  138.0000      0.623919814130E+00
  138.1000      0.650885965271E+00
  138.2000      0.674893734485E+00
  138.3000      0.694146062944E+00
  138.4000      0.706132314572E+00
  138.5000      0.709545663434E+00
  138.6000      0.705080725525E+00
  138.7000      0.693067219723E+00
  138.8000      0.673227543065E+00
  138.9000      0.647375087354E+00
  139.0000      0.618584180883E+00
  139.1000      0.588739738316E+00
  139.2000      0.559498579439E+00
  139.3000      0.533617380016E+00
  139.4000      0.512386558546E+00
  139.5000      0.496389029219E+00
  139.6000      0.487453857787E+00
  139.7000      0.486067789973E+00
  139.8000      0.488937749555E+00
  139.9000      0.495326377873E+00
  140.0000      0.507837512550E+00
  140.1000      0.524817604526E+00
  140.2000      0.540234414959E+00
  140.3000      0.554768825301E+00
  140.4000      0.572972293461E+00
  140.5000      0.592297870792E+00
  140.6000      0.606533474071E+00
  140.7000      0.618347512181E+00
  140.8000      0.632481467040E+00
  140.9000      0.645432160904E+00
  141.0000      0.651791894907E+00
  141.1000      0.654500930326E+00
  141.2000      0.656400004107E+00
  141.3000      0.654105049235E+00
  141.4000      0.644558817436E+00
  141.5000      0.630731632757E+00
  141.6000      0.614483206965E+00
  141.7000      0.595109520049E+00
  141.8000      0.573061549879E+00
  141.9000      0.551520591061E+00
  142.0000      0.532347136779E+00
  142.1000      0.517063516089E+00
  142.2000      0.506961180444E+00
  142.3000      0.503601428158E+00
  142.4000      0.507513364232E+00
  142.5000      0.518647394167E+00
  142.6000      0.535219861945E+00
  142.7000      0.556424362876E+00
  142.8000      0.581356762526E+00
  142.9000      0.607022556908E+00
  143.0000      0.629224903028E+00
  143.1000      0.648207555348E+00
  143.2000      0.664506470008E+00
  143.3000      0.674446524629E+00
  143.4000      0.674990795411E+00
  143.5000      0.670448996241E+00
  143.6000      0.663839979448E+00
  143.7000      0.651862418051E+00
  143.8000      0.633419664563E+00
  143.9000      0.614971298637E+00
  144.0000      0.599265729225E+00
  144.1000      0.582317471995E+00
  144.2000      0.563395571703E+00
  144.3000      0.547817676299E+00
  144.4000      0.536430093569E+00
  144.5000      0.525278209278E+00
  144.6000      0.514110621778E+00
  144.7000      0.506857874101E+00
  144.8000      0.503913832816E+00
  144.9000      0.502957601188E+00
  145.0000      0.504510338160E+00
  145.1000      0.511571499423E+00
  145.2000      0.524467339483E+00
  145.3000      0.541000627017E+00
  145.4000      0.560571090482E+00
  145.5000      0.584631434510E+00
  145.6000      0.612084551590E+00
  145.7000      0.638369265477E+00
  145.8000      0.661256591526E+00
  145.9000      0.682167415501E+00
  146.0000      0.699520273694E+00
  146.1000      0.707650911228E+00
  146.2000      0.706007542168E+00
  146.3000      0.699369300034E+00
  146.4000      0.687867184574E+00
  146.5000      0.667188011005E+00
  146.6000      0.640384501920E+00
  146.7000      0.615117909948E+00
  146.8000      0.592012044429E+00
  146.9000      0.567360985050E+00
  147.0000      0.545060328291E+00
  147.1000      0.531007212173E+00
  147.2000      0.523478997942E+00
  147.3000      0.518057555472E+00
  147.4000      0.516771349035E+00
  147.5000      0.521534919920E+00
  147.6000      0.529304663255E+00
  147.7000      0.536915503664E+00
  147.8000      0.545450102572E+00
  147.9000      0.554831102741E+00
  148.0000      0.563851629939E+00
  148.1000      0.572347823429E+00
  148.2000      0.581135165075E+00
  148.3000      0.589268268173E+00
  148.4000      0.597305835901E+00
  148.5000      0.606180869135E+00
  148.6000      0.615105154522E+00
  148.7000      0.621761057925E+00
  148.8000      0.626829216457E+00
  148.9000      0.630754695576E+00
  149.0000      0.631692899632E+00
  149.1000      0.627354975680E+00
  149.2000      0.619447304436E+00
  149.3000      0.609572557672E+00
  149.4000      0.597181336718E+00
  149.5000      0.581629149392E+00
  149.6000      0.566633824756E+00
  149.7000      0.555506545961E+00
  149.8000      0.547862363075E+00
  149.9000      0.542430719829E+00
  150.0000      0.543055507865E+00
  150.1000      0.552330655198E+00
  150.2000      0.566253280996E+00
  150.3000      0.580219225702E+00
  150.4000      0.597604742199E+00
  150.5000      0.619827531653E+00
  150.6000      0.639051808446E+00
  150.7000      0.649466856237E+00
  150.8000      0.657291340741E+00
  150.9000      0.665349854784E+00
  151.0000      0.664977163368E+00
  151.1000      0.652801272621E+00
  151.2000      0.639635226963E+00
  151.3000      0.629795728736E+00
  151.4000      0.614316266420E+00
  151.5000      0.591812011913E+00
  151.6000      0.574511245004E+00
  151.7000      0.565069822173E+00
  151.8000      0.552890365224E+00
  151.9000      0.536718766666E+00
  152.0000      0.527479596723E+00
  152.1000      0.525532824030E+00
  152.2000      0.519978496927E+00
  152.3000      0.510602582119E+00
  152.4000      0.507975527725E+00
  152.5000      0.512248856123E+00
  152.6000      0.513941928977E+00
  152.7000      0.514449376498E+00
  152.8000      0.524325484091E+00
  152.9000      0.543082843676E+00
  153.0000      0.560681627761E+00
  153.1000      0.578019112680E+00
  153.2000      0.604093925864E+00
  153.3000      0.635732744797E+00
  153.4000      0.660462767064E+00
  153.5000      0.678597287784E+00
  153.6000      0.698607227435E+00
  153.7000      0.716040385798E+00
  153.8000      0.718745159599E+00
  153.9000      0.709995054212E+00
  154.0000      0.700504351973E+00
  154.1000      0.687256804458E+00
  154.2000      0.661413977144E+00
  154.3000      0.630033155786E+00
  154.4000      0.604523641816E+00
  154.5000      0.582117257381E+00
  154.6000      0.555957306631E+00
  154.7000      0.532882186247E+00
  154.8000      0.520410864262E+00
  154.9000      0.513893705219E+00
  155.0000      0.506984220490E+00
  155.1000      0.503903216191E+00
  155.2000      0.507707864201E+00
  155.3000      0.513841286486E+00
  155.4000      0.518249100476E+00
  155.5000      0.524051470454E+00
  155.6000      0.532767546151E+00
  155.7000      0.542429606896E+00
  155.8000      0.551769946979E+00
  155.9000      0.563160900838E+00
  156.0000      0.577112804413E+00
  156.1000      0.592647189031E+00
  156.2000      0.608491867455E+00
  156.3000      0.624855308326E+00
  156.4000      0.640381413672E+00
  156.5000      0.653476950283E+00
  156.6000      0.662362608631E+00
  156.7000      0.666501494773E+00
  156.8000      0.664615710948E+00
  156.9000      0.656806012512E+00
  157.0000      0.643827056458E+00
  157.1000      0.626751157580E+00
  157.2000      0.605868573889E+00
  157.3000      0.584547461741E+00
  157.4000      0.566288913425E+00
  157.5000      0.551194450930E+00
  157.6000      0.538187194824E+00
  157.7000      0.531871606524E+00
  157.8000      0.535072237806E+00
  157.9000      0.542403542302E+00
  158.0000      0.549247364879E+00
  158.1000      0.561145226226E+00
  158.2000      0.579577050859E+00
  158.3000      0.594326227252E+00
  158.4000      0.600546746559E+00
  158.5000      0.607786547218E+00
  158.6000      0.618367070713E+00
  158.7000      0.620854795961E+00
  158.8000      0.613529867461E+00
  158.9000      0.609943113278E+00
  159.0000      0.612376628424E+00
  159.1000      0.608647117259E+00
  159.2000      0.598721928923E+00
  159.3000      0.595900839338E+00
  159.4000      0.599733551711E+00
  159.5000      0.596817493964E+00
  159.6000      0.587365459461E+00
  159.7000      0.583003250616E+00
  159.8000      0.581870045323E+00
  159.9000      0.571735881684E+00
  160.0000      0.554850862226E+00
  160.1000      0.543692752420E+00
  160.2000      0.537592594232E+00
  160.3000      0.526159489976E+00
  160.4000      0.513691707357E+00
  160.5000      0.513689225077E+00
  160.6000      0.524479906077E+00
  160.7000      0.533270176998E+00
  160.8000      0.543584353319E+00
  160.9000      0.568010394639E+00
  161.0000      0.600546875868E+00
  161.1000      0.623706730535E+00
  161.2000      0.641132377387E+00
  161.3000      0.666144372414E+00
  161.4000      0.690097074626E+00
  161.5000      0.694749109755E+00
  161.6000      0.688446829437E+00
  161.7000      0.687901815267E+00
  161.8000      0.684556557622E+00
  161.9000      0.662863306338E+00
  162.0000      0.636024336550E+00
  162.1000      0.621278693229E+00
  162.2000      0.608727520407E+00
  162.3000      0.584337913962E+00
  162.4000      0.561542794417E+00
  162.5000      0.553402792804E+00
  162.6000      0.547722983786E+00
  162.7000      0.531716296594E+00
  162.8000      0.517472454189E+00
  162.9000      0.514577399037E+00
  163.0000      0.511752484941E+00
  163.1000      0.499730087278E+00
  163.2000      0.490980079477E+00
  163.3000      0.494363844306E+00
  163.4000      0.500673212199E+00
  163.5000      0.502906635644E+00
  163.6000      0.512990498019E+00
  163.7000      0.537902344073E+00
  163.8000      0.566575876223E+00
  163.9000      0.590205551815E+00
  164.0000      0.618746678539E+00
  164.1000      0.656285506104E+00
  164.2000      0.688353627912E+00
  164.3000      0.705356217422E+00
  164.4000      0.718693727487E+00
  164.5000      0.732833326264E+00
  164.6000      0.733686703762E+00
  164.7000      0.715726255708E+00
  164.8000      0.694926252458E+00
  164.9000      0.677501458987E+00
  165.0000      0.651480755579E+00
  165.1000      0.615424943021E+00
  165.2000      0.585918261971E+00
  165.3000      0.566808885210E+00
  165.4000      0.546122390085E+00
  165.5000      0.522827007135E+00
  165.6000      0.508883537214E+00
  165.7000      0.503884966233E+00
  165.8000      0.496825255336E+00
  165.9000      0.487229291412E+00
  166.0000      0.483360361923E+00
  166.1000      0.484365020841E+00
  166.2000      0.483626248146E+00
  166.3000      0.482874483480E+00
  166.4000      0.488945071917E+00
  166.5000      0.502118297554E+00
  166.6000      0.518204548568E+00
  166.7000      0.538321260670E+00
  166.8000      0.566450347984E+00
  166.9000      0.600938937369E+00
  167.0000      0.635117611218E+00
  167.1000      0.667312320222E+00
  167.2000      0.699307157446E+00
  167.3000      0.727762792562E+00
  167.4000      0.744747040809E+00
  167.5000      0.750135259902E+00
  167.6000      0.748484643609E+00
  167.7000      0.738821241132E+00
  167.8000      0.716417946691E+00
  167.9000      0.686085340744E+00
  168.0000      0.655449557808E+00
  168.1000      0.625217044609E+00
  168.2000      0.592885834491E+00
  168.3000      0.563880276527E+00
  168.4000      0.542506715182E+00
  168.5000      0.527158655155E+00
  168.6000      0.514877845489E+00
  168.7000      0.507519967864E+00
  168.8000      0.503692027347E+00
  168.9000      0.501405859938E+00
  169.0000      0.500036469103E+00
  169.1000      0.500026156904E+00
  169.2000      0.498460403461E+00
  169.3000      0.497762165972E+00
  169.4000      0.501809633892E+00
  169.5000      0.510608932708E+00
  169.6000      0.520771942799E+00
  169.7000      0.537107866573E+00
  169.8000      0.563165638765E+00
  169.9000      0.594922773840E+00
  170.0000      0.625831059727E+00
  170.1000      0.658659654402E+00
  170.2000      0.693412280753E+00
  170.3000      0.722985515364E+00
  170.4000      0.740354356157E+00
  170.5000      0.748940487657E+00
  170.6000      0.750038848113E+00
  170.7000      0.739754786874E+00
  170.8000      0.715700105353E+00
  170.9000      0.685855099292E+00
  171.0000      0.655624916098E+00
  171.1000      0.623895711095E+00
  171.2000      0.589913156291E+00
  171.3000      0.562691979923E+00
  171.4000      0.546667126967E+00
  171.5000      0.536174250054E+00
  171.6000      0.526218947325E+00
  171.7000      0.523886947486E+00
  171.8000      0.530487964476E+00
  171.9000      0.535012546879E+00
  172.0000      0.531318754255E+00
  172.1000      0.529598931469E+00
  172.2000      0.532795750948E+00
  172.3000      0.530067389490E+00
  172.4000      0.519747100248E+00
  172.5000      0.517454167780E+00
  172.6000      0.527509688839E+00
  172.7000      0.538427532448E+00
  172.8000      0.549674377904E+00
  172.9000      0.575329003605E+00
  173.0000      0.614632565534E+00
  173.1000      0.651204459284E+00
  173.2000      0.681612652197E+00
  173.3000      0.715586438425E+00
  173.4000      0.748726350284E+00
  173.5000      0.764154285075E+00
  173.6000      0.761185995135E+00
  173.7000      0.752708137723E+00
  173.8000      0.738728314911E+00
  173.9000      0.707581959902E+00
  174.0000      0.665453693110E+00
  174.1000      0.630999263391E+00
  174.2000      0.606544434738E+00
  174.3000      0.579064646569E+00
  174.4000      0.554862858465E+00
  174.5000      0.551236132923E+00
  174.6000      0.563499162287E+00
  174.7000      0.569423827375E+00
  174.8000      0.572501201075E+00
  174.9000      0.588248108170E+00
  175.0000      0.606710012905E+00
  175.1000      0.603075410797E+00
  175.2000      0.587182356478E+00
  175.3000      0.580437712807E+00
  175.4000      0.575535739414E+00
  175.5000      0.553158396638E+00
  175.6000      0.531969353361E+00
  175.7000      0.535711547214E+00
  175.8000      0.555389637482E+00
  175.9000      0.570935017716E+00
  176.0000      0.598272063512E+00
  176.1000      0.651479958357E+00
  176.2000      0.712549671701E+00
  176.3000      0.755819109595E+00
  176.4000      0.792096664848E+00
  176.5000      0.829911360434E+00
  176.6000      0.851132343306E+00
  176.7000      0.834877937560E+00
  176.8000      0.800614924339E+00
  176.9000      0.766471173389E+00
  177.0000      0.723120143215E+00
  177.1000      0.657990322012E+00
  177.2000      0.602027872171E+00
  177.3000      0.579428443153E+00
  177.4000      0.574999740257E+00
  177.5000      0.567716256036E+00
  177.6000      0.586665446307E+00
  177.7000      0.646464093556E+00
  177.8000      0.710270923759E+00
  177.9000      0.743046447447E+00
  178.0000      0.774958226617E+00
  178.1000      0.817051259005E+00
  178.2000      0.825436939223E+00
  178.3000      0.774768673053E+00
  178.4000      0.717046336363E+00
  178.5000      0.676631415066E+00
  178.6000      0.622523600352E+00
  178.7000      0.552003960966E+00
  178.8000      0.532624098085E+00
  178.9000      0.587952726035E+00
  179.0000      0.686543305057E+00
  179.1000      0.823119099938E+00
  179.2000      0.104256015488E+01
  179.3000      0.133695444300E+01
  179.4000      0.165446142539E+01
  179.5000      0.196785245754E+01
  179.6000      0.228924382068E+01
  179.7000      0.259103355998E+01
  179.8000      0.281846743731E+01
  179.9000      0.294581055128E+01
  180.0000      0.301932591376E+01
