    0.1000      0.511415528834E+07
    0.2000      0.905290762984E+06
    0.3000      0.325863206271E+06
    0.4000      0.152523724008E+06
    0.5000      0.111495213152E+06
    0.6000      0.632864407161E+05
    0.7000      0.446633419464E+05
    0.8000      0.326396599533E+05
    0.9000      0.249125729476E+05
    1.0000      0.231155426613E+05
    1.1000      0.191795401941E+05
    1.2000      0.166019909486E+05
    1.3000      0.161735207764E+05
    1.4000      0.138153672635E+05
    1.5000      0.105196708266E+05
    1.6000      0.881621519096E+04
    1.7000      0.796053594932E+04
    1.8000      0.670254645835E+04
    1.9000      0.518196333283E+04
    2.0000      0.397516831606E+04
    2.1000      0.353330006340E+04
    2.2000      0.302586964887E+04
    2.3000      0.221990353828E+04
    2.4000      0.167693072841E+04
    2.5000      0.188805382666E+04
    2.6000      0.186404278798E+04
    2.7000      0.149719684155E+04
    2.8000      0.102194176139E+04
    2.9000      0.795108680121E+03
    3.0000      0.775386769333E+03
    3.1000      0.819535936951E+03
    3.2000      0.753181553313E+03
    3.3000      0.538468787074E+03
    3.4000      0.367668291284E+03
    3.5000      0.293771408007E+03
    3.6000      0.361305826924E+03
    3.7000      0.432178835129E+03
    3.8000      0.422123701272E+03
    3.9000      0.318545429458E+03
    4.0000      0.247131079968E+03
    4.1000      0.184688630539E+03
    4.2000      0.182589153628E+03
    4.3000      0.214016554126E+03
    4.4000      0.271265719834E+03
    4.5000      0.296755550771E+03
    4.6000      0.284837621709E+03
    4.7000      0.201565593427E+03
    4.8000      0.150742500256E+03
    4.9000      0.134401960153E+03
    5.0000      0.151436840178E+03
    5.1000      0.187540536082E+03
    5.2000      0.215234642060E+03
    5.3000      0.211400156459E+03
    5.4000      0.194940727050E+03
    5.5000      0.160569407130E+03
    5.6000      0.128171135248E+03
    5.7000      0.125481563929E+03
    5.8000      0.133412666993E+03
    5.9000      0.156556953644E+03
    6.0000      0.180082353019E+03
    6.1000      0.189346985558E+03
    6.2000      0.179402104794E+03
    6.3000      0.160444454164E+03
    6.4000      0.129963246837E+03
    6.5000      0.119056477742E+03
    6.6000      0.122832337184E+03
    6.7000      0.142770395068E+03
    6.8000      0.164236830182E+03
    6.9000      0.172614929793E+03
    7.0000      0.153244847689E+03
    7.1000      0.124178513365E+03
    7.2000      0.903234701588E+02
    7.3000      0.810846418251E+02
    7.4000      0.925063108857E+02
    7.5000      0.113171326066E+03
    7.6000      0.122473022349E+03
    7.7000      0.115529702319E+03
    7.8000      0.865855052007E+02
    7.9000      0.654670253264E+02
    8.0000      0.509644802864E+02
    8.1000      0.558595872809E+02
    8.2000      0.680526810357E+02
    8.3000      0.781992779831E+02
    8.4000      0.742414929640E+02
    8.5000      0.680886979620E+02
    8.6000      0.517967660070E+02
    8.7000      0.466140709153E+02
    8.8000      0.441619397631E+02
    8.9000      0.469682689832E+02
    9.0000      0.493359953889E+02
    9.1000      0.520890901597E+02
    9.2000      0.476732715110E+02
    9.3000      0.474447342132E+02
    9.4000      0.410848797474E+02
    9.5000      0.374218197627E+02
    9.6000      0.330356052825E+02
    9.7000      0.304142701017E+02
    9.8000      0.292127609616E+02
    9.9000      0.319791585693E+02
   10.0000      0.315811501398E+02
   10.1000      0.323898305812E+02
   10.2000      0.278720518561E+02
   10.3000      0.231304721621E+02
   10.4000      0.188607804253E+02
   10.5000      0.177020368953E+02
   10.6000      0.189541731146E+02
   10.7000      0.227370920183E+02
   10.8000      0.232613443410E+02
   10.9000      0.232261001716E+02
   11.0000      0.193796170677E+02
   11.1000      0.162267489446E+02
   11.2000      0.144105087393E+02
   11.3000      0.149820152527E+02
   11.4000      0.162769391831E+02
   11.5000      0.183799793538E+02
   11.6000      0.174872717478E+02
   11.7000      0.165304972057E+02
   11.8000      0.141299949665E+02
   11.9000      0.126412913712E+02
   12.0000      0.120330798863E+02
   12.1000      0.123054822957E+02
   12.2000      0.120366457851E+02
   12.3000      0.119947045383E+02
   12.4000      0.109937781912E+02
   12.5000      0.104912628943E+02
   12.6000      0.103460662772E+02
   12.7000      0.105552051233E+02
   12.8000      0.105991563769E+02
   12.9000      0.102169682783E+02
   13.0000      0.933674878127E+01
   13.1000      0.853021208080E+01
   13.2000      0.859827281532E+01
   13.3000      0.945154749269E+01
   13.4000      0.108847749991E+02
   13.5000      0.119772553218E+02
   13.6000      0.121707943558E+02
   13.7000      0.113411182650E+02
   13.8000      0.103609441400E+02
   13.9000      0.976060071130E+01
   14.0000      0.102233819588E+02
   14.1000      0.114488970553E+02
   14.2000      0.127658480582E+02
   14.3000      0.134748272773E+02
   14.4000      0.132415530489E+02
   14.5000      0.124823410389E+02
   14.6000      0.114098298092E+02
   14.7000      0.109638189726E+02
   14.8000      0.108330260953E+02
   14.9000      0.110826361731E+02
   15.0000      0.113078016477E+02
   15.1000      0.114718890875E+02
   15.2000      0.110705410160E+02
   15.3000      0.110086210991E+02
   15.4000      0.102093220276E+02
   15.5000      0.960449893608E+01
   15.6000      0.871892323055E+01
   15.7000      0.793513716785E+01
   15.8000      0.748244690824E+01
   15.9000      0.789199143249E+01
   16.0000      0.817288454760E+01
   16.1000      0.897960025054E+01
   16.2000      0.872536126911E+01
   16.3000      0.791589261901E+01
   16.4000      0.663711186788E+01
   16.5000      0.557866086293E+01
   16.6000      0.522504487758E+01
   16.7000      0.609432769068E+01
   16.8000      0.698175636078E+01
   16.9000      0.790921336147E+01
   17.0000      0.769908043060E+01
   17.1000      0.673672030889E+01
   17.2000      0.549352834531E+01
   17.3000      0.471603580135E+01
   17.4000      0.468548470839E+01
   17.5000      0.544159065083E+01
   17.6000      0.605130867593E+01
   17.7000      0.635087552677E+01
   17.8000      0.586954084019E+01
   17.9000      0.515700241944E+01
   18.0000      0.459262353006E+01
   18.1000      0.449808972523E+01
   18.2000      0.479050025925E+01
   18.3000      0.510333592556E+01
   18.4000      0.507030882236E+01
   18.5000      0.479410042988E+01
   18.6000      0.442361555246E+01
   18.7000      0.442576707076E+01
   18.8000      0.484016732588E+01
   18.9000      0.538444293198E+01
   19.0000      0.578220691086E+01
   19.1000      0.557074295573E+01
   19.2000      0.507322028942E+01
   19.3000      0.451360774445E+01
   19.4000      0.443385948803E+01
   19.5000      0.492049190268E+01
   19.6000      0.573567436683E+01
   19.7000      0.626541527765E+01
   19.8000      0.639956768490E+01
   19.9000      0.566652061057E+01
   20.0000      0.496789072980E+01
   20.1000      0.429962778483E+01
   20.2000      0.428003841197E+01
   20.3000      0.469294484215E+01
   20.4000      0.525372664425E+01
   20.5000      0.534610768255E+01
   20.6000      0.523356728572E+01
   20.7000      0.437021601614E+01
   20.8000      0.380934741300E+01
   20.9000      0.327991922537E+01
   21.0000      0.321392724105E+01
   21.1000      0.337353918114E+01
   21.2000      0.363795694277E+01
   21.3000      0.355389083972E+01
   21.4000      0.357288194460E+01
   21.5000      0.314400226043E+01
   21.6000      0.297727570260E+01
   21.7000      0.276586645745E+01
   21.8000      0.271760002249E+01
   21.9000      0.275985028935E+01
   22.0000      0.294908777822E+01
   22.1000      0.308416458996E+01
   22.2000      0.340538301744E+01
   22.3000      0.354906743747E+01
   22.4000      0.368677767635E+01
   22.5000      0.365448296259E+01
   22.6000      0.355235014214E+01
   22.7000      0.351176430945E+01
   22.8000      0.359369376038E+01
   22.9000      0.390889440700E+01
   23.0000      0.427678054349E+01
   23.1000      0.461448767530E+01
   23.2000      0.472595442234E+01
   23.3000      0.458944500574E+01
   23.4000      0.427309968579E+01
   23.5000      0.406416635833E+01
   23.6000      0.387878023946E+01
   23.7000      0.408637151587E+01
   23.8000      0.423692948517E+01
   23.9000      0.443721952918E+01
   24.0000      0.440908262800E+01
   24.1000      0.418110693270E+01
   24.2000      0.376933280606E+01
   24.3000      0.350001450064E+01
   24.4000      0.317516402916E+01
   24.5000      0.322270662028E+01
   24.6000      0.323964249735E+01
   24.7000      0.335501864027E+01
   24.8000      0.337659432247E+01
   24.9000      0.330725835031E+01
   25.0000      0.309771282066E+01
   25.1000      0.296621238072E+01
   25.2000      0.276688615863E+01
   25.3000      0.276075045549E+01
   25.4000      0.279501675719E+01
   25.5000      0.291001611161E+01
   25.6000      0.302509098389E+01
   25.7000      0.310438974617E+01
   25.8000      0.310402500240E+01
   25.9000      0.305790802850E+01
   26.0000      0.301470373541E+01
   26.1000      0.296335932406E+01
   26.2000      0.298773606890E+01
   26.3000      0.301702102923E+01
   26.4000      0.303971040996E+01
   26.5000      0.302026259818E+01
   26.6000      0.301262450974E+01
   26.7000      0.291315504469E+01
   26.8000      0.296746184532E+01
   26.9000      0.293183204431E+01
   27.0000      0.296961486578E+01
   27.1000      0.292523962776E+01
   27.2000      0.279501614213E+01
   27.3000      0.259770612273E+01
   27.4000      0.250305270263E+01
   27.5000      0.239023905076E+01
   27.6000      0.258394706989E+01
   27.7000      0.272719655399E+01
   27.8000      0.290237728176E+01
   27.9000      0.291547772620E+01
   28.0000      0.272263830271E+01
   28.1000      0.243076233719E+01
   28.2000      0.226745767176E+01
   28.3000      0.219813862599E+01
   28.4000      0.249575900125E+01
   28.5000      0.281864629826E+01
   28.6000      0.310761231058E+01
   28.7000      0.318436149311E+01
   28.8000      0.296563345693E+01
   28.9000      0.263032439362E+01
   29.0000      0.239405769319E+01
   29.1000      0.232584514772E+01
   29.2000      0.257655270538E+01
   29.3000      0.289867106940E+01
   29.4000      0.313865914612E+01
   29.5000      0.316785634481E+01
   29.6000      0.292433815601E+01
   29.7000      0.259261433168E+01
   29.8000      0.234749146365E+01
   29.9000      0.229236557981E+01
   30.0000      0.244832314678E+01
   30.1000      0.265777199821E+01
   30.2000      0.276354174001E+01
   30.3000      0.267433607892E+01
   30.4000      0.243350370961E+01
   30.5000      0.215927899136E+01
   30.6000      0.200999151303E+01
   30.7000      0.204218853147E+01
   30.8000      0.218745404857E+01
   30.9000      0.231971648393E+01
   31.0000      0.234161881013E+01
   31.1000      0.215139587839E+01
   31.2000      0.193131696996E+01
   31.3000      0.170210570693E+01
   31.4000      0.164605886476E+01
   31.5000      0.175149384312E+01
   31.6000      0.193167430649E+01
   31.7000      0.205369532894E+01
   31.8000      0.208946186391E+01
   31.9000      0.189534637086E+01
   32.0000      0.172783747914E+01
   32.1000      0.152431904195E+01
   32.2000      0.148576523039E+01
   32.3000      0.156675612304E+01
   32.4000      0.172349409699E+01
   32.5000      0.184198906556E+01
   32.6000      0.193493964583E+01
   32.7000      0.185205216736E+01
   32.8000      0.179922231084E+01
   32.9000      0.167486171651E+01
   33.0000      0.163343778053E+01
   33.1000      0.163306237259E+01
   33.2000      0.168050058547E+01
   33.3000      0.173946113786E+01
   33.4000      0.182394481979E+01
   33.5000      0.186668392345E+01
   33.6000      0.193202101556E+01
   33.7000      0.193865112771E+01
   33.8000      0.192828794378E+01
   33.9000      0.187151594360E+01
   34.0000      0.178396686789E+01
   34.1000      0.173240852511E+01
   34.2000      0.170153059814E+01
   34.3000      0.177299496090E+01
   34.4000      0.187038615133E+01
   34.5000      0.197762323841E+01
   34.6000      0.202073039900E+01
   34.7000      0.197029487447E+01
   34.8000      0.181065014405E+01
   34.9000      0.167307130342E+01
   35.0000      0.150905945452E+01
   35.1000      0.152488776391E+01
   35.2000      0.157924432097E+01
   35.3000      0.171935141751E+01
   35.4000      0.181698988090E+01
   35.5000      0.182637497298E+01
   35.6000      0.170004661338E+01
   35.7000      0.155901215840E+01
   35.8000      0.135144062655E+01
   35.9000      0.130897715369E+01
   36.0000      0.132009600340E+01
   36.1000      0.145125680778E+01
   36.2000      0.159304263632E+01
   36.3000      0.167723170914E+01
   36.4000      0.165046285129E+01
   36.5000      0.156543559238E+01
   36.6000      0.140748831526E+01
   36.7000      0.133561265281E+01
   36.8000      0.132740208661E+01
   36.9000      0.142691047659E+01
   37.0000      0.157750744148E+01
   37.1000      0.170527420434E+01
   37.2000      0.176429845474E+01
   37.3000      0.173368085180E+01
   37.4000      0.164696951338E+01
   37.5000      0.155646502637E+01
   37.6000      0.152443888753E+01
   37.7000      0.156931655555E+01
   37.8000      0.167060878932E+01
   37.9000      0.178713139242E+01
   38.0000      0.186638977769E+01
   38.1000      0.185898333805E+01
   38.2000      0.181510575157E+01
   38.3000      0.171419691671E+01
   38.4000      0.164716088466E+01
   38.5000      0.163199948976E+01
   38.6000      0.164466265002E+01
   38.7000      0.170903476466E+01
   38.8000      0.174874361138E+01
   38.9000      0.174306280630E+01
   39.0000      0.171751291543E+01
   39.1000      0.163692212501E+01
   39.2000      0.156065470574E+01
   39.3000      0.151981846966E+01
   39.4000      0.146476627684E+01
   39.5000      0.147267142832E+01
   39.6000      0.145567845257E+01
   39.7000      0.144395874421E+01
   39.8000      0.143274114598E+01
   39.9000      0.140857077495E+01
   40.0000      0.138142025227E+01
   40.1000      0.137445711864E+01
   40.2000      0.132769909850E+01
   40.3000      0.130738863070E+01
   40.4000      0.125805813146E+01
   40.5000      0.123035659309E+01
   40.6000      0.122743993795E+01
   40.7000      0.125997049391E+01
   40.8000      0.131873684734E+01
   40.9000      0.138583273467E+01
   41.0000      0.142535301379E+01
   41.1000      0.141751675509E+01
   41.2000      0.137698338636E+01
   41.3000      0.131971148668E+01
   41.4000      0.129797712858E+01
   41.5000      0.133745256459E+01
   41.6000      0.144954622361E+01
   41.7000      0.157594967839E+01
   41.8000      0.172120332736E+01
   41.9000      0.175673635822E+01
   42.0000      0.175761133200E+01
   42.1000      0.167341297332E+01
   42.2000      0.160068461057E+01
   42.3000      0.158237857684E+01
   42.4000      0.165680332801E+01
   42.5000      0.177651329031E+01
   42.6000      0.196719938435E+01
   42.7000      0.204832492361E+01
   42.8000      0.209943700391E+01
   42.9000      0.202048216481E+01
   43.0000      0.189792818470E+01
   43.1000      0.179901865115E+01
   43.2000      0.175684164485E+01
   43.3000      0.179572474332E+01
   43.4000      0.192813512624E+01
   43.5000      0.201786337819E+01
   43.6000      0.209648274690E+01
   43.7000      0.206207772132E+01
   43.8000      0.193904360831E+01
   43.9000      0.180588229773E+01
   44.0000      0.165705287006E+01
   44.1000      0.159382013060E+01
   44.2000      0.160032197727E+01
   44.3000      0.164171398574E+01
   44.4000      0.170009835248E+01
   44.5000      0.171145302441E+01
   44.6000      0.164420128852E+01
   44.7000      0.155285078516E+01
   44.8000      0.140030258546E+01
   44.9000      0.129708054966E+01
   45.0000      0.121450558401E+01
   45.1000      0.118996991285E+01
   45.2000      0.119573347064E+01
   45.3000      0.120993006478E+01
   45.4000      0.120260163162E+01
   45.5000      0.117892625278E+01
   45.6000      0.111918651336E+01
   45.7000      0.106549593885E+01
   45.8000      0.100653460918E+01
   45.9000      0.972850643320E+00
   46.0000      0.954879307473E+00
   46.1000      0.946390502721E+00
   46.2000      0.958089110594E+00
   46.3000      0.956344783552E+00
   46.4000      0.978987334039E+00
   46.5000      0.989575634420E+00
   46.6000      0.101511041735E+01
   46.7000      0.103686891412E+01
   46.8000      0.105508237690E+01
   46.9000      0.105682933910E+01
   47.0000      0.106644479130E+01
   47.1000      0.104544065829E+01
   47.2000      0.106766760097E+01
   47.3000      0.107492272409E+01
   47.4000      0.112525802136E+01
   47.5000      0.118128253643E+01
   47.6000      0.123587912090E+01
   47.7000      0.127934170537E+01
   47.8000      0.129816780235E+01
   47.9000      0.127708730210E+01
   48.0000      0.126020257906E+01
   48.1000      0.122041606324E+01
   48.2000      0.121219733817E+01
   48.3000      0.122657119301E+01
   48.4000      0.125172548001E+01
   48.5000      0.130251127247E+01
   48.6000      0.132512522626E+01
   48.7000      0.133249788544E+01
   48.8000      0.130657293067E+01
   48.9000      0.125351236515E+01
   49.0000      0.119472246455E+01
   49.1000      0.114857856804E+01
   49.2000      0.111427689183E+01
   49.3000      0.112106837173E+01
   49.4000      0.112482400716E+01
   49.5000      0.114595994906E+01
   49.6000      0.114071031288E+01
   49.7000      0.111912036273E+01
   49.8000      0.107539026406E+01
   49.9000      0.102053527872E+01
   50.0000      0.972960969840E+00
   50.1000      0.941616212917E+00
   50.2000      0.932242528731E+00
   50.3000      0.943603918143E+00
   50.4000      0.958961327585E+00
   50.5000      0.971396475051E+00
   50.6000      0.971630881557E+00
   50.7000      0.950050998492E+00
   50.8000      0.933574441493E+00
   50.9000      0.902634096120E+00
   51.0000      0.902076353701E+00
   51.1000      0.905212755200E+00
   51.2000      0.931314685984E+00
   51.3000      0.961593045490E+00
   51.4000      0.988476391221E+00
   51.5000      0.100104314491E+01
   51.6000      0.100883129630E+01
   51.7000      0.993843879127E+00
   51.8000      0.996495486187E+00
   51.9000      0.993379317946E+00
   52.0000      0.101234656561E+01
   52.1000      0.104310364014E+01
   52.2000      0.107184224140E+01
   52.3000      0.110417164341E+01
   52.4000      0.111705607832E+01
   52.5000      0.111651896964E+01
   52.6000      0.110731831156E+01
   52.7000      0.109109637288E+01
   52.8000      0.108291441835E+01
   52.9000      0.108973197339E+01
   53.0000      0.110020712272E+01
   53.1000      0.112890333208E+01
   53.2000      0.114238310161E+01
   53.3000      0.115545740492E+01
   53.4000      0.114637848333E+01
   53.5000      0.112706949116E+01
   53.6000      0.110039141809E+01
   53.7000      0.107487328695E+01
   53.8000      0.106004738028E+01
   53.9000      0.105756249782E+01
   54.0000      0.106449855002E+01
   54.1000      0.107734082008E+01
   54.2000      0.108341144613E+01
   54.3000      0.108040338296E+01
   54.4000      0.106700401085E+01
   54.5000      0.103768043777E+01
   54.6000      0.101686015821E+01
   54.7000      0.985711146110E+00
   54.8000      0.978765533447E+00
   54.9000      0.971468732673E+00
   55.0000      0.978741722218E+00
   55.1000      0.987496936641E+00
   55.2000      0.993470766199E+00
   55.3000      0.990137177949E+00
   55.4000      0.986678524336E+00
   55.5000      0.964232527781E+00
   55.6000      0.955938833744E+00
   55.7000      0.937145044346E+00
   55.8000      0.931140311222E+00
   55.9000      0.933787855308E+00
   56.0000      0.934027197285E+00
   56.1000      0.947712304457E+00
   56.2000      0.953934636350E+00
   56.3000      0.960201978047E+00
   56.4000      0.965915051755E+00
   56.5000      0.964165816834E+00
   56.6000      0.961196710995E+00
   56.7000      0.962376126881E+00
   56.8000      0.952388179826E+00
   56.9000      0.960406752573E+00
   57.0000      0.955929463793E+00
   57.1000      0.967949956937E+00
   57.2000      0.976958578768E+00
   57.3000      0.991546167705E+00
   57.4000      0.100612619584E+01
   57.5000      0.101986728115E+01
   57.6000      0.102566498219E+01
   57.7000      0.103131935997E+01
   57.8000      0.102576162280E+01
   57.9000      0.102393755648E+01
   58.0000      0.102023281464E+01
   58.1000      0.102323225832E+01
   58.2000      0.103484823309E+01
   58.3000      0.104879403962E+01
   58.4000      0.107144964542E+01
   58.5000      0.108418252759E+01
   58.6000      0.109784508563E+01
   58.7000      0.109571655412E+01
   58.8000      0.108894332407E+01
   58.9000      0.107742474380E+01
   59.0000      0.106475978052E+01
   59.1000      0.106029667290E+01
   59.2000      0.106411456208E+01
   59.3000      0.107086194946E+01
   59.4000      0.108760189877E+01
   59.5000      0.109382231492E+01
   59.6000      0.109552043429E+01
   59.7000      0.109102357038E+01
   59.8000      0.106565172213E+01
   59.9000      0.105354984911E+01
   60.0000      0.102426436108E+01
   60.1000      0.101492674072E+01
   60.2000      0.100560776387E+01
   60.3000      0.100435957512E+01
   60.4000      0.100363963135E+01
   60.5000      0.100554626715E+01
   60.6000      0.986346125920E+00
   60.7000      0.981872554443E+00
   60.8000      0.944960669871E+00
   60.9000      0.931269378918E+00
   61.0000      0.903302239552E+00
   61.1000      0.888331548580E+00
   61.2000      0.879901767998E+00
   61.3000      0.871857323646E+00
   61.4000      0.864235640252E+00
   61.5000      0.859789822912E+00
   61.6000      0.838553184795E+00
   61.7000      0.828191067693E+00
   61.8000      0.806323930362E+00
   61.9000      0.789538213352E+00
   62.0000      0.784745177167E+00
   62.1000      0.770645563734E+00
   62.2000      0.777115947786E+00
   62.3000      0.769524110679E+00
   62.4000      0.768774382539E+00
   62.5000      0.761196174395E+00
   62.6000      0.751404559364E+00
   62.7000      0.740106064009E+00
   62.8000      0.737432583959E+00
   62.9000      0.729197674348E+00
   63.0000      0.741674388170E+00
   63.1000      0.742305089104E+00
   63.2000      0.757083312326E+00
   63.3000      0.760821084809E+00
   63.4000      0.762239027221E+00
   63.5000      0.761051132862E+00
   63.6000      0.752251070744E+00
   63.7000      0.749555199393E+00
   63.8000      0.747601138631E+00
   63.9000      0.753083704418E+00
   64.0000      0.764876093522E+00
   64.1000      0.778561012430E+00
   64.2000      0.790547649191E+00
   64.3000      0.801581073983E+00
   64.4000      0.797911165113E+00
   64.5000      0.799476403801E+00
   64.6000      0.784468891902E+00
   64.7000      0.781990977808E+00
   64.8000      0.775152903641E+00
   64.9000      0.777195588166E+00
   65.0000      0.786320764389E+00
   65.1000      0.792778717089E+00
   65.2000      0.803031892715E+00
   65.3000      0.805832582306E+00
   65.4000      0.801180445917E+00
   65.5000      0.794226814882E+00
   65.6000      0.780339338281E+00
   65.7000      0.766162988881E+00
   65.8000      0.761457105859E+00
   65.9000      0.748405743688E+00
   66.0000      0.757297345986E+00
   66.1000      0.750678051517E+00
   66.2000      0.758561869611E+00
   66.3000      0.754723095154E+00
   66.4000      0.750014321242E+00
   66.5000      0.740839039845E+00
   66.6000      0.729975631083E+00
   66.7000      0.714031653237E+00
   66.8000      0.709439732504E+00
   66.9000      0.695511038270E+00
   67.0000      0.697647144557E+00
   67.1000      0.694212479699E+00
   67.2000      0.693560076414E+00
   67.3000      0.697670324503E+00
   67.4000      0.689849981314E+00
   67.5000      0.691338073410E+00
   67.6000      0.681783154100E+00
   67.7000      0.677147464212E+00
   67.8000      0.671590494829E+00
   67.9000      0.667899288500E+00
   68.0000      0.665287718300E+00
   68.1000      0.669452036493E+00
   68.2000      0.666155765030E+00
   68.3000      0.675551697305E+00
   68.4000      0.671761432385E+00
   68.5000      0.678252212308E+00
   68.6000      0.676997360294E+00
   68.7000      0.676985947507E+00
   68.8000      0.679110569628E+00
   68.9000      0.676420058953E+00
   69.0000      0.679659995747E+00
   69.1000      0.679714817180E+00
   69.2000      0.682409053086E+00
   69.3000      0.685968667829E+00
   69.4000      0.689386991164E+00
   69.5000      0.692220283915E+00
   69.6000      0.698193866243E+00
   69.7000      0.696252993393E+00
   69.8000      0.703453388665E+00
   69.9000      0.698018384963E+00
   70.0000      0.702319584641E+00
   70.1000      0.699037523885E+00
   70.2000      0.698392350955E+00
   70.3000      0.700495574680E+00
   70.4000      0.698047500667E+00
   70.5000      0.702188648230E+00
   70.6000      0.702182857362E+00
   70.7000      0.703091159529E+00
   70.8000      0.704083002073E+00
   70.9000      0.701918145823E+00
   71.0000      0.697683279377E+00
   71.1000      0.697420847268E+00
   71.2000      0.686173323254E+00
   71.3000      0.689974771463E+00
   71.4000      0.678751690592E+00
   71.5000      0.682757127573E+00
   71.6000      0.678729158157E+00
   71.7000      0.678615850780E+00
   71.8000      0.678857838100E+00
   71.9000      0.675273378904E+00
   72.0000      0.670889859572E+00
   72.1000      0.667153087084E+00
   72.2000      0.656849929092E+00
   72.3000      0.653705540618E+00
   72.4000      0.646660444218E+00
   72.5000      0.642189853085E+00
   72.6000      0.645234952352E+00
   72.7000      0.638692668211E+00
   72.8000      0.646308175635E+00
   72.9000      0.639135412854E+00
   73.0000      0.640809229721E+00
   73.1000      0.634138582349E+00
   73.2000      0.628442785710E+00
   73.3000      0.622183597263E+00
   73.4000      0.617927772279E+00
   73.5000      0.612642398500E+00
   73.6000      0.616259037690E+00
   73.7000      0.613610766785E+00
   73.8000      0.620294197242E+00
   73.9000      0.620636576928E+00
   74.0000      0.620553872228E+00
   74.1000      0.621840946416E+00
   74.2000      0.612815507041E+00
   74.3000      0.613282285648E+00
   74.4000      0.603745956781E+00
   74.5000      0.604512542157E+00
   74.6000      0.603086952452E+00
   74.7000      0.606482067391E+00
   74.8000      0.611236137314E+00
   74.9000      0.616903017858E+00
   75.0000      0.618090054118E+00
   75.1000      0.622311830333E+00
   75.2000      0.615534287946E+00
   75.3000      0.615079080514E+00
   75.4000      0.607763364547E+00
   75.5000      0.603754388192E+00
   75.6000      0.605804492459E+00
   75.7000      0.602724189007E+00
   75.8000      0.613365457053E+00
   75.9000      0.613687735989E+00
   76.0000      0.622206373594E+00
   76.1000      0.622821046873E+00
   76.2000      0.622284684083E+00
   76.3000      0.618022950627E+00
   76.4000      0.613553894225E+00
   76.5000      0.604607981170E+00
   76.6000      0.605610002414E+00
   76.7000      0.599021108157E+00
   76.8000      0.606418352994E+00
   76.9000      0.607993614821E+00
   77.0000      0.613210728379E+00
   77.1000      0.619641850557E+00
   77.2000      0.615671208363E+00
   77.3000      0.618186108533E+00
   77.4000      0.607966209716E+00
   77.5000      0.603711696682E+00
   77.6000      0.595923965993E+00
   77.7000      0.591868205849E+00
   77.8000      0.590512246306E+00
   77.9000      0.594167310002E+00
   78.0000      0.594912517317E+00
   78.1000      0.603987644067E+00
   78.2000      0.600815588202E+00
   78.3000      0.605362408777E+00
   78.4000      0.598461456855E+00
   78.5000      0.592751125556E+00
   78.6000      0.588009654026E+00
   78.7000      0.577324178527E+00
   78.8000      0.578794707034E+00
   78.9000      0.572986745494E+00
   79.0000      0.578224536531E+00
   79.1000      0.579893687811E+00
   79.2000      0.583644185744E+00
   79.3000      0.585187517478E+00
   79.4000      0.585787024039E+00
   79.5000      0.579232062967E+00
   79.6000      0.579199769953E+00
   79.7000      0.567028197157E+00
   79.8000      0.568107907803E+00
   79.9000      0.561080169571E+00
   80.0000      0.561552288571E+00
   80.1000      0.565501492072E+00
   80.2000      0.563248114320E+00
   80.3000      0.571772742911E+00
   80.4000      0.567582101946E+00
   80.5000      0.570545942379E+00
   80.6000      0.566429197773E+00
   80.7000      0.562988692121E+00
   80.8000      0.558798162335E+00
   80.9000      0.557463847326E+00
   81.0000      0.551762176159E+00
   81.1000      0.557956934014E+00
   81.2000      0.551701595881E+00
   81.3000      0.560150816053E+00
   81.4000      0.556745235232E+00
   81.5000      0.558523400266E+00
   81.6000      0.559532582706E+00
   81.7000      0.553439156109E+00
   81.8000      0.556381139663E+00
   81.9000      0.549577288244E+00
   82.0000      0.551221177036E+00
   82.1000      0.549366905646E+00
   82.2000      0.549801662765E+00
   82.3000      0.550275373536E+00
   82.4000      0.552169780431E+00
   82.5000      0.548710757827E+00
   82.6000      0.553131469156E+00
   82.7000      0.545076466844E+00
   82.8000      0.549502075728E+00
   82.9000      0.543364078963E+00
   83.0000      0.544201649968E+00
   83.1000      0.545590556305E+00
   83.2000      0.542025641907E+00
   83.3000      0.548426132177E+00
   83.4000      0.543164932172E+00
   83.5000      0.547090794364E+00
   83.6000      0.543143713489E+00
   83.7000      0.541767028403E+00
   83.8000      0.539077129887E+00
   83.9000      0.537696480034E+00
   84.0000      0.533952199234E+00
   84.1000      0.538425205671E+00
   84.2000      0.533157304879E+00
   84.3000      0.541114686436E+00
   84.4000      0.537295917008E+00
   84.5000      0.540094208554E+00
   84.6000      0.540521711746E+00
   84.7000      0.533955262313E+00
   84.8000      0.537411236246E+00
   84.9000      0.527315079192E+00
   85.0000      0.530300254413E+00
   85.1000      0.525454802248E+00
   85.2000      0.527110159836E+00
   85.3000      0.528459423992E+00
   85.4000      0.531297060703E+00
   85.5000      0.531458587036E+00
   85.6000      0.536661354583E+00
   85.7000      0.530264245647E+00
   85.8000      0.534555395831E+00
   85.9000      0.525832702654E+00
   86.0000      0.524935517485E+00
   86.1000      0.522782936546E+00
   86.2000      0.517091000634E+00
   86.3000      0.524132027328E+00
   86.4000      0.518722017327E+00
   86.5000      0.528245524511E+00
   86.6000      0.526665262958E+00
   86.7000      0.530782187265E+00
   86.8000      0.530520532757E+00
   86.9000      0.528942749102E+00
   87.0000      0.524919641183E+00
   87.1000      0.523877911052E+00
   87.2000      0.516037665243E+00
   87.3000      0.519588002732E+00
   87.4000      0.514564016100E+00
   87.5000      0.519398283753E+00
   87.6000      0.523033275975E+00
   87.7000      0.522751196957E+00
   87.8000      0.532382731925E+00
   87.9000      0.525374413107E+00
   88.0000      0.532201758365E+00
   88.1000      0.523424255029E+00
   88.2000      0.522794609690E+00
   88.3000      0.517871575983E+00
   88.4000      0.514696407740E+00
   88.5000      0.514156045633E+00
   88.6000      0.516311297321E+00
   88.7000      0.516695862749E+00
   88.8000      0.524438937828E+00
   88.9000      0.523714484122E+00
   89.0000      0.528450991701E+00
   89.1000      0.528267151598E+00
   89.2000      0.522603993876E+00
   89.3000      0.525219056612E+00
   89.4000      0.512275774393E+00
   89.5000      0.517156737106E+00
   89.6000      0.507683417265E+00
   89.7000      0.512269004818E+00
   89.8000      0.512669907555E+00
   89.9000      0.515494745793E+00
   90.0000      0.520970347278E+00
   90.1000      0.522506054585E+00
   90.2000      0.523558519333E+00
   90.3000      0.524002613045E+00
   90.4000      0.518349402341E+00
   90.5000      0.516186482244E+00
   90.6000      0.511514992692E+00
   90.7000      0.505579191881E+00
   90.8000      0.509928084943E+00
   90.9000      0.502348855412E+00
   91.0000      0.514069312193E+00
   91.1000      0.509302296464E+00
   91.2000      0.518667226298E+00
   91.3000      0.518655317055E+00
   91.4000      0.518697175640E+00
   91.5000      0.520254239182E+00
   91.6000      0.513714503469E+00
   91.7000      0.512494680508E+00
   91.8000      0.507335499333E+00
   91.9000      0.504054249611E+00
   92.0000      0.503852566154E+00
   92.1000      0.504323741336E+00
   92.2000      0.505105727019E+00
   92.3000      0.512970193223E+00
   92.4000      0.509367913695E+00
   92.5000      0.520296714652E+00
   92.6000      0.512686877501E+00
   92.7000      0.517920987742E+00
   92.8000      0.511907773577E+00
   92.9000      0.507668942328E+00
   93.0000      0.507386925734E+00
   93.1000      0.499102139175E+00
   93.2000      0.503129740764E+00
   93.3000      0.499188089457E+00
   93.4000      0.503513605617E+00
   93.5000      0.505644597022E+00
   93.6000      0.508745991988E+00
   93.7000      0.510334941504E+00
   93.8000      0.513595342884E+00
   93.9000      0.508065482640E+00
   94.0000      0.511950733482E+00
   94.1000      0.501317895565E+00
   94.2000      0.503435486897E+00
   94.3000      0.496727673507E+00
   94.4000      0.494675063725E+00
   94.5000      0.497970282017E+00
   94.6000      0.492899861753E+00
   94.7000      0.502710790418E+00
   94.8000      0.498393235499E+00
   94.9000      0.505858988783E+00
   95.0000      0.504060908953E+00
   95.1000      0.504528120044E+00
   95.2000      0.502752004489E+00
   95.3000      0.499660830787E+00
   95.4000      0.494729626299E+00
   95.5000      0.494192401766E+00
   95.6000      0.487547535678E+00
   95.7000      0.490715478500E+00
   95.8000      0.488257071205E+00
   95.9000      0.490268198109E+00
   96.0000      0.495820985779E+00
   96.1000      0.491948055017E+00
   96.2000      0.501886115317E+00
   96.3000      0.493271067696E+00
   96.4000      0.499458515984E+00
   96.5000      0.491745653971E+00
   96.6000      0.490155497748E+00
   96.7000      0.487136902153E+00
   96.8000      0.482097413312E+00
   96.9000      0.482428230511E+00
   97.0000      0.481143444573E+00
   97.1000      0.481707874621E+00
   97.2000      0.485362159084E+00
   97.3000      0.485946072271E+00
   97.4000      0.488094698266E+00
   97.5000      0.490852303623E+00
   97.6000      0.485200705449E+00
   97.7000      0.490298766707E+00
   97.8000      0.478638489770E+00
   97.9000      0.482837371928E+00
   98.0000      0.473686521902E+00
   98.1000      0.474033162107E+00
   98.2000      0.473653684920E+00
   98.3000      0.471075544033E+00
   98.4000      0.477318541971E+00
   98.5000      0.475161450395E+00
   98.6000      0.480700973795E+00
   98.7000      0.480164594111E+00
   98.8000      0.480661606255E+00
   98.9000      0.479113798744E+00
   99.0000      0.477018744385E+00
   99.1000      0.471544834393E+00
   99.2000      0.472089616131E+00
   99.3000      0.464140444143E+00
   99.4000      0.468734829271E+00
   99.5000      0.463969319156E+00
   99.6000      0.468376143087E+00
   99.7000      0.471005482738E+00
   99.8000      0.470023110928E+00
   99.9000      0.477741329513E+00
  100.0000      0.470976869450E+00
  100.1000      0.476831566075E+00
  100.2000      0.469008754417E+00
  100.3000      0.468824198640E+00
  100.4000      0.464466411550E+00
  100.5000      0.461316432922E+00
  100.6000      0.460383922334E+00
  100.7000      0.460488795534E+00
  100.8000      0.460053790920E+00
  100.9000      0.464772503671E+00
  101.0000      0.463757668807E+00
  101.1000      0.467413222043E+00
  101.2000      0.467740140604E+00
  101.3000      0.464118596666E+00
  101.4000      0.467242946756E+00
  101.5000      0.457089064138E+00
  101.6000      0.461362530725E+00
  101.7000      0.452025560128E+00
  101.8000      0.454523261769E+00
  101.9000      0.452293114338E+00
  102.0000      0.452193216519E+00
  102.1000      0.456188018265E+00
  102.2000      0.455106515736E+00
  102.3000      0.459215029565E+00
  102.4000      0.458477303967E+00
  102.5000      0.458458044360E+00
  102.6000      0.457147715766E+00
  102.7000      0.454766059300E+00
  102.8000      0.451057262174E+00
  102.9000      0.451219569495E+00
  103.0000      0.445399318434E+00
  103.1000      0.450050826851E+00
  103.2000      0.445449800895E+00
  103.3000      0.451052885143E+00
  103.4000      0.451147218031E+00
  103.5000      0.452333036322E+00
  103.6000      0.456834306885E+00
  103.7000      0.452105125157E+00
  103.8000      0.456817100247E+00
  103.9000      0.449982420255E+00
  104.0000      0.451247216687E+00
  104.1000      0.447119339746E+00
  104.2000      0.445839280807E+00
  104.3000      0.445346157545E+00
  104.4000      0.445542940041E+00
  104.5000      0.445878942451E+00
  104.6000      0.449343843388E+00
  104.7000      0.448326704764E+00
  104.8000      0.451912036127E+00
  104.9000      0.450658679087E+00
  105.0000      0.449638842853E+00
  105.1000      0.450515617201E+00
  105.2000      0.444103919764E+00
  105.3000      0.447296734672E+00
  105.4000      0.439889922664E+00
  105.5000      0.443128756410E+00
  105.6000      0.439907786468E+00
  105.7000      0.441151054912E+00
  105.8000      0.443030871937E+00
  105.9000      0.442392012572E+00
  106.0000      0.445744663524E+00
  106.1000      0.444637586269E+00
  106.2000      0.445660294461E+00
  106.3000      0.444720262765E+00
  106.4000      0.443359537832E+00
  106.5000      0.441769665823E+00
  106.6000      0.441117332401E+00
  106.7000      0.438079072227E+00
  106.8000      0.440417356539E+00
  106.9000      0.436943918992E+00
  107.0000      0.441020316541E+00
  107.1000      0.439609583678E+00
  107.2000      0.441949599986E+00
  107.3000      0.444015446520E+00
  107.4000      0.442579555990E+00
  107.5000      0.446530378609E+00
  107.6000      0.442653875432E+00
  107.7000      0.445268442083E+00
  107.8000      0.441924139852E+00
  107.9000      0.441752756531E+00
  108.0000      0.440390821605E+00
  108.1000      0.439152788942E+00
  108.2000      0.438854083143E+00
  108.3000      0.439139882542E+00
  108.4000      0.438674492205E+00
  108.5000      0.440755344629E+00
  108.6000      0.440424586907E+00
  108.7000      0.441868135075E+00
  108.8000      0.442726278187E+00
  108.9000      0.441100331182E+00
  109.0000      0.443012751063E+00
  109.1000      0.438600806099E+00
  109.2000      0.440022682486E+00
  109.3000      0.435685027328E+00
  109.4000      0.435447890105E+00
  109.5000      0.433884064748E+00
  109.6000      0.432614230493E+00
  109.7000      0.433972863288E+00
  109.8000      0.433361739322E+00
  109.9000      0.435629221497E+00
  110.0000      0.436401927329E+00
  110.1000      0.437778108649E+00
  110.2000      0.438677788463E+00
  110.3000      0.439033389820E+00
  110.4000      0.438098209903E+00
  110.5000      0.438237187860E+00
  110.6000      0.435162126016E+00
  110.7000      0.435483595748E+00
  110.8000      0.432422327373E+00
  110.9000      0.432766528016E+00
  111.0000      0.432412996249E+00
  111.1000      0.432754131174E+00
  111.2000      0.435601134352E+00
  111.3000      0.436173395152E+00
  111.4000      0.439922769581E+00
  111.5000      0.440538536345E+00
  111.6000      0.442301901418E+00
  111.7000      0.442011761565E+00
  111.8000      0.440922532383E+00
  111.9000      0.438883036670E+00
  112.0000      0.436562310212E+00
  112.1000      0.433392144439E+00
  112.2000      0.432139484265E+00
  112.3000      0.429996676292E+00
  112.4000      0.430660733137E+00
  112.5000      0.431377680766E+00
  112.6000      0.432816438547E+00
  112.7000      0.435840640080E+00
  112.8000      0.436197107199E+00
  112.9000      0.438764453121E+00
  113.0000      0.437165329137E+00
  113.1000      0.436834711822E+00
  113.2000      0.433917719440E+00
  113.3000      0.430937017708E+00
  113.4000      0.428026607909E+00
  113.5000      0.425127859437E+00
  113.6000      0.423351717121E+00
  113.7000      0.423148347386E+00
  113.8000      0.423273966162E+00
  113.9000      0.425736154715E+00
  114.0000      0.427988665497E+00
  114.1000      0.430449284349E+00
  114.2000      0.433824556056E+00
  114.3000      0.433537249378E+00
  114.4000      0.435821259906E+00
  114.5000      0.432556450444E+00
  114.6000      0.432035500074E+00
  114.7000      0.428209462052E+00
  114.8000      0.425574764188E+00
  114.9000      0.423950387295E+00
  115.0000      0.422028981197E+00
  115.1000      0.423412643470E+00
  115.2000      0.424485016909E+00
  115.3000      0.427556724765E+00
  115.4000      0.430785958966E+00
  115.5000      0.433610343885E+00
  115.6000      0.435496689969E+00
  115.7000      0.436792390471E+00
  115.8000      0.434527756980E+00
  115.9000      0.434016770598E+00
  116.0000      0.428450358679E+00
  116.1000      0.426679620941E+00
  116.2000      0.421908954858E+00
  116.3000      0.419833482358E+00
  116.4000      0.419608864446E+00
  116.5000      0.418171794648E+00
  116.6000      0.422450954825E+00
  116.7000      0.422132721944E+00
  116.8000      0.427187402332E+00
  116.9000      0.427536369573E+00
  117.0000      0.429350910398E+00
  117.1000      0.429035212069E+00
  117.2000      0.426640287252E+00
  117.3000      0.424465744952E+00
  117.4000      0.420377744660E+00
  117.5000      0.416838358980E+00
  117.6000      0.414362088435E+00
  117.7000      0.412153784220E+00
  117.8000      0.412266942537E+00
  117.9000      0.414223682612E+00
  118.0000      0.415200045907E+00
  118.1000      0.421115519066E+00
  118.2000      0.420836937703E+00
  118.3000      0.426793387293E+00
  118.4000      0.425026470198E+00
  118.5000      0.426392863928E+00
  118.6000      0.424702297745E+00
  118.7000      0.420324807363E+00
  118.8000      0.420092781704E+00
  118.9000      0.413545223638E+00
  119.0000      0.414868695997E+00
  119.1000      0.411221228445E+00
  119.2000      0.413475451643E+00
  119.3000      0.414782121635E+00
  119.4000      0.417301089044E+00
  119.5000      0.420985743903E+00
  119.6000      0.423074157325E+00
  119.7000      0.424689169241E+00
  119.8000      0.425282490428E+00
  119.9000      0.423055224385E+00
  120.0000      0.421053640312E+00
  120.1000      0.417520734051E+00
  120.2000      0.412893573503E+00
  120.3000      0.412190799703E+00
  120.4000      0.406692743416E+00
  120.5000      0.410265276287E+00
  120.6000      0.406934796000E+00
  120.7000      0.411831523193E+00
  120.8000      0.412831244813E+00
  120.9000      0.414526396640E+00
  121.0000      0.418883853344E+00
  121.1000      0.415521055529E+00
  121.2000      0.419627078324E+00
  121.3000      0.413537290714E+00
  121.4000      0.414281012228E+00
  121.5000      0.409577796706E+00
  121.6000      0.407320266980E+00
  121.7000      0.406110262655E+00
  121.8000      0.404197133480E+00
  121.9000      0.405558804625E+00
  122.0000      0.406628892165E+00
  122.1000      0.408608943983E+00
  122.2000      0.411726613759E+00
  122.3000      0.413512855417E+00
  122.4000      0.414870357287E+00
  122.5000      0.416878384410E+00
  122.6000      0.413675525516E+00
  122.7000      0.415992165111E+00
  122.8000      0.409631575575E+00
  122.9000      0.411291671041E+00
  123.0000      0.406613437866E+00
  123.1000      0.406207466772E+00
  123.2000      0.407340206536E+00
  123.3000      0.404476366981E+00
  123.4000      0.410788642082E+00
  123.5000      0.406930015327E+00
  123.6000      0.413512342706E+00
  123.7000      0.410842296055E+00
  123.8000      0.412978063939E+00
  123.9000      0.412468834884E+00
  124.0000      0.409627670593E+00
  124.1000      0.410136993533E+00
  124.2000      0.405808084485E+00
  124.3000      0.405701637832E+00
  124.4000      0.403368056285E+00
  124.5000      0.402782544711E+00
  124.6000      0.402684826637E+00
  124.7000      0.403458029439E+00
  124.8000      0.403129636450E+00
  124.9000      0.406384860433E+00
  125.0000      0.404114621105E+00
  125.1000      0.408249425468E+00
  125.2000      0.405293641416E+00
  125.3000      0.407045645891E+00
  125.4000      0.406390071163E+00
  125.5000      0.403660182585E+00
  125.6000      0.406908980365E+00
  125.7000      0.401020316421E+00
  125.8000      0.406441404856E+00
  125.9000      0.401399443668E+00
  126.0000      0.405385207162E+00
  126.1000      0.404595244122E+00
  126.2000      0.404622908648E+00
  126.3000      0.408066799401E+00
  126.4000      0.404775621516E+00
  126.5000      0.409115438540E+00
  126.6000      0.405427789841E+00
  126.7000      0.407445753202E+00
  126.8000      0.405589159582E+00
  126.9000      0.405085248196E+00
  127.0000      0.404673109254E+00
  127.1000      0.403999486074E+00
  127.2000      0.403126142721E+00
  127.3000      0.403979476914E+00
  127.4000      0.402068235314E+00
  127.5000      0.403434790331E+00
  127.6000      0.402237503521E+00
  127.7000      0.401486420776E+00
  127.8000      0.403176965718E+00
  127.9000      0.399182354978E+00
  128.0000      0.403563779315E+00
  128.1000      0.398371422886E+00
  128.2000      0.402685382586E+00
  128.3000      0.399981934014E+00
  128.4000      0.401006751343E+00
  128.5000      0.402937174970E+00
  128.6000      0.399772468066E+00
  128.7000      0.404843516994E+00
  128.8000      0.399709674998E+00
  128.9000      0.404257878771E+00
  129.0000      0.400713496022E+00
  129.1000      0.402068915949E+00
  129.2000      0.402093918971E+00
  129.3000      0.400717518412E+00
  129.4000      0.403180575688E+00
  129.5000      0.401532322178E+00
  129.6000      0.403783969091E+00
  129.7000      0.403453753100E+00
  129.8000      0.404118823041E+00
  129.9000      0.404185905627E+00
  130.0000      0.404155544696E+00
  130.1000      0.402558101985E+00
  130.2000      0.403325966140E+00
  130.3000      0.399569498246E+00
  130.4000      0.401146094881E+00
  130.5000      0.397538726138E+00
  130.6000      0.398260807087E+00
  130.7000      0.397914715901E+00
  130.8000      0.396261728541E+00
  130.9000      0.400154937403E+00
  131.0000      0.396415985174E+00
  131.1000      0.402109239547E+00
  131.2000      0.398563997180E+00
  131.3000      0.402042110988E+00
  131.4000      0.400973135873E+00
  131.5000      0.399814019444E+00
  131.6000      0.401637496282E+00
  131.7000      0.396937733170E+00
  131.8000      0.399931068373E+00
  131.9000      0.395408023411E+00
  132.0000      0.397652803674E+00
  132.1000      0.396430715949E+00
  132.2000      0.397461947472E+00
  132.3000      0.399519679489E+00
  132.4000      0.400127232598E+00
  132.5000      0.402717843302E+00
  132.6000      0.403368103333E+00
  132.7000      0.403995598391E+00
  132.8000      0.403952349604E+00
  132.9000      0.402699768442E+00
  133.0000      0.400822929839E+00
  133.1000      0.399704895388E+00
  133.2000      0.395996034359E+00
  133.3000      0.396645802897E+00
  133.4000      0.392900483551E+00
  133.5000      0.394875940376E+00
  133.6000      0.393678108014E+00
  133.7000      0.395069434669E+00
  133.8000      0.397611977871E+00
  133.9000      0.396725213432E+00
  134.0000      0.401528295894E+00
  134.1000      0.398504806997E+00
  134.2000      0.402164855244E+00
  134.3000      0.398833987079E+00
  134.4000      0.398742691450E+00
  134.5000      0.397165087465E+00
  134.6000      0.393603981911E+00
  134.7000      0.394434718062E+00
  134.8000      0.390426888484E+00
  134.9000      0.392827679777E+00
  135.0000      0.391442351985E+00
  135.1000      0.394092481138E+00
  135.2000      0.395858081043E+00
  135.3000      0.397819724579E+00
  135.4000      0.400447768634E+00
  135.5000      0.401239369729E+00
  135.6000      0.402035069357E+00
  135.7000      0.401432773540E+00
  135.8000      0.399817750769E+00
  135.9000      0.397951107163E+00
  136.0000      0.395705579026E+00
  136.1000      0.393117224240E+00
  136.2000      0.392480938352E+00
  136.3000      0.390192124265E+00
  136.4000      0.391816284234E+00
  136.5000      0.390968868591E+00
  136.6000      0.393513820415E+00
  136.7000      0.394784427693E+00
  136.8000      0.396015629178E+00
  136.9000      0.398707558488E+00
  137.0000      0.397301196105E+00
  137.1000      0.399559370985E+00
  137.2000      0.396157709573E+00
  137.3000      0.396205181488E+00
  137.4000      0.392959044688E+00
  137.5000      0.390769436329E+00
  137.6000      0.389594819957E+00
  137.7000      0.386889454223E+00
  137.8000      0.388130451543E+00
  137.9000      0.387004914923E+00
  138.0000      0.389558857076E+00
  138.1000      0.390638225150E+00
  138.2000      0.393019080834E+00
  138.3000      0.395082966495E+00
  138.4000      0.396265490075E+00
  138.5000      0.397349422305E+00
  138.6000      0.397043264845E+00
  138.7000      0.396238944331E+00
  138.8000      0.394834310786E+00
  138.9000      0.392970441592E+00
  139.0000      0.391279820101E+00
  139.1000      0.390103613021E+00
  139.2000      0.388900395180E+00
  139.3000      0.389452278553E+00
  139.4000      0.389179269485E+00
  139.5000      0.391009025029E+00
  139.6000      0.391628761115E+00
  139.7000      0.393128444948E+00
  139.8000      0.394079978027E+00
  139.9000      0.393848688092E+00
  140.0000      0.394235006265E+00
  140.1000      0.392092291196E+00
  140.2000      0.391299255174E+00
  140.3000      0.388514659337E+00
  140.4000      0.386912668163E+00
  140.5000      0.385074449664E+00
  140.6000      0.383752807439E+00
  140.7000      0.383620383994E+00
  140.8000      0.383581453727E+00
  140.9000      0.384778030736E+00
  141.0000      0.386050839758E+00
  141.1000      0.387720690641E+00
  141.2000      0.389418983713E+00
  141.3000      0.390887004490E+00
  141.4000      0.391740548667E+00
  141.5000      0.392586685675E+00
  141.6000      0.391935594033E+00
  141.7000      0.392020372093E+00
  141.8000      0.390421531700E+00
  141.9000      0.389840383415E+00
  142.0000      0.388698450623E+00
  142.1000      0.387768792542E+00
  142.2000      0.388052964641E+00
  142.3000      0.387104119366E+00
  142.4000      0.388403907098E+00
  142.5000      0.387692753601E+00
  142.6000      0.388651752865E+00
  142.7000      0.388179479824E+00
  142.8000      0.387762064257E+00
  142.9000      0.387229459571E+00
  143.0000      0.385567957343E+00
  143.1000      0.384632969997E+00
  143.2000      0.382732568697E+00
  143.3000      0.381610570707E+00
  143.4000      0.380531341289E+00
  143.5000      0.380053026295E+00
  143.6000      0.380107831570E+00
  143.7000      0.380968035346E+00
  143.8000      0.381734851118E+00
  143.9000      0.383801802029E+00
  144.0000      0.384669911899E+00
  144.1000      0.386854554949E+00
  144.2000      0.387619576208E+00
  144.3000      0.388542457883E+00
  144.4000      0.389479605991E+00
  144.5000      0.388306658868E+00
  144.6000      0.389545494105E+00
  144.7000      0.386802959720E+00
  144.8000      0.387872045953E+00
  144.9000      0.385432341299E+00
  145.0000      0.385318391803E+00
  145.1000      0.384950403351E+00
  145.2000      0.382964928848E+00
  145.3000      0.384727588705E+00
  145.4000      0.381414625919E+00
  145.5000      0.383524475530E+00
  145.6000      0.380516229979E+00
  145.7000      0.381013247753E+00
  145.8000      0.379792928115E+00
  145.9000      0.378183226237E+00
  146.0000      0.378940233105E+00
  146.1000      0.376405521660E+00
  146.2000      0.378222380776E+00
  146.3000      0.376601658325E+00
  146.4000      0.378442789836E+00
  146.5000      0.378925214942E+00
  146.6000      0.380277260352E+00
  146.7000      0.382566639111E+00
  146.8000      0.383342302506E+00
  146.9000      0.385784786838E+00
  147.0000      0.386047494934E+00
  147.1000      0.387036918234E+00
  147.2000      0.386776940214E+00
  147.3000      0.386195582912E+00
  147.4000      0.385040493939E+00
  147.5000      0.384205232116E+00
  147.6000      0.381849551021E+00
  147.7000      0.381968519136E+00
  147.8000      0.379094409530E+00
  147.9000      0.379718026661E+00
  148.0000      0.378055761966E+00
  148.1000      0.377475898610E+00
  148.2000      0.378450414142E+00
  148.3000      0.375627169272E+00
  148.4000      0.378730037779E+00
  148.5000      0.374644941069E+00
  148.6000      0.377588489115E+00
  148.7000      0.374793658373E+00
  148.8000      0.375332418822E+00
  148.9000      0.376010572008E+00
  149.0000      0.373595214658E+00
  149.1000      0.377889783814E+00
  149.2000      0.374198599599E+00
  149.3000      0.380003471523E+00
  149.4000      0.377977966504E+00
  149.5000      0.381993957826E+00
  149.6000      0.383688953191E+00
  149.7000      0.383400383608E+00
  149.8000      0.388100408038E+00
  149.9000      0.383607975369E+00
  150.0000      0.388010567939E+00
  150.1000      0.382143159166E+00
  150.2000      0.382987412628E+00
  150.3000      0.379168148898E+00
  150.4000      0.375889023266E+00
  150.5000      0.375470592985E+00
  150.6000      0.370403071210E+00
  150.7000      0.372218567828E+00
  150.8000      0.368596014295E+00
  150.9000      0.370771947413E+00
  151.0000      0.370382680692E+00
  151.1000      0.371937991083E+00
  151.2000      0.374180351791E+00
  151.3000      0.375128247570E+00
  151.4000      0.377854839657E+00
  151.5000      0.378446166915E+00
  151.6000      0.379724215553E+00
  151.7000      0.379851071805E+00
  151.8000      0.379504068288E+00
  151.9000      0.378702783525E+00
  152.0000      0.378373863007E+00
  152.1000      0.376329600292E+00
  152.2000      0.377640349254E+00
  152.3000      0.375041659262E+00
  152.4000      0.377572370597E+00
  152.5000      0.376369172735E+00
  152.6000      0.377595584692E+00
  152.7000      0.379511128184E+00
  152.8000      0.377033778398E+00
  152.9000      0.381503862699E+00
  153.0000      0.375681875270E+00
  153.1000      0.379695317074E+00
  153.2000      0.373949130937E+00
  153.3000      0.374171342459E+00
  153.4000      0.372422933119E+00
  153.5000      0.367777541814E+00
  153.6000      0.371403769188E+00
  153.7000      0.364182595887E+00
  153.8000      0.370984755455E+00
  153.9000      0.365752628331E+00
  154.0000      0.371409024740E+00
  154.1000      0.372172745504E+00
  154.2000      0.373056481278E+00
  154.3000      0.380224834378E+00
  154.4000      0.375867413333E+00
  154.5000      0.385356953859E+00
  154.6000      0.378905424879E+00
  154.7000      0.384713324480E+00
  154.8000      0.380665238483E+00
  154.9000      0.379145369442E+00
  155.0000      0.379831676400E+00
  155.1000      0.372175583220E+00
  155.2000      0.376187219910E+00
  155.3000      0.367386115162E+00
  155.4000      0.371302578362E+00
  155.5000      0.366605913862E+00
  155.6000      0.367859941052E+00
  155.7000      0.369302731199E+00
  155.8000      0.367586460261E+00
  155.9000      0.373052926107E+00
  156.0000      0.369960805664E+00
  156.1000      0.375264109926E+00
  156.2000      0.373002341821E+00
  156.3000      0.375112040238E+00
  156.4000      0.374923641377E+00
  156.5000      0.373779341350E+00
  156.6000      0.375067336077E+00
  156.7000      0.372845142596E+00
  156.8000      0.373991646189E+00
  156.9000      0.372787810434E+00
  157.0000      0.373065396231E+00
  157.1000      0.373097648550E+00
  157.2000      0.373479386379E+00
  157.3000      0.373314550992E+00
  157.4000      0.375077066431E+00
  157.5000      0.373493441451E+00
  157.6000      0.376215753938E+00
  157.7000      0.373799678293E+00
  157.8000      0.375128531767E+00
  157.9000      0.373968123057E+00
  158.0000      0.371574054740E+00
  158.1000      0.373326896792E+00
  158.2000      0.367334657462E+00
  158.3000      0.371512160244E+00
  158.4000      0.365245250396E+00
  158.5000      0.369134769487E+00
  158.6000      0.367146481324E+00
  158.7000      0.367443256975E+00
  158.8000      0.372018933045E+00
  158.9000      0.367364247690E+00
  159.0000      0.376373200312E+00
  159.1000      0.369185471872E+00
  159.2000      0.377187413514E+00
  159.3000      0.372710287016E+00
  159.4000      0.374442315006E+00
  159.5000      0.376797751719E+00
  159.6000      0.370626478894E+00
  159.7000      0.379054930641E+00
  159.8000      0.368389279972E+00
  159.9000      0.377383066857E+00
  160.0000      0.368967759825E+00
  160.1000      0.372312171315E+00
  160.2000      0.371830527053E+00
  160.3000      0.367033552985E+00
  160.4000      0.374843229532E+00
  160.5000      0.364721075996E+00
  160.6000      0.375331673447E+00
  160.7000      0.366089221763E+00
  160.8000      0.372114863640E+00
  160.9000      0.369370002517E+00
  161.0000      0.366790051594E+00
  161.1000      0.372035356502E+00
  161.2000      0.362823892124E+00
  161.3000      0.372586434987E+00
  161.4000      0.363172108312E+00
  161.5000      0.371366527103E+00
  161.6000      0.368169134613E+00
  161.7000      0.370011922725E+00
  161.8000      0.375043396095E+00
  161.9000      0.370042414577E+00
  162.0000      0.379684582920E+00
  162.1000      0.371796298762E+00
  162.2000      0.379643992797E+00
  162.3000      0.374247175285E+00
  162.4000      0.375639327046E+00
  162.5000      0.375419508041E+00
  162.6000      0.370172114966E+00
  162.7000      0.373510759537E+00
  162.8000      0.365369066410E+00
  162.9000      0.368628066939E+00
  163.0000      0.362496915659E+00
  163.1000      0.363461414018E+00
  163.2000      0.362395608388E+00
  163.3000      0.361431746406E+00
  163.4000      0.365089791613E+00
  163.5000      0.363876897458E+00
  163.6000      0.369280153326E+00
  163.7000      0.369193347664E+00
  163.8000      0.373133729513E+00
  163.9000      0.374317447212E+00
  164.0000      0.375520059681E+00
  164.1000      0.376701908155E+00
  164.2000      0.376118061421E+00
  164.3000      0.375652305574E+00
  164.4000      0.374831458833E+00
  164.5000      0.372642740353E+00
  164.6000      0.371793391284E+00
  164.7000      0.369993517217E+00
  164.8000      0.367826338778E+00
  164.9000      0.368700584388E+00
  165.0000      0.364483573721E+00
  165.1000      0.367956933085E+00
  165.2000      0.363435317180E+00
  165.3000      0.366895134635E+00
  165.4000      0.365377379681E+00
  165.5000      0.365782946254E+00
  165.6000      0.369061579871E+00
  165.7000      0.365220673765E+00
  165.8000      0.371737188597E+00
  165.9000      0.365465078803E+00
  166.0000      0.371362952678E+00
  166.1000      0.367084184427E+00
  166.2000      0.368595630660E+00
  166.3000      0.370809110286E+00
  166.4000      0.366343171479E+00
  166.5000      0.375708901324E+00
  166.6000      0.367288769668E+00
  166.7000      0.378643547457E+00
  166.8000      0.371608353922E+00
  166.9000      0.376856832671E+00
  167.0000      0.376517779568E+00
  167.1000      0.370867559366E+00
  167.2000      0.378043302567E+00
  167.3000      0.364187375764E+00
  167.4000      0.373999125603E+00
  167.5000      0.360394174767E+00
  167.6000      0.365722818850E+00
  167.7000      0.360630356412E+00
  167.8000      0.357103279352E+00
  167.9000      0.363462536101E+00
  168.0000      0.352526288842E+00
  168.1000      0.366769271399E+00
  168.2000      0.355521612797E+00
  168.3000      0.369665005874E+00
  168.4000      0.366933452503E+00
  168.5000      0.372460282760E+00
  168.6000      0.382247121181E+00
  168.7000      0.375074608591E+00
  168.8000      0.392258164819E+00
  168.9000      0.376412588768E+00
  169.0000      0.389677119527E+00
  169.1000      0.375494735734E+00
  169.2000      0.375726476386E+00
  169.3000      0.372278515827E+00
  169.4000      0.358933618195E+00
  169.5000      0.367117027081E+00
  169.6000      0.347915785205E+00
  169.7000      0.360611117007E+00
  169.8000      0.346602985227E+00
  169.9000      0.354763283085E+00
  170.0000      0.354643741774E+00
  170.1000      0.353331783192E+00
  170.2000      0.368696017312E+00
  170.3000      0.359557612037E+00
  170.4000      0.382663394535E+00
  170.5000      0.372682942089E+00
  170.6000      0.389652773572E+00
  170.7000      0.386561239065E+00
  170.8000      0.386210853400E+00
  170.9000      0.392625718900E+00
  171.0000      0.374916302882E+00
  171.1000      0.386070210395E+00
  171.2000      0.362484785003E+00
  171.3000      0.370069842578E+00
  171.4000      0.355048639665E+00
  171.5000      0.353417897356E+00
  171.6000      0.354475583683E+00
  171.7000      0.344031760886E+00
  171.8000      0.358454345867E+00
  171.9000      0.345361345507E+00
  172.0000      0.363807704042E+00
  172.1000      0.357160517688E+00
  172.2000      0.369255927019E+00
  172.3000      0.375617182997E+00
  172.4000      0.374714837294E+00
  172.5000      0.392154334457E+00
  172.6000      0.379048293300E+00
  172.7000      0.396755128437E+00
  172.8000      0.380064617948E+00
  172.9000      0.386087013968E+00
  173.0000      0.376626166373E+00
  173.1000      0.367148914126E+00
  173.2000      0.369778188787E+00
  173.3000      0.351291127039E+00
  173.4000      0.362007151186E+00
  173.5000      0.345763075487E+00
  173.6000      0.356112906901E+00
  173.7000      0.351088018663E+00
  173.8000      0.354368543929E+00
  173.9000      0.363249515759E+00
  174.0000      0.357907362495E+00
  174.1000      0.376193303402E+00
  174.2000      0.366506455779E+00
  174.3000      0.384208912820E+00
  174.4000      0.378040031252E+00
  174.5000      0.384541128111E+00
  174.6000      0.387408101303E+00
  174.7000      0.378209673803E+00
  174.8000      0.388018480647E+00
  174.9000      0.368656523801E+00
  175.0000      0.377571296546E+00
  175.1000      0.360335060152E+00
  175.2000      0.362147971627E+00
  175.3000      0.357270993877E+00
  175.4000      0.351685587762E+00
  175.5000      0.360438199018E+00
  175.6000      0.351251317306E+00
  175.7000      0.366445339471E+00
  175.8000      0.358768038446E+00
  175.9000      0.370614116309E+00
  176.0000      0.369791274584E+00
  176.1000      0.371569652669E+00
  176.2000      0.380587481066E+00
  176.3000      0.371749427968E+00
  176.4000      0.387086283596E+00
  176.5000      0.373597280895E+00
  176.6000      0.385482943522E+00
  176.7000      0.376166603089E+00
  176.8000      0.375711169346E+00
  176.9000      0.375784028701E+00
  177.0000      0.362729767901E+00
  177.1000      0.370563024428E+00
  177.2000      0.354041603647E+00
  177.3000      0.364189885142E+00
  177.4000      0.355693179395E+00
  177.5000      0.362833070465E+00
  177.6000      0.367438860228E+00
  177.7000      0.367003828166E+00
  177.8000      0.380366915780E+00
  177.9000      0.370461906231E+00
  178.0000      0.383803395983E+00
  178.1000      0.370530632675E+00
  178.2000      0.377479405924E+00
  178.3000      0.373990222639E+00
  178.4000      0.371956029704E+00
  178.5000      0.385453560357E+00
  178.6000      0.373563262610E+00
  178.7000      0.394541292278E+00
  178.8000      0.375639656161E+00
  178.9000      0.386300120382E+00
  179.0000      0.371282006312E+00
  179.1000      0.365009197361E+00
  179.2000      0.368907341569E+00
  179.3000      0.356484069546E+00
  179.4000      0.385137536206E+00
  179.5000      0.381353893532E+00
  179.6000      0.422438448763E+00
  179.7000      0.431999301604E+00
  179.8000      0.460653812346E+00
  179.9000      0.484553769382E+00
  180.0000      0.530962521491E+00
