    0.1000      0.465297465721E+07
    0.2000      0.897972395416E+06
    0.3000      0.249394702254E+06
    0.4000      0.142151422120E+06
    0.5000      0.101118507942E+06
    0.6000      0.643339024475E+05
    0.7000      0.465657434894E+05
    0.8000      0.367828632204E+05
    0.9000      0.340874773414E+05
    1.0000      0.257167567125E+05
    1.1000      0.206881969930E+05
    1.2000      0.141235803506E+05
    1.3000      0.103117825835E+05
    1.4000      0.968148921028E+04
    1.5000      0.636937107525E+04
    1.6000      0.370145570751E+04
    1.7000      0.327141441628E+04
    1.8000      0.301652739684E+04
    1.9000      0.253357644263E+04
    2.0000      0.187027046902E+04
    2.1000      0.144874455050E+04
    2.2000      0.143108393612E+04
    2.3000      0.124169163516E+04
    2.4000      0.101229958571E+04
    2.5000      0.892349189523E+03
    2.6000      0.673756116626E+03
    2.7000      0.632337616634E+03
    2.8000      0.592409278807E+03
    2.9000      0.528908190567E+03
    3.0000      0.593768214399E+03
    3.1000      0.545981013730E+03
    3.2000      0.480757271115E+03
    3.3000      0.376742925608E+03
    3.4000      0.316022282166E+03
    3.5000      0.376584577488E+03
    3.6000      0.414665265917E+03
    3.7000      0.464556985195E+03
    3.8000      0.405095631446E+03
    3.9000      0.285604893396E+03
    4.0000      0.245482426050E+03
    4.1000      0.258691652031E+03
    4.2000      0.323331698092E+03
    4.3000      0.346495063934E+03
    4.4000      0.312355769597E+03
    4.5000      0.255902719820E+03
    4.6000      0.201061494518E+03
    4.7000      0.203565520065E+03
    4.8000      0.232319853885E+03
    4.9000      0.255278586290E+03
    5.0000      0.248519617870E+03
    5.1000      0.209254303721E+03
    5.2000      0.175069151082E+03
    5.3000      0.151196533542E+03
    5.4000      0.153423726746E+03
    5.5000      0.163946825172E+03
    5.6000      0.165015899195E+03
    5.7000      0.158296080567E+03
    5.8000      0.132279519309E+03
    5.9000      0.110028872374E+03
    6.0000      0.947655699912E+02
    6.1000      0.967686279141E+02
    6.2000      0.111476120108E+03
    6.3000      0.113081829585E+03
    6.4000      0.102706092481E+03
    6.5000      0.785373152196E+02
    6.6000      0.618571263738E+02
    6.7000      0.614978430255E+02
    6.8000      0.705373145209E+02
    6.9000      0.788544176067E+02
    7.0000      0.720725207146E+02
    7.1000      0.563294584746E+02
    7.2000      0.421223285611E+02
    7.3000      0.384486778830E+02
    7.4000      0.431218922596E+02
    7.5000      0.473331194844E+02
    7.6000      0.452475978524E+02
    7.7000      0.386650215715E+02
    7.8000      0.317648617716E+02
    7.9000      0.280739373694E+02
    8.0000      0.268558379083E+02
    8.1000      0.265190813147E+02
    8.2000      0.279161671204E+02
    8.3000      0.286441005982E+02
    8.4000      0.293314674615E+02
    8.5000      0.256005348410E+02
    8.6000      0.206047910567E+02
    8.7000      0.174158232566E+02
    8.8000      0.185073562490E+02
    8.9000      0.243450985322E+02
    9.0000      0.267909396762E+02
    9.1000      0.253130391551E+02
    9.2000      0.186923867748E+02
    9.3000      0.142523925942E+02
    9.4000      0.151702283828E+02
    9.5000      0.194634176828E+02
    9.6000      0.233122751649E+02
    9.7000      0.214681770685E+02
    9.8000      0.172957139298E+02
    9.9000      0.128649432256E+02
   10.0000      0.129397560359E+02
   10.1000      0.148101171880E+02
   10.2000      0.165760131778E+02
   10.3000      0.162106993113E+02
   10.4000      0.135934317134E+02
   10.5000      0.124405226974E+02
   10.6000      0.110858105231E+02
   10.7000      0.116927602152E+02
   10.8000      0.114294522732E+02
   10.9000      0.114101680275E+02
   11.0000      0.121042504433E+02
   11.1000      0.122678428271E+02
   11.2000      0.126814009607E+02
   11.3000      0.113824094896E+02
   11.4000      0.102073271666E+02
   11.5000      0.996475111522E+01
   11.6000      0.112219782292E+02
   11.7000      0.129098017374E+02
   11.8000      0.135721323592E+02
   11.9000      0.119753024908E+02
   12.0000      0.100170224228E+02
   12.1000      0.871823141607E+01
   12.2000      0.906960522665E+01
   12.3000      0.108216028361E+02
   12.4000      0.109534042903E+02
   12.5000      0.107482304431E+02
   12.6000      0.858768071283E+01
   12.7000      0.745101310986E+01
   12.8000      0.724331080212E+01
   12.9000      0.748040308010E+01
   13.0000      0.876894033264E+01
   13.1000      0.851112138525E+01
   13.2000      0.897609247209E+01
   13.3000      0.831156690637E+01
   13.4000      0.818535158583E+01
   13.5000      0.812483044853E+01
   13.6000      0.804212936198E+01
   13.7000      0.904659458308E+01
   13.8000      0.947697125734E+01
   13.9000      0.105313927896E+02
   14.0000      0.101070326562E+02
   14.1000      0.948990758834E+01
   14.2000      0.853785501929E+01
   14.3000      0.811228311622E+01
   14.4000      0.879869403966E+01
   14.5000      0.911509919209E+01
   14.6000      0.940359043923E+01
   14.7000      0.819540157010E+01
   14.8000      0.699818302431E+01
   14.9000      0.595516020338E+01
   15.0000      0.574965030083E+01
   15.1000      0.614631360735E+01
   15.2000      0.612176094459E+01
   15.3000      0.586410616820E+01
   15.4000      0.502565843709E+01
   15.5000      0.466730631828E+01
   15.6000      0.456233019992E+01
   15.7000      0.487923999031E+01
   15.8000      0.503344371734E+01
   15.9000      0.504727374874E+01
   16.0000      0.519319611142E+01
   16.1000      0.550863343888E+01
   16.2000      0.618575556380E+01
   16.3000      0.646627381604E+01
   16.4000      0.651790660985E+01
   16.5000      0.623365540030E+01
   16.6000      0.630374142002E+01
   16.7000      0.692449995174E+01
   16.8000      0.770632519089E+01
   16.9000      0.819808847743E+01
   17.0000      0.784085391705E+01
   17.1000      0.709813303434E+01
   17.2000      0.654362586990E+01
   17.3000      0.668090815843E+01
   17.4000      0.728561540329E+01
   17.5000      0.766527014415E+01
   17.6000      0.731474000103E+01
   17.7000      0.638797603392E+01
   17.8000      0.550283686036E+01
   17.9000      0.521459105925E+01
   18.0000      0.547628571195E+01
   18.1000      0.574345656375E+01
   18.2000      0.554467490688E+01
   18.3000      0.489472267151E+01
   18.4000      0.421236021808E+01
   18.5000      0.395549000840E+01
   18.6000      0.409183769737E+01
   18.7000      0.424434918466E+01
   18.8000      0.420288713907E+01
   18.9000      0.381490556705E+01
   19.0000      0.364878357053E+01
   19.1000      0.366179741879E+01
   19.2000      0.393191905588E+01
   19.3000      0.412843639450E+01
   19.4000      0.394176106851E+01
   19.5000      0.389427144457E+01
   19.6000      0.383260215403E+01
   19.7000      0.432651351959E+01
   19.8000      0.475165024402E+01
   19.9000      0.491813180608E+01
   20.0000      0.482613053530E+01
   20.1000      0.446978528992E+01
   20.2000      0.471901058268E+01
   20.3000      0.515326057454E+01
   20.4000      0.584268629881E+01
   20.5000      0.605958128408E+01
   20.6000      0.571594152840E+01
   20.7000      0.532545685096E+01
   20.8000      0.513295717158E+01
   20.9000      0.565085370412E+01
   21.0000      0.625213329652E+01
   21.1000      0.653696018410E+01
   21.2000      0.617457488436E+01
   21.3000      0.541234212363E+01
   21.4000      0.493291193682E+01
   21.5000      0.501393936508E+01
   21.6000      0.549196153595E+01
   21.7000      0.583634536202E+01
   21.8000      0.554521962999E+01
   21.9000      0.479604371775E+01
   22.0000      0.404944849490E+01
   22.1000      0.371931505085E+01
   22.2000      0.397556805125E+01
   22.3000      0.420160610880E+01
   22.4000      0.422989878420E+01
   22.5000      0.373903160541E+01
   22.6000      0.314677322461E+01
   22.7000      0.283370727417E+01
   22.8000      0.277069529468E+01
   22.9000      0.304840513964E+01
   23.0000      0.304606003773E+01
   23.1000      0.297599634508E+01
   23.2000      0.274729258911E+01
   23.3000      0.265486846585E+01
   23.4000      0.281892225623E+01
   23.5000      0.290281927753E+01
   23.6000      0.300345817674E+01
   23.7000      0.283190194412E+01
   23.8000      0.277648045771E+01
   23.9000      0.289307666281E+01
   24.0000      0.317437492727E+01
   24.1000      0.349121954431E+01
   24.2000      0.347109366709E+01
   24.3000      0.324267942071E+01
   24.4000      0.291734200066E+01
   24.5000      0.283648182297E+01
   24.6000      0.308947543965E+01
   24.7000      0.343542431808E+01
   24.8000      0.361050677175E+01
   24.9000      0.339971569415E+01
   25.0000      0.293984901808E+01
   25.1000      0.257233056597E+01
   25.2000      0.249587925113E+01
   25.3000      0.273918170936E+01
   25.4000      0.300604514224E+01
   25.5000      0.303155299365E+01
   25.6000      0.278095653040E+01
   25.7000      0.238846787393E+01
   25.8000      0.217551117698E+01
   25.9000      0.221236782024E+01
   26.0000      0.242932612869E+01
   26.1000      0.260399257575E+01
   26.2000      0.258209420848E+01
   26.3000      0.243368099578E+01
   26.4000      0.229655788083E+01
   26.5000      0.231814693968E+01
   26.6000      0.246979205350E+01
   26.7000      0.261443026580E+01
   26.8000      0.264036392539E+01
   26.9000      0.255579006131E+01
   27.0000      0.248276697513E+01
   27.1000      0.254144963257E+01
   27.2000      0.270980911888E+01
   27.3000      0.286203142344E+01
   27.4000      0.285470403128E+01
   27.5000      0.267792769420E+01
   27.6000      0.246713971107E+01
   27.7000      0.239991874755E+01
   27.8000      0.252410076950E+01
   27.9000      0.273963760737E+01
   28.0000      0.283095817676E+01
   28.1000      0.268628147151E+01
   28.2000      0.238427558309E+01
   28.3000      0.209703934776E+01
   28.4000      0.205838633999E+01
   28.5000      0.221075623606E+01
   28.6000      0.244540121243E+01
   28.7000      0.251312851109E+01
   28.8000      0.233605868916E+01
   28.9000      0.206320678827E+01
   29.0000      0.183196208111E+01
   29.1000      0.187356226838E+01
   29.2000      0.206443702166E+01
   29.3000      0.228666725611E+01
   29.4000      0.235476541908E+01
   29.5000      0.221300662824E+01
   29.6000      0.204552177339E+01
   29.7000      0.194681996768E+01
   29.8000      0.204370975260E+01
   29.9000      0.224128440572E+01
   30.0000      0.237035764200E+01
   30.1000      0.239588272325E+01
   30.2000      0.227344428541E+01
   30.3000      0.217980881119E+01
   30.4000      0.219617766884E+01
   30.5000      0.227366387922E+01
   30.6000      0.242480054580E+01
   30.7000      0.240201947642E+01
   30.8000      0.234747242583E+01
   30.9000      0.221462865397E+01
   31.0000      0.214979426184E+01
   31.1000      0.223228250228E+01
   31.2000      0.225708873097E+01
   31.3000      0.234754052429E+01
   31.4000      0.220320308046E+01
   31.5000      0.209764176887E+01
   31.6000      0.196596245051E+01
   31.7000      0.193144155376E+01
   31.8000      0.204192794635E+01
   31.9000      0.204127461644E+01
   32.0000      0.209112020252E+01
   32.1000      0.191323102119E+01
   32.2000      0.181760698052E+01
   32.3000      0.171770648114E+01
   32.4000      0.173191853439E+01
   32.5000      0.183566681673E+01
   32.6000      0.184481048097E+01
   32.7000      0.186391920117E+01
   32.8000      0.172244538175E+01
   32.9000      0.166449736420E+01
   33.0000      0.160607864208E+01
   33.1000      0.165886554203E+01
   33.2000      0.172073959859E+01
   33.3000      0.174389653676E+01
   33.4000      0.172191961979E+01
   33.5000      0.163641796422E+01
   33.6000      0.159913395015E+01
   33.7000      0.156979153714E+01
   33.8000      0.162433025722E+01
   33.9000      0.163042711752E+01
   34.0000      0.165121221023E+01
   34.1000      0.158865474015E+01
   34.2000      0.154963194294E+01
   34.3000      0.151082014890E+01
   34.4000      0.150014293556E+01
   34.5000      0.152790752179E+01
   34.6000      0.150038890675E+01
   34.7000      0.151001435768E+01
   34.8000      0.143945220718E+01
   34.9000      0.143717732551E+01
   35.0000      0.140219988887E+01
   35.1000      0.141176135656E+01
   35.2000      0.141372162015E+01
   35.3000      0.139158294645E+01
   35.4000      0.139683016218E+01
   35.5000      0.136226859286E+01
   35.6000      0.139120948113E+01
   35.7000      0.138337212141E+01
   35.8000      0.141299629103E+01
   35.9000      0.140743059019E+01
   36.0000      0.140969772843E+01
   36.1000      0.141888146319E+01
   36.2000      0.143537872519E+01
   36.3000      0.148316537760E+01
   36.4000      0.150975409858E+01
   36.5000      0.154376470719E+01
   36.6000      0.154023188502E+01
   36.7000      0.155035857646E+01
   36.8000      0.156030428080E+01
   36.9000      0.159957266412E+01
   37.0000      0.164555035322E+01
   37.1000      0.168236803504E+01
   37.2000      0.169774735725E+01
   37.3000      0.168685965977E+01
   37.4000      0.167471714909E+01
   37.5000      0.167456414923E+01
   37.6000      0.169378946833E+01
   37.7000      0.172294191091E+01
   37.8000      0.173520218111E+01
   37.9000      0.172337486840E+01
   38.0000      0.168999991934E+01
   38.1000      0.164667741142E+01
   38.2000      0.163064824616E+01
   38.3000      0.161434604915E+01
   38.4000      0.162838099251E+01
   38.5000      0.160462623293E+01
   38.6000      0.157977235571E+01
   38.7000      0.152220193465E+01
   38.8000      0.146951233636E+01
   38.9000      0.144219870841E+01
   39.0000      0.141409196738E+01
   39.1000      0.142477977395E+01
   39.2000      0.138816358976E+01
   39.3000      0.137080038103E+01
   39.4000      0.130619246003E+01
   39.5000      0.127214819275E+01
   39.6000      0.124295360745E+01
   39.7000      0.123819129361E+01
   39.8000      0.125161717402E+01
   39.9000      0.123830844923E+01
   40.0000      0.123291079072E+01
   40.1000      0.118571764644E+01
   40.2000      0.117457625551E+01
   40.3000      0.115103608385E+01
   40.4000      0.117962080790E+01
   40.5000      0.119090045637E+01
   40.6000      0.121760735851E+01
   40.7000      0.120985338159E+01
   40.8000      0.119452136852E+01
   40.9000      0.118377496066E+01
   41.0000      0.117014347429E+01
   41.1000      0.120809314772E+01
   41.2000      0.121127012487E+01
   41.3000      0.126176935229E+01
   41.4000      0.123738541460E+01
   41.5000      0.124856257233E+01
   41.6000      0.121435930308E+01
   41.7000      0.121198967090E+01
   41.8000      0.122632103210E+01
   41.9000      0.122476306665E+01
   42.0000      0.126574585383E+01
   42.1000      0.122843471362E+01
   42.2000      0.124527674004E+01
   42.3000      0.118803429349E+01
   42.4000      0.119354211428E+01
   42.5000      0.117418367081E+01
   42.6000      0.117772600540E+01
   42.7000      0.118798768540E+01
   42.8000      0.115645799440E+01
   42.9000      0.115806445697E+01
   43.0000      0.110194082013E+01
   43.1000      0.110651884197E+01
   43.2000      0.107409615785E+01
   43.3000      0.108724935024E+01
   43.4000      0.107383096404E+01
   43.5000      0.106244810365E+01
   43.6000      0.104298330548E+01
   43.7000      0.101150480171E+01
   43.8000      0.100615503778E+01
   43.9000      0.990186709904E+00
   44.0000      0.100683489952E+01
   44.1000      0.994876544597E+00
   44.2000      0.100017696447E+01
   44.3000      0.971186011610E+00
   44.4000      0.965468404598E+00
   44.5000      0.948712548869E+00
   44.6000      0.959691972768E+00
   44.7000      0.970644630508E+00
   44.8000      0.978377039672E+00
   44.9000      0.985414427391E+00
   45.0000      0.963172363693E+00
   45.1000      0.964383397220E+00
   45.2000      0.943216769473E+00
   45.3000      0.966163035210E+00
   45.4000      0.969474379163E+00
   45.5000      0.993297136131E+00
   45.6000      0.992654876440E+00
   45.7000      0.982884383516E+00
   45.8000      0.973579286263E+00
   45.9000      0.955281188132E+00
   46.0000      0.968505574280E+00
   46.1000      0.969591015196E+00
   46.2000      0.992658190200E+00
   46.3000      0.988053956094E+00
   46.4000      0.983666856824E+00
   46.5000      0.963386959711E+00
   46.6000      0.947736957892E+00
   46.7000      0.944302721914E+00
   46.8000      0.946849955087E+00
   46.9000      0.959321629205E+00
   47.0000      0.958928721508E+00
   47.1000      0.952378471741E+00
   47.2000      0.932176387454E+00
   47.3000      0.914292638907E+00
   47.4000      0.903256542956E+00
   47.5000      0.904076992538E+00
   47.6000      0.911278968935E+00
   47.7000      0.916054054392E+00
   47.8000      0.910673939182E+00
   47.9000      0.896989796544E+00
   48.0000      0.877452130714E+00
   48.1000      0.867353309890E+00
   48.2000      0.862452249418E+00
   48.3000      0.872726049104E+00
   48.4000      0.876972182696E+00
   48.5000      0.882280556086E+00
   48.6000      0.871537745157E+00
   48.7000      0.859454389125E+00
   48.8000      0.847323776884E+00
   48.9000      0.840232017460E+00
   49.0000      0.849778649810E+00
   49.1000      0.851339264930E+00
   49.2000      0.867470059437E+00
   49.3000      0.856203834515E+00
   49.4000      0.858653314558E+00
   49.5000      0.838577792915E+00
   49.6000      0.837778047877E+00
   49.7000      0.833979048701E+00
   49.8000      0.838169892172E+00
   49.9000      0.850472648987E+00
   50.0000      0.844108840927E+00
   50.1000      0.854326869974E+00
   50.2000      0.832115798041E+00
   50.3000      0.839292642026E+00
   50.4000      0.819677140723E+00
   50.5000      0.830470367655E+00
   50.6000      0.824665962699E+00
   50.7000      0.830591600961E+00
   50.8000      0.832194161238E+00
   50.9000      0.823194808340E+00
   51.0000      0.828380854146E+00
   51.1000      0.809561539630E+00
   51.2000      0.820747055235E+00
   51.3000      0.801922804260E+00
   51.4000      0.816027329464E+00
   51.5000      0.801542024976E+00
   51.6000      0.811493593793E+00
   51.7000      0.803926434897E+00
   51.8000      0.805128654781E+00
   51.9000      0.805689682704E+00
   52.0000      0.795704643153E+00
   52.1000      0.803082173080E+00
   52.2000      0.784634163495E+00
   52.3000      0.799030796607E+00
   52.4000      0.781329456076E+00
   52.5000      0.800700697512E+00
   52.6000      0.788916436729E+00
   52.7000      0.801857377976E+00
   52.8000      0.793827814219E+00
   52.9000      0.790644658045E+00
   53.0000      0.789761697506E+00
   53.1000      0.776627859066E+00
   53.2000      0.791374222466E+00
   53.3000      0.778469601446E+00
   53.4000      0.803192544223E+00
   53.5000      0.788668586722E+00
   53.6000      0.804886702770E+00
   53.7000      0.787387114347E+00
   53.8000      0.789196280299E+00
   53.9000      0.781902498382E+00
   54.0000      0.779116091366E+00
   54.1000      0.791569214173E+00
   54.2000      0.786239091198E+00
   54.3000      0.806197342308E+00
   54.4000      0.790426579477E+00
   54.5000      0.802181043540E+00
   54.6000      0.780896459607E+00
   54.7000      0.786786079605E+00
   54.8000      0.777509992486E+00
   54.9000      0.784332665830E+00
   55.0000      0.790992063470E+00
   55.1000      0.791548707932E+00
   55.2000      0.800647896682E+00
   55.3000      0.787268117380E+00
   55.4000      0.792057430769E+00
   55.5000      0.774587348593E+00
   55.6000      0.781844892920E+00
   55.7000      0.774506871553E+00
   55.8000      0.785101051610E+00
   55.9000      0.786181155836E+00
   56.0000      0.789287324852E+00
   56.1000      0.788987457674E+00
   56.2000      0.780507296527E+00
   56.3000      0.779372022342E+00
   56.4000      0.769556604547E+00
   56.5000      0.774327484986E+00
   56.6000      0.771432968381E+00
   56.7000      0.779424590507E+00
   56.8000      0.778935936015E+00
   56.9000      0.780754082513E+00
   57.0000      0.776653906161E+00
   57.1000      0.771531838312E+00
   57.2000      0.767204801328E+00
   57.3000      0.763708805319E+00
   57.4000      0.764347162559E+00
   57.5000      0.766305496909E+00
   57.6000      0.768506422231E+00
   57.7000      0.770298627712E+00
   57.8000      0.767576077876E+00
   57.9000      0.764845444846E+00
   58.0000      0.758948193347E+00
   58.1000      0.755155108350E+00
   58.2000      0.753656976108E+00
   58.3000      0.752268905860E+00
   58.4000      0.756763886903E+00
   58.5000      0.754158012657E+00
   58.6000      0.758618575571E+00
   58.7000      0.750582130555E+00
   58.8000      0.751410867496E+00
   58.9000      0.741830405856E+00
   59.0000      0.741834466898E+00
   59.1000      0.738179282980E+00
   59.2000      0.738654585738E+00
   59.3000      0.741591531029E+00
   59.4000      0.737896507927E+00
   59.5000      0.742049974534E+00
   59.6000      0.731289787236E+00
   59.7000      0.734495740296E+00
   59.8000      0.721905232679E+00
   59.9000      0.726396228400E+00
   60.0000      0.719006058481E+00
   60.1000      0.723644989327E+00
   60.2000      0.721822041763E+00
   60.3000      0.720714019449E+00
   60.4000      0.720993195370E+00
   60.5000      0.711841161729E+00
   60.6000      0.714255275302E+00
   60.7000      0.702174810828E+00
   60.8000      0.708649060703E+00
   60.9000      0.699203015917E+00
   61.0000      0.706906717454E+00
   61.1000      0.700368484337E+00
   61.2000      0.702986756723E+00
   61.3000      0.698188245874E+00
   61.4000      0.693631381017E+00
   61.5000      0.692609442449E+00
   61.6000      0.684601409960E+00
   61.7000      0.689278180697E+00
   61.8000      0.681239255339E+00
   61.9000      0.688531607536E+00
   62.0000      0.680471912461E+00
   62.1000      0.684891292485E+00
   62.2000      0.677117528847E+00
   62.3000      0.676827347171E+00
   62.4000      0.672310361143E+00
   62.5000      0.669391162240E+00
   62.6000      0.670159534408E+00
   62.7000      0.666069658637E+00
   62.8000      0.669929370283E+00
   62.9000      0.664144998204E+00
   63.0000      0.667254548895E+00
   63.1000      0.660262749243E+00
   63.2000      0.661365407740E+00
   63.3000      0.655831182150E+00
   63.4000      0.656034909105E+00
   63.5000      0.653869099022E+00
   63.6000      0.653525345710E+00
   63.7000      0.653656091937E+00
   63.8000      0.651739806324E+00
   63.9000      0.651956120974E+00
   64.0000      0.648317755928E+00
   64.1000      0.648099554152E+00
   64.2000      0.644378990772E+00
   64.3000      0.644692471083E+00
   64.4000      0.642366554698E+00
   64.5000      0.643425160412E+00
   64.6000      0.642090989835E+00
   64.7000      0.642758117937E+00
   64.8000      0.641152379699E+00
   64.9000      0.640622717833E+00
   65.0000      0.638673904482E+00
   65.1000      0.637616490670E+00
   65.2000      0.636515835550E+00
   65.3000      0.635948692441E+00
   65.4000      0.636317406092E+00
   65.5000      0.636005045539E+00
   65.6000      0.636963887015E+00
   65.7000      0.635814794972E+00
   65.8000      0.636288618725E+00
   65.9000      0.634185155741E+00
   66.0000      0.634392357123E+00
   66.1000      0.632645856446E+00
   66.2000      0.633459497189E+00
   66.3000      0.633082876641E+00
   66.4000      0.634284673645E+00
   66.5000      0.634655576545E+00
   66.6000      0.634968390857E+00
   66.7000      0.634961554737E+00
   66.8000      0.634002480752E+00
   66.9000      0.633795561896E+00
   67.0000      0.632861399556E+00
   67.1000      0.633470906413E+00
   67.2000      0.633719163606E+00
   67.3000      0.635016536483E+00
   67.4000      0.635807507771E+00
   67.5000      0.636421145726E+00
   67.6000      0.636468700964E+00
   67.7000      0.635973294600E+00
   67.8000      0.635403343611E+00
   67.9000      0.635243840619E+00
   68.0000      0.635134142886E+00
   68.1000      0.636569827967E+00
   68.2000      0.636799753948E+00
   68.3000      0.639041723182E+00
   68.4000      0.638272950453E+00
   68.5000      0.639761344186E+00
   68.6000      0.637845213273E+00
   68.7000      0.638458262514E+00
   68.8000      0.637287793357E+00
   68.9000      0.637812964803E+00
   69.0000      0.638967722265E+00
   69.1000      0.638942164537E+00
   69.2000      0.641724697340E+00
   69.3000      0.639662238128E+00
   69.4000      0.642486766517E+00
   69.5000      0.638463593713E+00
   69.6000      0.641044659921E+00
   69.7000      0.637393241370E+00
   69.8000      0.640075118084E+00
   69.9000      0.638809310266E+00
   70.0000      0.640496018001E+00
   70.1000      0.641363577571E+00
   70.2000      0.640063766410E+00
   70.3000      0.641973035317E+00
   70.4000      0.637536388242E+00
   70.5000      0.640522959728E+00
   70.6000      0.635230319703E+00
   70.7000      0.639529591501E+00
   70.8000      0.635507231006E+00
   70.9000      0.639550005703E+00
   71.0000      0.637002262678E+00
   71.1000      0.638212102264E+00
   71.2000      0.636849141566E+00
   71.3000      0.634460530201E+00
   71.4000      0.635113670260E+00
   71.5000      0.630748224725E+00
   71.6000      0.634106143299E+00
   71.7000      0.629403176163E+00
   71.8000      0.633990432281E+00
   71.9000      0.629182078264E+00
   72.0000      0.632241366700E+00
   72.1000      0.627606589119E+00
   72.2000      0.627855105613E+00
   72.3000      0.625000310029E+00
   72.4000      0.623213393231E+00
   72.5000      0.623529411014E+00
   72.6000      0.620503339230E+00
   72.7000      0.623099322110E+00
   72.8000      0.618627246328E+00
   72.9000      0.621132621923E+00
   73.0000      0.615511090733E+00
   73.1000      0.616605997912E+00
   73.2000      0.611704985194E+00
   73.3000      0.611660033428E+00
   73.4000      0.609293585846E+00
   73.5000      0.608244595639E+00
   73.6000      0.608138401034E+00
   73.7000      0.605375207549E+00
   73.8000      0.605799840716E+00
   73.9000      0.601273256698E+00
   74.0000      0.601245078243E+00
   74.1000      0.596554785057E+00
   74.2000      0.596296294221E+00
   74.3000      0.593203441731E+00
   74.4000      0.592658843318E+00
   74.5000      0.591208525846E+00
   74.6000      0.589477629701E+00
   74.7000      0.588440312243E+00
   74.8000      0.585158912441E+00
   74.9000      0.583877326391E+00
   75.0000      0.580182329934E+00
   75.1000      0.578988477392E+00
   75.2000      0.576339410304E+00
   75.3000      0.575292427244E+00
   75.4000      0.573834060919E+00
   75.5000      0.572159809707E+00
   75.6000      0.570950674691E+00
   75.7000      0.568156870073E+00
   75.8000      0.566665346132E+00
   75.9000      0.563478099424E+00
   76.0000      0.562034909811E+00
   76.1000      0.559613766530E+00
   76.2000      0.558428439843E+00
   76.3000      0.557009777920E+00
   76.4000      0.555562659457E+00
   76.5000      0.554437438479E+00
   76.6000      0.552220556299E+00
   76.7000      0.550859743705E+00
   76.8000      0.548234440799E+00
   76.9000      0.546843708517E+00
   77.0000      0.544677336778E+00
   77.1000      0.543588224193E+00
   77.2000      0.542208948584E+00
   77.3000      0.541247576806E+00
   77.4000      0.540150661034E+00
   77.5000      0.538931117265E+00
   77.6000      0.537495835376E+00
   77.7000      0.536100668538E+00
   77.8000      0.534273248463E+00
   77.9000      0.533278156050E+00
   78.0000      0.531447406545E+00
   78.1000      0.531218723318E+00
   78.2000      0.529663562938E+00
   78.3000      0.529806677864E+00
   78.4000      0.528526047517E+00
   78.5000      0.528144133900E+00
   78.6000      0.527234053786E+00
   78.7000      0.525704245569E+00
   78.8000      0.525667723141E+00
   78.9000      0.523093581680E+00
   79.0000      0.524490848620E+00
   79.1000      0.521417291020E+00
   79.2000      0.524089590826E+00
   79.3000      0.520973405740E+00
   79.4000      0.523757502138E+00
   79.5000      0.520964791739E+00
   79.6000      0.522403947533E+00
   79.7000      0.520688033005E+00
   79.8000      0.520047874321E+00
   79.9000      0.520569718820E+00
   80.0000      0.518029231835E+00
   80.1000      0.521432606238E+00
   80.2000      0.517422068264E+00
   80.3000      0.522901798787E+00
   80.4000      0.517760486719E+00
   80.5000      0.523401134893E+00
   80.6000      0.517967374306E+00
   80.7000      0.522092579527E+00
   80.8000      0.518184527542E+00
   80.9000      0.520098489781E+00
   81.0000      0.519657286045E+00
   81.1000      0.519079447744E+00
   81.2000      0.522615380835E+00
   81.3000      0.519089281103E+00
   81.4000      0.525319097061E+00
   81.5000      0.518883800623E+00
   81.6000      0.525999052306E+00
   81.7000      0.518267264659E+00
   81.8000      0.525078222684E+00
   81.9000      0.518833668305E+00
   82.0000      0.524390274969E+00
   82.1000      0.521716290720E+00
   82.2000      0.524476495868E+00
   82.3000      0.525588032481E+00
   82.4000      0.524014510612E+00
   82.5000      0.528065246200E+00
   82.6000      0.522291099460E+00
   82.7000      0.528662741120E+00
   82.8000      0.520919128965E+00
   82.9000      0.529005098094E+00
   83.0000      0.521962734010E+00
   83.1000      0.530017062952E+00
   83.2000      0.525055513533E+00
   83.3000      0.530378675396E+00
   83.4000      0.527800842955E+00
   83.5000      0.528659401935E+00
   83.6000      0.528962276237E+00
   83.7000      0.525922639830E+00
   83.8000      0.529782423437E+00
   83.9000      0.524736120513E+00
   84.0000      0.531561014812E+00
   84.1000      0.525860378869E+00
   84.2000      0.533245267306E+00
   84.3000      0.527423574608E+00
   84.4000      0.532761363340E+00
   84.5000      0.527755716151E+00
   84.6000      0.530151393016E+00
   84.7000      0.527660306358E+00
   84.8000      0.527796908959E+00
   84.9000      0.528820424719E+00
   85.0000      0.527306651750E+00
   85.1000      0.530852704311E+00
   85.2000      0.527578155468E+00
   85.3000      0.531507985445E+00
   85.4000      0.526764348863E+00
   85.5000      0.529771234173E+00
   85.6000      0.525115728549E+00
   85.7000      0.527290119164E+00
   85.8000      0.524500333013E+00
   85.9000      0.526054557831E+00
   86.0000      0.525430695964E+00
   86.1000      0.525748133982E+00
   86.2000      0.526087868281E+00
   86.3000      0.524553266749E+00
   86.4000      0.524788527556E+00
   86.5000      0.522045648766E+00
   86.6000      0.522261755690E+00
   86.7000      0.519855610147E+00
   86.8000      0.520473609278E+00
   86.9000      0.519218628833E+00
   87.0000      0.519826312553E+00
   87.1000      0.519114635867E+00
   87.2000      0.518799127104E+00
   87.3000      0.517705902802E+00
   87.4000      0.516374211823E+00
   87.5000      0.514901425476E+00
   87.6000      0.513568426832E+00
   87.7000      0.512346140576E+00
   87.8000      0.511893099575E+00
   87.9000      0.511003518708E+00
   88.0000      0.511127902955E+00
   88.1000      0.509916057696E+00
   88.2000      0.509669313989E+00
   88.3000      0.507806013928E+00
   88.4000      0.506837051729E+00
   88.5000      0.504998232636E+00
   88.6000      0.503749653357E+00
   88.7000      0.502862483723E+00
   88.8000      0.501636944198E+00
   88.9000      0.501742231388E+00
   89.0000      0.500180944634E+00
   89.1000      0.500463735382E+00
   89.2000      0.498224317380E+00
   89.3000      0.498045194864E+00
   89.4000      0.495602800601E+00
   89.5000      0.495026138686E+00
   89.6000      0.493344279535E+00
   89.7000      0.492572271953E+00
   89.8000      0.492063808134E+00
   89.9000      0.490837113765E+00
   90.0000      0.491025685219E+00
   90.1000      0.488985816841E+00
   90.2000      0.489204020906E+00
   90.3000      0.486661341496E+00
   90.4000      0.486680636273E+00
   90.5000      0.484585289433E+00
   90.6000      0.484360268548E+00
   90.7000      0.483443371551E+00
   90.8000      0.482590765871E+00
   90.9000      0.482816415891E+00
   91.0000      0.480818147688E+00
   91.1000      0.481753953319E+00
   91.2000      0.478689459784E+00
   91.3000      0.480061186114E+00
   91.4000      0.476798830524E+00
   91.5000      0.478370652337E+00
   91.6000      0.475899204803E+00
   91.7000      0.477007789547E+00
   91.8000      0.475797142419E+00
   91.9000      0.475484261072E+00
   92.0000      0.475618848631E+00
   92.1000      0.473406298960E+00
   92.2000      0.475018993460E+00
   92.3000      0.471346251489E+00
   92.4000      0.474479741617E+00
   92.5000      0.470251773807E+00
   92.6000      0.474283015099E+00
   92.7000      0.470215482739E+00
   92.8000      0.473815957776E+00
   92.9000      0.470448324044E+00
   93.0000      0.472383427377E+00
   93.1000      0.470499315007E+00
   93.2000      0.470359341696E+00
   93.3000      0.470857715838E+00
   93.4000      0.468886705374E+00
   93.5000      0.471988839554E+00
   93.6000      0.468458386088E+00
   93.7000      0.473267710181E+00
   93.8000      0.468428482328E+00
   93.9000      0.473532658718E+00
   94.0000      0.468181930678E+00
   94.1000      0.472594874965E+00
   94.2000      0.468214448444E+00
   94.3000      0.471522325311E+00
   94.4000      0.469444821006E+00
   94.5000      0.471208069810E+00
   94.6000      0.471692568035E+00
   94.7000      0.471240395710E+00
   94.8000      0.473590733303E+00
   94.9000      0.470715792701E+00
   95.0000      0.474211308672E+00
   95.1000      0.469823104889E+00
   95.2000      0.474170399199E+00
   95.3000      0.469840863994E+00
   95.4000      0.474630787011E+00
   95.5000      0.471430644587E+00
   95.6000      0.475594478636E+00
   95.7000      0.473613568892E+00
   95.8000      0.475926006701E+00
   95.9000      0.474947910177E+00
   96.0000      0.475104102161E+00
   96.1000      0.475337889849E+00
   96.2000      0.474199019115E+00
   96.3000      0.475970953685E+00
   96.4000      0.474603035305E+00
   96.5000      0.477482693406E+00
   96.6000      0.476206653952E+00
   96.7000      0.478945056262E+00
   96.8000      0.477548312888E+00
   96.9000      0.479129981914E+00
   97.0000      0.477756852856E+00
   97.1000      0.478298463731E+00
   97.2000      0.477623110101E+00
   97.3000      0.477990919635E+00
   97.4000      0.478350551472E+00
   97.5000      0.479048545260E+00
   97.6000      0.479757053063E+00
   97.7000      0.480549049350E+00
   97.8000      0.480447605922E+00
   97.9000      0.481086597957E+00
   98.0000      0.479729895891E+00
   98.1000      0.480619677665E+00
   98.2000      0.478632150252E+00
   98.3000      0.480379109509E+00
   98.4000      0.478619818699E+00
   98.5000      0.481028794202E+00
   98.6000      0.479747940581E+00
   98.7000      0.481649206699E+00
   98.8000      0.480712663011E+00
   98.9000      0.480936391645E+00
   99.0000      0.480648219964E+00
   99.1000      0.478969068301E+00
   99.2000      0.480192177146E+00
   99.3000      0.477164604029E+00
   99.4000      0.480431423227E+00
   99.5000      0.476528470347E+00
   99.6000      0.481244950179E+00
   99.7000      0.476550201617E+00
   99.8000      0.481312600636E+00
   99.9000      0.476125657732E+00
  100.0000      0.479749960497E+00
  100.1000      0.475140741223E+00
  100.2000      0.477176929509E+00
  100.3000      0.474569721127E+00
  100.4000      0.474874698825E+00
  100.5000      0.475039012760E+00
  100.6000      0.473242169783E+00
  100.7000      0.475841935560E+00
  100.8000      0.471572193444E+00
  100.9000      0.475693714581E+00
  101.0000      0.469296299248E+00
  101.1000      0.474179352689E+00
  101.2000      0.466927564865E+00
  101.3000      0.472028893087E+00
  101.4000      0.465465985379E+00
  101.5000      0.470002654180E+00
  101.6000      0.465128331109E+00
  101.7000      0.467950737270E+00
  101.8000      0.465077352473E+00
  101.9000      0.465223328559E+00
  102.0000      0.464416870978E+00
  102.1000      0.461752048301E+00
  102.2000      0.463099244490E+00
  102.3000      0.458322379997E+00
  102.4000      0.461654687612E+00
  102.5000      0.455735321367E+00
  102.6000      0.460265544585E+00
  102.7000      0.453996534200E+00
  102.8000      0.458463887458E+00
  102.9000      0.452508878934E+00
  103.0000      0.455771430835E+00
  103.1000      0.450880174970E+00
  103.2000      0.452360752589E+00
  103.3000      0.449267252407E+00
  103.4000      0.448900562988E+00
  103.5000      0.447931608178E+00
  103.6000      0.445868525840E+00
  103.7000      0.446719398928E+00
  103.8000      0.443216224743E+00
  103.9000      0.445153786090E+00
  104.0000      0.440688357312E+00
  104.1000      0.442949208573E+00
  104.2000      0.438258272383E+00
  104.3000      0.440266120188E+00
  104.4000      0.436124297564E+00
  104.5000      0.437458286149E+00
  104.6000      0.434375295019E+00
  104.7000      0.434713588730E+00
  104.8000      0.432821729965E+00
  104.9000      0.432014236021E+00
  105.0000      0.431177683493E+00
  105.1000      0.429348672765E+00
  105.2000      0.429308941381E+00
  105.3000      0.426825360736E+00
  105.4000      0.427255843916E+00
  105.5000      0.424567052554E+00
  105.6000      0.425092962928E+00
  105.7000      0.422584484705E+00
  105.8000      0.422860363852E+00
  105.9000      0.420799422145E+00
  106.0000      0.420613831562E+00
  106.1000      0.419135375941E+00
  106.2000      0.418446710813E+00
  106.3000      0.417529957837E+00
  106.4000      0.416422024724E+00
  106.5000      0.415899658065E+00
  106.6000      0.414532500321E+00
  106.7000      0.414179054812E+00
  106.8000      0.412766073851E+00
  106.9000      0.412410015602E+00
  107.0000      0.411167398557E+00
  107.1000      0.410729263541E+00
  107.2000      0.409773636275E+00
  107.3000      0.409229488539E+00
  107.4000      0.408507276456E+00
  107.5000      0.407870596563E+00
  107.6000      0.407208483505E+00
  107.7000      0.406569063696E+00
  107.8000      0.405804688813E+00
  107.9000      0.405342355390E+00
  108.0000      0.404404264323E+00
  108.1000      0.404296900574E+00
  108.2000      0.403181850209E+00
  108.3000      0.403463221745E+00
  108.4000      0.402197004142E+00
  108.5000      0.402702686503E+00
  108.6000      0.401375590214E+00
  108.7000      0.401826032478E+00
  108.8000      0.400662906417E+00
  108.9000      0.400785928531E+00
  109.0000      0.400129213344E+00
  109.1000      0.399708647988E+00
  109.2000      0.399877928971E+00
  109.3000      0.398739647734E+00
  109.4000      0.399875694154E+00
  109.5000      0.397912462853E+00
  109.6000      0.399930749509E+00
  109.7000      0.397201076362E+00
  109.8000      0.399850620902E+00
  109.9000      0.396658172089E+00
  110.0000      0.399579272922E+00
  110.1000      0.396429050999E+00
  110.2000      0.399157395842E+00
  110.3000      0.396612105266E+00
  110.4000      0.398598707509E+00
  110.5000      0.397153217145E+00
  110.6000      0.397877255976E+00
  110.7000      0.397907088640E+00
  110.8000      0.397037010484E+00
  110.9000      0.398759375712E+00
  111.0000      0.396242897647E+00
  111.1000      0.399633280524E+00
  111.2000      0.395678493300E+00
  111.3000      0.400400636592E+00
  111.4000      0.395427238651E+00
  111.5000      0.400876124799E+00
  111.6000      0.395499717184E+00
  111.7000      0.400948623116E+00
  111.8000      0.395945863093E+00
  111.9000      0.400678436403E+00
  112.0000      0.396851936043E+00
  112.1000      0.400210394893E+00
  112.2000      0.398188789459E+00
  112.3000      0.399610865891E+00
  112.4000      0.399719749747E+00
  112.5000      0.398862467329E+00
  112.6000      0.401135704701E+00
  112.7000      0.398042280510E+00
  112.8000      0.402287996654E+00
  112.9000      0.397432146190E+00
  113.0000      0.403230679557E+00
  113.1000      0.397353752722E+00
  113.2000      0.404005598583E+00
  113.3000      0.397874675373E+00
  113.4000      0.404451635012E+00
  113.5000      0.398746995758E+00
  113.6000      0.404326459720E+00
  113.7000      0.399692774980E+00
  113.8000      0.403634803905E+00
  113.9000      0.400706954693E+00
  114.0000      0.402744948865E+00
  114.1000      0.401983190837E+00
  114.2000      0.402087277562E+00
  114.3000      0.403527043907E+00
  114.4000      0.401755328716E+00
  114.5000      0.404953440073E+00
  114.6000      0.401499100186E+00
  114.7000      0.405781715067E+00
  114.8000      0.401140302031E+00
  114.9000      0.405918416756E+00
  115.0000      0.400896763241E+00
  115.1000      0.405740392186E+00
  115.2000      0.401181555727E+00
  115.3000      0.405647566029E+00
  115.4000      0.402084688180E+00
  115.5000      0.405608454554E+00
  115.6000      0.403169602450E+00
  115.7000      0.405253657940E+00
  115.8000      0.403873095477E+00
  115.9000      0.404415268438E+00
  116.0000      0.404072551358E+00
  116.1000      0.403454013782E+00
  116.2000      0.404153863516E+00
  116.3000      0.402946309661E+00
  116.4000      0.404483673831E+00
  116.5000      0.403065386612E+00
  116.6000      0.404907650774E+00
  116.7000      0.403381755821E+00
  116.8000      0.404894880909E+00
  116.9000      0.403340389157E+00
  117.0000      0.404184744482E+00
  117.1000      0.402873966201E+00
  117.2000      0.403164519724E+00
  117.3000      0.402434639740E+00
  117.4000      0.402496758576E+00
  117.5000      0.402402026822E+00
  117.6000      0.402408468528E+00
  117.7000      0.402567390447E+00
  117.8000      0.402474286460E+00
  117.9000      0.402319381240E+00
  118.0000      0.402147008652E+00
  118.1000      0.401336369153E+00
  118.2000      0.401404167225E+00
  118.3000      0.399983359327E+00
  118.4000      0.400753399122E+00
  118.5000      0.398939244359E+00
  118.6000      0.400602332639E+00
  118.7000      0.398470654568E+00
  118.8000      0.400732277816E+00
  118.9000      0.398185804089E+00
  119.0000      0.400485113771E+00
  119.1000      0.397547599751E+00
  119.2000      0.399457548987E+00
  119.3000      0.396538916062E+00
  119.4000      0.397924954519E+00
  119.5000      0.395700028845E+00
  119.6000      0.396519647561E+00
  119.7000      0.395499584075E+00
  119.8000      0.395528103439E+00
  119.9000      0.395772128309E+00
  120.0000      0.394609800251E+00
  120.1000      0.395862007423E+00
  120.2000      0.393259904976E+00
  120.3000      0.395299021615E+00
  120.4000      0.391468840074E+00
  120.5000      0.394247607497E+00
  120.6000      0.389802416753E+00
  120.7000      0.393248685283E+00
  120.8000      0.388816842529E+00
  120.9000      0.392564933247E+00
  121.0000      0.388487894366E+00
  121.1000      0.391872684029E+00
  121.2000      0.388278675938E+00
  121.3000      0.390644576569E+00
  121.4000      0.387731693130E+00
  121.5000      0.388776298982E+00
  121.6000      0.386922448970E+00
  121.7000      0.386739962705E+00
  121.8000      0.386300182138E+00
  121.9000      0.385108594681E+00
  122.0000      0.386113250911E+00
  122.1000      0.384001954896E+00
  122.2000      0.386067715174E+00
  122.3000      0.383046877607E+00
  122.4000      0.385606452049E+00
  122.5000      0.381854858647E+00
  122.6000      0.384485564426E+00
  122.7000      0.380478784650E+00
  122.8000      0.382997599898E+00
  122.9000      0.379355282907E+00
  123.0000      0.381628763349E+00
  123.1000      0.378807168145E+00
  123.2000      0.380562784881E+00
  123.3000      0.378673526738E+00
  123.4000      0.379553215183E+00
  123.5000      0.378473168816E+00
  123.6000      0.378264430836E+00
  123.7000      0.377883462202E+00
  123.8000      0.376694066541E+00
  123.9000      0.377008215719E+00
  124.0000      0.375209976637E+00
  124.1000      0.376196599696E+00
  124.2000      0.374177210760E+00
  124.3000      0.375634543480E+00
  124.4000      0.373606526018E+00
  124.5000      0.375139382230E+00
  124.6000      0.373178989850E+00
  124.7000      0.374375169773E+00
  124.8000      0.372579103254E+00
  124.9000      0.373231053284E+00
  125.0000      0.371794499509E+00
  125.1000      0.371937308735E+00
  125.2000      0.371082250708E+00
  125.3000      0.370838245813E+00
  125.4000      0.370644910550E+00
  125.5000      0.370082458637E+00
  125.6000      0.370397807681E+00
  125.7000      0.369518017982E+00
  125.8000      0.370066063430E+00
  125.9000      0.368894202808E+00
  126.0000      0.369452570435E+00
  126.1000      0.368144654522E+00
  126.2000      0.368617538916E+00
  126.3000      0.367427855593E+00
  126.4000      0.367815664224E+00
  126.5000      0.366937961000E+00
  126.6000      0.367236576807E+00
  126.7000      0.366710378345E+00
  126.8000      0.366843834782E+00
  126.9000      0.366566799387E+00
  127.0000      0.366466018332E+00
  127.1000      0.366273734407E+00
  127.2000      0.365975131205E+00
  127.3000      0.365765176150E+00
  127.4000      0.365413313625E+00
  127.5000      0.365165754189E+00
  127.6000      0.364964977652E+00
  127.7000      0.364655838895E+00
  127.8000      0.364751749972E+00
  127.9000      0.364324046243E+00
  128.0000      0.364711262596E+00
  128.1000      0.364083709844E+00
  128.2000      0.364669007431E+00
  128.3000      0.363791425871E+00
  128.4000      0.364459921550E+00
  128.5000      0.363428414248E+00
  128.6000      0.364068156564E+00
  128.7000      0.363106580536E+00
  128.8000      0.363634100205E+00
  128.9000      0.362990857348E+00
  129.0000      0.363273787229E+00
  129.1000      0.363163790280E+00
  129.2000      0.362985181040E+00
  129.3000      0.363516616775E+00
  129.4000      0.362660699204E+00
  129.5000      0.363864913105E+00
  129.6000      0.362179225302E+00
  129.7000      0.364091410005E+00
  129.8000      0.361580849758E+00
  129.9000      0.364208918700E+00
  130.0000      0.361043937180E+00
  130.1000      0.364346457512E+00
  130.2000      0.360741805387E+00
  130.3000      0.364547341434E+00
  130.4000      0.360743818594E+00
  130.5000      0.364694510097E+00
  130.6000      0.360933898212E+00
  130.7000      0.364623692754E+00
  130.8000      0.361168364934E+00
  130.9000      0.364216320586E+00
  131.0000      0.361444675980E+00
  131.1000      0.363553331685E+00
  131.2000      0.361857455866E+00
  131.3000      0.362848632824E+00
  131.4000      0.362531490249E+00
  131.5000      0.362234149446E+00
  131.6000      0.363439492553E+00
  131.7000      0.361714031895E+00
  131.8000      0.364373447508E+00
  131.9000      0.361167401395E+00
  132.0000      0.365124261106E+00
  132.1000      0.360540192647E+00
  132.2000      0.365592437821E+00
  132.3000      0.359959189537E+00
  132.4000      0.365882385297E+00
  132.5000      0.359619619011E+00
  132.6000      0.366120471367E+00
  132.7000      0.359675382635E+00
  132.8000      0.366288717927E+00
  132.9000      0.360048573032E+00
  133.0000      0.366264113554E+00
  133.1000      0.360547272144E+00
  133.2000      0.365872345978E+00
  133.3000      0.361060689382E+00
  133.4000      0.365145830366E+00
  133.5000      0.361597200586E+00
  133.6000      0.364290366472E+00
  133.7000      0.362306550251E+00
  133.8000      0.363513440688E+00
  133.9000      0.363223488982E+00
  134.0000      0.362918894831E+00
  134.1000      0.364214480225E+00
  134.2000      0.362399091667E+00
  134.3000      0.365052587230E+00
  134.4000      0.361851536033E+00
  134.5000      0.365572280212E+00
  134.6000      0.361281406303E+00
  134.7000      0.365828466165E+00
  134.8000      0.360858416064E+00
  134.9000      0.365955254483E+00
  135.0000      0.360753148879E+00
  135.1000      0.366070914763E+00
  135.2000      0.360956187687E+00
  135.3000      0.366088572247E+00
  135.4000      0.361324457450E+00
  135.5000      0.365868109964E+00
  135.6000      0.361639950374E+00
  135.7000      0.365363467612E+00
  135.8000      0.361883853132E+00
  135.9000      0.364683878276E+00
  136.0000      0.362138959465E+00
  136.1000      0.364082879329E+00
  136.2000      0.362519718012E+00
  136.3000      0.363672940361E+00
  136.4000      0.363005147063E+00
  136.5000      0.363446203369E+00
  136.6000      0.363410459166E+00
  136.7000      0.363245486410E+00
  136.8000      0.363578280801E+00
  136.9000      0.362995944948E+00
  137.0000      0.363455554624E+00
  137.1000      0.362752195758E+00
  137.2000      0.363186020391E+00
  137.3000      0.362660876359E+00
  137.4000      0.362903601947E+00
  137.5000      0.362790448718E+00
  137.6000      0.362672366393E+00
  137.7000      0.363046489119E+00
  137.8000      0.362382019434E+00
  137.9000      0.363257603417E+00
  138.0000      0.361966587041E+00
  138.1000      0.363286252071E+00
  138.2000      0.361435025811E+00
  138.3000      0.363184008895E+00
  138.4000      0.360958948684E+00
  138.5000      0.363032050602E+00
  138.6000      0.360695125249E+00
  138.7000      0.362928527766E+00
  138.8000      0.360686770715E+00
  138.9000      0.362778234314E+00
  139.0000      0.360847162116E+00
  139.1000      0.362463218862E+00
  139.2000      0.361024629728E+00
  139.3000      0.361863353433E+00
  139.4000      0.361181278874E+00
  139.5000      0.361037827762E+00
  139.6000      0.361365073904E+00
  139.7000      0.360120720985E+00
  139.8000      0.361680266036E+00
  139.9000      0.359255269657E+00
  140.0000      0.362119068238E+00
  140.1000      0.358452862948E+00
  140.2000      0.362577759907E+00
  140.3000      0.357673211939E+00
  140.4000      0.362903108599E+00
  140.5000      0.356860031058E+00
  140.6000      0.363033561379E+00
  140.7000      0.356088688794E+00
  140.8000      0.362989075158E+00
  140.9000      0.355456314116E+00
  141.0000      0.362864755810E+00
  141.1000      0.355093371606E+00
  141.2000      0.362668503368E+00
  141.3000      0.354979779788E+00
  141.4000      0.362361717174E+00
  141.5000      0.355048869742E+00
  141.6000      0.361807120147E+00
  141.7000      0.355169488750E+00
  141.8000      0.360982157116E+00
  141.9000      0.355327176847E+00
  142.0000      0.359917768787E+00
  142.1000      0.355554015742E+00
  142.2000      0.358776571988E+00
  142.3000      0.355923332963E+00
  142.4000      0.357644625447E+00
  142.5000      0.356416197739E+00
  142.6000      0.356575898369E+00
  142.7000      0.356956062080E+00
  142.8000      0.355526626340E+00
  142.9000      0.357426344569E+00
  143.0000      0.354480074554E+00
  143.1000      0.357761893015E+00
  143.2000      0.353456699729E+00
  143.3000      0.357955536601E+00
  143.4000      0.352527803849E+00
  143.5000      0.358048398749E+00
  143.6000      0.351784390308E+00
  143.7000      0.358063376960E+00
  143.8000      0.351233203694E+00
  143.9000      0.357964053474E+00
  144.0000      0.350851530619E+00
  144.1000      0.357688109414E+00
  144.2000      0.350540208832E+00
  144.3000      0.357186720967E+00
  144.4000      0.350299686093E+00
  144.5000      0.356508357883E+00
  144.6000      0.350118940980E+00
  144.7000      0.355721799719E+00
  144.8000      0.350078190664E+00
  144.9000      0.354943210607E+00
  145.0000      0.350161640440E+00
  145.1000      0.354187758576E+00
  145.2000      0.350360195932E+00
  145.3000      0.353475522100E+00
  145.4000      0.350561327063E+00
  145.5000      0.352723911532E+00
  145.6000      0.350693269410E+00
  145.7000      0.351947514471E+00
  145.8000      0.350704156654E+00
  145.9000      0.351148344585E+00
  146.0000      0.350624465183E+00
  146.1000      0.350437029488E+00
  146.2000      0.350500414170E+00
  146.3000      0.349847695890E+00
  146.4000      0.350347499350E+00
  146.5000      0.349406161001E+00
  146.6000      0.350141920542E+00
  146.7000      0.349053847278E+00
  146.8000      0.349838669594E+00
  146.9000      0.348751902669E+00
  147.0000      0.349413390195E+00
  147.1000      0.348468101698E+00
  147.2000      0.348897304083E+00
  147.3000      0.348238849774E+00
  147.4000      0.348350120438E+00
  147.5000      0.348089594637E+00
  147.6000      0.347845839600E+00
  147.7000      0.348053440932E+00
  147.8000      0.347392886013E+00
  147.9000      0.348043367638E+00
  148.0000      0.346941972542E+00
  148.1000      0.347999377845E+00
  148.2000      0.346457521449E+00
  148.3000      0.347827763914E+00
  148.4000      0.345914222057E+00
  148.5000      0.347560291151E+00
  148.6000      0.345410912303E+00
  148.7000      0.347245121180E+00
  148.8000      0.344987976262E+00
  148.9000      0.346936936932E+00
  149.0000      0.344737093137E+00
  149.1000      0.346669591514E+00
  149.2000      0.344611801791E+00
  149.3000      0.346358732052E+00
  149.4000      0.344558504515E+00
  149.5000      0.345966786233E+00
  149.6000      0.344505748250E+00
  149.7000      0.345422113542E+00
  149.8000      0.344430180065E+00
  149.9000      0.344795932121E+00
  150.0000      0.344406038716E+00
  150.1000      0.344160070987E+00
  150.2000      0.344459749036E+00
  150.3000      0.343572315364E+00
  150.4000      0.344608610622E+00
  150.5000      0.343028681498E+00
  150.6000      0.344771275586E+00
  150.7000      0.342466462562E+00
  150.8000      0.344886601167E+00
  150.9000      0.341859009883E+00
  151.0000      0.344910007813E+00
  151.1000      0.341208879598E+00
  151.2000      0.344876324719E+00
  151.3000      0.340604245683E+00
  151.4000      0.344850548802E+00
  151.5000      0.340112663717E+00
  151.6000      0.344870189514E+00
  151.7000      0.339780151701E+00
  151.8000      0.344922184339E+00
  151.9000      0.339541331461E+00
  152.0000      0.344887849095E+00
  152.1000      0.339304552272E+00
  152.2000      0.344717536170E+00
  152.3000      0.339041282919E+00
  152.4000      0.344394664845E+00
  152.5000      0.338754999371E+00
  152.6000      0.343988278778E+00
  152.7000      0.338549825736E+00
  152.8000      0.343607504157E+00
  152.9000      0.338470397538E+00
  153.0000      0.343259888463E+00
  153.1000      0.338507269702E+00
  153.2000      0.342941890272E+00
  153.3000      0.338617437582E+00
  153.4000      0.342576735413E+00
  153.5000      0.338695993484E+00
  153.6000      0.342105830012E+00
  153.7000      0.338729824784E+00
  153.8000      0.341578640650E+00
  153.9000      0.338755616739E+00
  154.0000      0.341053184841E+00
  154.1000      0.338819250998E+00
  154.2000      0.340598984481E+00
  154.3000      0.338949799209E+00
  154.4000      0.340217682790E+00
  154.5000      0.339089437438E+00
  154.6000      0.339844494519E+00
  154.7000      0.339174771990E+00
  154.8000      0.339437857489E+00
  154.9000      0.339169230867E+00
  155.0000      0.338987143733E+00
  155.1000      0.339087850620E+00
  155.2000      0.338550068051E+00
  155.3000      0.339003523239E+00
  155.4000      0.338203918141E+00
  155.5000      0.338964512952E+00
  155.6000      0.337984153265E+00
  155.7000      0.338980439195E+00
  155.8000      0.337873235794E+00
  155.9000      0.338991214550E+00
  156.0000      0.337775478084E+00
  156.1000      0.338897940283E+00
  156.2000      0.337620063645E+00
  156.3000      0.338685504068E+00
  156.4000      0.337423352636E+00
  156.5000      0.338394080792E+00
  156.6000      0.337225894081E+00
  156.7000      0.338081930046E+00
  156.8000      0.337096266837E+00
  156.9000      0.337825141176E+00
  157.0000      0.337078544806E+00
  157.1000      0.337627158516E+00
  157.2000      0.337128020554E+00
  157.3000      0.337433772459E+00
  157.4000      0.337188923665E+00
  157.5000      0.337211710002E+00
  157.6000      0.337224836507E+00
  157.7000      0.336937778289E+00
  157.8000      0.337216198013E+00
  157.9000      0.336628921591E+00
  158.0000      0.337200395001E+00
  158.1000      0.336341272073E+00
  158.2000      0.337212617005E+00
  158.3000      0.336088846487E+00
  158.4000      0.337238056577E+00
  158.5000      0.335855495099E+00
  158.6000      0.337254700592E+00
  158.7000      0.335625831835E+00
  158.8000      0.337234485130E+00
  158.9000      0.335381319866E+00
  159.0000      0.337166919498E+00
  159.1000      0.335145782689E+00
  159.2000      0.337093312951E+00
  159.3000      0.334969170052E+00
  159.4000      0.337045179469E+00
  159.5000      0.334863201550E+00
  159.6000      0.337018601376E+00
  159.7000      0.334816966666E+00
  159.8000      0.336997102284E+00
  159.9000      0.334796177401E+00
  160.0000      0.336925306163E+00
  160.1000      0.334736756237E+00
  160.2000      0.336750444767E+00
  160.3000      0.334627144510E+00
  160.4000      0.336500866051E+00
  160.5000      0.334525263774E+00
  160.6000      0.336236522098E+00
  160.7000      0.334476789324E+00
  160.8000      0.335988975274E+00
  160.9000      0.334502743885E+00
  161.0000      0.335782987475E+00
  161.1000      0.334612741860E+00
  161.2000      0.335618587283E+00
  161.3000      0.334769104847E+00
  161.4000      0.335443562126E+00
  161.5000      0.334906216425E+00
  161.6000      0.335208771500E+00
  161.7000      0.334996639338E+00
  161.8000      0.334912678155E+00
  161.9000      0.335054222347E+00
  162.0000      0.334579370616E+00
  162.1000      0.335105004157E+00
  162.2000      0.334240087089E+00
  162.3000      0.335176021224E+00
  162.4000      0.333923021542E+00
  162.5000      0.335275841153E+00
  162.6000      0.333634722511E+00
  162.7000      0.335388666057E+00
  162.8000      0.333370279030E+00
  162.9000      0.335502897440E+00
  163.0000      0.333133960360E+00
  163.1000      0.335618412231E+00
  163.2000      0.332925082304E+00
  163.3000      0.335724215733E+00
  163.4000      0.332726337077E+00
  163.5000      0.335802190028E+00
  163.6000      0.332524321832E+00
  163.7000      0.335844168728E+00
  163.8000      0.332316296555E+00
  163.9000      0.335842355395E+00
  164.0000      0.332097873789E+00
  164.1000      0.335787090929E+00
  164.2000      0.331876322491E+00
  164.3000      0.335692905182E+00
  164.4000      0.331689427248E+00
  164.5000      0.335601632336E+00
  164.6000      0.331581518008E+00
  164.7000      0.335544071177E+00
  164.8000      0.331562000535E+00
  164.9000      0.335511680248E+00
  165.0000      0.331599244488E+00
  165.1000      0.335466175526E+00
  165.2000      0.331644291902E+00
  165.3000      0.335361927461E+00
  165.4000      0.331654311005E+00
  165.5000      0.335167108044E+00
  165.6000      0.331614811386E+00
  165.7000      0.334888276890E+00
  165.8000      0.331557365377E+00
  165.9000      0.334577975682E+00
  166.0000      0.331544895889E+00
  166.1000      0.334300838302E+00
  166.2000      0.331623254694E+00
  166.3000      0.334084970956E+00
  166.4000      0.331787054978E+00
  166.5000      0.333909050486E+00
  166.6000      0.331991191940E+00
  166.7000      0.333727606724E+00
  166.8000      0.332183187767E+00
  166.9000      0.333499015269E+00
  167.0000      0.332325867852E+00
  167.1000      0.333203469618E+00
  167.2000      0.332412391639E+00
  167.3000      0.332857526502E+00
  167.4000      0.332473500660E+00
  167.5000      0.332511230081E+00
  167.6000      0.332558155120E+00
  167.7000      0.332214630341E+00
  167.8000      0.332693980878E+00
  167.9000      0.331981603045E+00
  168.0000      0.332867983606E+00
  168.1000      0.331789433454E+00
  168.2000      0.333045392739E+00
  168.3000      0.331606723462E+00
  168.4000      0.333196657536E+00
  168.5000      0.331413524744E+00
  168.6000      0.333306547621E+00
  168.7000      0.331205774708E+00
  168.8000      0.333375121732E+00
  168.9000      0.330997520751E+00
  169.0000      0.333418408906E+00
  169.1000      0.330815501508E+00
  169.2000      0.333455948568E+00
  169.3000      0.330676643183E+00
  169.4000      0.333489329274E+00
  169.5000      0.330572420020E+00
  169.6000      0.333503520927E+00
  169.7000      0.330486334591E+00
  169.8000      0.333492771642E+00
  169.9000      0.330419164795E+00
  170.0000      0.333469591150E+00
  170.1000      0.330383656995E+00
  170.2000      0.333443648766E+00
  170.3000      0.330383151274E+00
  170.4000      0.333407820163E+00
  170.5000      0.330410471506E+00
  170.6000      0.333349653312E+00
  170.7000      0.330458188606E+00
  170.8000      0.333259085678E+00
  170.9000      0.330513973139E+00
  171.0000      0.333123509452E+00
  171.1000      0.330559601924E+00
  171.2000      0.332939056921E+00
  171.3000      0.330594467539E+00
  171.4000      0.332732083749E+00
  171.5000      0.330649473227E+00
  171.6000      0.332546957342E+00
  171.7000      0.330757983180E+00
  171.8000      0.332403201394E+00
  171.9000      0.330920416572E+00
  172.0000      0.332280603185E+00
  172.1000      0.331110413175E+00
  172.2000      0.332145892561E+00
  172.3000      0.331298515561E+00
  172.4000      0.331972351761E+00
  172.5000      0.331455090748E+00
  172.6000      0.331739971458E+00
  172.7000      0.331555653738E+00
  172.8000      0.331451933334E+00
  172.9000      0.331611809301E+00
  173.0000      0.331157125656E+00
  173.1000      0.331679719841E+00
  173.2000      0.330922129788E+00
  173.3000      0.331808731557E+00
  173.4000      0.330768638781E+00
  173.5000      0.331993016430E+00
  173.6000      0.330660779933E+00
  173.7000      0.332189294211E+00
  173.8000      0.330550804210E+00
  173.9000      0.332357098275E+00
  174.0000      0.330407738129E+00
  174.1000      0.332463173700E+00
  174.2000      0.330211790728E+00
  174.3000      0.332483800775E+00
  174.4000      0.329969977695E+00
  174.5000      0.332439780882E+00
  174.6000      0.329740721753E+00
  174.7000      0.332400736142E+00
  174.8000      0.329596043953E+00
  174.9000      0.332419193244E+00
  175.0000      0.329550308442E+00
  175.1000      0.332480679646E+00
  175.2000      0.329558707144E+00
  175.3000      0.332538250875E+00
  175.4000      0.329577932799E+00
  175.5000      0.332558542873E+00
  175.6000      0.329584967908E+00
  175.7000      0.332509995833E+00
  175.8000      0.329554119770E+00
  175.9000      0.332360847545E+00
  176.0000      0.329481545069E+00
  176.1000      0.332132362985E+00
  176.2000      0.329428330746E+00
  176.3000      0.331907898651E+00
  176.4000      0.329474829700E+00
  176.5000      0.331744523663E+00
  176.6000      0.329630401385E+00
  176.7000      0.331615642144E+00
  176.8000      0.329843655978E+00
  176.9000      0.331471715489E+00
  177.0000      0.330084820954E+00
  177.1000      0.331295052284E+00
  177.2000      0.330346868178E+00
  177.3000      0.331058404134E+00
  177.4000      0.330591963585E+00
  177.5000      0.330711478990E+00
  177.6000      0.330792926204E+00
  177.7000      0.330267861666E+00
  177.8000      0.331016456231E+00
  177.9000      0.329827784319E+00
  178.0000      0.331365613131E+00
  178.1000      0.329448973441E+00
  178.2000      0.331851467709E+00
  178.3000      0.329075666825E+00
  178.4000      0.332426913245E+00
  178.5000      0.328654536758E+00
  178.6000      0.333119291736E+00
  178.7000      0.328208208107E+00
  178.8000      0.333993117753E+00
  178.9000      0.327707304646E+00
  179.0000      0.335012414314E+00
  179.1000      0.327003650481E+00
  179.2000      0.336147761355E+00
  179.3000      0.326026563497E+00
  179.4000      0.337697424476E+00
  179.5000      0.324902243141E+00
  179.6000      0.340512529727E+00
  179.7000      0.323657551605E+00
  179.8000      0.347246729667E+00
  179.9000      0.322429382904E+00
  180.0000      0.493869568393E+00
